-1.56455120e+03  2.57626700e+03  8.80000000e-02  2.93540000e+01
 -1.99710052e+03  2.95048100e+03  8.90000000e-02  2.26340000e+01
 -2.23019247e+03  3.18770300e+03  8.40000000e-02  1.97520000e+01
 -2.41642054e+03  3.32785800e+03  8.90000000e-02  1.79390000e+01
 -2.53423510e+03  3.38047000e+03  8.90000000e-02  1.72600000e+01
 -2.61562650e+03  3.41787100e+03  9.40000000e-02  1.66060000e+01
 -2.76313268e+03  3.49193100e+03  9.30000000e-02  1.60930000e+01
 -2.81895792e+03  3.53137100e+03  8.90000000e-02  1.63120000e+01
 -2.88801523e+03  3.59305400e+03  8.40000000e-02  1.55110000e+01
 -2.89117786e+03  3.60493000e+03  8.40000000e-02  1.52370000e+01
 -2.89026601e+03  3.59196200e+03  9.30000000e-02  1.61940000e+01
 -2.95874229e+03  3.61395100e+03  8.30000000e-02  1.63500000e+01
 -2.98294708e+03  3.63526300e+03  8.40000000e-02  1.57740000e+01
 -2.95753807e+03  3.63792000e+03  8.60000000e-02  1.56910000e+01
 -3.03074867e+03  3.64523700e+03  8.60000000e-02  1.61580000e+01
 -3.00343862e+03  3.61076700e+03  9.00000000e-02  1.63390000e+01
 -3.05072964e+03  3.63114400e+03  8.50000000e-02  1.69240000e+01
 -3.13205863e+03  3.65154800e+03  8.40000000e-02  1.66980000e+01
 -3.04901859e+03  3.63611100e+03  8.80000000e-02  1.65530000e+01
 -3.02575321e+03  3.63115100e+03  1.16000000e-01  1.63650000e+01
 -3.01902703e+03  3.65447700e+03  1.15000000e-01  1.63110000e+01
 -3.08382325e+03  3.65415700e+03  1.16000000e-01  1.64630000e+01
 -3.13189738e+03  3.65810400e+03  8.80000000e-02  1.65840000e+01
 -3.06610508e+03  3.68416400e+03  8.20000000e-02  1.55220000e+01
 -3.08645051e+03  3.67793500e+03  8.10000000e-02  1.67890000e+01
 -3.08645051e+03  3.67793500e+03  8.10000000e-02  1.67890000e+01
 -3.08645051e+03  3.67793500e+03  8.10000000e-02  1.67890000e+01
 -3.05496959e+03  3.69353500e+03  8.20000000e-02  1.62270000e+01
 -3.04129726e+03  3.65935900e+03  8.10000000e-02  1.68020000e+01
 -3.03426681e+03  3.67397400e+03  9.90000000e-02  1.63030000e+01
 -3.03426681e+03  3.67397400e+03  9.90000000e-02  1.63030000e+01
 -3.03426681e+03  3.67397400e+03  9.90000000e-02  1.63030000e+01
 -3.07480650e+03  3.67194400e+03  1.00000000e-01  1.62650000e+01
 -3.07480650e+03  3.67194400e+03  1.00000000e-01  1.62650000e+01
 -3.12080638e+03  3.66427600e+03  8.50000000e-02  1.60200000e+01
 -3.12080638e+03  3.66427600e+03  8.50000000e-02  1.60200000e+01
 -3.09741846e+03  3.64713700e+03  8.30000000e-02  1.65100000e+01
 -3.09741846e+03  3.64713700e+03  8.30000000e-02  1.65100000e+01
 -3.09741846e+03  3.64713700e+03  8.30000000e-02  1.65100000e+01
 -3.09741846e+03  3.64713700e+03  8.30000000e-02  1.65100000e+01
 -3.09741846e+03  3.64713700e+03  8.30000000e-02  1.65100000e+01
 -3.15046013e+03  3.67619200e+03  8.20000000e-02  1.64340000e+01
 -3.15046013e+03  3.67619200e+03  8.20000000e-02  1.64340000e+01
 -3.17560691e+03  3.66982700e+03  8.10000000e-02  1.61160000e+01
 -3.15642406e+03  3.67087800e+03  9.10000000e-02  1.62710000e+01
 -3.15642406e+03  3.67087800e+03  9.10000000e-02  1.62710000e+01
 -3.15642406e+03  3.67087800e+03  9.10000000e-02  1.62710000e+01
 -3.15642406e+03  3.67087800e+03  9.10000000e-02  1.62710000e+01
 -3.15642406e+03  3.67087800e+03  9.10000000e-02  1.62710000e+01
 -3.09143748e+03  3.66443600e+03  8.90000000e-02  1.61530000e+01
 -3.11402213e+03  3.66248200e+03  8.60000000e-02  1.62200000e+01
 -3.05952056e+03  3.65771300e+03  8.40000000e-02  1.58400000e+01
 -3.05952056e+03  3.65771300e+03  8.40000000e-02  1.58400000e+01
 -3.05952056e+03  3.65771300e+03  8.40000000e-02  1.58400000e+01
 -3.03508140e+03  3.63240100e+03  8.40000000e-02  1.63400000e+01
 -3.02362267e+03  3.64627900e+03  9.00000000e-02  1.59720000e+01
 -3.06416868e+03  3.66532900e+03  9.00000000e-02  1.53390000e+01
 -3.06416868e+03  3.66532900e+03  9.00000000e-02  1.53390000e+01
 -3.03863915e+03  3.65952600e+03  9.10000000e-02  1.58210000e+01
 -3.07546703e+03  3.64422900e+03  9.10000000e-02  1.68990000e+01
 -3.07546703e+03  3.64422900e+03  9.10000000e-02  1.68990000e+01
 -3.09101675e+03  3.64420400e+03  1.05000000e-01  1.69660000e+01
 -3.09101675e+03  3.64420400e+03  1.05000000e-01  1.69660000e+01
 -3.16077771e+03  3.64821900e+03  1.18000000e-01  1.75610000e+01
 -3.18023346e+03  3.65028100e+03  8.40000000e-02  1.74950000e+01
 -3.18023346e+03  3.65028100e+03  8.40000000e-02  1.74950000e+01
 -3.15392286e+03  3.64501800e+03  8.30000000e-02  1.71140000e+01
 -3.15392286e+03  3.64501800e+03  8.30000000e-02  1.71140000e+01
 -3.14969299e+03  3.65124600e+03  8.40000000e-02  1.67330000e+01
 -3.14969299e+03  3.65124600e+03  8.40000000e-02  1.67330000e+01
 -3.06901813e+03  3.68028400e+03  9.90000000e-02  1.62460000e+01
 -3.02394926e+03  3.66972000e+03  9.90000000e-02  1.58290000e+01
 -3.08661351e+03  3.67282900e+03  9.80000000e-02  1.60600000e+01
 -3.04395438e+03  3.68022300e+03  9.90000000e-02  1.55010000e+01
 -3.02385635e+03  3.67067200e+03  8.50000000e-02  1.58590000e+01
 -3.01679919e+03  3.67178500e+03  8.50000000e-02  1.58390000e+01
 -3.02264299e+03  3.67369900e+03  8.50000000e-02  1.58000000e+01
 -3.01372167e+03  3.67111600e+03  8.40000000e-02  1.59180000e+01
 -3.02347651e+03  3.68129700e+03  8.40000000e-02  1.55930000e+01
 -3.02347651e+03  3.68129700e+03  8.40000000e-02  1.55930000e+01
 -3.04096008e+03  3.67906000e+03  8.40000000e-02  1.55930000e+01
 -3.06650702e+03  3.69009700e+03  8.50000000e-02  1.57640000e+01
 -3.05975144e+03  3.68436800e+03  8.60000000e-02  1.58500000e+01
 -3.06271543e+03  3.67502900e+03  8.60000000e-02  1.63020000e+01
 -3.08028925e+03  3.68005700e+03  8.50000000e-02  1.62070000e+01
 -3.08028925e+03  3.68005700e+03  8.50000000e-02  1.62070000e+01
 -3.07776092e+03  3.67683600e+03  8.60000000e-02  1.63460000e+01
 -3.08774214e+03  3.67931000e+03  8.40000000e-02  1.62770000e+01
 -3.08102296e+03  3.67656400e+03  8.40000000e-02  1.62070000e+01
 -3.10126904e+03  3.68436900e+03  8.30000000e-02  1.60910000e+01
 -3.11894307e+03  3.68156900e+03  8.40000000e-02  1.62780000e+01
 -3.11894307e+03  3.68156900e+03  8.40000000e-02  1.62780000e+01
 -3.11894307e+03  3.68156900e+03  8.40000000e-02  1.62780000e+01
 -3.13507594e+03  3.68858500e+03  8.40000000e-02  1.64400000e+01
 -3.13496716e+03  3.69337400e+03  8.40000000e-02  1.65450000e+01
 -3.13496716e+03  3.69337400e+03  8.40000000e-02  1.65450000e+01
 -3.13972441e+03  3.69850800e+03  8.90000000e-02  1.62740000e+01
 -3.11827901e+03  3.69982700e+03  8.60000000e-02  1.61870000e+01
 -3.11827901e+03  3.69982700e+03  8.60000000e-02  1.61870000e+01
 -3.13007884e+03  3.70168800e+03  8.40000000e-02  1.59650000e+01
 -3.14187602e+03  3.70528700e+03  8.90000000e-02  1.57340000e+01
 -3.13178515e+03  3.70240200e+03  8.60000000e-02  1.56130000e+01
 -3.13684809e+03  3.70277900e+03  8.60000000e-02  1.55190000e+01
 -3.13651539e+03  3.69212200e+03  8.30000000e-02  1.58560000e+01
 -3.13651539e+03  3.69212200e+03  8.30000000e-02  1.58560000e+01
 -3.12849210e+03  3.69733100e+03  8.30000000e-02  1.57300000e+01
 -3.11810729e+03  3.69857400e+03  8.20000000e-02  1.56340000e+01
 -3.11853044e+03  3.69507300e+03  8.20000000e-02  1.53710000e+01
 -3.13514850e+03  3.69749500e+03  8.10000000e-02  1.52910000e+01
 -3.13223614e+03  3.69917900e+03  8.20000000e-02  1.53400000e+01
 -3.13304548e+03  3.70708000e+03  8.10000000e-02  1.50820000e+01
 -3.13639821e+03  3.70351400e+03  8.30000000e-02  1.49280000e+01
 -3.15609490e+03  3.71539200e+03  8.20000000e-02  1.47340000e+01
 -3.15742477e+03  3.71098300e+03  8.50000000e-02  1.49040000e+01
 -3.14995017e+03  3.70878900e+03  8.50000000e-02  1.49920000e+01
 -3.14995017e+03  3.70878900e+03  8.50000000e-02  1.49920000e+01
 -3.14995017e+03  3.70878900e+03  8.50000000e-02  1.49920000e+01
 -3.13328179e+03  3.71025700e+03  8.50000000e-02  1.51580000e+01
 -3.12872378e+03  3.69875400e+03  8.50000000e-02  1.51270000e+01
 -3.15561786e+03  3.70112100e+03  8.50000000e-02  1.51620000e+01
 -3.15533826e+03  3.68963000e+03  8.40000000e-02  1.53820000e+01
 -3.12989868e+03  3.68878700e+03  8.50000000e-02  1.51800000e+01
 -3.12674701e+03  3.68342600e+03  8.40000000e-02  1.54380000e+01
 -3.10630385e+03  3.67199000e+03  8.50000000e-02  1.56240000e+01
 -3.10904237e+03  3.67296400e+03  8.50000000e-02  1.54990000e+01
 -3.13746712e+03  3.68491600e+03  8.40000000e-02  1.55040000e+01
 -3.13122809e+03  3.68390000e+03  8.80000000e-02  1.56620000e+01
 -3.14413851e+03  3.69532400e+03  8.90000000e-02  1.54240000e+01
 -3.13654480e+03  3.68462400e+03  8.90000000e-02  1.54510000e+01
 -3.12488417e+03  3.67930600e+03  8.90000000e-02  1.55610000e+01
 -3.12332650e+03  3.68128300e+03  9.00000000e-02  1.54150000e+01
 -3.12332650e+03  3.68128300e+03  9.00000000e-02  1.54150000e+01
 -3.08178788e+03  3.67804200e+03  9.10000000e-02  1.51230000e+01
 -3.10146975e+03  3.67941400e+03  9.10000000e-02  1.52490000e+01
 -3.07960386e+03  3.67447400e+03  8.60000000e-02  1.55340000e+01
 -3.08114280e+03  3.66377400e+03  8.60000000e-02  1.59740000e+01
 -3.08073196e+03  3.66787300e+03  8.60000000e-02  1.60830000e+01
 -3.08493956e+03  3.67014400e+03  8.70000000e-02  1.63620000e+01
 -3.08493956e+03  3.67014400e+03  8.70000000e-02  1.63620000e+01
 -3.08493956e+03  3.67014400e+03  8.70000000e-02  1.63620000e+01
 -3.09840068e+03  3.66784100e+03  9.50000000e-02  1.64150000e+01
 -3.09840068e+03  3.66784100e+03  9.50000000e-02  1.64150000e+01
 -3.09934011e+03  3.66248100e+03  9.60000000e-02  1.66820000e+01
 -3.09576219e+03  3.66056600e+03  9.60000000e-02  1.64750000e+01
 -3.10054037e+03  3.66548300e+03  9.50000000e-02  1.64170000e+01
 -3.10054037e+03  3.66548300e+03  9.50000000e-02  1.64170000e+01
 -3.12788245e+03  3.67550200e+03  9.90000000e-02  1.64990000e+01
 -3.12788245e+03  3.67550200e+03  9.90000000e-02  1.64990000e+01
 -3.12634970e+03  3.67372100e+03  9.70000000e-02  1.64830000e+01
 -3.12634970e+03  3.67372100e+03  9.70000000e-02  1.64830000e+01
 -3.12634970e+03  3.67372100e+03  9.70000000e-02  1.64830000e+01
 -3.13190048e+03  3.67444400e+03  9.50000000e-02  1.61600000e+01
 -3.13190048e+03  3.67444400e+03  9.50000000e-02  1.61600000e+01
 -3.13190048e+03  3.67444400e+03  9.50000000e-02  1.61600000e+01
 -3.13701936e+03  3.67490000e+03  9.70000000e-02  1.62650000e+01
 -3.13372880e+03  3.68040100e+03  9.20000000e-02  1.60190000e+01
 -3.12586124e+03  3.66727700e+03  9.50000000e-02  1.60550000e+01
 -3.12586124e+03  3.66727700e+03  9.50000000e-02  1.60550000e+01
 -3.12586124e+03  3.66727700e+03  9.50000000e-02  1.60550000e+01
 -3.12586124e+03  3.66727700e+03  9.50000000e-02  1.60550000e+01
 -3.13686350e+03  3.67139500e+03  9.40000000e-02  1.58890000e+01
 -3.13686350e+03  3.67139500e+03  9.40000000e-02  1.58890000e+01
 -3.14921455e+03  3.67246700e+03  8.50000000e-02  1.59860000e+01
 -3.15601183e+03  3.67267100e+03  8.50000000e-02  1.60600000e+01
 -3.18062903e+03  3.68144800e+03  8.50000000e-02  1.63710000e+01
 -3.17926578e+03  3.67816300e+03  8.30000000e-02  1.62120000e+01
 -3.17926578e+03  3.67816300e+03  8.30000000e-02  1.62120000e+01
 -3.17926578e+03  3.67816300e+03  8.30000000e-02  1.62120000e+01
 -3.17926578e+03  3.67816300e+03  8.30000000e-02  1.62120000e+01
 -3.18600111e+03  3.69246300e+03  8.20000000e-02  1.63700000e+01
 -3.18600111e+03  3.69246300e+03  8.20000000e-02  1.63700000e+01
 -3.18383158e+03  3.68274400e+03  8.70000000e-02  1.64020000e+01
 -3.18383158e+03  3.68274400e+03  8.70000000e-02  1.64020000e+01
 -3.18383158e+03  3.68274400e+03  8.70000000e-02  1.64020000e+01
 -3.18383158e+03  3.68274400e+03  8.70000000e-02  1.64020000e+01
 -3.18383158e+03  3.68274400e+03  8.70000000e-02  1.64020000e+01
 -3.20428474e+03  3.69573600e+03  8.70000000e-02  1.64240000e+01
 -3.20422812e+03  3.70309400e+03  8.70000000e-02  1.62010000e+01
 -3.20418778e+03  3.70035000e+03  8.70000000e-02  1.62500000e+01
 -3.20418778e+03  3.70035000e+03  8.70000000e-02  1.62500000e+01
 -3.22613744e+03  3.69824200e+03  8.70000000e-02  1.62670000e+01
 -3.22613744e+03  3.69824200e+03  8.70000000e-02  1.62670000e+01
 -3.22613744e+03  3.69824200e+03  8.70000000e-02  1.62670000e+01
 -3.23518041e+03  3.70227300e+03  8.80000000e-02  1.61000000e+01
 -3.23518041e+03  3.70227300e+03  8.80000000e-02  1.61000000e+01
 -3.21824870e+03  3.70061800e+03  9.90000000e-02  1.61070000e+01
 -3.21506492e+03  3.69806800e+03  9.90000000e-02  1.62340000e+01
 -3.22129919e+03  3.69616600e+03  9.90000000e-02  1.62960000e+01
 -3.21847276e+03  3.68797200e+03  9.90000000e-02  1.64050000e+01
 -3.21847276e+03  3.68797200e+03  9.90000000e-02  1.64050000e+01
 -3.20575967e+03  3.68664200e+03  9.90000000e-02  1.65290000e+01
 -3.20575967e+03  3.68664200e+03  9.90000000e-02  1.65290000e+01
 -3.20877743e+03  3.69895300e+03  9.90000000e-02  1.62240000e+01
 -3.20877743e+03  3.69895300e+03  9.90000000e-02  1.62240000e+01
 -3.21950740e+03  3.69641100e+03  9.90000000e-02  1.65770000e+01
 -3.19245388e+03  3.68614300e+03  9.90000000e-02  1.69840000e+01
 -3.19245388e+03  3.68614300e+03  9.90000000e-02  1.69840000e+01
 -3.18444765e+03  3.69160400e+03  1.02000000e-01  1.67300000e+01
 -3.18444765e+03  3.69160400e+03  1.02000000e-01  1.67300000e+01
 -3.17359331e+03  3.68243700e+03  1.03000000e-01  1.67330000e+01
 -3.17359331e+03  3.68243700e+03  1.03000000e-01  1.67330000e+01
 -3.16761185e+03  3.68612100e+03  1.05000000e-01  1.64660000e+01
 -3.17823586e+03  3.69117800e+03  1.06000000e-01  1.62740000e+01
 -3.21595076e+03  3.70196600e+03  1.00000000e-01  1.62480000e+01
 -3.20854787e+03  3.69502800e+03  9.90000000e-02  1.64100000e+01
 -3.19014833e+03  3.69137300e+03  9.90000000e-02  1.62160000e+01
 -3.19014833e+03  3.69137300e+03  9.90000000e-02  1.62160000e+01
 -3.18579333e+03  3.68712700e+03  9.90000000e-02  1.63930000e+01
 -3.17914074e+03  3.68135200e+03  9.80000000e-02  1.60030000e+01
 -3.19558557e+03  3.68449800e+03  9.80000000e-02  1.62490000e+01
 -3.15135501e+03  3.67365800e+03  9.60000000e-02  1.63810000e+01
 -3.15352807e+03  3.67840000e+03  9.50000000e-02  1.62190000e+01
 -3.14218255e+03  3.67890000e+03  9.50000000e-02  1.62000000e+01
 -3.14218255e+03  3.67890000e+03  9.50000000e-02  1.62000000e+01
 -3.14218255e+03  3.67890000e+03  9.50000000e-02  1.62000000e+01
 -3.17715177e+03  3.68023000e+03  9.50000000e-02  1.58390000e+01
 -3.17715177e+03  3.68023000e+03  9.50000000e-02  1.58390000e+01
 -3.17715177e+03  3.68023000e+03  9.50000000e-02  1.58390000e+01
 -3.17868824e+03  3.68325500e+03  9.30000000e-02  1.61360000e+01
 -3.17868824e+03  3.68325500e+03  9.30000000e-02  1.61360000e+01
 -3.17868824e+03  3.68325500e+03  9.30000000e-02  1.61360000e+01
 -3.17441717e+03  3.67741700e+03  1.05000000e-01  1.61800000e+01
 -3.18771669e+03  3.68386100e+03  1.03000000e-01  1.61090000e+01
 -3.18807200e+03  3.69874300e+03  1.02000000e-01  1.59120000e+01
 -3.18807200e+03  3.69874300e+03  1.02000000e-01  1.59120000e+01
 -3.18807200e+03  3.69874300e+03  1.02000000e-01  1.59120000e+01
 -3.15580389e+03  3.69681000e+03  1.01000000e-01  1.57180000e+01
 -3.15699962e+03  3.69798900e+03  1.01000000e-01  1.56630000e+01
 -3.16267374e+03  3.69480100e+03  1.04000000e-01  1.56430000e+01
 -3.16267374e+03  3.69480100e+03  1.04000000e-01  1.56430000e+01
 -3.17658680e+03  3.69555700e+03  1.05000000e-01  1.56400000e+01
 -3.17658680e+03  3.69555700e+03  1.05000000e-01  1.56400000e+01
 -3.17560259e+03  3.69550500e+03  1.02000000e-01  1.55160000e+01
 -3.17027447e+03  3.68719300e+03  1.02000000e-01  1.57230000e+01
 -3.17027447e+03  3.68719300e+03  1.02000000e-01  1.57230000e+01
 -3.16900433e+03  3.68495700e+03  1.01000000e-01  1.57210000e+01
 -3.16900433e+03  3.68495700e+03  1.01000000e-01  1.57210000e+01
 -3.16900433e+03  3.68495700e+03  1.01000000e-01  1.57210000e+01
 -3.16530459e+03  3.68267700e+03  1.00000000e-01  1.57910000e+01
 -3.15504237e+03  3.68440500e+03  1.08000000e-01  1.58410000e+01
 -3.16163448e+03  3.69128100e+03  1.08000000e-01  1.58750000e+01
 -3.16163448e+03  3.69128100e+03  1.08000000e-01  1.58750000e+01
 -3.16163448e+03  3.69128100e+03  1.08000000e-01  1.58750000e+01
 -3.16163448e+03  3.69128100e+03  1.08000000e-01  1.58750000e+01
 -3.16163448e+03  3.69128100e+03  1.08000000e-01  1.58750000e+01
 -3.14977562e+03  3.68487000e+03  1.08000000e-01  1.58030000e+01
 -3.16299010e+03  3.69475900e+03  1.07000000e-01  1.55900000e+01
 -3.16299010e+03  3.69475900e+03  1.07000000e-01  1.55900000e+01
 -3.15926532e+03  3.70230300e+03  1.06000000e-01  1.53530000e+01
 -3.16045874e+03  3.69521000e+03  1.08000000e-01  1.55220000e+01
 -3.16045874e+03  3.69521000e+03  1.08000000e-01  1.55220000e+01
 -3.14645899e+03  3.69135100e+03  1.08000000e-01  1.54790000e+01
 -3.16300930e+03  3.69553400e+03  1.08000000e-01  1.54490000e+01
 -3.15804089e+03  3.70053700e+03  1.08000000e-01  1.52720000e+01
 -3.15500263e+03  3.70128100e+03  1.05000000e-01  1.51170000e+01
 -3.15500263e+03  3.70128100e+03  1.05000000e-01  1.51170000e+01
 -3.15500263e+03  3.70128100e+03  1.05000000e-01  1.51170000e+01
 -3.15500263e+03  3.70128100e+03  1.05000000e-01  1.51170000e+01
 -3.16141570e+03  3.69773400e+03  1.06000000e-01  1.52440000e+01
 -3.16141570e+03  3.69773400e+03  1.06000000e-01  1.52440000e+01
 -3.16168405e+03  3.69001700e+03  9.90000000e-02  1.54880000e+01
 -3.16168405e+03  3.69001700e+03  9.90000000e-02  1.54880000e+01
 -3.16168405e+03  3.69001700e+03  9.90000000e-02  1.54880000e+01
 -3.16168405e+03  3.69001700e+03  9.90000000e-02  1.54880000e+01
 -3.17623226e+03  3.69034100e+03  9.90000000e-02  1.55090000e+01
 -3.16817190e+03  3.69455800e+03  1.03000000e-01  1.55380000e+01
 -3.16817190e+03  3.69455800e+03  1.03000000e-01  1.55380000e+01
 -3.16817190e+03  3.69455800e+03  1.03000000e-01  1.55380000e+01
 -3.17519843e+03  3.69751000e+03  1.03000000e-01  1.56960000e+01
 -3.17519843e+03  3.69751000e+03  1.03000000e-01  1.56960000e+01
 -3.21190652e+03  3.70376900e+03  1.03000000e-01  1.56270000e+01
 -3.21190652e+03  3.70376900e+03  1.03000000e-01  1.56270000e+01
 -3.21190652e+03  3.70376900e+03  1.03000000e-01  1.56270000e+01
 -3.21022731e+03  3.69258200e+03  1.03000000e-01  1.59130000e+01
 -3.22282633e+03  3.68782700e+03  1.02000000e-01  1.59700000e+01
 -3.22282633e+03  3.68782700e+03  1.02000000e-01  1.59700000e+01
 -3.22282633e+03  3.68782700e+03  1.02000000e-01  1.59700000e+01
 -3.22282633e+03  3.68782700e+03  1.02000000e-01  1.59700000e+01
 -3.23063451e+03  3.69059400e+03  1.02000000e-01  1.57760000e+01
 -3.23063451e+03  3.69059400e+03  1.02000000e-01  1.57760000e+01
 -3.23063451e+03  3.69059400e+03  1.02000000e-01  1.57760000e+01
 -3.24009181e+03  3.68856200e+03  1.00000000e-01  1.57880000e+01
 -3.24321007e+03  3.68867900e+03  1.00000000e-01  1.58950000e+01
 -3.24321007e+03  3.68867900e+03  1.00000000e-01  1.58950000e+01
 -3.24236316e+03  3.68725200e+03  9.80000000e-02  1.60960000e+01
 -3.25313880e+03  3.69290800e+03  9.80000000e-02  1.60040000e+01
 -3.25313880e+03  3.69290800e+03  9.80000000e-02  1.60040000e+01
 -3.25313880e+03  3.69290800e+03  9.80000000e-02  1.60040000e+01
 -3.25313880e+03  3.69290800e+03  9.80000000e-02  1.60040000e+01
 -3.25313880e+03  3.69290800e+03  9.80000000e-02  1.60040000e+01
 -3.25313880e+03  3.69290800e+03  9.80000000e-02  1.60040000e+01
 -3.25313880e+03  3.69290800e+03  9.80000000e-02  1.60040000e+01
 -3.22955811e+03  3.68269200e+03  9.80000000e-02  1.61100000e+01
 -3.22783643e+03  3.68673600e+03  9.70000000e-02  1.64200000e+01
 -3.22783643e+03  3.68673600e+03  9.70000000e-02  1.64200000e+01
 -3.23533928e+03  3.68870400e+03  9.60000000e-02  1.64910000e+01
 -3.23533928e+03  3.68870400e+03  9.60000000e-02  1.64910000e+01
 -3.23533928e+03  3.68870400e+03  9.60000000e-02  1.64910000e+01
 -3.24282926e+03  3.69517800e+03  9.40000000e-02  1.63160000e+01
 -3.24282926e+03  3.69517800e+03  9.40000000e-02  1.63160000e+01
 -3.24282926e+03  3.69517800e+03  9.40000000e-02  1.63160000e+01
 -3.24282926e+03  3.69517800e+03  9.40000000e-02  1.63160000e+01
 -3.24282926e+03  3.69517800e+03  9.40000000e-02  1.63160000e+01
 -3.24282926e+03  3.69517800e+03  9.40000000e-02  1.63160000e+01
 -3.24187585e+03  3.68335400e+03  9.50000000e-02  1.66450000e+01
 -3.25705388e+03  3.69371900e+03  9.50000000e-02  1.69390000e+01
 -3.24736820e+03  3.69195900e+03  9.40000000e-02  1.66820000e+01
 -3.24736820e+03  3.69195900e+03  9.40000000e-02  1.66820000e+01
 -3.24736820e+03  3.69195900e+03  9.40000000e-02  1.66820000e+01
 -3.25201195e+03  3.69323600e+03  9.50000000e-02  1.63430000e+01
 -3.25201195e+03  3.69323600e+03  9.50000000e-02  1.63430000e+01
 -3.27050041e+03  3.69769000e+03  9.60000000e-02  1.65610000e+01
 -3.27263985e+03  3.69603600e+03  9.30000000e-02  1.64530000e+01
 -3.26709568e+03  3.70149500e+03  9.40000000e-02  1.62830000e+01
 -3.26709568e+03  3.70149500e+03  9.40000000e-02  1.62830000e+01
 -3.26709568e+03  3.70149500e+03  9.40000000e-02  1.62830000e+01
 -3.26709568e+03  3.70149500e+03  9.40000000e-02  1.62830000e+01
 -3.26286096e+03  3.71153800e+03  9.30000000e-02  1.60970000e+01
 -3.26286096e+03  3.71153800e+03  9.30000000e-02  1.60970000e+01
 -3.26286096e+03  3.71153800e+03  9.30000000e-02  1.60970000e+01
 -3.27410297e+03  3.71908400e+03  9.20000000e-02  1.60970000e+01
 -3.27410297e+03  3.71908400e+03  9.20000000e-02  1.60970000e+01
 -3.27410297e+03  3.71908400e+03  9.20000000e-02  1.60970000e+01
 -3.27410297e+03  3.71908400e+03  9.20000000e-02  1.60970000e+01
 -3.27410297e+03  3.71908400e+03  9.20000000e-02  1.60970000e+01
 -3.27410297e+03  3.71908400e+03  9.20000000e-02  1.60970000e+01
 -3.26378984e+03  3.71771300e+03  9.40000000e-02  1.62160000e+01
 -3.26378984e+03  3.71771300e+03  9.40000000e-02  1.62160000e+01
 -3.26378984e+03  3.71771300e+03  9.40000000e-02  1.62160000e+01
 -3.26378984e+03  3.71771300e+03  9.40000000e-02  1.62160000e+01
 -3.26378984e+03  3.71771300e+03  9.40000000e-02  1.62160000e+01
 -3.26378984e+03  3.71771300e+03  9.40000000e-02  1.62160000e+01
 -3.26378984e+03  3.71771300e+03  9.40000000e-02  1.62160000e+01
 -3.26378984e+03  3.71771300e+03  9.40000000e-02  1.62160000e+01
 -3.26378984e+03  3.71771300e+03  9.40000000e-02  1.62160000e+01
 -3.26378984e+03  3.71771300e+03  9.40000000e-02  1.62160000e+01
 -3.26378984e+03  3.71771300e+03  9.40000000e-02  1.62160000e+01
 -3.26378984e+03  3.71771300e+03  9.40000000e-02  1.62160000e+01
 -3.26378984e+03  3.71771300e+03  9.40000000e-02  1.62160000e+01
 -3.26518823e+03  3.71355100e+03  9.50000000e-02  1.62700000e+01
 -3.26964373e+03  3.71830700e+03  9.70000000e-02  1.60100000e+01
 -3.26964373e+03  3.71830700e+03  9.70000000e-02  1.60100000e+01
 -3.26964373e+03  3.71830700e+03  9.70000000e-02  1.60100000e+01
 -3.26964373e+03  3.71830700e+03  9.70000000e-02  1.60100000e+01
 -3.26964373e+03  3.71830700e+03  9.70000000e-02  1.60100000e+01
 -3.26964373e+03  3.71830700e+03  9.70000000e-02  1.60100000e+01
 -3.26964373e+03  3.71830700e+03  9.70000000e-02  1.60100000e+01
 -3.28120802e+03  3.71987100e+03  9.70000000e-02  1.58040000e+01
 -3.29348972e+03  3.72081300e+03  9.70000000e-02  1.59710000e+01
 -3.29348972e+03  3.72081300e+03  9.70000000e-02  1.59710000e+01
 -3.29348972e+03  3.72081300e+03  9.70000000e-02  1.59710000e+01
 -3.29348972e+03  3.72081300e+03  9.70000000e-02  1.59710000e+01
 -3.29348972e+03  3.72081300e+03  9.70000000e-02  1.59710000e+01
 -3.29348972e+03  3.72081300e+03  9.70000000e-02  1.59710000e+01
 -3.29348972e+03  3.72081300e+03  9.70000000e-02  1.59710000e+01
 -3.29348972e+03  3.72081300e+03  9.70000000e-02  1.59710000e+01
 -3.29348972e+03  3.72081300e+03  9.70000000e-02  1.59710000e+01
 -3.29348972e+03  3.72081300e+03  9.70000000e-02  1.59710000e+01
 -3.29348972e+03  3.72081300e+03  9.70000000e-02  1.59710000e+01
 -3.29348972e+03  3.72081300e+03  9.70000000e-02  1.59710000e+01
 -3.29348972e+03  3.72081300e+03  9.70000000e-02  1.59710000e+01
 -3.29348972e+03  3.72081300e+03  9.70000000e-02  1.59710000e+01
 -3.29348972e+03  3.72081300e+03  9.70000000e-02  1.59710000e+01
 -3.29348972e+03  3.72081300e+03  9.70000000e-02  1.59710000e+01
 -3.29348972e+03  3.72081300e+03  9.70000000e-02  1.59710000e+01
 -3.29348972e+03  3.72081300e+03  9.70000000e-02  1.59710000e+01
 -3.29689210e+03  3.72280400e+03  9.50000000e-02  1.57930000e+01
 -3.30324873e+03  3.72671700e+03  9.50000000e-02  1.58170000e+01
 -3.30324873e+03  3.72671700e+03  9.50000000e-02  1.58170000e+01
 -3.30324873e+03  3.72671700e+03  9.50000000e-02  1.58170000e+01
 -3.30324873e+03  3.72671700e+03  9.50000000e-02  1.58170000e+01
 -3.31285836e+03  3.72380700e+03  9.40000000e-02  1.58620000e+01
 -3.31285836e+03  3.72380700e+03  9.40000000e-02  1.58620000e+01
 -3.32181726e+03  3.72971900e+03  9.40000000e-02  1.58160000e+01
 -3.32181726e+03  3.72971900e+03  9.40000000e-02  1.58160000e+01
 -3.32766097e+03  3.72590200e+03  9.50000000e-02  1.58820000e+01
 -3.32766097e+03  3.72590200e+03  9.50000000e-02  1.58820000e+01
 -3.32766097e+03  3.72590200e+03  9.50000000e-02  1.58820000e+01
 -3.32766097e+03  3.72590200e+03  9.50000000e-02  1.58820000e+01
 -3.32766097e+03  3.72590200e+03  9.50000000e-02  1.58820000e+01
 -3.32766097e+03  3.72590200e+03  9.50000000e-02  1.58820000e+01
 -3.32766097e+03  3.72590200e+03  9.50000000e-02  1.58820000e+01
 -3.32766097e+03  3.72590200e+03  9.50000000e-02  1.58820000e+01
 -3.32766097e+03  3.72590200e+03  9.50000000e-02  1.58820000e+01
 -3.32766097e+03  3.72590200e+03  9.50000000e-02  1.58820000e+01
 -3.32766097e+03  3.72590200e+03  9.50000000e-02  1.58820000e+01
 -3.32766097e+03  3.72590200e+03  9.50000000e-02  1.58820000e+01
 -3.32766097e+03  3.72590200e+03  9.50000000e-02  1.58820000e+01
 -3.32766097e+03  3.72590200e+03  9.50000000e-02  1.58820000e+01
 -3.32766097e+03  3.72590200e+03  9.50000000e-02  1.58820000e+01
 -3.32766097e+03  3.72590200e+03  9.50000000e-02  1.58820000e+01
 -3.35213523e+03  3.73771700e+03  9.50000000e-02  1.59030000e+01
 -3.35213523e+03  3.73771700e+03  9.50000000e-02  1.59030000e+01
 -3.35213523e+03  3.73771700e+03  9.50000000e-02  1.59030000e+01
 -3.35971230e+03  3.74261200e+03  9.40000000e-02  1.59300000e+01
 -3.35971230e+03  3.74261200e+03  9.40000000e-02  1.59300000e+01
 -3.35971230e+03  3.74261200e+03  9.40000000e-02  1.59300000e+01
 -3.35971230e+03  3.74261200e+03  9.40000000e-02  1.59300000e+01
 -3.35971230e+03  3.74261200e+03  9.40000000e-02  1.59300000e+01
 -3.37763240e+03  3.74769100e+03  9.30000000e-02  1.60240000e+01
 -3.37763240e+03  3.74769100e+03  9.30000000e-02  1.60240000e+01
 -3.37763240e+03  3.74769100e+03  9.30000000e-02  1.60240000e+01
 -3.37763240e+03  3.74769100e+03  9.30000000e-02  1.60240000e+01
 -3.37372891e+03  3.74639500e+03  9.40000000e-02  1.60280000e+01
 -3.37688056e+03  3.74048200e+03  9.20000000e-02  1.59320000e+01
 -3.37688056e+03  3.74048200e+03  9.20000000e-02  1.59320000e+01
 -3.37688056e+03  3.74048200e+03  9.20000000e-02  1.59320000e+01
 -3.37927366e+03  3.74721700e+03  9.00000000e-02  1.57450000e+01
 -3.37927366e+03  3.74721700e+03  9.00000000e-02  1.57450000e+01
 -3.37927366e+03  3.74721700e+03  9.00000000e-02  1.57450000e+01
 -3.37927366e+03  3.74721700e+03  9.00000000e-02  1.57450000e+01
 -3.37927366e+03  3.74721700e+03  9.00000000e-02  1.57450000e+01
 -3.37927366e+03  3.74721700e+03  9.00000000e-02  1.57450000e+01
 -3.37927366e+03  3.74721700e+03  9.00000000e-02  1.57450000e+01
 -3.37927366e+03  3.74721700e+03  9.00000000e-02  1.57450000e+01
 -3.37927366e+03  3.74721700e+03  9.00000000e-02  1.57450000e+01
 -3.37927366e+03  3.74721700e+03  9.00000000e-02  1.57450000e+01
 -3.37927366e+03  3.74721700e+03  9.00000000e-02  1.57450000e+01
 -3.37927366e+03  3.74721700e+03  9.00000000e-02  1.57450000e+01
 -3.37927366e+03  3.74721700e+03  9.00000000e-02  1.57450000e+01
 -3.37927366e+03  3.74721700e+03  9.00000000e-02  1.57450000e+01
 -3.37927366e+03  3.74721700e+03  9.00000000e-02  1.57450000e+01
 -3.39161572e+03  3.73344400e+03  9.10000000e-02  1.60800000e+01
 -3.39161572e+03  3.73344400e+03  9.10000000e-02  1.60800000e+01
 -3.39161572e+03  3.73344400e+03  9.10000000e-02  1.60800000e+01
 -3.39161572e+03  3.73344400e+03  9.10000000e-02  1.60800000e+01
 -3.39161572e+03  3.73344400e+03  9.10000000e-02  1.60800000e+01
 -3.40401878e+03  3.73948600e+03  9.20000000e-02  1.60360000e+01
 -3.40401878e+03  3.73948600e+03  9.20000000e-02  1.60360000e+01
 -3.40401878e+03  3.73948600e+03  9.20000000e-02  1.60360000e+01
 -3.40401878e+03  3.73948600e+03  9.20000000e-02  1.60360000e+01
 -3.40908920e+03  3.74735400e+03  9.10000000e-02  1.57620000e+01
 -3.40908920e+03  3.74735400e+03  9.10000000e-02  1.57620000e+01
 -3.40908920e+03  3.74735400e+03  9.10000000e-02  1.57620000e+01
 -3.40908920e+03  3.74735400e+03  9.10000000e-02  1.57620000e+01
 -3.40908920e+03  3.74735400e+03  9.10000000e-02  1.57620000e+01
 -3.40908920e+03  3.74735400e+03  9.10000000e-02  1.57620000e+01
 -3.40908920e+03  3.74735400e+03  9.10000000e-02  1.57620000e+01
 -3.40908920e+03  3.74735400e+03  9.10000000e-02  1.57620000e+01
 -3.40908920e+03  3.74735400e+03  9.10000000e-02  1.57620000e+01
 -3.40908920e+03  3.74735400e+03  9.10000000e-02  1.57620000e+01
 -3.40908920e+03  3.74735400e+03  9.10000000e-02  1.57620000e+01
 -3.41308485e+03  3.74019800e+03  9.20000000e-02  1.56200000e+01
 -3.41308485e+03  3.74019800e+03  9.20000000e-02  1.56200000e+01
 -3.41308485e+03  3.74019800e+03  9.20000000e-02  1.56200000e+01
 -3.41308485e+03  3.74019800e+03  9.20000000e-02  1.56200000e+01
 -3.41308485e+03  3.74019800e+03  9.20000000e-02  1.56200000e+01
 -3.41308485e+03  3.74019800e+03  9.20000000e-02  1.56200000e+01
 -3.41308485e+03  3.74019800e+03  9.20000000e-02  1.56200000e+01
 -3.41308485e+03  3.74019800e+03  9.20000000e-02  1.56200000e+01
 -3.41308485e+03  3.74019800e+03  9.20000000e-02  1.56200000e+01
 -3.41308485e+03  3.74019800e+03  9.20000000e-02  1.56200000e+01
 -3.41308485e+03  3.74019800e+03  9.20000000e-02  1.56200000e+01
 -3.41308485e+03  3.74019800e+03  9.20000000e-02  1.56200000e+01
 -3.41308485e+03  3.74019800e+03  9.20000000e-02  1.56200000e+01
 -3.41308485e+03  3.74019800e+03  9.20000000e-02  1.56200000e+01
 -3.41308485e+03  3.74019800e+03  9.20000000e-02  1.56200000e+01
 -3.41308485e+03  3.74019800e+03  9.20000000e-02  1.56200000e+01
 -3.41308485e+03  3.74019800e+03  9.20000000e-02  1.56200000e+01
 -3.41308485e+03  3.74019800e+03  9.20000000e-02  1.56200000e+01
 -3.41308485e+03  3.74019800e+03  9.20000000e-02  1.56200000e+01
 -3.41308485e+03  3.74019800e+03  9.20000000e-02  1.56200000e+01
 -3.41308485e+03  3.74019800e+03  9.20000000e-02  1.56200000e+01
 -3.41308485e+03  3.74019800e+03  9.20000000e-02  1.56200000e+01
 -3.41838409e+03  3.74291300e+03  9.60000000e-02  1.54530000e+01
 -3.41838409e+03  3.74291300e+03  9.60000000e-02  1.54530000e+01
 -3.41836358e+03  3.74000500e+03  9.30000000e-02  1.54850000e+01
 -3.41738272e+03  3.73868600e+03  9.10000000e-02  1.56910000e+01
 -3.41738272e+03  3.73868600e+03  9.10000000e-02  1.56910000e+01
 -3.41738272e+03  3.73868600e+03  9.10000000e-02  1.56910000e+01
 -3.41738272e+03  3.73868600e+03  9.10000000e-02  1.56910000e+01
 -3.42802717e+03  3.73596100e+03  9.10000000e-02  1.57830000e+01
 -3.42802717e+03  3.73596100e+03  9.10000000e-02  1.57830000e+01
 -3.42682246e+03  3.73583300e+03  9.10000000e-02  1.54200000e+01
 -3.42682246e+03  3.73583300e+03  9.10000000e-02  1.54200000e+01
 -3.42682246e+03  3.73583300e+03  9.10000000e-02  1.54200000e+01
 -3.42682246e+03  3.73583300e+03  9.10000000e-02  1.54200000e+01
 -3.42682246e+03  3.73583300e+03  9.10000000e-02  1.54200000e+01
 -3.42977299e+03  3.73248000e+03  9.00000000e-02  1.54420000e+01
 -3.42977299e+03  3.73248000e+03  9.00000000e-02  1.54420000e+01
 -3.42977299e+03  3.73248000e+03  9.00000000e-02  1.54420000e+01
 -3.42977299e+03  3.73248000e+03  9.00000000e-02  1.54420000e+01
 -3.42977299e+03  3.73248000e+03  9.00000000e-02  1.54420000e+01
 -3.43629422e+03  3.74038200e+03  9.00000000e-02  1.53000000e+01
 -3.43629422e+03  3.74038200e+03  9.00000000e-02  1.53000000e+01
 -3.43629422e+03  3.74038200e+03  9.00000000e-02  1.53000000e+01
 -3.43629422e+03  3.74038200e+03  9.00000000e-02  1.53000000e+01
 -3.44198814e+03  3.73441400e+03  9.30000000e-02  1.55190000e+01
 -3.44198814e+03  3.73441400e+03  9.30000000e-02  1.55190000e+01
 -3.44647913e+03  3.73734500e+03  9.10000000e-02  1.53130000e+01
 -3.44647913e+03  3.73734500e+03  9.10000000e-02  1.53130000e+01
 -3.44647913e+03  3.73734500e+03  9.10000000e-02  1.53130000e+01
 -3.44988680e+03  3.73093600e+03  8.80000000e-02  1.55620000e+01
 -3.44988680e+03  3.73093600e+03  8.80000000e-02  1.55620000e+01
 -3.45251154e+03  3.73353100e+03  8.80000000e-02  1.53810000e+01
 -3.45251154e+03  3.73353100e+03  8.80000000e-02  1.53810000e+01
 -3.45471376e+03  3.73938900e+03  9.00000000e-02  1.55450000e+01
 -3.45471376e+03  3.73938900e+03  9.00000000e-02  1.55450000e+01
 -3.46263146e+03  3.75205600e+03  8.90000000e-02  1.51930000e+01
 -3.46716884e+03  3.74797000e+03  9.00000000e-02  1.53350000e+01
 -3.46716884e+03  3.74797000e+03  9.00000000e-02  1.53350000e+01
 -3.46716884e+03  3.74797000e+03  9.00000000e-02  1.53350000e+01
 -3.46716884e+03  3.74797000e+03  9.00000000e-02  1.53350000e+01
 -3.46716884e+03  3.74797000e+03  9.00000000e-02  1.53350000e+01
 -3.46716884e+03  3.74797000e+03  9.00000000e-02  1.53350000e+01
 -3.46716884e+03  3.74797000e+03  9.00000000e-02  1.53350000e+01
 -3.46716884e+03  3.74797000e+03  9.00000000e-02  1.53350000e+01
 -3.46716884e+03  3.74797000e+03  9.00000000e-02  1.53350000e+01
 -3.46580903e+03  3.73377700e+03  8.80000000e-02  1.55800000e+01
 -3.46580903e+03  3.73377700e+03  8.80000000e-02  1.55800000e+01
 -3.45750998e+03  3.73345200e+03  8.80000000e-02  1.56370000e+01
 -3.45750998e+03  3.73345200e+03  8.80000000e-02  1.56370000e+01
 -3.45750998e+03  3.73345200e+03  8.80000000e-02  1.56370000e+01
 -3.45750998e+03  3.73345200e+03  8.80000000e-02  1.56370000e+01
 -3.45750998e+03  3.73345200e+03  8.80000000e-02  1.56370000e+01
 -3.45750998e+03  3.73345200e+03  8.80000000e-02  1.56370000e+01
 -3.45750998e+03  3.73345200e+03  8.80000000e-02  1.56370000e+01
 -3.45750998e+03  3.73345200e+03  8.80000000e-02  1.56370000e+01
 -3.45750998e+03  3.73345200e+03  8.80000000e-02  1.56370000e+01
 -3.45750998e+03  3.73345200e+03  8.80000000e-02  1.56370000e+01
 -3.45750998e+03  3.73345200e+03  8.80000000e-02  1.56370000e+01
 -3.45750998e+03  3.73345200e+03  8.80000000e-02  1.56370000e+01
 -3.45750998e+03  3.73345200e+03  8.80000000e-02  1.56370000e+01
 -3.45750998e+03  3.73345200e+03  8.80000000e-02  1.56370000e+01
 -3.45750998e+03  3.73345200e+03  8.80000000e-02  1.56370000e+01
 -3.45750998e+03  3.73345200e+03  8.80000000e-02  1.56370000e+01
 -3.45750998e+03  3.73345200e+03  8.80000000e-02  1.56370000e+01
 -3.46601176e+03  3.73786200e+03  8.90000000e-02  1.57560000e+01
 -3.46521965e+03  3.73764600e+03  8.90000000e-02  1.57680000e+01
 -3.46933569e+03  3.73831600e+03  8.90000000e-02  1.57740000e+01
 -3.46933569e+03  3.73831600e+03  8.90000000e-02  1.57740000e+01
 -3.47018951e+03  3.73754800e+03  8.90000000e-02  1.58010000e+01
 -3.46993155e+03  3.73799100e+03  8.90000000e-02  1.57950000e+01
 -3.46993155e+03  3.73799100e+03  8.90000000e-02  1.57950000e+01
 -3.47278592e+03  3.73777500e+03  8.90000000e-02  1.58050000e+01
 -3.47282983e+03  3.74062900e+03  8.90000000e-02  1.57000000e+01
 -3.47328032e+03  3.74415300e+03  8.90000000e-02  1.56070000e+01
 -3.47328032e+03  3.74415300e+03  8.90000000e-02  1.56070000e+01
 -3.47328032e+03  3.74415300e+03  8.90000000e-02  1.56070000e+01
 -3.47259452e+03  3.74482300e+03  8.90000000e-02  1.56070000e+01
 -3.47259452e+03  3.74482300e+03  8.90000000e-02  1.56070000e+01
 -3.47259452e+03  3.74482300e+03  8.90000000e-02  1.56070000e+01
 -3.47259452e+03  3.74482300e+03  8.90000000e-02  1.56070000e+01
 -3.48169673e+03  3.74714700e+03  8.90000000e-02  1.54300000e+01
 -3.48471234e+03  3.74923300e+03  8.90000000e-02  1.54320000e+01
 -3.48471614e+03  3.74789300e+03  8.90000000e-02  1.54140000e+01
 -3.48471614e+03  3.74789300e+03  8.90000000e-02  1.54140000e+01
 -3.48459081e+03  3.74481200e+03  8.90000000e-02  1.54750000e+01
 -3.49366648e+03  3.74525500e+03  8.90000000e-02  1.55510000e+01
 -3.49366648e+03  3.74525500e+03  8.90000000e-02  1.55510000e+01
 -3.49366648e+03  3.74525500e+03  8.90000000e-02  1.55510000e+01
 -3.49433492e+03  3.74637900e+03  8.90000000e-02  1.55510000e+01
 -3.50565399e+03  3.74726500e+03  8.90000000e-02  1.55670000e+01
 -3.50565399e+03  3.74726500e+03  8.90000000e-02  1.55670000e+01
 -3.50565399e+03  3.74726500e+03  8.90000000e-02  1.55670000e+01
 -3.50566765e+03  3.74784800e+03  8.90000000e-02  1.55070000e+01
 -3.50566765e+03  3.74784800e+03  8.90000000e-02  1.55070000e+01
 -3.50419636e+03  3.74553500e+03  9.00000000e-02  1.55230000e+01
 -3.50419636e+03  3.74553500e+03  9.00000000e-02  1.55230000e+01
 -3.51100757e+03  3.74522100e+03  9.00000000e-02  1.55550000e+01
 -3.51100757e+03  3.74522100e+03  9.00000000e-02  1.55550000e+01
 -3.51100757e+03  3.74522100e+03  9.00000000e-02  1.55550000e+01
 -3.51163512e+03  3.74567500e+03  9.00000000e-02  1.55740000e+01
 -3.51163512e+03  3.74567500e+03  9.00000000e-02  1.55740000e+01
 -3.51163512e+03  3.74567500e+03  9.00000000e-02  1.55740000e+01
 -3.51143411e+03  3.74402100e+03  9.00000000e-02  1.55840000e+01
 -3.51332952e+03  3.74336200e+03  9.00000000e-02  1.55840000e+01
 -3.51332952e+03  3.74336200e+03  9.00000000e-02  1.55840000e+01
 -3.51332952e+03  3.74336200e+03  9.00000000e-02  1.55840000e+01
 -3.51439761e+03  3.74269200e+03  9.10000000e-02  1.57650000e+01
 -3.51439761e+03  3.74269200e+03  9.10000000e-02  1.57650000e+01
 -3.51439761e+03  3.74269200e+03  9.10000000e-02  1.57650000e+01
 -3.51439761e+03  3.74269200e+03  9.10000000e-02  1.57650000e+01
 -3.51439761e+03  3.74269200e+03  9.10000000e-02  1.57650000e+01
 -3.51439761e+03  3.74269200e+03  9.10000000e-02  1.57650000e+01
 -3.51406532e+03  3.74037900e+03  9.10000000e-02  1.58020000e+01
 -3.51406532e+03  3.74037900e+03  9.10000000e-02  1.58020000e+01
 -3.51406532e+03  3.74037900e+03  9.10000000e-02  1.58020000e+01
 -3.51588989e+03  3.74159000e+03  9.10000000e-02  1.57860000e+01
 -3.51588989e+03  3.74159000e+03  9.10000000e-02  1.57860000e+01
 -3.51588989e+03  3.74159000e+03  9.10000000e-02  1.57860000e+01
 -3.52786759e+03  3.74346000e+03  9.10000000e-02  1.57860000e+01
 -3.52786759e+03  3.74346000e+03  9.10000000e-02  1.57860000e+01
 -3.52780992e+03  3.74247600e+03  9.20000000e-02  1.58400000e+01
 -3.52789184e+03  3.74291900e+03  9.20000000e-02  1.58360000e+01
 -3.52747990e+03  3.74237900e+03  9.20000000e-02  1.58360000e+01
 -3.52747990e+03  3.74237900e+03  9.20000000e-02  1.58360000e+01
 -3.52747990e+03  3.74237900e+03  9.20000000e-02  1.58360000e+01
 -3.53547180e+03  3.74523300e+03  9.20000000e-02  1.58430000e+01
 -3.53641563e+03  3.74469200e+03  9.20000000e-02  1.58570000e+01
 -3.53860013e+03  3.74357900e+03  9.20000000e-02  1.59040000e+01
 -3.54716096e+03  3.74425900e+03  9.20000000e-02  1.59080000e+01
 -3.54716096e+03  3.74425900e+03  9.20000000e-02  1.59080000e+01
 -3.54712275e+03  3.74327500e+03  9.20000000e-02  1.59040000e+01
 -3.54712275e+03  3.74327500e+03  9.20000000e-02  1.59040000e+01
 -3.54867179e+03  3.74274500e+03  9.20000000e-02  1.59090000e+01
 -3.54867179e+03  3.74274500e+03  9.20000000e-02  1.59090000e+01
 -3.54867179e+03  3.74274500e+03  9.20000000e-02  1.59090000e+01
 -3.54867179e+03  3.74274500e+03  9.20000000e-02  1.59090000e+01
 -3.54875385e+03  3.74199900e+03  9.20000000e-02  1.59090000e+01
 -3.54875385e+03  3.74199900e+03  9.20000000e-02  1.59090000e+01
 -3.54838199e+03  3.74231300e+03  9.20000000e-02  1.59130000e+01
 -3.54838199e+03  3.74231300e+03  9.20000000e-02  1.59130000e+01
 -3.54838199e+03  3.74231300e+03  9.20000000e-02  1.59130000e+01
 -3.54968463e+03  3.74328600e+03  9.20000000e-02  1.58570000e+01
 -3.54968463e+03  3.74328600e+03  9.20000000e-02  1.58570000e+01
 -3.54968463e+03  3.74328600e+03  9.20000000e-02  1.58570000e+01
 -3.55584613e+03  3.74581600e+03  9.20000000e-02  1.57740000e+01
 -3.55584613e+03  3.74581600e+03  9.20000000e-02  1.57740000e+01
 -3.55584613e+03  3.74581600e+03  9.20000000e-02  1.57740000e+01
 -3.55589141e+03  3.74604300e+03  9.20000000e-02  1.57750000e+01
 -3.55698619e+03  3.74902500e+03  9.20000000e-02  1.57650000e+01
 -3.55864307e+03  3.75164200e+03  9.20000000e-02  1.57590000e+01
 -3.55864307e+03  3.75164200e+03  9.20000000e-02  1.57590000e+01
 -3.55864307e+03  3.75164200e+03  9.20000000e-02  1.57590000e+01
 -3.56425333e+03  3.75154400e+03  9.20000000e-02  1.58390000e+01
 -3.56425333e+03  3.75154400e+03  9.20000000e-02  1.58390000e+01
 -3.57293331e+03  3.74900400e+03  9.10000000e-02  1.59510000e+01
 -3.57293331e+03  3.74900400e+03  9.10000000e-02  1.59510000e+01
 -3.57327741e+03  3.75042000e+03  9.10000000e-02  1.59130000e+01
 -3.57327741e+03  3.75042000e+03  9.10000000e-02  1.59130000e+01
 -3.57403275e+03  3.75282000e+03  9.10000000e-02  1.58710000e+01
 -3.57403275e+03  3.75282000e+03  9.10000000e-02  1.58710000e+01
 -3.57403275e+03  3.75282000e+03  9.10000000e-02  1.58710000e+01
 -3.57369820e+03  3.75163100e+03  9.10000000e-02  1.58800000e+01
 -3.57475207e+03  3.75208400e+03  9.10000000e-02  1.58800000e+01
 -3.57494793e+03  3.75231100e+03  9.10000000e-02  1.58800000e+01
 -3.57494793e+03  3.75231100e+03  9.10000000e-02  1.58800000e+01
 -3.57439244e+03  3.75141400e+03  9.10000000e-02  1.58800000e+01
 -3.57439244e+03  3.75141400e+03  9.10000000e-02  1.58800000e+01
 -3.57439244e+03  3.75141400e+03  9.10000000e-02  1.58800000e+01
 -3.57675545e+03  3.75165200e+03  9.10000000e-02  1.58800000e+01
 -3.57675545e+03  3.75165200e+03  9.10000000e-02  1.58800000e+01
 -3.57858213e+03  3.75382500e+03  9.10000000e-02  1.58880000e+01
 -3.57858213e+03  3.75382500e+03  9.10000000e-02  1.58880000e+01
 -3.58383740e+03  3.75426800e+03  9.10000000e-02  1.58960000e+01
 -3.58383740e+03  3.75426800e+03  9.10000000e-02  1.58960000e+01
 -3.58353285e+03  3.75217200e+03  9.10000000e-02  1.59040000e+01
 -3.58394063e+03  3.75306800e+03  9.10000000e-02  1.58660000e+01
 -3.59608615e+03  3.75724100e+03  9.10000000e-02  1.58680000e+01
 -3.59608615e+03  3.75724100e+03  9.10000000e-02  1.58680000e+01
 -3.59608615e+03  3.75724100e+03  9.10000000e-02  1.58680000e+01
 -3.59608615e+03  3.75724100e+03  9.10000000e-02  1.58680000e+01
 -3.59608615e+03  3.75724100e+03  9.10000000e-02  1.58680000e+01
 -3.59918085e+03  3.75792100e+03  9.10000000e-02  1.58710000e+01
 -3.59935317e+03  3.76089300e+03  9.10000000e-02  1.57630000e+01
 -3.59935317e+03  3.76089300e+03  9.10000000e-02  1.57630000e+01
 -3.59935317e+03  3.76089300e+03  9.10000000e-02  1.57630000e+01
 -3.59935317e+03  3.76089300e+03  9.10000000e-02  1.57630000e+01
 -3.59846906e+03  3.76209300e+03  9.00000000e-02  1.56860000e+01
 -3.59846906e+03  3.76209300e+03  9.00000000e-02  1.56860000e+01
 -3.59939824e+03  3.76156300e+03  9.00000000e-02  1.57110000e+01
 -3.59939824e+03  3.76156300e+03  9.00000000e-02  1.57110000e+01
 -3.60109501e+03  3.76156300e+03  9.00000000e-02  1.57160000e+01
 -3.60109501e+03  3.76156300e+03  9.00000000e-02  1.57160000e+01
 -3.60111383e+03  3.76133600e+03  9.00000000e-02  1.56800000e+01
 -3.60111383e+03  3.76133600e+03  9.00000000e-02  1.56800000e+01
 -3.60304166e+03  3.76221100e+03  8.90000000e-02  1.56780000e+01
 -3.60304166e+03  3.76221100e+03  8.90000000e-02  1.56780000e+01
 -3.60304166e+03  3.76221100e+03  8.90000000e-02  1.56780000e+01
 -3.60304166e+03  3.76221100e+03  8.90000000e-02  1.56780000e+01
 -3.60304166e+03  3.76221100e+03  8.90000000e-02  1.56780000e+01
 -3.60353667e+03  3.76385400e+03  8.90000000e-02  1.56550000e+01
 -3.60824706e+03  3.76482700e+03  8.90000000e-02  1.55930000e+01
 -3.61042070e+03  3.76504300e+03  9.10000000e-02  1.56990000e+01
 -3.61042070e+03  3.76504300e+03  9.10000000e-02  1.56990000e+01
 -3.61042070e+03  3.76504300e+03  9.10000000e-02  1.56990000e+01
 -3.61061559e+03  3.76249300e+03  9.10000000e-02  1.57480000e+01
 -3.61061559e+03  3.76249300e+03  9.10000000e-02  1.57480000e+01
 -3.61667132e+03  3.76316200e+03  9.10000000e-02  1.57300000e+01
 -3.61617660e+03  3.76294600e+03  9.10000000e-02  1.57300000e+01
 -3.61617660e+03  3.76294600e+03  9.10000000e-02  1.57300000e+01
 -3.61617660e+03  3.76294600e+03  9.10000000e-02  1.57300000e+01
 -3.61617660e+03  3.76294600e+03  9.10000000e-02  1.57300000e+01
 -3.61762741e+03  3.76371400e+03  9.10000000e-02  1.57300000e+01
 -3.61762741e+03  3.76371400e+03  9.10000000e-02  1.57300000e+01
 -3.61802310e+03  3.76424400e+03  9.10000000e-02  1.56840000e+01
 -3.61802310e+03  3.76424400e+03  9.10000000e-02  1.56840000e+01
 -3.62085082e+03  3.76282800e+03  9.00000000e-02  1.57140000e+01
 -3.62085082e+03  3.76282800e+03  9.00000000e-02  1.57140000e+01
 -3.62085082e+03  3.76282800e+03  9.00000000e-02  1.57140000e+01
 -3.62085082e+03  3.76282800e+03  9.00000000e-02  1.57140000e+01
 -3.62085082e+03  3.76282800e+03  9.00000000e-02  1.57140000e+01
 -3.62353569e+03  3.76425500e+03  9.00000000e-02  1.57060000e+01
 -3.62353569e+03  3.76425500e+03  9.00000000e-02  1.57060000e+01
 -3.62353569e+03  3.76425500e+03  9.00000000e-02  1.57060000e+01
 -3.62353569e+03  3.76425500e+03  9.00000000e-02  1.57060000e+01
 -3.62386481e+03  3.76612500e+03  8.80000000e-02  1.55860000e+01
 -3.62386481e+03  3.76612500e+03  8.80000000e-02  1.55860000e+01
 -3.62494670e+03  3.76613600e+03  8.80000000e-02  1.55860000e+01
 -3.62494670e+03  3.76613600e+03  8.80000000e-02  1.55860000e+01
 -3.62494670e+03  3.76613600e+03  8.80000000e-02  1.55860000e+01
 -3.62494670e+03  3.76613600e+03  8.80000000e-02  1.55860000e+01
 -3.62494670e+03  3.76613600e+03  8.80000000e-02  1.55860000e+01
 -3.62552900e+03  3.76702200e+03  8.80000000e-02  1.55770000e+01
 -3.62552900e+03  3.76702200e+03  8.80000000e-02  1.55770000e+01
 -3.62625904e+03  3.76770300e+03  8.80000000e-02  1.55750000e+01
 -3.62625904e+03  3.76770300e+03  8.80000000e-02  1.55750000e+01
 -3.62625904e+03  3.76770300e+03  8.80000000e-02  1.55750000e+01
 -3.62625904e+03  3.76770300e+03  8.80000000e-02  1.55750000e+01
 -3.62625904e+03  3.76770300e+03  8.80000000e-02  1.55750000e+01
 -3.62695687e+03  3.76858900e+03  8.80000000e-02  1.55200000e+01
 -3.62695687e+03  3.76858900e+03  8.80000000e-02  1.55200000e+01
 -3.62695687e+03  3.76858900e+03  8.80000000e-02  1.55200000e+01
 -3.63135975e+03  3.77046900e+03  8.80000000e-02  1.55150000e+01
 -3.63135975e+03  3.77046900e+03  8.80000000e-02  1.55150000e+01
 -3.63610127e+03  3.77278200e+03  8.80000000e-02  1.55190000e+01
 -3.63610127e+03  3.77278200e+03  8.80000000e-02  1.55190000e+01
 -3.63825370e+03  3.77451300e+03  8.80000000e-02  1.55250000e+01
 -3.63825370e+03  3.77451300e+03  8.80000000e-02  1.55250000e+01
 -3.63815473e+03  3.77415600e+03  8.80000000e-02  1.55280000e+01
 -3.63967802e+03  3.77362600e+03  8.80000000e-02  1.55310000e+01
 -3.63967802e+03  3.77362600e+03  8.80000000e-02  1.55310000e+01
 -3.63967802e+03  3.77362600e+03  8.80000000e-02  1.55310000e+01
 -3.63967802e+03  3.77362600e+03  8.80000000e-02  1.55310000e+01
 -3.63967802e+03  3.77362600e+03  8.80000000e-02  1.55310000e+01
 -3.63967802e+03  3.77362600e+03  8.80000000e-02  1.55310000e+01
 -3.63951660e+03  3.77342100e+03  8.80000000e-02  1.55310000e+01
 -3.63951660e+03  3.77342100e+03  8.80000000e-02  1.55310000e+01
 -3.63951660e+03  3.77342100e+03  8.80000000e-02  1.55310000e+01
 -3.64053136e+03  3.77550700e+03  8.80000000e-02  1.54660000e+01
 -3.64120501e+03  3.77805800e+03  8.80000000e-02  1.53730000e+01
 -3.64401018e+03  3.77738800e+03  8.90000000e-02  1.54280000e+01
 -3.64373249e+03  3.77814500e+03  8.90000000e-02  1.54300000e+01
 -3.64373249e+03  3.77814500e+03  8.90000000e-02  1.54300000e+01
 -3.64373249e+03  3.77814500e+03  8.90000000e-02  1.54300000e+01
 -3.64373249e+03  3.77814500e+03  8.90000000e-02  1.54300000e+01
 -3.64373249e+03  3.77814500e+03  8.90000000e-02  1.54300000e+01
 -3.64533508e+03  3.77837200e+03  8.90000000e-02  1.54770000e+01
 -3.64533508e+03  3.77837200e+03  8.90000000e-02  1.54770000e+01
 -3.64554502e+03  3.77959300e+03  8.90000000e-02  1.54680000e+01
 -3.64554502e+03  3.77959300e+03  8.90000000e-02  1.54680000e+01
 -3.64554502e+03  3.77959300e+03  8.90000000e-02  1.54680000e+01
 -3.64554502e+03  3.77959300e+03  8.90000000e-02  1.54680000e+01
 -3.64567046e+03  3.78003600e+03  8.80000000e-02  1.54460000e+01
 -3.64599008e+03  3.78147400e+03  8.90000000e-02  1.54460000e+01
 -3.64853858e+03  3.77840400e+03  8.90000000e-02  1.54830000e+01
 -3.64877182e+03  3.78071700e+03  8.90000000e-02  1.54620000e+01
 -3.64877182e+03  3.78071700e+03  8.90000000e-02  1.54620000e+01
 -3.64877182e+03  3.78071700e+03  8.90000000e-02  1.54620000e+01
 -3.64877182e+03  3.78071700e+03  8.90000000e-02  1.54620000e+01
 -3.64877182e+03  3.78071700e+03  8.90000000e-02  1.54620000e+01
 -3.64866595e+03  3.77742100e+03  8.90000000e-02  1.55990000e+01
 -3.65040594e+03  3.77787400e+03  9.00000000e-02  1.56050000e+01
 -3.65266299e+03  3.78117100e+03  8.90000000e-02  1.55650000e+01
 -3.65266299e+03  3.78117100e+03  8.90000000e-02  1.55650000e+01
 -3.65642566e+03  3.77951700e+03  8.90000000e-02  1.56000000e+01
 -3.65642566e+03  3.77951700e+03  8.90000000e-02  1.56000000e+01
 -3.65642566e+03  3.77951700e+03  8.90000000e-02  1.56000000e+01
 -3.66172328e+03  3.78138700e+03  8.90000000e-02  1.55950000e+01
 -3.66172328e+03  3.78138700e+03  8.90000000e-02  1.55950000e+01
 -3.66150083e+03  3.77974400e+03  8.90000000e-02  1.56550000e+01
 -3.66150083e+03  3.77974400e+03  8.90000000e-02  1.56550000e+01
 -3.66150083e+03  3.77974400e+03  8.90000000e-02  1.56550000e+01
 -3.66938477e+03  3.77710600e+03  8.90000000e-02  1.56660000e+01
 -3.66938477e+03  3.77710600e+03  8.90000000e-02  1.56660000e+01
 -3.67115920e+03  3.77943000e+03  8.90000000e-02  1.56600000e+01
 -3.67115920e+03  3.77943000e+03  8.90000000e-02  1.56600000e+01
 -3.67115920e+03  3.77943000e+03  8.90000000e-02  1.56600000e+01
 -3.67155082e+03  3.78054300e+03  8.90000000e-02  1.56170000e+01
 -3.67155082e+03  3.78054300e+03  8.90000000e-02  1.56170000e+01
 -3.67155082e+03  3.78054300e+03  8.90000000e-02  1.56170000e+01
 -3.67251920e+03  3.77978500e+03  8.90000000e-02  1.56680000e+01
 -3.67251920e+03  3.77978500e+03  8.90000000e-02  1.56680000e+01
 -3.67251920e+03  3.77978500e+03  8.90000000e-02  1.56680000e+01
 -3.67251920e+03  3.77978500e+03  8.90000000e-02  1.56680000e+01
 -3.67251920e+03  3.77978500e+03  8.90000000e-02  1.56680000e+01
 -3.67251920e+03  3.77978500e+03  8.90000000e-02  1.56680000e+01
 -3.67251920e+03  3.77978500e+03  8.90000000e-02  1.56680000e+01
 -3.67452340e+03  3.78002300e+03  8.90000000e-02  1.56620000e+01
 -3.67452340e+03  3.78002300e+03  8.90000000e-02  1.56620000e+01
 -3.67452340e+03  3.78002300e+03  8.90000000e-02  1.56620000e+01
 -3.67452340e+03  3.78002300e+03  8.90000000e-02  1.56620000e+01
 -3.67468687e+03  3.77813200e+03  8.60000000e-02  1.58170000e+01
 -3.67468687e+03  3.77813200e+03  8.60000000e-02  1.58170000e+01
 -3.67468687e+03  3.77813200e+03  8.60000000e-02  1.58170000e+01
 -3.67468687e+03  3.77813200e+03  8.60000000e-02  1.58170000e+01
 -3.67468687e+03  3.77813200e+03  8.60000000e-02  1.58170000e+01
 -3.67468687e+03  3.77813200e+03  8.60000000e-02  1.58170000e+01
 -3.67468687e+03  3.77813200e+03  8.60000000e-02  1.58170000e+01
 -3.68004078e+03  3.77968800e+03  8.60000000e-02  1.58360000e+01
 -3.68050738e+03  3.78043400e+03  8.60000000e-02  1.58860000e+01
 -3.68050738e+03  3.78043400e+03  8.60000000e-02  1.58860000e+01
 -3.68050738e+03  3.78043400e+03  8.60000000e-02  1.58860000e+01
 -3.68050738e+03  3.78043400e+03  8.60000000e-02  1.58860000e+01
 -3.68050738e+03  3.78043400e+03  8.60000000e-02  1.58860000e+01
 -3.68221504e+03  3.78231400e+03  8.60000000e-02  1.58870000e+01
 -3.68221504e+03  3.78231400e+03  8.60000000e-02  1.58870000e+01
 -3.68404251e+03  3.78529700e+03  8.60000000e-02  1.58150000e+01
 -3.68404251e+03  3.78529700e+03  8.60000000e-02  1.58150000e+01
 -3.68404251e+03  3.78529700e+03  8.60000000e-02  1.58150000e+01
 -3.68404251e+03  3.78529700e+03  8.60000000e-02  1.58150000e+01
 -3.68660249e+03  3.78418400e+03  8.60000000e-02  1.58350000e+01
 -3.68660249e+03  3.78418400e+03  8.60000000e-02  1.58350000e+01
 -3.68660249e+03  3.78418400e+03  8.60000000e-02  1.58350000e+01
 -3.68660249e+03  3.78418400e+03  8.60000000e-02  1.58350000e+01
 -3.68660249e+03  3.78418400e+03  8.60000000e-02  1.58350000e+01
 -3.68660249e+03  3.78418400e+03  8.60000000e-02  1.58350000e+01
 -3.68660249e+03  3.78418400e+03  8.60000000e-02  1.58350000e+01
 -3.68660249e+03  3.78418400e+03  8.60000000e-02  1.58350000e+01
 -3.68660249e+03  3.78418400e+03  8.60000000e-02  1.58350000e+01
 -3.68660249e+03  3.78418400e+03  8.60000000e-02  1.58350000e+01
 -3.68660249e+03  3.78418400e+03  8.60000000e-02  1.58350000e+01
 -3.68660249e+03  3.78418400e+03  8.60000000e-02  1.58350000e+01
 -3.68655612e+03  3.78695100e+03  8.60000000e-02  1.56620000e+01
 -3.68854572e+03  3.78651900e+03  8.60000000e-02  1.56880000e+01
 -3.68854572e+03  3.78651900e+03  8.60000000e-02  1.56880000e+01
 -3.69005313e+03  3.79100500e+03  8.60000000e-02  1.56810000e+01
 -3.69005313e+03  3.79100500e+03  8.60000000e-02  1.56810000e+01
 -3.69005313e+03  3.79100500e+03  8.60000000e-02  1.56810000e+01
 -3.69005313e+03  3.79100500e+03  8.60000000e-02  1.56810000e+01
 -3.69005313e+03  3.79100500e+03  8.60000000e-02  1.56810000e+01
 -3.69084195e+03  3.79309100e+03  8.50000000e-02  1.55510000e+01
 -3.69084195e+03  3.79309100e+03  8.50000000e-02  1.55510000e+01
 -3.69138781e+03  3.79398700e+03  8.50000000e-02  1.56160000e+01
 -3.69201633e+03  3.79674300e+03  8.50000000e-02  1.55870000e+01
 -3.69201633e+03  3.79674300e+03  8.50000000e-02  1.55870000e+01
 -3.69253552e+03  3.79674300e+03  8.50000000e-02  1.55130000e+01
 -3.69253552e+03  3.79674300e+03  8.50000000e-02  1.55130000e+01
 -3.69253552e+03  3.79674300e+03  8.50000000e-02  1.55130000e+01
 -3.69253552e+03  3.79674300e+03  8.50000000e-02  1.55130000e+01
 -3.69253552e+03  3.79674300e+03  8.50000000e-02  1.55130000e+01
 -3.69253552e+03  3.79674300e+03  8.50000000e-02  1.55130000e+01
 -3.69253552e+03  3.79674300e+03  8.50000000e-02  1.55130000e+01
 -3.69253552e+03  3.79674300e+03  8.50000000e-02  1.55130000e+01
 -3.69252240e+03  3.79420300e+03  8.50000000e-02  1.56100000e+01