-1.56455120e+03  2.57626700e+03  8.80000000e-02  2.93540000e+01
 -1.99603185e+03  3.00169400e+03  8.90000000e-02  2.17360000e+01
 -2.25574940e+03  3.23030800e+03  9.90000000e-02  1.86410000e+01
 -2.38948265e+03  3.34846600e+03  8.70000000e-02  1.79620000e+01
 -2.47419807e+03  3.41770400e+03  9.50000000e-02  1.77500000e+01
 -2.61129156e+03  3.46985800e+03  8.80000000e-02  1.71580000e+01
 -2.77036426e+03  3.50325100e+03  8.90000000e-02  1.71720000e+01
 -2.87224402e+03  3.54613000e+03  8.50000000e-02  1.66180000e+01
 -2.87224402e+03  3.54613000e+03  8.50000000e-02  1.66180000e+01
 -2.87224402e+03  3.54613000e+03  8.50000000e-02  1.66180000e+01
 -2.90815416e+03  3.57182200e+03  8.70000000e-02  1.62470000e+01
 -2.93670565e+03  3.59241800e+03  8.70000000e-02  1.66140000e+01
 -2.93670565e+03  3.59241800e+03  8.70000000e-02  1.66140000e+01
 -2.98988987e+03  3.61380000e+03  8.30000000e-02  1.65830000e+01
 -3.02721694e+03  3.61137200e+03  8.50000000e-02  1.65380000e+01
 -3.02721694e+03  3.61137200e+03  8.50000000e-02  1.65380000e+01
 -3.02721694e+03  3.61137200e+03  8.50000000e-02  1.65380000e+01
 -3.02721694e+03  3.61137200e+03  8.50000000e-02  1.65380000e+01
 -2.99396814e+03  3.58032300e+03  8.50000000e-02  1.70920000e+01
 -2.98669725e+03  3.57576500e+03  8.80000000e-02  1.61930000e+01
 -3.00175198e+03  3.62267400e+03  9.50000000e-02  1.57550000e+01
 -2.99942190e+03  3.65803600e+03  9.90000000e-02  1.58380000e+01
 -2.99942190e+03  3.65803600e+03  9.90000000e-02  1.58380000e+01
 -2.99691106e+03  3.65453200e+03  9.30000000e-02  1.55980000e+01
 -3.05189106e+03  3.64976300e+03  9.60000000e-02  1.57350000e+01
 -3.05189106e+03  3.64976300e+03  9.60000000e-02  1.57350000e+01
 -3.05189106e+03  3.64976300e+03  9.60000000e-02  1.57350000e+01
 -3.06924204e+03  3.66269500e+03  1.04000000e-01  1.67110000e+01
 -3.06924204e+03  3.66269500e+03  1.04000000e-01  1.67110000e+01
 -3.04203339e+03  3.62293600e+03  9.10000000e-02  1.68610000e+01
 -3.04864504e+03  3.65029100e+03  9.00000000e-02  1.66040000e+01
 -3.04864504e+03  3.65029100e+03  9.00000000e-02  1.66040000e+01
 -3.05742792e+03  3.63458400e+03  9.10000000e-02  1.64550000e+01
 -3.07401189e+03  3.63264400e+03  8.70000000e-02  1.61140000e+01
 -3.18913929e+03  3.68078600e+03  8.60000000e-02  1.63270000e+01
 -3.18913929e+03  3.68078600e+03  8.60000000e-02  1.63270000e+01
 -3.18913929e+03  3.68078600e+03  8.60000000e-02  1.63270000e+01
 -3.20149740e+03  3.67683500e+03  1.05000000e-01  1.57940000e+01
 -3.17708374e+03  3.66997400e+03  1.03000000e-01  1.57040000e+01
 -3.11720103e+03  3.66484600e+03  1.09000000e-01  1.52250000e+01
 -3.11720103e+03  3.66484600e+03  1.09000000e-01  1.52250000e+01
 -3.15037967e+03  3.67189000e+03  1.09000000e-01  1.52660000e+01
 -3.15037967e+03  3.67189000e+03  1.09000000e-01  1.52660000e+01
 -3.15037967e+03  3.67189000e+03  1.09000000e-01  1.52660000e+01
 -3.15037967e+03  3.67189000e+03  1.09000000e-01  1.52660000e+01
 -3.15037967e+03  3.67189000e+03  1.09000000e-01  1.52660000e+01
 -3.15037967e+03  3.67189000e+03  1.09000000e-01  1.52660000e+01
 -3.11243653e+03  3.67986400e+03  1.09000000e-01  1.55870000e+01
 -3.11269518e+03  3.67518400e+03  9.10000000e-02  1.54960000e+01
 -3.11269518e+03  3.67518400e+03  9.10000000e-02  1.54960000e+01
 -3.11269518e+03  3.67518400e+03  9.10000000e-02  1.54960000e+01
 -3.06196504e+03  3.66595400e+03  8.80000000e-02  1.55370000e+01
 -3.04159565e+03  3.66169700e+03  8.60000000e-02  1.60730000e+01
 -3.05213223e+03  3.66712800e+03  8.40000000e-02  1.59750000e+01
 -3.05213223e+03  3.66712800e+03  8.40000000e-02  1.59750000e+01
 -3.07996463e+03  3.66393000e+03  8.30000000e-02  1.58240000e+01
 -3.07996463e+03  3.66393000e+03  8.30000000e-02  1.58240000e+01
 -3.11580117e+03  3.66158100e+03  8.20000000e-02  1.64930000e+01
 -3.11580117e+03  3.66158100e+03  8.20000000e-02  1.64930000e+01
 -3.10777784e+03  3.66025200e+03  9.20000000e-02  1.65650000e+01
 -3.10777784e+03  3.66025200e+03  9.20000000e-02  1.65650000e+01
 -3.09472277e+03  3.66491100e+03  8.40000000e-02  1.69890000e+01
 -3.11689050e+03  3.67190900e+03  8.50000000e-02  1.67320000e+01
 -3.08975257e+03  3.67327100e+03  8.50000000e-02  1.63340000e+01
 -3.08975257e+03  3.67327100e+03  8.50000000e-02  1.63340000e+01
 -3.08975257e+03  3.67327100e+03  8.50000000e-02  1.63340000e+01
 -3.05980796e+03  3.65503000e+03  8.40000000e-02  1.60600000e+01
 -3.09301782e+03  3.70530800e+03  8.40000000e-02  1.51920000e+01
 -3.06644956e+03  3.68242900e+03  8.50000000e-02  1.52630000e+01
 -3.03730127e+03  3.67945400e+03  8.40000000e-02  1.51400000e+01
 -3.03730127e+03  3.67945400e+03  8.40000000e-02  1.51400000e+01
 -3.03222842e+03  3.64192600e+03  8.50000000e-02  1.61930000e+01
 -3.03222842e+03  3.64192600e+03  8.50000000e-02  1.61930000e+01
 -3.03222842e+03  3.64192600e+03  8.50000000e-02  1.61930000e+01
 -3.03222842e+03  3.64192600e+03  8.50000000e-02  1.61930000e+01
 -2.96293334e+03  3.62716300e+03  8.30000000e-02  1.66540000e+01
 -2.96957538e+03  3.63803100e+03  9.00000000e-02  1.65240000e+01
 -2.97845138e+03  3.68097200e+03  1.06000000e-01  1.65430000e+01
 -2.99615592e+03  3.67415700e+03  8.40000000e-02  1.62800000e+01
 -2.95597536e+03  3.65440300e+03  9.10000000e-02  1.64090000e+01
 -2.96436673e+03  3.65280300e+03  9.20000000e-02  1.62710000e+01
 -3.02434634e+03  3.69538200e+03  8.30000000e-02  1.54230000e+01
 -3.02434634e+03  3.69538200e+03  8.30000000e-02  1.54230000e+01
 -2.93081611e+03  3.68418300e+03  8.40000000e-02  1.58560000e+01
 -2.93016940e+03  3.68614000e+03  8.40000000e-02  1.58610000e+01
 -2.93016940e+03  3.68614000e+03  8.40000000e-02  1.58610000e+01
 -2.96056854e+03  3.68658000e+03  8.40000000e-02  1.60350000e+01
 -2.98437549e+03  3.68827700e+03  8.30000000e-02  1.60850000e+01
 -2.97542430e+03  3.68102400e+03  8.30000000e-02  1.60830000e+01
 -2.97542430e+03  3.68102400e+03  8.30000000e-02  1.60830000e+01
 -2.98278574e+03  3.68788900e+03  8.30000000e-02  1.59220000e+01
 -2.98962280e+03  3.68792000e+03  8.40000000e-02  1.60750000e+01
 -2.97719686e+03  3.67530400e+03  8.40000000e-02  1.63310000e+01
 -2.97719686e+03  3.67530400e+03  8.40000000e-02  1.63310000e+01
 -2.97467942e+03  3.67526200e+03  8.60000000e-02  1.62920000e+01
 -2.97467942e+03  3.67526200e+03  8.60000000e-02  1.62920000e+01
 -2.95212516e+03  3.66272300e+03  8.60000000e-02  1.64040000e+01
 -2.95212516e+03  3.66272300e+03  8.60000000e-02  1.64040000e+01
 -2.94258554e+03  3.65548100e+03  8.50000000e-02  1.64910000e+01
 -2.94951496e+03  3.65474600e+03  8.50000000e-02  1.64070000e+01
 -2.93957839e+03  3.64158000e+03  8.70000000e-02  1.64980000e+01
 -2.96401858e+03  3.64546000e+03  8.60000000e-02  1.66210000e+01
 -2.97770971e+03  3.65362000e+03  8.80000000e-02  1.63690000e+01
 -3.00048497e+03  3.66616100e+03  8.60000000e-02  1.61720000e+01
 -3.01718662e+03  3.67626900e+03  8.80000000e-02  1.60650000e+01
 -3.01718662e+03  3.67626900e+03  8.80000000e-02  1.60650000e+01
 -3.02807817e+03  3.67035700e+03  9.20000000e-02  1.63220000e+01
 -3.02807817e+03  3.67035700e+03  9.20000000e-02  1.63220000e+01
 -3.01659670e+03  3.66437800e+03  9.20000000e-02  1.64490000e+01
 -3.01729316e+03  3.66370900e+03  9.20000000e-02  1.68630000e+01
 -3.01729316e+03  3.66370900e+03  9.20000000e-02  1.68630000e+01
 -3.00184615e+03  3.66304900e+03  9.20000000e-02  1.68460000e+01
 -3.01214931e+03  3.65618700e+03  9.20000000e-02  1.69920000e+01
 -3.03466246e+03  3.65897400e+03  9.20000000e-02  1.70200000e+01
 -3.03703912e+03  3.66907300e+03  9.10000000e-02  1.68680000e+01
 -3.03101253e+03  3.65944200e+03  8.90000000e-02  1.70650000e+01
 -3.02721949e+03  3.65811300e+03  8.90000000e-02  1.69530000e+01
 -3.03174383e+03  3.65280600e+03  8.70000000e-02  1.69220000e+01
 -3.03076228e+03  3.66443700e+03  8.70000000e-02  1.66070000e+01
 -3.04104045e+03  3.66756100e+03  8.70000000e-02  1.65810000e+01
 -3.05433151e+03  3.67794700e+03  8.90000000e-02  1.64740000e+01
 -3.06408385e+03  3.67879000e+03  8.70000000e-02  1.67110000e+01
 -3.05852328e+03  3.67688800e+03  8.50000000e-02  1.64100000e+01
 -3.05792009e+03  3.67502900e+03  8.50000000e-02  1.65340000e+01
 -3.07544627e+03  3.68462600e+03  8.40000000e-02  1.63040000e+01
 -3.09148190e+03  3.69875300e+03  8.30000000e-02  1.57660000e+01
 -3.08382059e+03  3.69679500e+03  8.30000000e-02  1.56780000e+01
 -3.08382059e+03  3.69679500e+03  8.30000000e-02  1.56780000e+01
 -3.08793459e+03  3.69659000e+03  8.30000000e-02  1.55920000e+01
 -3.09052922e+03  3.69793300e+03  8.30000000e-02  1.55700000e+01
 -3.08019987e+03  3.68042300e+03  8.30000000e-02  1.57910000e+01
 -3.07014625e+03  3.69304800e+03  8.30000000e-02  1.54130000e+01
 -3.07014625e+03  3.69304800e+03  8.30000000e-02  1.54130000e+01
 -3.03751651e+03  3.67356900e+03  8.40000000e-02  1.56880000e+01
 -3.05436550e+03  3.67398000e+03  8.40000000e-02  1.56980000e+01
 -3.05245332e+03  3.67262700e+03  8.40000000e-02  1.56610000e+01
 -3.05245332e+03  3.67262700e+03  8.40000000e-02  1.56610000e+01
 -3.07526643e+03  3.68095000e+03  8.40000000e-02  1.57570000e+01
 -3.08305825e+03  3.68500400e+03  8.40000000e-02  1.60000000e+01
 -3.09453445e+03  3.68783700e+03  8.50000000e-02  1.59050000e+01
 -3.09453445e+03  3.68783700e+03  8.50000000e-02  1.59050000e+01
 -3.09453445e+03  3.68783700e+03  8.50000000e-02  1.59050000e+01
 -3.09453445e+03  3.68783700e+03  8.50000000e-02  1.59050000e+01
 -3.09453445e+03  3.68783700e+03  8.50000000e-02  1.59050000e+01
 -3.10352127e+03  3.69661300e+03  8.40000000e-02  1.59940000e+01
 -3.09307768e+03  3.69026800e+03  8.40000000e-02  1.62270000e+01
 -3.09307768e+03  3.69026800e+03  8.40000000e-02  1.62270000e+01
 -3.08436779e+03  3.68474700e+03  8.30000000e-02  1.63350000e+01
 -3.09785519e+03  3.70247700e+03  8.30000000e-02  1.62320000e+01
 -3.09785519e+03  3.70247700e+03  8.30000000e-02  1.62320000e+01
 -3.09194596e+03  3.70191400e+03  8.30000000e-02  1.58990000e+01
 -3.08334558e+03  3.70996600e+03  8.30000000e-02  1.55570000e+01
 -3.09003564e+03  3.71180100e+03  8.30000000e-02  1.55910000e+01
 -3.09974401e+03  3.72076100e+03  8.30000000e-02  1.54690000e+01
 -3.09152947e+03  3.71670700e+03  8.30000000e-02  1.53160000e+01
 -3.09152947e+03  3.71670700e+03  8.30000000e-02  1.53160000e+01
 -3.10257974e+03  3.71790700e+03  8.30000000e-02  1.53910000e+01
 -3.11300028e+03  3.70898900e+03  8.40000000e-02  1.58540000e+01
 -3.13541819e+03  3.71441400e+03  8.80000000e-02  1.60120000e+01
 -3.13541819e+03  3.71441400e+03  8.80000000e-02  1.60120000e+01
 -3.13541819e+03  3.71441400e+03  8.80000000e-02  1.60120000e+01
 -3.13543549e+03  3.71958100e+03  8.40000000e-02  1.57990000e+01
 -3.09755307e+03  3.71659700e+03  8.60000000e-02  1.56090000e+01
 -3.10438381e+03  3.71777700e+03  8.60000000e-02  1.52570000e+01
 -3.10338238e+03  3.71419000e+03  8.60000000e-02  1.56660000e+01
 -3.09521629e+03  3.71811500e+03  8.60000000e-02  1.51870000e+01
 -3.11498299e+03  3.71836300e+03  8.60000000e-02  1.52440000e+01
 -3.13160697e+03  3.71405000e+03  8.70000000e-02  1.54190000e+01
 -3.13160697e+03  3.71405000e+03  8.70000000e-02  1.54190000e+01
 -3.12746434e+03  3.71468700e+03  8.70000000e-02  1.54130000e+01
 -3.13062993e+03  3.71205000e+03  9.00000000e-02  1.53280000e+01
 -3.12633132e+03  3.71030800e+03  9.00000000e-02  1.53540000e+01
 -3.12460712e+03  3.70600800e+03  8.70000000e-02  1.55330000e+01
 -3.12506378e+03  3.70629800e+03  8.60000000e-02  1.53420000e+01
 -3.12506378e+03  3.70629800e+03  8.60000000e-02  1.53420000e+01
 -3.12506378e+03  3.70629800e+03  8.60000000e-02  1.53420000e+01
 -3.14266122e+03  3.69817000e+03  8.70000000e-02  1.56150000e+01
 -3.13702305e+03  3.70140100e+03  8.70000000e-02  1.54640000e+01
 -3.14558293e+03  3.68931800e+03  8.80000000e-02  1.56290000e+01
 -3.15445845e+03  3.70193300e+03  8.70000000e-02  1.54150000e+01
 -3.16580984e+03  3.69797800e+03  8.70000000e-02  1.55650000e+01
 -3.16580984e+03  3.69797800e+03  8.70000000e-02  1.55650000e+01
 -3.15935275e+03  3.69550200e+03  8.70000000e-02  1.53130000e+01
 -3.17878974e+03  3.69725300e+03  8.70000000e-02  1.53580000e+01
 -3.17993214e+03  3.69728700e+03  8.70000000e-02  1.53280000e+01
 -3.17993214e+03  3.69728700e+03  8.70000000e-02  1.53280000e+01
 -3.17993214e+03  3.69728700e+03  8.70000000e-02  1.53280000e+01
 -3.18380226e+03  3.68982700e+03  8.80000000e-02  1.54740000e+01
 -3.18633624e+03  3.69686600e+03  8.70000000e-02  1.54880000e+01
 -3.18633624e+03  3.69686600e+03  8.70000000e-02  1.54880000e+01
 -3.18295401e+03  3.69633900e+03  8.80000000e-02  1.53080000e+01
 -3.18295401e+03  3.69633900e+03  8.80000000e-02  1.53080000e+01
 -3.18295401e+03  3.69633900e+03  8.80000000e-02  1.53080000e+01
 -3.18389785e+03  3.69680400e+03  8.80000000e-02  1.52280000e+01
 -3.17736167e+03  3.69151900e+03  8.80000000e-02  1.53620000e+01
 -3.21596683e+03  3.71162400e+03  8.70000000e-02  1.50120000e+01
 -3.21596683e+03  3.71162400e+03  8.70000000e-02  1.50120000e+01
 -3.21596683e+03  3.71162400e+03  8.70000000e-02  1.50120000e+01
 -3.21596683e+03  3.71162400e+03  8.70000000e-02  1.50120000e+01
 -3.21596683e+03  3.71162400e+03  8.70000000e-02  1.50120000e+01
 -3.21596683e+03  3.71162400e+03  8.70000000e-02  1.50120000e+01
 -3.20975874e+03  3.70875900e+03  8.70000000e-02  1.51630000e+01
 -3.20975874e+03  3.70875900e+03  8.70000000e-02  1.51630000e+01
 -3.24558268e+03  3.71191300e+03  8.80000000e-02  1.53900000e+01
 -3.24558268e+03  3.71191300e+03  8.80000000e-02  1.53900000e+01
 -3.23557329e+03  3.69843300e+03  8.70000000e-02  1.55080000e+01
 -3.23557329e+03  3.69843300e+03  8.70000000e-02  1.55080000e+01
 -3.23557329e+03  3.69843300e+03  8.70000000e-02  1.55080000e+01
 -3.23557329e+03  3.69843300e+03  8.70000000e-02  1.55080000e+01
 -3.23557329e+03  3.69843300e+03  8.70000000e-02  1.55080000e+01
 -3.23557329e+03  3.69843300e+03  8.70000000e-02  1.55080000e+01
 -3.22741688e+03  3.69887500e+03  1.01000000e-01  1.55570000e+01
 -3.22741688e+03  3.69887500e+03  1.01000000e-01  1.55570000e+01
 -3.23758450e+03  3.70140600e+03  1.01000000e-01  1.52180000e+01
 -3.23758450e+03  3.70140600e+03  1.01000000e-01  1.52180000e+01
 -3.23758450e+03  3.70140600e+03  1.01000000e-01  1.52180000e+01
 -3.23758450e+03  3.70140600e+03  1.01000000e-01  1.52180000e+01
 -3.23775395e+03  3.70046600e+03  1.01000000e-01  1.52140000e+01
 -3.23120189e+03  3.69963300e+03  1.01000000e-01  1.53470000e+01
 -3.23120189e+03  3.69963300e+03  1.01000000e-01  1.53470000e+01
 -3.23038822e+03  3.69543900e+03  1.01000000e-01  1.56480000e+01
 -3.23038822e+03  3.69543900e+03  1.01000000e-01  1.56480000e+01
 -3.22164383e+03  3.69772200e+03  1.01000000e-01  1.56040000e+01
 -3.22164383e+03  3.69772200e+03  1.01000000e-01  1.56040000e+01
 -3.22164383e+03  3.69772200e+03  1.01000000e-01  1.56040000e+01
 -3.22164383e+03  3.69772200e+03  1.01000000e-01  1.56040000e+01
 -3.22164383e+03  3.69772200e+03  1.01000000e-01  1.56040000e+01
 -3.22164383e+03  3.69772200e+03  1.01000000e-01  1.56040000e+01
 -3.22164383e+03  3.69772200e+03  1.01000000e-01  1.56040000e+01
 -3.22521729e+03  3.69997000e+03  1.01000000e-01  1.56900000e+01
 -3.22521729e+03  3.69997000e+03  1.01000000e-01  1.56900000e+01
 -3.23758480e+03  3.70191600e+03  1.01000000e-01  1.53120000e+01
 -3.23758480e+03  3.70191600e+03  1.01000000e-01  1.53120000e+01
 -3.23758480e+03  3.70191600e+03  1.01000000e-01  1.53120000e+01
 -3.23758480e+03  3.70191600e+03  1.01000000e-01  1.53120000e+01
 -3.25525048e+03  3.69945900e+03  1.02000000e-01  1.57730000e+01
 -3.25525048e+03  3.69945900e+03  1.02000000e-01  1.57730000e+01
 -3.25525048e+03  3.69945900e+03  1.02000000e-01  1.57730000e+01
 -3.24664313e+03  3.68811000e+03  1.02000000e-01  1.60010000e+01
 -3.24065934e+03  3.68445700e+03  1.02000000e-01  1.59640000e+01
 -3.24280893e+03  3.69434600e+03  1.02000000e-01  1.59200000e+01
 -3.24584062e+03  3.68418500e+03  1.02000000e-01  1.61990000e+01
 -3.25402091e+03  3.67965500e+03  1.02000000e-01  1.66080000e+01
 -3.26113734e+03  3.67982700e+03  8.80000000e-02  1.66140000e+01
 -3.27150267e+03  3.67662900e+03  8.80000000e-02  1.65700000e+01
 -3.29109828e+03  3.67773100e+03  8.80000000e-02  1.65980000e+01
 -3.27764576e+03  3.67754800e+03  8.80000000e-02  1.66070000e+01
 -3.28034427e+03  3.67594600e+03  8.90000000e-02  1.65810000e+01
 -3.28490163e+03  3.67704800e+03  8.90000000e-02  1.68270000e+01
 -3.28490163e+03  3.67704800e+03  8.90000000e-02  1.68270000e+01
 -3.27892409e+03  3.68119800e+03  9.00000000e-02  1.69700000e+01
 -3.27892409e+03  3.68119800e+03  9.00000000e-02  1.69700000e+01
 -3.27892409e+03  3.68119800e+03  9.00000000e-02  1.69700000e+01
 -3.27892409e+03  3.68119800e+03  9.00000000e-02  1.69700000e+01
 -3.27892409e+03  3.68119800e+03  9.00000000e-02  1.69700000e+01
 -3.28825886e+03  3.67458200e+03  9.10000000e-02  1.72190000e+01
 -3.29478993e+03  3.68007400e+03  9.00000000e-02  1.69240000e+01
 -3.29478993e+03  3.68007400e+03  9.00000000e-02  1.69240000e+01
 -3.29478993e+03  3.68007400e+03  9.00000000e-02  1.69240000e+01
 -3.29478993e+03  3.68007400e+03  9.00000000e-02  1.69240000e+01
 -3.29478993e+03  3.68007400e+03  9.00000000e-02  1.69240000e+01
 -3.31378786e+03  3.68817200e+03  9.00000000e-02  1.72010000e+01
 -3.31923556e+03  3.68682100e+03  8.70000000e-02  1.72280000e+01
 -3.32540711e+03  3.68304000e+03  8.70000000e-02  1.72840000e+01
 -3.32540711e+03  3.68304000e+03  8.70000000e-02  1.72840000e+01
 -3.32540711e+03  3.68304000e+03  8.70000000e-02  1.72840000e+01
 -3.32877399e+03  3.68545200e+03  8.70000000e-02  1.71450000e+01
 -3.32877399e+03  3.68545200e+03  8.70000000e-02  1.71450000e+01
 -3.32877399e+03  3.68545200e+03  8.70000000e-02  1.71450000e+01
 -3.32877399e+03  3.68545200e+03  8.70000000e-02  1.71450000e+01
 -3.32877399e+03  3.68545200e+03  8.70000000e-02  1.71450000e+01
 -3.34777491e+03  3.69150500e+03  8.70000000e-02  1.71350000e+01
 -3.34777491e+03  3.69150500e+03  8.70000000e-02  1.71350000e+01
 -3.34777491e+03  3.69150500e+03  8.70000000e-02  1.71350000e+01
 -3.34777491e+03  3.69150500e+03  8.70000000e-02  1.71350000e+01
 -3.34777491e+03  3.69150500e+03  8.70000000e-02  1.71350000e+01
 -3.36315593e+03  3.70349300e+03  8.60000000e-02  1.68360000e+01
 -3.36551553e+03  3.70973000e+03  8.60000000e-02  1.69520000e+01
 -3.36551553e+03  3.70973000e+03  8.60000000e-02  1.69520000e+01
 -3.36551553e+03  3.70973000e+03  8.60000000e-02  1.69520000e+01
 -3.36551553e+03  3.70973000e+03  8.60000000e-02  1.69520000e+01
 -3.36551553e+03  3.70973000e+03  8.60000000e-02  1.69520000e+01
 -3.36551553e+03  3.70973000e+03  8.60000000e-02  1.69520000e+01
 -3.36551553e+03  3.70973000e+03  8.60000000e-02  1.69520000e+01
 -3.36551553e+03  3.70973000e+03  8.60000000e-02  1.69520000e+01
 -3.36551553e+03  3.70973000e+03  8.60000000e-02  1.69520000e+01
 -3.36551553e+03  3.70973000e+03  8.60000000e-02  1.69520000e+01
 -3.37380785e+03  3.71605300e+03  8.60000000e-02  1.67920000e+01
 -3.37380785e+03  3.71605300e+03  8.60000000e-02  1.67920000e+01
 -3.38901068e+03  3.71504600e+03  8.60000000e-02  1.71170000e+01
 -3.38901068e+03  3.71504600e+03  8.60000000e-02  1.71170000e+01
 -3.38901068e+03  3.71504600e+03  8.60000000e-02  1.71170000e+01
 -3.38901068e+03  3.71504600e+03  8.60000000e-02  1.71170000e+01
 -3.38901068e+03  3.71504600e+03  8.60000000e-02  1.71170000e+01
 -3.38901068e+03  3.71504600e+03  8.60000000e-02  1.71170000e+01
 -3.38901068e+03  3.71504600e+03  8.60000000e-02  1.71170000e+01
 -3.38901068e+03  3.71504600e+03  8.60000000e-02  1.71170000e+01
 -3.38901068e+03  3.71504600e+03  8.60000000e-02  1.71170000e+01
 -3.38901068e+03  3.71504600e+03  8.60000000e-02  1.71170000e+01
 -3.38901068e+03  3.71504600e+03  8.60000000e-02  1.71170000e+01
 -3.39062017e+03  3.71687400e+03  8.60000000e-02  1.71370000e+01
 -3.39062017e+03  3.71687400e+03  8.60000000e-02  1.71370000e+01
 -3.38549714e+03  3.72221200e+03  8.60000000e-02  1.68350000e+01
 -3.38549714e+03  3.72221200e+03  8.60000000e-02  1.68350000e+01
 -3.38549714e+03  3.72221200e+03  8.60000000e-02  1.68350000e+01
 -3.38850557e+03  3.73092300e+03  8.60000000e-02  1.65300000e+01
 -3.38353409e+03  3.71827700e+03  8.60000000e-02  1.67160000e+01
 -3.38353409e+03  3.71827700e+03  8.60000000e-02  1.67160000e+01
 -3.38353409e+03  3.71827700e+03  8.60000000e-02  1.67160000e+01
 -3.38353409e+03  3.71827700e+03  8.60000000e-02  1.67160000e+01
 -3.38353409e+03  3.71827700e+03  8.60000000e-02  1.67160000e+01
 -3.38353409e+03  3.71827700e+03  8.60000000e-02  1.67160000e+01
 -3.38353409e+03  3.71827700e+03  8.60000000e-02  1.67160000e+01
 -3.38033499e+03  3.71004100e+03  8.70000000e-02  1.69330000e+01
 -3.38033499e+03  3.71004100e+03  8.70000000e-02  1.69330000e+01
 -3.38033499e+03  3.71004100e+03  8.70000000e-02  1.69330000e+01
 -3.38488324e+03  3.70899200e+03  8.60000000e-02  1.68640000e+01
 -3.38488324e+03  3.70899200e+03  8.60000000e-02  1.68640000e+01
 -3.37924712e+03  3.71677500e+03  8.60000000e-02  1.66810000e+01
 -3.37924712e+03  3.71677500e+03  8.60000000e-02  1.66810000e+01
 -3.37924712e+03  3.71677500e+03  8.60000000e-02  1.66810000e+01
 -3.37924712e+03  3.71677500e+03  8.60000000e-02  1.66810000e+01
 -3.38839355e+03  3.71187800e+03  8.60000000e-02  1.66280000e+01
 -3.38839355e+03  3.71187800e+03  8.60000000e-02  1.66280000e+01
 -3.38839355e+03  3.71187800e+03  8.60000000e-02  1.66280000e+01
 -3.38839355e+03  3.71187800e+03  8.60000000e-02  1.66280000e+01
 -3.38839355e+03  3.71187800e+03  8.60000000e-02  1.66280000e+01
 -3.39116684e+03  3.71411500e+03  8.60000000e-02  1.66430000e+01
 -3.39116684e+03  3.71411500e+03  8.60000000e-02  1.66430000e+01
 -3.39116684e+03  3.71411500e+03  8.60000000e-02  1.66430000e+01
 -3.38372448e+03  3.71422400e+03  8.50000000e-02  1.65040000e+01
 -3.38372448e+03  3.71422400e+03  8.50000000e-02  1.65040000e+01
 -3.39470159e+03  3.72178800e+03  8.50000000e-02  1.63270000e+01
 -3.39470159e+03  3.72178800e+03  8.50000000e-02  1.63270000e+01
 -3.37842189e+03  3.71726100e+03  8.50000000e-02  1.59900000e+01
 -3.37842189e+03  3.71726100e+03  8.50000000e-02  1.59900000e+01
 -3.37842189e+03  3.71726100e+03  8.50000000e-02  1.59900000e+01
 -3.37842189e+03  3.71726100e+03  8.50000000e-02  1.59900000e+01
 -3.37842189e+03  3.71726100e+03  8.50000000e-02  1.59900000e+01
 -3.37842189e+03  3.71726100e+03  8.50000000e-02  1.59900000e+01
 -3.37842189e+03  3.71726100e+03  8.50000000e-02  1.59900000e+01
 -3.37842189e+03  3.71726100e+03  8.50000000e-02  1.59900000e+01
 -3.38383950e+03  3.71673000e+03  8.50000000e-02  1.60340000e+01
 -3.39125071e+03  3.72089200e+03  8.50000000e-02  1.60740000e+01
 -3.38445862e+03  3.71640600e+03  8.50000000e-02  1.62260000e+01
 -3.38445862e+03  3.71640600e+03  8.50000000e-02  1.62260000e+01
 -3.38445862e+03  3.71640600e+03  8.50000000e-02  1.62260000e+01
 -3.38445862e+03  3.71640600e+03  8.50000000e-02  1.62260000e+01
 -3.39181185e+03  3.72322600e+03  8.50000000e-02  1.59430000e+01
 -3.39181185e+03  3.72322600e+03  8.50000000e-02  1.59430000e+01
 -3.39652887e+03  3.72264100e+03  8.50000000e-02  1.58970000e+01
 -3.39267325e+03  3.70777900e+03  8.50000000e-02  1.59200000e+01
 -3.39267325e+03  3.70777900e+03  8.50000000e-02  1.59200000e+01
 -3.39738758e+03  3.71649000e+03  8.50000000e-02  1.58770000e+01
 -3.39738758e+03  3.71649000e+03  8.50000000e-02  1.58770000e+01
 -3.40205604e+03  3.71200300e+03  8.50000000e-02  1.60090000e+01
 -3.40205604e+03  3.71200300e+03  8.50000000e-02  1.60090000e+01
 -3.40205604e+03  3.71200300e+03  8.50000000e-02  1.60090000e+01
 -3.40205604e+03  3.71200300e+03  8.50000000e-02  1.60090000e+01
 -3.40205604e+03  3.71200300e+03  8.50000000e-02  1.60090000e+01
 -3.40205604e+03  3.71200300e+03  8.50000000e-02  1.60090000e+01
 -3.39965259e+03  3.70815300e+03  8.50000000e-02  1.60980000e+01
 -3.39965259e+03  3.70815300e+03  8.50000000e-02  1.60980000e+01
 -3.39965259e+03  3.70815300e+03  8.50000000e-02  1.60980000e+01
 -3.39965259e+03  3.70815300e+03  8.50000000e-02  1.60980000e+01
 -3.39965259e+03  3.70815300e+03  8.50000000e-02  1.60980000e+01
 -3.40660118e+03  3.71012100e+03  8.50000000e-02  1.60410000e+01
 -3.40660118e+03  3.71012100e+03  8.50000000e-02  1.60410000e+01
 -3.40917212e+03  3.71309300e+03  8.50000000e-02  1.59690000e+01
 -3.40917212e+03  3.71309300e+03  8.50000000e-02  1.59690000e+01
 -3.40917212e+03  3.71309300e+03  8.50000000e-02  1.59690000e+01
 -3.40917212e+03  3.71309300e+03  8.50000000e-02  1.59690000e+01
 -3.40917212e+03  3.71309300e+03  8.50000000e-02  1.59690000e+01
 -3.40917212e+03  3.71309300e+03  8.50000000e-02  1.59690000e+01
 -3.40917212e+03  3.71309300e+03  8.50000000e-02  1.59690000e+01
 -3.40917212e+03  3.71309300e+03  8.50000000e-02  1.59690000e+01
 -3.40917212e+03  3.71309300e+03  8.50000000e-02  1.59690000e+01
 -3.40815151e+03  3.71102700e+03  8.50000000e-02  1.57180000e+01
 -3.40815151e+03  3.71102700e+03  8.50000000e-02  1.57180000e+01
 -3.40815151e+03  3.71102700e+03  8.50000000e-02  1.57180000e+01
 -3.42674661e+03  3.71200100e+03  8.50000000e-02  1.59090000e+01
 -3.42674661e+03  3.71200100e+03  8.50000000e-02  1.59090000e+01
 -3.42674661e+03  3.71200100e+03  8.50000000e-02  1.59090000e+01
 -3.42674661e+03  3.71200100e+03  8.50000000e-02  1.59090000e+01
 -3.42674661e+03  3.71200100e+03  8.50000000e-02  1.59090000e+01
 -3.42674661e+03  3.71200100e+03  8.50000000e-02  1.59090000e+01
 -3.42674661e+03  3.71200100e+03  8.50000000e-02  1.59090000e+01
 -3.42674661e+03  3.71200100e+03  8.50000000e-02  1.59090000e+01
 -3.42674661e+03  3.71200100e+03  8.50000000e-02  1.59090000e+01
 -3.42674661e+03  3.71200100e+03  8.50000000e-02  1.59090000e+01
 -3.42674661e+03  3.71200100e+03  8.50000000e-02  1.59090000e+01
 -3.42674661e+03  3.71200100e+03  8.50000000e-02  1.59090000e+01
 -3.43436046e+03  3.72094000e+03  8.60000000e-02  1.57130000e+01
 -3.43436046e+03  3.72094000e+03  8.60000000e-02  1.57130000e+01
 -3.43436046e+03  3.72094000e+03  8.60000000e-02  1.57130000e+01
 -3.43861649e+03  3.72234500e+03  8.80000000e-02  1.57070000e+01
 -3.43861649e+03  3.72234500e+03  8.80000000e-02  1.57070000e+01
 -3.43861649e+03  3.72234500e+03  8.80000000e-02  1.57070000e+01
 -3.43356300e+03  3.71532300e+03  8.80000000e-02  1.59200000e+01
 -3.43356300e+03  3.71532300e+03  8.80000000e-02  1.59200000e+01
 -3.43823096e+03  3.70855500e+03  8.80000000e-02  1.60540000e+01
 -3.43823096e+03  3.70855500e+03  8.80000000e-02  1.60540000e+01
 -3.43845841e+03  3.71987200e+03  8.70000000e-02  1.59870000e+01
 -3.43845841e+03  3.71987200e+03  8.70000000e-02  1.59870000e+01
 -3.44824017e+03  3.71860700e+03  8.80000000e-02  1.61560000e+01
 -3.44824017e+03  3.71860700e+03  8.80000000e-02  1.61560000e+01
 -3.44824017e+03  3.71860700e+03  8.80000000e-02  1.61560000e+01
 -3.44824017e+03  3.71860700e+03  8.80000000e-02  1.61560000e+01
 -3.45877442e+03  3.71483300e+03  8.80000000e-02  1.61310000e+01
 -3.45877442e+03  3.71483300e+03  8.80000000e-02  1.61310000e+01
 -3.45877442e+03  3.71483300e+03  8.80000000e-02  1.61310000e+01
 -3.45877442e+03  3.71483300e+03  8.80000000e-02  1.61310000e+01
 -3.45877442e+03  3.71483300e+03  8.80000000e-02  1.61310000e+01
 -3.45877442e+03  3.71483300e+03  8.80000000e-02  1.61310000e+01
 -3.45877442e+03  3.71483300e+03  8.80000000e-02  1.61310000e+01
 -3.45877442e+03  3.71483300e+03  8.80000000e-02  1.61310000e+01
 -3.45877442e+03  3.71483300e+03  8.80000000e-02  1.61310000e+01
 -3.45877442e+03  3.71483300e+03  8.80000000e-02  1.61310000e+01
 -3.45877442e+03  3.71483300e+03  8.80000000e-02  1.61310000e+01
 -3.45877442e+03  3.71483300e+03  8.80000000e-02  1.61310000e+01
 -3.48613450e+03  3.72769600e+03  8.60000000e-02  1.60170000e+01
 -3.48613450e+03  3.72769600e+03  8.60000000e-02  1.60170000e+01
 -3.48613450e+03  3.72769600e+03  8.60000000e-02  1.60170000e+01
 -3.48693681e+03  3.71949300e+03  8.60000000e-02  1.61550000e+01
 -3.48693681e+03  3.71949300e+03  8.60000000e-02  1.61550000e+01
 -3.49580693e+03  3.71681300e+03  8.70000000e-02  1.62980000e+01
 -3.49580693e+03  3.71681300e+03  8.70000000e-02  1.62980000e+01
 -3.49580693e+03  3.71681300e+03  8.70000000e-02  1.62980000e+01
 -3.49580693e+03  3.71681300e+03  8.70000000e-02  1.62980000e+01
 -3.49580693e+03  3.71681300e+03  8.70000000e-02  1.62980000e+01
 -3.49580693e+03  3.71681300e+03  8.70000000e-02  1.62980000e+01
 -3.49580693e+03  3.71681300e+03  8.70000000e-02  1.62980000e+01
 -3.49580693e+03  3.71681300e+03  8.70000000e-02  1.62980000e+01
 -3.49580693e+03  3.71681300e+03  8.70000000e-02  1.62980000e+01
 -3.49527499e+03  3.73103800e+03  8.90000000e-02  1.59860000e+01
 -3.49527499e+03  3.73103800e+03  8.90000000e-02  1.59860000e+01
 -3.49527499e+03  3.73103800e+03  8.90000000e-02  1.59860000e+01
 -3.48823489e+03  3.74048400e+03  8.80000000e-02  1.56290000e+01
 -3.48823489e+03  3.74048400e+03  8.80000000e-02  1.56290000e+01
 -3.48823489e+03  3.74048400e+03  8.80000000e-02  1.56290000e+01
 -3.48823489e+03  3.74048400e+03  8.80000000e-02  1.56290000e+01
 -3.48823489e+03  3.74048400e+03  8.80000000e-02  1.56290000e+01
 -3.48823489e+03  3.74048400e+03  8.80000000e-02  1.56290000e+01
 -3.48823489e+03  3.74048400e+03  8.80000000e-02  1.56290000e+01
 -3.48823489e+03  3.74048400e+03  8.80000000e-02  1.56290000e+01
 -3.48823489e+03  3.74048400e+03  8.80000000e-02  1.56290000e+01
 -3.48823489e+03  3.74048400e+03  8.80000000e-02  1.56290000e+01
 -3.48823489e+03  3.74048400e+03  8.80000000e-02  1.56290000e+01
 -3.48823489e+03  3.74048400e+03  8.80000000e-02  1.56290000e+01
 -3.48823489e+03  3.74048400e+03  8.80000000e-02  1.56290000e+01
 -3.48823489e+03  3.74048400e+03  8.80000000e-02  1.56290000e+01
 -3.48823489e+03  3.74048400e+03  8.80000000e-02  1.56290000e+01
 -3.48823489e+03  3.74048400e+03  8.80000000e-02  1.56290000e+01
 -3.48823489e+03  3.74048400e+03  8.80000000e-02  1.56290000e+01
 -3.48823489e+03  3.74048400e+03  8.80000000e-02  1.56290000e+01
 -3.49129792e+03  3.75574600e+03  8.90000000e-02  1.54440000e+01
 -3.49129792e+03  3.75574600e+03  8.90000000e-02  1.54440000e+01
 -3.49129792e+03  3.75574600e+03  8.90000000e-02  1.54440000e+01
 -3.49129792e+03  3.75574600e+03  8.90000000e-02  1.54440000e+01
 -3.49129792e+03  3.75574600e+03  8.90000000e-02  1.54440000e+01
 -3.49129792e+03  3.75574600e+03  8.90000000e-02  1.54440000e+01
 -3.49129792e+03  3.75574600e+03  8.90000000e-02  1.54440000e+01
 -3.49129792e+03  3.75574600e+03  8.90000000e-02  1.54440000e+01
 -3.49129792e+03  3.75574600e+03  8.90000000e-02  1.54440000e+01
 -3.49129792e+03  3.75574600e+03  8.90000000e-02  1.54440000e+01
 -3.49129792e+03  3.75574600e+03  8.90000000e-02  1.54440000e+01
 -3.49129792e+03  3.75574600e+03  8.90000000e-02  1.54440000e+01
 -3.49129792e+03  3.75574600e+03  8.90000000e-02  1.54440000e+01
 -3.49356030e+03  3.75717300e+03  8.90000000e-02  1.54990000e+01
 -3.49356030e+03  3.75717300e+03  8.90000000e-02  1.54990000e+01
 -3.49356030e+03  3.75717300e+03  8.90000000e-02  1.54990000e+01
 -3.49356030e+03  3.75717300e+03  8.90000000e-02  1.54990000e+01
 -3.49356030e+03  3.75717300e+03  8.90000000e-02  1.54990000e+01
 -3.49356030e+03  3.75717300e+03  8.90000000e-02  1.54990000e+01
 -3.49356030e+03  3.75717300e+03  8.90000000e-02  1.54990000e+01
 -3.49356030e+03  3.75717300e+03  8.90000000e-02  1.54990000e+01
 -3.49356030e+03  3.75717300e+03  8.90000000e-02  1.54990000e+01
 -3.49356030e+03  3.75717300e+03  8.90000000e-02  1.54990000e+01
 -3.49356030e+03  3.75717300e+03  8.90000000e-02  1.54990000e+01
 -3.49356030e+03  3.75717300e+03  8.90000000e-02  1.54990000e+01
 -3.49356030e+03  3.75717300e+03  8.90000000e-02  1.54990000e+01
 -3.49356030e+03  3.75717300e+03  8.90000000e-02  1.54990000e+01
 -3.51096238e+03  3.75672000e+03  9.10000000e-02  1.55450000e+01
 -3.51096238e+03  3.75672000e+03  9.10000000e-02  1.55450000e+01
 -3.51096238e+03  3.75672000e+03  9.10000000e-02  1.55450000e+01
 -3.51096238e+03  3.75672000e+03  9.10000000e-02  1.55450000e+01
 -3.51096238e+03  3.75672000e+03  9.10000000e-02  1.55450000e+01
 -3.51096238e+03  3.75672000e+03  9.10000000e-02  1.55450000e+01
 -3.51948445e+03  3.75471100e+03  9.10000000e-02  1.55550000e+01
 -3.51948445e+03  3.75471100e+03  9.10000000e-02  1.55550000e+01
 -3.51948445e+03  3.75471100e+03  9.10000000e-02  1.55550000e+01
 -3.51948445e+03  3.75471100e+03  9.10000000e-02  1.55550000e+01
 -3.51948445e+03  3.75471100e+03  9.10000000e-02  1.55550000e+01
 -3.51948445e+03  3.75471100e+03  9.10000000e-02  1.55550000e+01
 -3.51948445e+03  3.75471100e+03  9.10000000e-02  1.55550000e+01
 -3.51948445e+03  3.75471100e+03  9.10000000e-02  1.55550000e+01
 -3.51948445e+03  3.75471100e+03  9.10000000e-02  1.55550000e+01
 -3.51948445e+03  3.75471100e+03  9.10000000e-02  1.55550000e+01
 -3.51948445e+03  3.75471100e+03  9.10000000e-02  1.55550000e+01
 -3.51948445e+03  3.75471100e+03  9.10000000e-02  1.55550000e+01
 -3.51948445e+03  3.75471100e+03  9.10000000e-02  1.55550000e+01
 -3.51948445e+03  3.75471100e+03  9.10000000e-02  1.55550000e+01
 -3.51948445e+03  3.75471100e+03  9.10000000e-02  1.55550000e+01
 -3.51948445e+03  3.75471100e+03  9.10000000e-02  1.55550000e+01
 -3.51948445e+03  3.75471100e+03  9.10000000e-02  1.55550000e+01
 -3.51948445e+03  3.75471100e+03  9.10000000e-02  1.55550000e+01
 -3.51948445e+03  3.75471100e+03  9.10000000e-02  1.55550000e+01
 -3.51948445e+03  3.75471100e+03  9.10000000e-02  1.55550000e+01
 -3.51948445e+03  3.75471100e+03  9.10000000e-02  1.55550000e+01
 -3.51948445e+03  3.75471100e+03  9.10000000e-02  1.55550000e+01
 -3.51948445e+03  3.75471100e+03  9.10000000e-02  1.55550000e+01
 -3.51948445e+03  3.75471100e+03  9.10000000e-02  1.55550000e+01
 -3.51948445e+03  3.75471100e+03  9.10000000e-02  1.55550000e+01
 -3.51948445e+03  3.75471100e+03  9.10000000e-02  1.55550000e+01
 -3.52196898e+03  3.74891700e+03  9.20000000e-02  1.59170000e+01
 -3.52196898e+03  3.74891700e+03  9.20000000e-02  1.59170000e+01
 -3.52133551e+03  3.75562900e+03  9.00000000e-02  1.59040000e+01
 -3.52133551e+03  3.75562900e+03  9.00000000e-02  1.59040000e+01
 -3.52509598e+03  3.76250300e+03  9.00000000e-02  1.59140000e+01
 -3.52509598e+03  3.76250300e+03  9.00000000e-02  1.59140000e+01
 -3.52509598e+03  3.76250300e+03  9.00000000e-02  1.59140000e+01
 -3.53336320e+03  3.76701000e+03  9.10000000e-02  1.60600000e+01
 -3.53336320e+03  3.76701000e+03  9.10000000e-02  1.60600000e+01
 -3.53336320e+03  3.76701000e+03  9.10000000e-02  1.60600000e+01
 -3.53336320e+03  3.76701000e+03  9.10000000e-02  1.60600000e+01
 -3.53336320e+03  3.76701000e+03  9.10000000e-02  1.60600000e+01
 -3.53336320e+03  3.76701000e+03  9.10000000e-02  1.60600000e+01
 -3.53336320e+03  3.76701000e+03  9.10000000e-02  1.60600000e+01
 -3.53336320e+03  3.76701000e+03  9.10000000e-02  1.60600000e+01
 -3.53336320e+03  3.76701000e+03  9.10000000e-02  1.60600000e+01
 -3.53336320e+03  3.76701000e+03  9.10000000e-02  1.60600000e+01
 -3.53336320e+03  3.76701000e+03  9.10000000e-02  1.60600000e+01
 -3.53336320e+03  3.76701000e+03  9.10000000e-02  1.60600000e+01
 -3.53336320e+03  3.76701000e+03  9.10000000e-02  1.60600000e+01
 -3.52924474e+03  3.76614500e+03  9.40000000e-02  1.59930000e+01
 -3.52924474e+03  3.76614500e+03  9.40000000e-02  1.59930000e+01
 -3.52924474e+03  3.76614500e+03  9.40000000e-02  1.59930000e+01
 -3.52924474e+03  3.76614500e+03  9.40000000e-02  1.59930000e+01
 -3.54991570e+03  3.76812200e+03  9.40000000e-02  1.58420000e+01
 -3.54991570e+03  3.76812200e+03  9.40000000e-02  1.58420000e+01
 -3.54991570e+03  3.76812200e+03  9.40000000e-02  1.58420000e+01
 -3.54991570e+03  3.76812200e+03  9.40000000e-02  1.58420000e+01
 -3.54991570e+03  3.76812200e+03  9.40000000e-02  1.58420000e+01
 -3.54991570e+03  3.76812200e+03  9.40000000e-02  1.58420000e+01
 -3.54991570e+03  3.76812200e+03  9.40000000e-02  1.58420000e+01
 -3.54985801e+03  3.76527900e+03  9.40000000e-02  1.59080000e+01
 -3.54985801e+03  3.76527900e+03  9.40000000e-02  1.59080000e+01
 -3.54885447e+03  3.76550600e+03  9.40000000e-02  1.59050000e+01
 -3.54885447e+03  3.76550600e+03  9.40000000e-02  1.59050000e+01
 -3.54983050e+03  3.76362500e+03  9.40000000e-02  1.59380000e+01
 -3.54983050e+03  3.76362500e+03  9.40000000e-02  1.59380000e+01
 -3.55269034e+03  3.76549500e+03  9.40000000e-02  1.59350000e+01
 -3.55282807e+03  3.76669500e+03  9.40000000e-02  1.59180000e+01
 -3.55282807e+03  3.76669500e+03  9.40000000e-02  1.59180000e+01
 -3.55208908e+03  3.76721500e+03  9.40000000e-02  1.58760000e+01
 -3.55641489e+03  3.76623000e+03  9.40000000e-02  1.59040000e+01
 -3.55641489e+03  3.76623000e+03  9.40000000e-02  1.59040000e+01
 -3.55641489e+03  3.76623000e+03  9.40000000e-02  1.59040000e+01
 -3.55612115e+03  3.76667300e+03  9.40000000e-02  1.59040000e+01
 -3.55581780e+03  3.76622000e+03  9.40000000e-02  1.59560000e+01
 -3.55581780e+03  3.76622000e+03  9.40000000e-02  1.59560000e+01
 -3.55581780e+03  3.76622000e+03  9.40000000e-02  1.59560000e+01
 -3.55617583e+03  3.76666300e+03  9.40000000e-02  1.59580000e+01
 -3.55617583e+03  3.76666300e+03  9.40000000e-02  1.59580000e+01
 -3.55721132e+03  3.76732200e+03  9.40000000e-02  1.59510000e+01
 -3.55991944e+03  3.76753800e+03  9.40000000e-02  1.59530000e+01
 -3.56441747e+03  3.76753700e+03  9.40000000e-02  1.59790000e+01
 -3.56449147e+03  3.76896400e+03  9.40000000e-02  1.59790000e+01
 -3.56449147e+03  3.76896400e+03  9.40000000e-02  1.59790000e+01
 -3.56449147e+03  3.76896400e+03  9.40000000e-02  1.59790000e+01
 -3.56449147e+03  3.76896400e+03  9.40000000e-02  1.59790000e+01
 -3.56449147e+03  3.76896400e+03  9.40000000e-02  1.59790000e+01
 -3.56765794e+03  3.77293100e+03  9.40000000e-02  1.58530000e+01
 -3.56765794e+03  3.77293100e+03  9.40000000e-02  1.58530000e+01
 -3.56765794e+03  3.77293100e+03  9.40000000e-02  1.58530000e+01
 -3.57125437e+03  3.77225100e+03  9.40000000e-02  1.58870000e+01
 -3.57125437e+03  3.77225100e+03  9.40000000e-02  1.58870000e+01
 -3.57125437e+03  3.77225100e+03  9.40000000e-02  1.58870000e+01
 -3.57731729e+03  3.77367800e+03  9.40000000e-02  1.58880000e+01
 -3.57863967e+03  3.77486700e+03  9.40000000e-02  1.58980000e+01
 -3.57882265e+03  3.77389400e+03  9.40000000e-02  1.58980000e+01
 -3.57833316e+03  3.77521200e+03  9.40000000e-02  1.58970000e+01
 -3.57922193e+03  3.77595800e+03  9.40000000e-02  1.58980000e+01
 -3.57922193e+03  3.77595800e+03  9.40000000e-02  1.58980000e+01
 -3.58059178e+03  3.77651000e+03  9.40000000e-02  1.59110000e+01
 -3.58059178e+03  3.77651000e+03  9.40000000e-02  1.59110000e+01
 -3.58102460e+03  3.77969800e+03  9.40000000e-02  1.59040000e+01
 -3.58102460e+03  3.77969800e+03  9.40000000e-02  1.59040000e+01
 -3.58137803e+03  3.77848700e+03  9.40000000e-02  1.59960000e+01
 -3.58128375e+03  3.77760200e+03  9.40000000e-02  1.59920000e+01
 -3.58128375e+03  3.77760200e+03  9.40000000e-02  1.59920000e+01
 -3.59039844e+03  3.77893100e+03  9.40000000e-02  1.59630000e+01
 -3.59039844e+03  3.77893100e+03  9.40000000e-02  1.59630000e+01
 -3.59659460e+03  3.77818500e+03  9.30000000e-02  1.59920000e+01
 -3.59659460e+03  3.77818500e+03  9.30000000e-02  1.59920000e+01
 -3.59664896e+03  3.77885500e+03  9.30000000e-02  1.59320000e+01
 -3.59671332e+03  3.77884400e+03  9.30000000e-02  1.59320000e+01
 -3.59671332e+03  3.77884400e+03  9.30000000e-02  1.59320000e+01
 -3.59671332e+03  3.77884400e+03  9.30000000e-02  1.59320000e+01
 -3.59671332e+03  3.77884400e+03  9.30000000e-02  1.59320000e+01
 -3.59671332e+03  3.77884400e+03  9.30000000e-02  1.59320000e+01
 -3.59676834e+03  3.77764400e+03  9.30000000e-02  1.60450000e+01
 -3.59712305e+03  3.78018300e+03  9.30000000e-02  1.60040000e+01
 -3.59732337e+03  3.77808600e+03  9.30000000e-02  1.60310000e+01
 -3.59732337e+03  3.77808600e+03  9.30000000e-02  1.60310000e+01
 -3.59732337e+03  3.77808600e+03  9.30000000e-02  1.60310000e+01
 -3.59762160e+03  3.78226900e+03  9.30000000e-02  1.60040000e+01
 -3.59762160e+03  3.78226900e+03  9.30000000e-02  1.60040000e+01
 -3.60140830e+03  3.78578200e+03  9.30000000e-02  1.59970000e+01
 -3.60140830e+03  3.78578200e+03  9.30000000e-02  1.59970000e+01
 -3.60228854e+03  3.78489600e+03  9.30000000e-02  1.59670000e+01
 -3.60040539e+03  3.78279900e+03  9.30000000e-02  1.59760000e+01
 -3.60808105e+03  3.78533900e+03  9.30000000e-02  1.59760000e+01
 -3.60808105e+03  3.78533900e+03  9.30000000e-02  1.59760000e+01
 -3.60808105e+03  3.78533900e+03  9.30000000e-02  1.59760000e+01
 -3.60787874e+03  3.78488500e+03  9.30000000e-02  1.59780000e+01
 -3.60787874e+03  3.78488500e+03  9.30000000e-02  1.59780000e+01
 -3.60996029e+03  3.78599800e+03  9.20000000e-02  1.59470000e+01
 -3.60996029e+03  3.78599800e+03  9.20000000e-02  1.59470000e+01
 -3.61246676e+03  3.78886300e+03  9.20000000e-02  1.58690000e+01
 -3.61246676e+03  3.78886300e+03  9.20000000e-02  1.58690000e+01
 -3.61241253e+03  3.78766300e+03  9.20000000e-02  1.59830000e+01
 -3.61149363e+03  3.78360900e+03  9.30000000e-02  1.60850000e+01
 -3.61149363e+03  3.78360900e+03  9.30000000e-02  1.60850000e+01
 -3.61149363e+03  3.78360900e+03  9.30000000e-02  1.60850000e+01
 -3.61149363e+03  3.78360900e+03  9.30000000e-02  1.60850000e+01
 -3.61114425e+03  3.78374900e+03  9.30000000e-02  1.60010000e+01
 -3.61114425e+03  3.78374900e+03  9.30000000e-02  1.60010000e+01
 -3.61114425e+03  3.78374900e+03  9.30000000e-02  1.60010000e+01
 -3.61354500e+03  3.78440800e+03  9.30000000e-02  1.60010000e+01
 -3.61354500e+03  3.78440800e+03  9.30000000e-02  1.60010000e+01
 -3.61354500e+03  3.78440800e+03  9.30000000e-02  1.60010000e+01
 -3.61345242e+03  3.78506700e+03  9.30000000e-02  1.59870000e+01
 -3.61345242e+03  3.78506700e+03  9.30000000e-02  1.59870000e+01
 -3.61345242e+03  3.78506700e+03  9.30000000e-02  1.59870000e+01
 -3.61345242e+03  3.78506700e+03  9.30000000e-02  1.59870000e+01
 -3.62184691e+03  3.78452700e+03  9.30000000e-02  1.60590000e+01
 -3.62184691e+03  3.78452700e+03  9.30000000e-02  1.60590000e+01
 -3.62361685e+03  3.78737000e+03  9.30000000e-02  1.59930000e+01
 -3.62587973e+03  3.78968200e+03  9.30000000e-02  1.59930000e+01
 -3.62600512e+03  3.78968200e+03  9.30000000e-02  1.60730000e+01
 -3.62600512e+03  3.78968200e+03  9.30000000e-02  1.60730000e+01
 -3.62789785e+03  3.79386500e+03  9.30000000e-02  1.60200000e+01
 -3.62743022e+03  3.79343300e+03  9.30000000e-02  1.60150000e+01
 -3.63117403e+03  3.79455700e+03  9.30000000e-02  1.60150000e+01
 -3.63117403e+03  3.79455700e+03  9.30000000e-02  1.60150000e+01
 -3.63117403e+03  3.79455700e+03  9.30000000e-02  1.60150000e+01
 -3.63117403e+03  3.79455700e+03  9.30000000e-02  1.60150000e+01
 -3.63117403e+03  3.79455700e+03  9.30000000e-02  1.60150000e+01
 -3.63117403e+03  3.79455700e+03  9.30000000e-02  1.60150000e+01
 -3.63117403e+03  3.79455700e+03  9.30000000e-02  1.60150000e+01
 -3.63117403e+03  3.79455700e+03  9.30000000e-02  1.60150000e+01
 -3.63117403e+03  3.79455700e+03  9.30000000e-02  1.60150000e+01
 -3.63683230e+03  3.79798300e+03  9.30000000e-02  1.59450000e+01
 -3.63683230e+03  3.79798300e+03  9.30000000e-02  1.59450000e+01
 -3.64302050e+03  3.79775600e+03  9.30000000e-02  1.60040000e+01
 -3.64302050e+03  3.79775600e+03  9.30000000e-02  1.60040000e+01
 -3.64350381e+03  3.80030700e+03  9.30000000e-02  1.58750000e+01
 -3.64350381e+03  3.80030700e+03  9.30000000e-02  1.58750000e+01
 -3.64350381e+03  3.80030700e+03  9.30000000e-02  1.58750000e+01
 -3.64350381e+03  3.80030700e+03  9.30000000e-02  1.58750000e+01
 -3.64565897e+03  3.79889100e+03  9.30000000e-02  1.60050000e+01
 -3.64565897e+03  3.79889100e+03  9.30000000e-02  1.60050000e+01
 -3.64565897e+03  3.79889100e+03  9.30000000e-02  1.60050000e+01
 -3.64565897e+03  3.79889100e+03  9.30000000e-02  1.60050000e+01
 -3.65645996e+03  3.80163600e+03  9.30000000e-02  1.60050000e+01
 -3.65645996e+03  3.80163600e+03  9.30000000e-02  1.60050000e+01
 -3.65645996e+03  3.80163600e+03  9.30000000e-02  1.60050000e+01
 -3.65645996e+03  3.80163600e+03  9.30000000e-02  1.60050000e+01
 -3.66118847e+03  3.80193900e+03  9.20000000e-02  1.60370000e+01
 -3.66118847e+03  3.80193900e+03  9.20000000e-02  1.60370000e+01
 -3.66118847e+03  3.80193900e+03  9.20000000e-02  1.60370000e+01
 -3.66118847e+03  3.80193900e+03  9.20000000e-02  1.60370000e+01
 -3.66272584e+03  3.80139800e+03  9.20000000e-02  1.60340000e+01
 -3.66272584e+03  3.80139800e+03  9.20000000e-02  1.60340000e+01
 -3.66272584e+03  3.80139800e+03  9.20000000e-02  1.60340000e+01
 -3.66272584e+03  3.80139800e+03  9.20000000e-02  1.60340000e+01
 -3.66272584e+03  3.80139800e+03  9.20000000e-02  1.60340000e+01
 -3.66272584e+03  3.80139800e+03  9.20000000e-02  1.60340000e+01
 -3.66611320e+03  3.80557000e+03  9.20000000e-02  1.59460000e+01
 -3.66738060e+03  3.80601300e+03  9.10000000e-02  1.59920000e+01
 -3.66798585e+03  3.80549400e+03  9.20000000e-02  1.59880000e+01
 -3.66798585e+03  3.80549400e+03  9.20000000e-02  1.59880000e+01
 -3.67166421e+03  3.80617500e+03  9.10000000e-02  1.59760000e+01
 -3.67166421e+03  3.80617500e+03  9.10000000e-02  1.59760000e+01
 -3.67166421e+03  3.80617500e+03  9.10000000e-02  1.59760000e+01
 -3.67166421e+03  3.80617500e+03  9.10000000e-02  1.59760000e+01
 -3.67166421e+03  3.80617500e+03  9.10000000e-02  1.59760000e+01
 -3.67166421e+03  3.80617500e+03  9.10000000e-02  1.59760000e+01
 -3.67166421e+03  3.80617500e+03  9.10000000e-02  1.59760000e+01
 -3.67170860e+03  3.80617500e+03  9.10000000e-02  1.59160000e+01
 -3.67274557e+03  3.80683400e+03  9.10000000e-02  1.59190000e+01
 -3.67274557e+03  3.80683400e+03  9.10000000e-02  1.59190000e+01
 -3.67274557e+03  3.80683400e+03  9.10000000e-02  1.59190000e+01
 -3.67274557e+03  3.80683400e+03  9.10000000e-02  1.59190000e+01
 -3.67274557e+03  3.80683400e+03  9.10000000e-02  1.59190000e+01
 -3.67288668e+03  3.80737500e+03  9.10000000e-02  1.59030000e+01
 -3.67288668e+03  3.80737500e+03  9.10000000e-02  1.59030000e+01
 -3.67517967e+03  3.80692100e+03  9.10000000e-02  1.59030000e+01
 -3.67517967e+03  3.80692100e+03  9.10000000e-02  1.59030000e+01
 -3.67517967e+03  3.80692100e+03  9.10000000e-02  1.59030000e+01
 -3.67720199e+03  3.80692100e+03  9.10000000e-02  1.59220000e+01
 -3.67720199e+03  3.80692100e+03  9.10000000e-02  1.59220000e+01
 -3.67720199e+03  3.80692100e+03  9.10000000e-02  1.59220000e+01
 -3.67746758e+03  3.80581900e+03  9.10000000e-02  1.59320000e+01
 -3.67746758e+03  3.80581900e+03  9.10000000e-02  1.59320000e+01
 -3.67746758e+03  3.80581900e+03  9.10000000e-02  1.59320000e+01
 -3.67796830e+03  3.80680300e+03  9.10000000e-02  1.59330000e+01
 -3.67796830e+03  3.80680300e+03  9.10000000e-02  1.59330000e+01
 -3.67796830e+03  3.80680300e+03  9.10000000e-02  1.59330000e+01
 -3.67796830e+03  3.80680300e+03  9.10000000e-02  1.59330000e+01
 -3.67796830e+03  3.80680300e+03  9.10000000e-02  1.59330000e+01
 -3.67796830e+03  3.80680300e+03  9.10000000e-02  1.59330000e+01
 -3.67796830e+03  3.80680300e+03  9.10000000e-02  1.59330000e+01
 -3.67796830e+03  3.80680300e+03  9.10000000e-02  1.59330000e+01
 -3.67935686e+03  3.80770000e+03  9.10000000e-02  1.60040000e+01
 -3.67935686e+03  3.80770000e+03  9.10000000e-02  1.60040000e+01
 -3.67935686e+03  3.80770000e+03  9.10000000e-02  1.60040000e+01
 -3.67935686e+03  3.80770000e+03  9.10000000e-02  1.60040000e+01
 -3.67935686e+03  3.80770000e+03  9.10000000e-02  1.60040000e+01
 -3.67935686e+03  3.80770000e+03  9.10000000e-02  1.60040000e+01
 -3.68030700e+03  3.80531100e+03  9.10000000e-02  1.60230000e+01
 -3.68030700e+03  3.80531100e+03  9.10000000e-02  1.60230000e+01
 -3.68030700e+03  3.80531100e+03  9.10000000e-02  1.60230000e+01
 -3.68030700e+03  3.80531100e+03  9.10000000e-02  1.60230000e+01
 -3.68127744e+03  3.80508400e+03  9.10000000e-02  1.60230000e+01
 -3.68127744e+03  3.80508400e+03  9.10000000e-02  1.60230000e+01
 -3.68127744e+03  3.80508400e+03  9.10000000e-02  1.60230000e+01
 -3.68127744e+03  3.80508400e+03  9.10000000e-02  1.60230000e+01
 -3.68127744e+03  3.80508400e+03  9.10000000e-02  1.60230000e+01
 -3.68127744e+03  3.80508400e+03  9.10000000e-02  1.60230000e+01
 -3.68127744e+03  3.80508400e+03  9.10000000e-02  1.60230000e+01
 -3.68127744e+03  3.80508400e+03  9.10000000e-02  1.60230000e+01
 -3.68127744e+03  3.80508400e+03  9.10000000e-02  1.60230000e+01
 -3.68127744e+03  3.80508400e+03  9.10000000e-02  1.60230000e+01
 -3.68127744e+03  3.80508400e+03  9.10000000e-02  1.60230000e+01
 -3.68127744e+03  3.80508400e+03  9.10000000e-02  1.60230000e+01
 -3.70021861e+03  3.80544000e+03  9.10000000e-02  1.60370000e+01
 -3.70021861e+03  3.80544000e+03  9.10000000e-02  1.60370000e+01
 -3.70028679e+03  3.80499700e+03  9.10000000e-02  1.60370000e+01
 -3.70251586e+03  3.80664000e+03  9.10000000e-02  1.60550000e+01
 -3.70251586e+03  3.80664000e+03  9.10000000e-02  1.60550000e+01
 -3.70251586e+03  3.80664000e+03  9.10000000e-02  1.60550000e+01
 -3.70251586e+03  3.80664000e+03  9.10000000e-02  1.60550000e+01
 -3.70251586e+03  3.80664000e+03  9.10000000e-02  1.60550000e+01
 -3.70251586e+03  3.80664000e+03  9.10000000e-02  1.60550000e+01
 -3.70251586e+03  3.80664000e+03  9.10000000e-02  1.60550000e+01
 -3.70251586e+03  3.80664000e+03  9.10000000e-02  1.60550000e+01
 -3.70251586e+03  3.80664000e+03  9.10000000e-02  1.60550000e+01
 -3.70251586e+03  3.80664000e+03  9.10000000e-02  1.60550000e+01
 -3.70251586e+03  3.80664000e+03  9.10000000e-02  1.60550000e+01
 -3.70251586e+03  3.80664000e+03  9.10000000e-02  1.60550000e+01
 -3.70251586e+03  3.80664000e+03  9.10000000e-02  1.60550000e+01
 -3.70233543e+03  3.80290000e+03  9.10000000e-02  1.62460000e+01
 -3.70233543e+03  3.80290000e+03  9.10000000e-02  1.62460000e+01
 -3.70233543e+03  3.80290000e+03  9.10000000e-02  1.62460000e+01
 -3.70233543e+03  3.80290000e+03  9.10000000e-02  1.62460000e+01
 -3.70233543e+03  3.80290000e+03  9.10000000e-02  1.62460000e+01
 -3.70233543e+03  3.80290000e+03  9.10000000e-02  1.62460000e+01
 -3.70233543e+03  3.80290000e+03  9.10000000e-02  1.62460000e+01
 -3.70233543e+03  3.80290000e+03  9.10000000e-02  1.62460000e+01
 -3.70233543e+03  3.80290000e+03  9.10000000e-02  1.62460000e+01
 -3.70395957e+03  3.80499700e+03  9.10000000e-02  1.61730000e+01
 -3.70416643e+03  3.80522400e+03  9.10000000e-02  1.61770000e+01
 -3.70394556e+03  3.80478100e+03  9.10000000e-02  1.61780000e+01
 -3.70394556e+03  3.80478100e+03  9.10000000e-02  1.61780000e+01
 -3.70394556e+03  3.80478100e+03  9.10000000e-02  1.61780000e+01
 -3.70394556e+03  3.80478100e+03  9.10000000e-02  1.61780000e+01
 -3.70482226e+03  3.80576500e+03  9.10000000e-02  1.61780000e+01
 -3.70482226e+03  3.80576500e+03  9.10000000e-02  1.61780000e+01
 -3.70482226e+03  3.80576500e+03  9.10000000e-02  1.61780000e+01
 -3.70482226e+03  3.80576500e+03  9.10000000e-02  1.61780000e+01
 -3.70482226e+03  3.80576500e+03  9.10000000e-02  1.61780000e+01
 -3.70497122e+03  3.80278200e+03  9.10000000e-02  1.62410000e+01
 -3.70497122e+03  3.80278200e+03  9.10000000e-02  1.62410000e+01
 -3.70497122e+03  3.80278200e+03  9.10000000e-02  1.62410000e+01
 -3.70500127e+03  3.80322500e+03  9.10000000e-02  1.62410000e+01
 -3.70500127e+03  3.80322500e+03  9.10000000e-02  1.62410000e+01
 -3.70500127e+03  3.80322500e+03  9.10000000e-02  1.62410000e+01
 -3.70500127e+03  3.80322500e+03  9.10000000e-02  1.62410000e+01
 -3.70518240e+03  3.80290000e+03  9.10000000e-02  1.62690000e+01
 -3.70518240e+03  3.80290000e+03  9.10000000e-02  1.62690000e+01
 -3.70518240e+03  3.80290000e+03  9.10000000e-02  1.62690000e+01
 -3.70538369e+03  3.80223100e+03  9.10000000e-02  1.62700000e+01
 -3.70538369e+03  3.80223100e+03  9.10000000e-02  1.62700000e+01
 -3.70658753e+03  3.80253400e+03  9.10000000e-02  1.62740000e+01
 -3.70658753e+03  3.80253400e+03  9.10000000e-02  1.62740000e+01
 -3.70658753e+03  3.80253400e+03  9.10000000e-02  1.62740000e+01
 -3.70637978e+03  3.80176600e+03  9.10000000e-02  1.63930000e+01
 -3.70637978e+03  3.80176600e+03  9.10000000e-02  1.63930000e+01
 -3.70637978e+03  3.80176600e+03  9.10000000e-02  1.63930000e+01
 -3.70637978e+03  3.80176600e+03  9.10000000e-02  1.63930000e+01
 -3.70637978e+03  3.80176600e+03  9.10000000e-02  1.63930000e+01
 -3.70637978e+03  3.80176600e+03  9.10000000e-02  1.63930000e+01
 -3.70637978e+03  3.80176600e+03  9.10000000e-02  1.63930000e+01
 -3.70637978e+03  3.80176600e+03  9.10000000e-02  1.63930000e+01
 -3.70665607e+03  3.80341900e+03  9.10000000e-02  1.63290000e+01
 -3.70842967e+03  3.80520200e+03  9.10000000e-02  1.62630000e+01
 -3.70842967e+03  3.80520200e+03  9.10000000e-02  1.62630000e+01
 -3.70842967e+03  3.80520200e+03  9.10000000e-02  1.62630000e+01
 -3.70842967e+03  3.80520200e+03  9.10000000e-02  1.62630000e+01
 -3.70842967e+03  3.80520200e+03  9.10000000e-02  1.62630000e+01
 -3.70866006e+03  3.80631600e+03  9.10000000e-02  1.61500000e+01
 -3.70866006e+03  3.80631600e+03  9.10000000e-02  1.61500000e+01
 -3.70866006e+03  3.80631600e+03  9.10000000e-02  1.61500000e+01
 -3.71494498e+03  3.80684600e+03  9.20000000e-02  1.62420000e+01
 -3.71494498e+03  3.80684600e+03  9.20000000e-02  1.62420000e+01
 -3.71494498e+03  3.80684600e+03  9.20000000e-02  1.62420000e+01
 -3.71494498e+03  3.80684600e+03  9.20000000e-02  1.62420000e+01
 -3.71494498e+03  3.80684600e+03  9.20000000e-02  1.62420000e+01
 -3.71494498e+03  3.80684600e+03  9.20000000e-02  1.62420000e+01
 -3.71494498e+03  3.80684600e+03  9.20000000e-02  1.62420000e+01
 -3.71494498e+03  3.80684600e+03  9.20000000e-02  1.62420000e+01
 -3.71494498e+03  3.80684600e+03  9.20000000e-02  1.62420000e+01
 -3.71494498e+03  3.80684600e+03  9.20000000e-02  1.62420000e+01
 -3.71494498e+03  3.80684600e+03  9.20000000e-02  1.62420000e+01
 -3.71494498e+03  3.80684600e+03  9.20000000e-02  1.62420000e+01
 -3.71509614e+03  3.80760300e+03  9.70000000e-02  1.62390000e+01
 -3.71509614e+03  3.80760300e+03  9.70000000e-02  1.62390000e+01
 -3.71806714e+03  3.80714900e+03  9.60000000e-02  1.62380000e+01
 -3.71803927e+03  3.80692200e+03  9.60000000e-02  1.62410000e+01
 -3.71799059e+03  3.80535600e+03  9.70000000e-02  1.64910000e+01
 -3.71799059e+03  3.80535600e+03  9.70000000e-02  1.64910000e+01
 -3.71902343e+03  3.80632800e+03  9.70000000e-02  1.65160000e+01
 -3.71902343e+03  3.80632800e+03  9.70000000e-02  1.65160000e+01
 -3.71902343e+03  3.80632800e+03  9.70000000e-02  1.65160000e+01
 -3.71940639e+03  3.80752800e+03  9.70000000e-02  1.65160000e+01
 -3.72401850e+03  3.80698700e+03  9.70000000e-02  1.66310000e+01
 -3.72401850e+03  3.80698700e+03  9.70000000e-02  1.66310000e+01
 -3.72401850e+03  3.80698700e+03  9.70000000e-02  1.66310000e+01
 -3.72401850e+03  3.80698700e+03  9.70000000e-02  1.66310000e+01
 -3.72401850e+03  3.80698700e+03  9.70000000e-02  1.66310000e+01
 -3.72401850e+03  3.80698700e+03  9.70000000e-02  1.66310000e+01
 -3.72401850e+03  3.80698700e+03  9.70000000e-02  1.66310000e+01
 -3.72401850e+03  3.80698700e+03  9.70000000e-02  1.66310000e+01
 -3.72401850e+03  3.80698700e+03  9.70000000e-02  1.66310000e+01
 -3.72401850e+03  3.80698700e+03  9.70000000e-02  1.66310000e+01
 -3.72401850e+03  3.80698700e+03  9.70000000e-02  1.66310000e+01
 -3.72401850e+03  3.80698700e+03  9.70000000e-02  1.66310000e+01
 -3.72401850e+03  3.80698700e+03  9.70000000e-02  1.66310000e+01
 -3.72401850e+03  3.80698700e+03  9.70000000e-02  1.66310000e+01
 -3.72401850e+03  3.80698700e+03  9.70000000e-02  1.66310000e+01
 -3.72401850e+03  3.80698700e+03  9.70000000e-02  1.66310000e+01