-1.56455120e+03  2.57626700e+03  8.80000000e-02  2.93540000e+01
 -1.99974778e+03  2.96483700e+03  9.00000000e-02  2.31080000e+01
 -2.24902151e+03  3.17281800e+03  9.00000000e-02  2.03910000e+01
 -2.40762393e+03  3.31492000e+03  8.80000000e-02  1.85120000e+01
 -2.55221920e+03  3.39143800e+03  8.80000000e-02  1.75170000e+01
 -2.77333798e+03  3.44696900e+03  8.80000000e-02  1.85280000e+01
 -2.78801335e+03  3.49427600e+03  1.08000000e-01  1.82610000e+01
 -2.90345263e+03  3.54366200e+03  1.08000000e-01  1.74930000e+01
 -2.95272754e+03  3.59143700e+03  1.08000000e-01  1.66060000e+01
 -2.89429490e+03  3.58930800e+03  1.08000000e-01  1.69710000e+01
 -2.93790064e+03  3.58647200e+03  1.07000000e-01  1.73240000e+01
 -2.96190246e+03  3.58321400e+03  1.08000000e-01  1.75630000e+01
 -2.94736078e+03  3.59456200e+03  1.08000000e-01  1.79210000e+01
 -2.90268356e+03  3.61008800e+03  1.08000000e-01  1.70230000e+01
 -2.90268356e+03  3.61008800e+03  1.08000000e-01  1.70230000e+01
 -2.95909618e+03  3.63531600e+03  1.09000000e-01  1.71320000e+01
 -2.93842559e+03  3.63870100e+03  1.10000000e-01  1.63760000e+01
 -2.98549992e+03  3.62563700e+03  9.10000000e-02  1.66120000e+01
 -2.98549992e+03  3.62563700e+03  9.10000000e-02  1.66120000e+01
 -3.03769080e+03  3.66255000e+03  8.10000000e-02  1.57780000e+01
 -3.00959774e+03  3.64410900e+03  1.10000000e-01  1.63860000e+01
 -2.98456424e+03  3.63735400e+03  9.10000000e-02  1.59070000e+01
 -2.92380688e+03  3.61738300e+03  8.50000000e-02  1.61140000e+01
 -2.96801509e+03  3.62314500e+03  8.60000000e-02  1.60190000e+01
 -2.96289713e+03  3.63553900e+03  8.80000000e-02  1.56780000e+01
 -2.99110253e+03  3.67258500e+03  9.10000000e-02  1.53740000e+01
 -3.00429194e+03  3.67380100e+03  8.30000000e-02  1.51840000e+01
 -2.98136011e+03  3.66114500e+03  9.20000000e-02  1.56900000e+01
 -2.95149281e+03  3.67759700e+03  8.10000000e-02  1.51110000e+01
 -2.96824279e+03  3.67775300e+03  8.40000000e-02  1.64570000e+01
 -3.02552502e+03  3.66942200e+03  8.50000000e-02  1.67500000e+01
 -3.02552502e+03  3.66942200e+03  8.50000000e-02  1.67500000e+01
 -2.97356523e+03  3.66717500e+03  8.70000000e-02  1.61100000e+01
 -3.04268950e+03  3.68275800e+03  8.80000000e-02  1.56040000e+01
 -3.04268950e+03  3.68275800e+03  8.80000000e-02  1.56040000e+01
 -3.08429690e+03  3.70031500e+03  8.70000000e-02  1.56310000e+01
 -3.00338179e+03  3.68360900e+03  9.70000000e-02  1.58370000e+01
 -3.00338179e+03  3.68360900e+03  9.70000000e-02  1.58370000e+01
 -3.00029492e+03  3.65981100e+03  1.17000000e-01  1.66390000e+01
 -3.03939543e+03  3.64854500e+03  8.60000000e-02  1.66080000e+01
 -3.12951722e+03  3.66433400e+03  8.30000000e-02  1.62510000e+01
 -3.12951722e+03  3.66433400e+03  8.30000000e-02  1.62510000e+01
 -3.13295803e+03  3.66447000e+03  8.30000000e-02  1.67540000e+01
 -3.12830488e+03  3.67328200e+03  8.30000000e-02  1.59200000e+01
 -3.07876396e+03  3.65781200e+03  8.30000000e-02  1.59850000e+01
 -3.07876396e+03  3.65781200e+03  8.30000000e-02  1.59850000e+01
 -3.08572722e+03  3.67515600e+03  8.30000000e-02  1.61590000e+01
 -3.06544634e+03  3.65405400e+03  8.90000000e-02  1.69060000e+01
 -3.06544634e+03  3.65405400e+03  8.90000000e-02  1.69060000e+01
 -3.07499933e+03  3.64079700e+03  8.90000000e-02  1.61110000e+01
 -3.07499933e+03  3.64079700e+03  8.90000000e-02  1.61110000e+01
 -3.09885874e+03  3.63592800e+03  9.00000000e-02  1.69990000e+01
 -3.04999004e+03  3.61047600e+03  9.10000000e-02  1.68070000e+01
 -3.13691002e+03  3.63230500e+03  8.80000000e-02  1.67920000e+01
 -3.17697917e+03  3.64640700e+03  8.80000000e-02  1.73760000e+01
 -3.17697917e+03  3.64640700e+03  8.80000000e-02  1.73760000e+01
 -3.17697917e+03  3.64640700e+03  8.80000000e-02  1.73760000e+01
 -3.17697917e+03  3.64640700e+03  8.80000000e-02  1.73760000e+01
 -3.17574774e+03  3.66981700e+03  8.80000000e-02  1.65430000e+01
 -3.12492878e+03  3.64929700e+03  9.70000000e-02  1.71110000e+01
 -3.12492878e+03  3.64929700e+03  9.70000000e-02  1.71110000e+01
 -3.15573574e+03  3.66156100e+03  1.01000000e-01  1.65250000e+01
 -3.15573574e+03  3.66156100e+03  1.01000000e-01  1.65250000e+01
 -3.13580841e+03  3.67166200e+03  1.00000000e-01  1.58870000e+01
 -3.13357996e+03  3.66792400e+03  9.10000000e-02  1.61540000e+01
 -3.13357996e+03  3.66792400e+03  9.10000000e-02  1.61540000e+01
 -3.13357996e+03  3.66792400e+03  9.10000000e-02  1.61540000e+01
 -3.17544966e+03  3.67985500e+03  8.30000000e-02  1.55320000e+01
 -3.17544966e+03  3.67985500e+03  8.30000000e-02  1.55320000e+01
 -3.17444500e+03  3.67318800e+03  8.40000000e-02  1.57550000e+01
 -3.17444500e+03  3.67318800e+03  8.40000000e-02  1.57550000e+01
 -3.14815785e+03  3.67644200e+03  8.30000000e-02  1.56970000e+01
 -3.15594362e+03  3.67121000e+03  8.40000000e-02  1.58070000e+01
 -3.15594362e+03  3.67121000e+03  8.40000000e-02  1.58070000e+01
 -3.15661145e+03  3.67329700e+03  8.40000000e-02  1.58690000e+01
 -3.15661145e+03  3.67329700e+03  8.40000000e-02  1.58690000e+01
 -3.15661145e+03  3.67329700e+03  8.40000000e-02  1.58690000e+01
 -3.15466402e+03  3.67438900e+03  8.30000000e-02  1.56030000e+01
 -3.16279476e+03  3.68209400e+03  8.30000000e-02  1.57330000e+01
 -3.18120960e+03  3.68916100e+03  8.30000000e-02  1.56370000e+01
 -3.18808231e+03  3.68802600e+03  8.30000000e-02  1.57420000e+01
 -3.17392659e+03  3.67535600e+03  8.40000000e-02  1.59570000e+01
 -3.17405355e+03  3.66283800e+03  8.40000000e-02  1.61940000e+01
 -3.17813239e+03  3.68287800e+03  8.30000000e-02  1.57690000e+01
 -3.18946162e+03  3.67992900e+03  8.30000000e-02  1.58490000e+01
 -3.19115543e+03  3.69046800e+03  8.20000000e-02  1.58440000e+01
 -3.19115543e+03  3.69046800e+03  8.20000000e-02  1.58440000e+01
 -3.19115543e+03  3.69046800e+03  8.20000000e-02  1.58440000e+01
 -3.23807374e+03  3.70448700e+03  8.20000000e-02  1.57550000e+01
 -3.21601970e+03  3.69619500e+03  8.40000000e-02  1.55320000e+01
 -3.21908747e+03  3.70013200e+03  8.50000000e-02  1.53860000e+01
 -3.19250654e+03  3.69405700e+03  8.50000000e-02  1.55650000e+01
 -3.19250654e+03  3.69405700e+03  8.50000000e-02  1.55650000e+01
 -3.18263218e+03  3.68428600e+03  8.50000000e-02  1.56570000e+01
 -3.19212300e+03  3.69010100e+03  8.40000000e-02  1.55720000e+01
 -3.18324972e+03  3.67977600e+03  8.40000000e-02  1.58920000e+01
 -3.18324972e+03  3.67977600e+03  8.40000000e-02  1.58920000e+01
 -3.18123539e+03  3.68112700e+03  8.30000000e-02  1.57370000e+01
 -3.18123539e+03  3.68112700e+03  8.30000000e-02  1.57370000e+01
 -3.18756486e+03  3.67515000e+03  8.40000000e-02  1.59340000e+01
 -3.18756486e+03  3.67515000e+03  8.40000000e-02  1.59340000e+01
 -3.20099397e+03  3.68409100e+03  8.50000000e-02  1.59350000e+01
 -3.20114157e+03  3.68310700e+03  8.30000000e-02  1.61210000e+01
 -3.21776091e+03  3.68415400e+03  8.30000000e-02  1.63460000e+01
 -3.19799761e+03  3.66920600e+03  8.30000000e-02  1.65580000e+01
 -3.19887974e+03  3.66518400e+03  8.30000000e-02  1.63790000e+01
 -3.19214932e+03  3.67876200e+03  8.30000000e-02  1.60540000e+01
 -3.18680874e+03  3.67168600e+03  8.30000000e-02  1.59950000e+01
 -3.18577377e+03  3.66977400e+03  8.30000000e-02  1.60660000e+01
 -3.18093770e+03  3.66779500e+03  8.30000000e-02  1.62660000e+01
 -3.18185381e+03  3.66915600e+03  8.30000000e-02  1.61710000e+01
 -3.18082361e+03  3.65977200e+03  8.70000000e-02  1.60840000e+01
 -3.17953589e+03  3.65694000e+03  8.60000000e-02  1.62010000e+01
 -3.18089140e+03  3.67322900e+03  8.60000000e-02  1.60870000e+01
 -3.19072917e+03  3.68411400e+03  8.40000000e-02  1.58940000e+01
 -3.19751114e+03  3.69115100e+03  8.40000000e-02  1.57120000e+01
 -3.19167523e+03  3.68938900e+03  8.90000000e-02  1.56320000e+01
 -3.19074492e+03  3.68980100e+03  8.50000000e-02  1.60070000e+01
 -3.17057661e+03  3.68320700e+03  8.60000000e-02  1.62180000e+01
 -3.16931231e+03  3.68304400e+03  8.60000000e-02  1.61590000e+01
 -3.16931231e+03  3.68304400e+03  8.60000000e-02  1.61590000e+01
 -3.16082056e+03  3.67411700e+03  8.80000000e-02  1.64320000e+01
 -3.18076872e+03  3.67338400e+03  8.50000000e-02  1.63410000e+01
 -3.17062351e+03  3.67740700e+03  8.30000000e-02  1.63140000e+01
 -3.14776137e+03  3.66601300e+03  8.20000000e-02  1.63540000e+01
 -3.14776137e+03  3.66601300e+03  8.20000000e-02  1.63540000e+01
 -3.13387656e+03  3.67970700e+03  8.40000000e-02  1.61110000e+01
 -3.12114797e+03  3.67748100e+03  8.20000000e-02  1.62950000e+01
 -3.09979832e+03  3.67717800e+03  8.20000000e-02  1.62100000e+01
 -3.10304325e+03  3.68366300e+03  8.10000000e-02  1.62350000e+01
 -3.11418812e+03  3.68886200e+03  8.10000000e-02  1.61830000e+01
 -3.08285929e+03  3.68512100e+03  8.10000000e-02  1.61130000e+01
 -3.08285929e+03  3.68512100e+03  8.10000000e-02  1.61130000e+01
 -3.06168563e+03  3.68190100e+03  8.10000000e-02  1.60410000e+01
 -3.05143390e+03  3.68113300e+03  8.10000000e-02  1.58290000e+01
 -3.05143390e+03  3.68113300e+03  8.10000000e-02  1.58290000e+01
 -3.05143390e+03  3.68113300e+03  8.10000000e-02  1.58290000e+01
 -3.06753237e+03  3.69096800e+03  8.10000000e-02  1.54670000e+01
 -3.06851627e+03  3.69221100e+03  8.10000000e-02  1.56420000e+01
 -3.06618678e+03  3.69622000e+03  8.20000000e-02  1.54960000e+01
 -3.06618678e+03  3.69622000e+03  8.20000000e-02  1.54960000e+01
 -3.08404063e+03  3.69866200e+03  8.10000000e-02  1.55810000e+01
 -3.09004906e+03  3.69416600e+03  8.10000000e-02  1.53470000e+01
 -3.10817510e+03  3.69732000e+03  8.10000000e-02  1.54780000e+01
 -3.10817510e+03  3.69732000e+03  8.10000000e-02  1.54780000e+01
 -3.10817510e+03  3.69732000e+03  8.10000000e-02  1.54780000e+01
 -3.10723540e+03  3.70750100e+03  8.10000000e-02  1.53730000e+01
 -3.10723540e+03  3.70750100e+03  8.10000000e-02  1.53730000e+01
 -3.12630706e+03  3.72155100e+03  8.10000000e-02  1.52250000e+01
 -3.13399782e+03  3.71669800e+03  8.10000000e-02  1.53380000e+01
 -3.12853694e+03  3.72012400e+03  8.20000000e-02  1.53320000e+01
 -3.12853694e+03  3.72012400e+03  8.20000000e-02  1.53320000e+01
 -3.12657143e+03  3.71901100e+03  8.20000000e-02  1.54810000e+01
 -3.12363721e+03  3.70766300e+03  8.30000000e-02  1.56610000e+01
 -3.09848582e+03  3.69542800e+03  8.20000000e-02  1.57450000e+01
 -3.06543697e+03  3.69366600e+03  8.20000000e-02  1.56380000e+01
 -3.05272580e+03  3.68734000e+03  8.10000000e-02  1.57870000e+01
 -3.05272580e+03  3.68734000e+03  8.10000000e-02  1.57870000e+01
 -3.04810772e+03  3.68787100e+03  8.10000000e-02  1.59140000e+01
 -3.02775310e+03  3.67743000e+03  8.10000000e-02  1.57300000e+01
 -3.02721947e+03  3.67207900e+03  8.00000000e-02  1.58630000e+01
 -3.04977854e+03  3.67372000e+03  8.10000000e-02  1.60360000e+01
 -3.05862916e+03  3.67972000e+03  8.10000000e-02  1.59940000e+01
 -3.05862916e+03  3.67972000e+03  8.10000000e-02  1.59940000e+01
 -3.06869292e+03  3.66335400e+03  8.10000000e-02  1.62930000e+01
 -3.06859545e+03  3.66384100e+03  8.00000000e-02  1.62770000e+01
 -3.06859545e+03  3.66384100e+03  8.00000000e-02  1.62770000e+01
 -3.08461970e+03  3.66282600e+03  8.10000000e-02  1.64210000e+01
 -3.08071637e+03  3.66694300e+03  8.00000000e-02  1.62700000e+01
 -3.06452704e+03  3.66317200e+03  8.00000000e-02  1.63100000e+01
 -3.06452704e+03  3.66317200e+03  8.00000000e-02  1.63100000e+01
 -3.07217108e+03  3.67272700e+03  8.00000000e-02  1.62760000e+01
 -3.08311083e+03  3.67353600e+03  8.00000000e-02  1.64490000e+01
 -3.09124637e+03  3.66613100e+03  8.00000000e-02  1.67560000e+01
 -3.08638840e+03  3.66573200e+03  8.00000000e-02  1.70610000e+01
 -3.07974007e+03  3.67025100e+03  8.00000000e-02  1.67320000e+01
 -3.07275517e+03  3.66988500e+03  8.10000000e-02  1.69720000e+01
 -3.06343257e+03  3.67549500e+03  8.10000000e-02  1.69170000e+01
 -3.06863460e+03  3.66682800e+03  8.10000000e-02  1.70850000e+01
 -3.06863460e+03  3.66682800e+03  8.10000000e-02  1.70850000e+01
 -3.05057711e+03  3.66410500e+03  8.10000000e-02  1.71230000e+01
 -3.05057711e+03  3.66410500e+03  8.10000000e-02  1.71230000e+01
 -3.05746435e+03  3.66706600e+03  8.10000000e-02  1.71260000e+01
 -3.07503766e+03  3.67473000e+03  8.10000000e-02  1.65880000e+01
 -3.08426392e+03  3.68109600e+03  8.10000000e-02  1.66020000e+01
 -3.08426392e+03  3.68109600e+03  8.10000000e-02  1.66020000e+01
 -3.08426392e+03  3.68109600e+03  8.10000000e-02  1.66020000e+01
 -3.09711214e+03  3.69169900e+03  8.00000000e-02  1.65690000e+01
 -3.09090568e+03  3.68038300e+03  8.00000000e-02  1.66720000e+01
 -3.09090568e+03  3.68038300e+03  8.00000000e-02  1.66720000e+01
 -3.08936357e+03  3.67790800e+03  8.00000000e-02  1.68060000e+01
 -3.09635800e+03  3.68121600e+03  8.00000000e-02  1.67730000e+01
 -3.09635800e+03  3.68121600e+03  8.00000000e-02  1.67730000e+01
 -3.12915330e+03  3.68510700e+03  8.10000000e-02  1.66790000e+01
 -3.12915330e+03  3.68510700e+03  8.10000000e-02  1.66790000e+01
 -3.12915330e+03  3.68510700e+03  8.10000000e-02  1.66790000e+01
 -3.13544008e+03  3.68513000e+03  8.10000000e-02  1.69740000e+01
 -3.14357893e+03  3.69584100e+03  8.10000000e-02  1.68950000e+01
 -3.13847083e+03  3.68777600e+03  8.10000000e-02  1.67990000e+01
 -3.13847083e+03  3.68777600e+03  8.10000000e-02  1.67990000e+01
 -3.14281384e+03  3.68071800e+03  8.10000000e-02  1.69400000e+01
 -3.14132263e+03  3.68565700e+03  8.10000000e-02  1.68030000e+01
 -3.14484625e+03  3.68355000e+03  8.10000000e-02  1.71420000e+01
 -3.11616044e+03  3.66761700e+03  8.10000000e-02  1.73190000e+01
 -3.12252522e+03  3.66951900e+03  8.10000000e-02  1.73640000e+01
 -3.12829618e+03  3.67442700e+03  8.10000000e-02  1.73110000e+01
 -3.12817455e+03  3.67089100e+03  8.30000000e-02  1.72980000e+01
 -3.13695013e+03  3.66800400e+03  8.30000000e-02  1.71280000e+01
 -3.13695013e+03  3.66800400e+03  8.30000000e-02  1.71280000e+01
 -3.13695013e+03  3.66800400e+03  8.30000000e-02  1.71280000e+01
 -3.14968180e+03  3.67348400e+03  8.50000000e-02  1.68670000e+01
 -3.16834149e+03  3.67901800e+03  8.50000000e-02  1.68300000e+01
 -3.18836972e+03  3.67697600e+03  8.60000000e-02  1.69910000e+01
 -3.18836972e+03  3.67697600e+03  8.60000000e-02  1.69910000e+01
 -3.18897490e+03  3.67303100e+03  8.60000000e-02  1.71020000e+01
 -3.18413477e+03  3.66673000e+03  8.60000000e-02  1.71430000e+01
 -3.18413477e+03  3.66673000e+03  8.60000000e-02  1.71430000e+01
 -3.18413477e+03  3.66673000e+03  8.60000000e-02  1.71430000e+01
 -3.18041924e+03  3.66916200e+03  8.60000000e-02  1.68510000e+01
 -3.18041924e+03  3.66916200e+03  8.60000000e-02  1.68510000e+01
 -3.18041924e+03  3.66916200e+03  8.60000000e-02  1.68510000e+01
 -3.19889615e+03  3.67329000e+03  8.60000000e-02  1.67830000e+01
 -3.19889615e+03  3.67329000e+03  8.60000000e-02  1.67830000e+01
 -3.20265405e+03  3.67619700e+03  8.60000000e-02  1.66340000e+01
 -3.21183005e+03  3.67792800e+03  8.60000000e-02  1.67100000e+01
 -3.21183005e+03  3.67792800e+03  8.60000000e-02  1.67100000e+01
 -3.23327036e+03  3.67977700e+03  8.60000000e-02  1.66110000e+01
 -3.23327036e+03  3.67977700e+03  8.60000000e-02  1.66110000e+01
 -3.23584895e+03  3.68680300e+03  8.60000000e-02  1.65390000e+01
 -3.23399019e+03  3.68552700e+03  8.60000000e-02  1.66310000e+01
 -3.23399019e+03  3.68552700e+03  8.60000000e-02  1.66310000e+01
 -3.23399019e+03  3.68552700e+03  8.60000000e-02  1.66310000e+01
 -3.25741923e+03  3.68834600e+03  8.60000000e-02  1.66380000e+01
 -3.26572024e+03  3.69048500e+03  8.80000000e-02  1.66570000e+01
 -3.26572024e+03  3.69048500e+03  8.80000000e-02  1.66570000e+01
 -3.26572024e+03  3.69048500e+03  8.80000000e-02  1.66570000e+01
 -3.26572024e+03  3.69048500e+03  8.80000000e-02  1.66570000e+01
 -3.25603301e+03  3.68594600e+03  8.80000000e-02  1.65680000e+01
 -3.25603301e+03  3.68594600e+03  8.80000000e-02  1.65680000e+01
 -3.25493157e+03  3.68553400e+03  8.90000000e-02  1.64850000e+01
 -3.25493157e+03  3.68553400e+03  8.90000000e-02  1.64850000e+01
 -3.25949792e+03  3.69387800e+03  9.00000000e-02  1.64910000e+01
 -3.25949792e+03  3.69387800e+03  9.00000000e-02  1.64910000e+01
 -3.25949792e+03  3.69387800e+03  9.00000000e-02  1.64910000e+01
 -3.25949792e+03  3.69387800e+03  9.00000000e-02  1.64910000e+01
 -3.24318809e+03  3.70043900e+03  9.10000000e-02  1.62860000e+01
 -3.24593931e+03  3.69863400e+03  9.20000000e-02  1.63060000e+01
 -3.24436707e+03  3.68104700e+03  9.20000000e-02  1.64950000e+01
 -3.23019261e+03  3.68183500e+03  9.20000000e-02  1.65770000e+01
 -3.23019261e+03  3.68183500e+03  9.20000000e-02  1.65770000e+01
 -3.23589576e+03  3.68125000e+03  9.20000000e-02  1.65520000e+01
 -3.23599517e+03  3.68916200e+03  1.01000000e-01  1.65350000e+01
 -3.24661720e+03  3.70224300e+03  9.90000000e-02  1.63520000e+01
 -3.24406902e+03  3.70451500e+03  9.00000000e-02  1.63520000e+01
 -3.24849658e+03  3.70824400e+03  8.70000000e-02  1.63430000e+01
 -3.24849658e+03  3.70824400e+03  8.70000000e-02  1.63430000e+01
 -3.24849658e+03  3.70824400e+03  8.70000000e-02  1.63430000e+01
 -3.24611095e+03  3.70599300e+03  9.00000000e-02  1.64370000e+01
 -3.24611095e+03  3.70599300e+03  9.00000000e-02  1.64370000e+01
 -3.24611095e+03  3.70599300e+03  9.00000000e-02  1.64370000e+01
 -3.24611095e+03  3.70599300e+03  9.00000000e-02  1.64370000e+01
 -3.24561891e+03  3.70787400e+03  9.10000000e-02  1.63610000e+01
 -3.24561891e+03  3.70787400e+03  9.10000000e-02  1.63610000e+01
 -3.25353167e+03  3.70880500e+03  8.90000000e-02  1.61850000e+01
 -3.25659330e+03  3.71225300e+03  8.90000000e-02  1.63430000e+01
 -3.25659330e+03  3.71225300e+03  8.90000000e-02  1.63430000e+01
 -3.25659330e+03  3.71225300e+03  8.90000000e-02  1.63430000e+01
 -3.25659330e+03  3.71225300e+03  8.90000000e-02  1.63430000e+01
 -3.25659330e+03  3.71225300e+03  8.90000000e-02  1.63430000e+01
 -3.25659330e+03  3.71225300e+03  8.90000000e-02  1.63430000e+01
 -3.25659330e+03  3.71225300e+03  8.90000000e-02  1.63430000e+01
 -3.25659330e+03  3.71225300e+03  8.90000000e-02  1.63430000e+01
 -3.25659330e+03  3.71225300e+03  8.90000000e-02  1.63430000e+01
 -3.25659330e+03  3.71225300e+03  8.90000000e-02  1.63430000e+01
 -3.25659330e+03  3.71225300e+03  8.90000000e-02  1.63430000e+01
 -3.25659330e+03  3.71225300e+03  8.90000000e-02  1.63430000e+01
 -3.25659330e+03  3.71225300e+03  8.90000000e-02  1.63430000e+01
 -3.25659330e+03  3.71225300e+03  8.90000000e-02  1.63430000e+01
 -3.25659330e+03  3.71225300e+03  8.90000000e-02  1.63430000e+01
 -3.27663903e+03  3.71690200e+03  8.90000000e-02  1.63850000e+01
 -3.27663903e+03  3.71690200e+03  8.90000000e-02  1.63850000e+01
 -3.27663903e+03  3.71690200e+03  8.90000000e-02  1.63850000e+01
 -3.29570734e+03  3.72212300e+03  8.90000000e-02  1.66080000e+01
 -3.29087933e+03  3.72053300e+03  8.70000000e-02  1.66680000e+01
 -3.29087933e+03  3.72053300e+03  8.70000000e-02  1.66680000e+01
 -3.28891414e+03  3.72788200e+03  8.70000000e-02  1.62920000e+01
 -3.28891414e+03  3.72788200e+03  8.70000000e-02  1.62920000e+01
 -3.28891414e+03  3.72788200e+03  8.70000000e-02  1.62920000e+01
 -3.29266045e+03  3.72538500e+03  8.70000000e-02  1.63390000e+01
 -3.29979921e+03  3.73370900e+03  8.70000000e-02  1.59890000e+01
 -3.29979921e+03  3.73370900e+03  8.70000000e-02  1.59890000e+01
 -3.29979921e+03  3.73370900e+03  8.70000000e-02  1.59890000e+01
 -3.29979921e+03  3.73370900e+03  8.70000000e-02  1.59890000e+01
 -3.29979921e+03  3.73370900e+03  8.70000000e-02  1.59890000e+01
 -3.31366431e+03  3.73924600e+03  8.60000000e-02  1.58650000e+01
 -3.31366431e+03  3.73924600e+03  8.60000000e-02  1.58650000e+01
 -3.31366431e+03  3.73924600e+03  8.60000000e-02  1.58650000e+01
 -3.31752446e+03  3.74871200e+03  8.60000000e-02  1.57180000e+01
 -3.31752446e+03  3.74871200e+03  8.60000000e-02  1.57180000e+01
 -3.31744958e+03  3.75081000e+03  8.60000000e-02  1.57300000e+01
 -3.31744958e+03  3.75081000e+03  8.60000000e-02  1.57300000e+01
 -3.31744958e+03  3.75081000e+03  8.60000000e-02  1.57300000e+01
 -3.31744958e+03  3.75081000e+03  8.60000000e-02  1.57300000e+01
 -3.31744958e+03  3.75081000e+03  8.60000000e-02  1.57300000e+01
 -3.31744958e+03  3.75081000e+03  8.60000000e-02  1.57300000e+01
 -3.31744958e+03  3.75081000e+03  8.60000000e-02  1.57300000e+01
 -3.31335080e+03  3.74877800e+03  8.60000000e-02  1.56670000e+01
 -3.33467953e+03  3.74193500e+03  8.60000000e-02  1.56540000e+01
 -3.33467953e+03  3.74193500e+03  8.60000000e-02  1.56540000e+01
 -3.33237636e+03  3.74375000e+03  8.70000000e-02  1.57880000e+01
 -3.33237636e+03  3.74375000e+03  8.70000000e-02  1.57880000e+01
 -3.34141207e+03  3.73192300e+03  8.80000000e-02  1.61240000e+01
 -3.34141207e+03  3.73192300e+03  8.80000000e-02  1.61240000e+01
 -3.34141207e+03  3.73192300e+03  8.80000000e-02  1.61240000e+01
 -3.34141207e+03  3.73192300e+03  8.80000000e-02  1.61240000e+01
 -3.35214414e+03  3.73286400e+03  9.00000000e-02  1.58650000e+01
 -3.35214414e+03  3.73286400e+03  9.00000000e-02  1.58650000e+01
 -3.35214414e+03  3.73286400e+03  9.00000000e-02  1.58650000e+01
 -3.35214414e+03  3.73286400e+03  9.00000000e-02  1.58650000e+01
 -3.36645591e+03  3.72581700e+03  9.20000000e-02  1.58690000e+01
 -3.36645591e+03  3.72581700e+03  9.20000000e-02  1.58690000e+01
 -3.36645591e+03  3.72581700e+03  9.20000000e-02  1.58690000e+01
 -3.36645591e+03  3.72581700e+03  9.20000000e-02  1.58690000e+01
 -3.36761083e+03  3.73402400e+03  8.90000000e-02  1.56310000e+01
 -3.37486885e+03  3.74223000e+03  8.90000000e-02  1.52540000e+01
 -3.38358956e+03  3.74808700e+03  9.00000000e-02  1.50800000e+01
 -3.38358956e+03  3.74808700e+03  9.00000000e-02  1.50800000e+01
 -3.38358956e+03  3.74808700e+03  9.00000000e-02  1.50800000e+01
 -3.40493049e+03  3.74736200e+03  9.00000000e-02  1.51890000e+01
 -3.40493049e+03  3.74736200e+03  9.00000000e-02  1.51890000e+01
 -3.40931484e+03  3.75658100e+03  9.00000000e-02  1.50630000e+01
 -3.40931484e+03  3.75658100e+03  9.00000000e-02  1.50630000e+01
 -3.40931484e+03  3.75658100e+03  9.00000000e-02  1.50630000e+01
 -3.40931484e+03  3.75658100e+03  9.00000000e-02  1.50630000e+01
 -3.40931484e+03  3.75658100e+03  9.00000000e-02  1.50630000e+01
 -3.40931484e+03  3.75658100e+03  9.00000000e-02  1.50630000e+01
 -3.41065962e+03  3.76104600e+03  8.90000000e-02  1.49850000e+01
 -3.41065962e+03  3.76104600e+03  8.90000000e-02  1.49850000e+01
 -3.41065962e+03  3.76104600e+03  8.90000000e-02  1.49850000e+01
 -3.41065962e+03  3.76104600e+03  8.90000000e-02  1.49850000e+01
 -3.43410832e+03  3.77232100e+03  9.20000000e-02  1.50030000e+01
 -3.43410832e+03  3.77232100e+03  9.20000000e-02  1.50030000e+01
 -3.43410832e+03  3.77232100e+03  9.20000000e-02  1.50030000e+01
 -3.43410832e+03  3.77232100e+03  9.20000000e-02  1.50030000e+01
 -3.43410832e+03  3.77232100e+03  9.20000000e-02  1.50030000e+01
 -3.43410832e+03  3.77232100e+03  9.20000000e-02  1.50030000e+01
 -3.43410832e+03  3.77232100e+03  9.20000000e-02  1.50030000e+01
 -3.43410832e+03  3.77232100e+03  9.20000000e-02  1.50030000e+01
 -3.43410832e+03  3.77232100e+03  9.20000000e-02  1.50030000e+01
 -3.43108184e+03  3.76347800e+03  9.20000000e-02  1.51240000e+01
 -3.43108184e+03  3.76347800e+03  9.20000000e-02  1.51240000e+01
 -3.43108184e+03  3.76347800e+03  9.20000000e-02  1.51240000e+01
 -3.43687840e+03  3.76022500e+03  9.30000000e-02  1.50940000e+01
 -3.43687840e+03  3.76022500e+03  9.30000000e-02  1.50940000e+01
 -3.43687840e+03  3.76022500e+03  9.30000000e-02  1.50940000e+01
 -3.43429398e+03  3.75859300e+03  9.30000000e-02  1.51200000e+01
 -3.43429398e+03  3.75859300e+03  9.30000000e-02  1.51200000e+01
 -3.43429398e+03  3.75859300e+03  9.30000000e-02  1.51200000e+01
 -3.43696085e+03  3.76113300e+03  9.40000000e-02  1.50590000e+01
 -3.43696085e+03  3.76113300e+03  9.40000000e-02  1.50590000e+01
 -3.43696085e+03  3.76113300e+03  9.40000000e-02  1.50590000e+01
 -3.45081230e+03  3.76255000e+03  9.30000000e-02  1.49030000e+01
 -3.45081230e+03  3.76255000e+03  9.30000000e-02  1.49030000e+01
 -3.44856835e+03  3.76129800e+03  9.50000000e-02  1.50240000e+01
 -3.44856835e+03  3.76129800e+03  9.50000000e-02  1.50240000e+01
 -3.44856835e+03  3.76129800e+03  9.50000000e-02  1.50240000e+01
 -3.44856835e+03  3.76129800e+03  9.50000000e-02  1.50240000e+01
 -3.44856835e+03  3.76129800e+03  9.50000000e-02  1.50240000e+01
 -3.44856835e+03  3.76129800e+03  9.50000000e-02  1.50240000e+01
 -3.44856835e+03  3.76129800e+03  9.50000000e-02  1.50240000e+01
 -3.44856835e+03  3.76129800e+03  9.50000000e-02  1.50240000e+01
 -3.44856835e+03  3.76129800e+03  9.50000000e-02  1.50240000e+01
 -3.44856835e+03  3.76129800e+03  9.50000000e-02  1.50240000e+01
 -3.44856835e+03  3.76129800e+03  9.50000000e-02  1.50240000e+01
 -3.44856835e+03  3.76129800e+03  9.50000000e-02  1.50240000e+01
 -3.44856835e+03  3.76129800e+03  9.50000000e-02  1.50240000e+01
 -3.45856811e+03  3.76014200e+03  9.70000000e-02  1.49940000e+01
 -3.45856811e+03  3.76014200e+03  9.70000000e-02  1.49940000e+01
 -3.45856811e+03  3.76014200e+03  9.70000000e-02  1.49940000e+01
 -3.45856811e+03  3.76014200e+03  9.70000000e-02  1.49940000e+01
 -3.45856811e+03  3.76014200e+03  9.70000000e-02  1.49940000e+01
 -3.45856811e+03  3.76014200e+03  9.70000000e-02  1.49940000e+01
 -3.45856811e+03  3.76014200e+03  9.70000000e-02  1.49940000e+01
 -3.45856811e+03  3.76014200e+03  9.70000000e-02  1.49940000e+01
 -3.45856811e+03  3.76014200e+03  9.70000000e-02  1.49940000e+01
 -3.45856811e+03  3.76014200e+03  9.70000000e-02  1.49940000e+01
 -3.45856811e+03  3.76014200e+03  9.70000000e-02  1.49940000e+01
 -3.45856811e+03  3.76014200e+03  9.70000000e-02  1.49940000e+01
 -3.45856811e+03  3.76014200e+03  9.70000000e-02  1.49940000e+01
 -3.46449690e+03  3.75895300e+03  8.70000000e-02  1.49960000e+01
 -3.46449690e+03  3.75895300e+03  8.70000000e-02  1.49960000e+01
 -3.46449690e+03  3.75895300e+03  8.70000000e-02  1.49960000e+01
 -3.46449690e+03  3.75895300e+03  8.70000000e-02  1.49960000e+01
 -3.46449690e+03  3.75895300e+03  8.70000000e-02  1.49960000e+01
 -3.46449690e+03  3.75895300e+03  8.70000000e-02  1.49960000e+01
 -3.46449690e+03  3.75895300e+03  8.70000000e-02  1.49960000e+01
 -3.46449690e+03  3.75895300e+03  8.70000000e-02  1.49960000e+01
 -3.46776177e+03  3.74910500e+03  8.90000000e-02  1.50790000e+01
 -3.46776177e+03  3.74910500e+03  8.90000000e-02  1.50790000e+01
 -3.46776177e+03  3.74910500e+03  8.90000000e-02  1.50790000e+01
 -3.46876259e+03  3.73909600e+03  8.90000000e-02  1.54410000e+01
 -3.46876259e+03  3.73909600e+03  8.90000000e-02  1.54410000e+01
 -3.46876259e+03  3.73909600e+03  8.90000000e-02  1.54410000e+01
 -3.46823245e+03  3.74207900e+03  8.90000000e-02  1.53530000e+01
 -3.46823245e+03  3.74207900e+03  8.90000000e-02  1.53530000e+01
 -3.46823245e+03  3.74207900e+03  8.90000000e-02  1.53530000e+01
 -3.46823245e+03  3.74207900e+03  8.90000000e-02  1.53530000e+01
 -3.48466762e+03  3.73690100e+03  9.00000000e-02  1.56420000e+01
 -3.48466762e+03  3.73690100e+03  9.00000000e-02  1.56420000e+01
 -3.48466762e+03  3.73690100e+03  9.00000000e-02  1.56420000e+01
 -3.48466762e+03  3.73690100e+03  9.00000000e-02  1.56420000e+01
 -3.48466762e+03  3.73690100e+03  9.00000000e-02  1.56420000e+01
 -3.48466762e+03  3.73690100e+03  9.00000000e-02  1.56420000e+01
 -3.48466762e+03  3.73690100e+03  9.00000000e-02  1.56420000e+01
 -3.48466762e+03  3.73690100e+03  9.00000000e-02  1.56420000e+01
 -3.48891878e+03  3.73563900e+03  1.00000000e-01  1.59060000e+01
 -3.48891878e+03  3.73563900e+03  1.00000000e-01  1.59060000e+01
 -3.48891878e+03  3.73563900e+03  1.00000000e-01  1.59060000e+01
 -3.48891878e+03  3.73563900e+03  1.00000000e-01  1.59060000e+01
 -3.48891878e+03  3.73563900e+03  1.00000000e-01  1.59060000e+01
 -3.48891878e+03  3.73563900e+03  1.00000000e-01  1.59060000e+01
 -3.48891878e+03  3.73563900e+03  1.00000000e-01  1.59060000e+01
 -3.48891878e+03  3.73563900e+03  1.00000000e-01  1.59060000e+01
 -3.48891878e+03  3.73563900e+03  1.00000000e-01  1.59060000e+01
 -3.48891878e+03  3.73563900e+03  1.00000000e-01  1.59060000e+01
 -3.49197015e+03  3.73968300e+03  1.00000000e-01  1.58420000e+01
 -3.49197015e+03  3.73968300e+03  1.00000000e-01  1.58420000e+01
 -3.49197015e+03  3.73968300e+03  1.00000000e-01  1.58420000e+01
 -3.49197015e+03  3.73968300e+03  1.00000000e-01  1.58420000e+01
 -3.49197015e+03  3.73968300e+03  1.00000000e-01  1.58420000e+01
 -3.49197015e+03  3.73968300e+03  1.00000000e-01  1.58420000e+01
 -3.49197015e+03  3.73968300e+03  1.00000000e-01  1.58420000e+01
 -3.49197015e+03  3.73968300e+03  1.00000000e-01  1.58420000e+01
 -3.49965134e+03  3.73422300e+03  1.00000000e-01  1.60530000e+01
 -3.49965134e+03  3.73422300e+03  1.00000000e-01  1.60530000e+01
 -3.49965134e+03  3.73422300e+03  1.00000000e-01  1.60530000e+01
 -3.49965134e+03  3.73422300e+03  1.00000000e-01  1.60530000e+01
 -3.49965134e+03  3.73422300e+03  1.00000000e-01  1.60530000e+01
 -3.49965134e+03  3.73422300e+03  1.00000000e-01  1.60530000e+01
 -3.49965134e+03  3.73422300e+03  1.00000000e-01  1.60530000e+01
 -3.49965134e+03  3.73422300e+03  1.00000000e-01  1.60530000e+01
 -3.49965134e+03  3.73422300e+03  1.00000000e-01  1.60530000e+01
 -3.49965134e+03  3.73422300e+03  1.00000000e-01  1.60530000e+01
 -3.49965134e+03  3.73422300e+03  1.00000000e-01  1.60530000e+01
 -3.49965134e+03  3.73422300e+03  1.00000000e-01  1.60530000e+01
 -3.50466172e+03  3.74173500e+03  1.00000000e-01  1.59540000e+01
 -3.50466172e+03  3.74173500e+03  1.00000000e-01  1.59540000e+01
 -3.50466172e+03  3.74173500e+03  1.00000000e-01  1.59540000e+01
 -3.50595098e+03  3.72715200e+03  1.00000000e-01  1.59850000e+01
 -3.50595098e+03  3.72715200e+03  1.00000000e-01  1.59850000e+01
 -3.50595098e+03  3.72715200e+03  1.00000000e-01  1.59850000e+01
 -3.50595098e+03  3.72715200e+03  1.00000000e-01  1.59850000e+01
 -3.50595098e+03  3.72715200e+03  1.00000000e-01  1.59850000e+01
 -3.50595098e+03  3.72715200e+03  1.00000000e-01  1.59850000e+01
 -3.50595098e+03  3.72715200e+03  1.00000000e-01  1.59850000e+01
 -3.50595098e+03  3.72715200e+03  1.00000000e-01  1.59850000e+01
 -3.50830055e+03  3.73779900e+03  1.00000000e-01  1.59300000e+01
 -3.50830055e+03  3.73779900e+03  1.00000000e-01  1.59300000e+01
 -3.50830055e+03  3.73779900e+03  1.00000000e-01  1.59300000e+01
 -3.50830055e+03  3.73779900e+03  1.00000000e-01  1.59300000e+01
 -3.50830055e+03  3.73779900e+03  1.00000000e-01  1.59300000e+01
 -3.50830055e+03  3.73779900e+03  1.00000000e-01  1.59300000e+01
 -3.50830055e+03  3.73779900e+03  1.00000000e-01  1.59300000e+01
 -3.50830055e+03  3.73779900e+03  1.00000000e-01  1.59300000e+01
 -3.51403387e+03  3.73863200e+03  1.00000000e-01  1.60190000e+01
 -3.51403387e+03  3.73863200e+03  1.00000000e-01  1.60190000e+01
 -3.51403387e+03  3.73863200e+03  1.00000000e-01  1.60190000e+01
 -3.51403387e+03  3.73863200e+03  1.00000000e-01  1.60190000e+01
 -3.51403387e+03  3.73863200e+03  1.00000000e-01  1.60190000e+01
 -3.51403387e+03  3.73863200e+03  1.00000000e-01  1.60190000e+01
 -3.51913198e+03  3.74287900e+03  9.30000000e-02  1.58940000e+01
 -3.51913198e+03  3.74287900e+03  9.30000000e-02  1.58940000e+01
 -3.51913198e+03  3.74287900e+03  9.30000000e-02  1.58940000e+01
 -3.51913198e+03  3.74287900e+03  9.30000000e-02  1.58940000e+01
 -3.51913198e+03  3.74287900e+03  9.30000000e-02  1.58940000e+01
 -3.51913198e+03  3.74287900e+03  9.30000000e-02  1.58940000e+01
 -3.51928208e+03  3.74940900e+03  9.30000000e-02  1.56750000e+01
 -3.51928208e+03  3.74940900e+03  9.30000000e-02  1.56750000e+01
 -3.52583460e+03  3.74546200e+03  9.30000000e-02  1.56800000e+01
 -3.52583460e+03  3.74546200e+03  9.30000000e-02  1.56800000e+01
 -3.52583460e+03  3.74546200e+03  9.30000000e-02  1.56800000e+01
 -3.52583460e+03  3.74546200e+03  9.30000000e-02  1.56800000e+01
 -3.52583460e+03  3.74546200e+03  9.30000000e-02  1.56800000e+01
 -3.52583460e+03  3.74546200e+03  9.30000000e-02  1.56800000e+01
 -3.52583460e+03  3.74546200e+03  9.30000000e-02  1.56800000e+01
 -3.53973314e+03  3.75134300e+03  9.20000000e-02  1.56090000e+01
 -3.53973314e+03  3.75134300e+03  9.20000000e-02  1.56090000e+01
 -3.53973314e+03  3.75134300e+03  9.20000000e-02  1.56090000e+01
 -3.53973314e+03  3.75134300e+03  9.20000000e-02  1.56090000e+01
 -3.53973314e+03  3.75134300e+03  9.20000000e-02  1.56090000e+01
 -3.53973314e+03  3.75134300e+03  9.20000000e-02  1.56090000e+01
 -3.53973314e+03  3.75134300e+03  9.20000000e-02  1.56090000e+01
 -3.53973314e+03  3.75134300e+03  9.20000000e-02  1.56090000e+01
 -3.53973314e+03  3.75134300e+03  9.20000000e-02  1.56090000e+01
 -3.54058964e+03  3.75391400e+03  1.06000000e-01  1.56900000e+01
 -3.54058964e+03  3.75391400e+03  1.06000000e-01  1.56900000e+01
 -3.54058964e+03  3.75391400e+03  1.06000000e-01  1.56900000e+01
 -3.54058964e+03  3.75391400e+03  1.06000000e-01  1.56900000e+01
 -3.54058964e+03  3.75391400e+03  1.06000000e-01  1.56900000e+01
 -3.54711641e+03  3.76013000e+03  1.06000000e-01  1.55580000e+01
 -3.54711641e+03  3.76013000e+03  1.06000000e-01  1.55580000e+01
 -3.54711641e+03  3.76013000e+03  1.06000000e-01  1.55580000e+01
 -3.54711641e+03  3.76013000e+03  1.06000000e-01  1.55580000e+01
 -3.54711641e+03  3.76013000e+03  1.06000000e-01  1.55580000e+01
 -3.54711641e+03  3.76013000e+03  1.06000000e-01  1.55580000e+01
 -3.54711641e+03  3.76013000e+03  1.06000000e-01  1.55580000e+01
 -3.54711641e+03  3.76013000e+03  1.06000000e-01  1.55580000e+01
 -3.54711641e+03  3.76013000e+03  1.06000000e-01  1.55580000e+01
 -3.54711641e+03  3.76013000e+03  1.06000000e-01  1.55580000e+01
 -3.54915772e+03  3.76178400e+03  1.06000000e-01  1.55580000e+01
 -3.54915772e+03  3.76178400e+03  1.06000000e-01  1.55580000e+01
 -3.55028003e+03  3.76387000e+03  1.06000000e-01  1.55480000e+01
 -3.55250734e+03  3.76618200e+03  1.06000000e-01  1.55480000e+01
 -3.55150742e+03  3.76671200e+03  1.06000000e-01  1.55530000e+01
 -3.55150742e+03  3.76671200e+03  1.06000000e-01  1.55530000e+01
 -3.55150742e+03  3.76671200e+03  1.06000000e-01  1.55530000e+01
 -3.55150742e+03  3.76671200e+03  1.06000000e-01  1.55530000e+01
 -3.55147353e+03  3.76595500e+03  1.06000000e-01  1.56090000e+01
 -3.55206123e+03  3.76738200e+03  1.06000000e-01  1.56070000e+01
 -3.55206123e+03  3.76738200e+03  1.06000000e-01  1.56070000e+01
 -3.55206123e+03  3.76738200e+03  1.06000000e-01  1.56070000e+01
 -3.55206123e+03  3.76738200e+03  1.06000000e-01  1.56070000e+01
 -3.55206123e+03  3.76738200e+03  1.06000000e-01  1.56070000e+01
 -3.55525083e+03  3.76858200e+03  1.06000000e-01  1.56070000e+01
 -3.55525083e+03  3.76858200e+03  1.06000000e-01  1.56070000e+01
 -3.55525083e+03  3.76858200e+03  1.06000000e-01  1.56070000e+01
 -3.55525083e+03  3.76858200e+03  1.06000000e-01  1.56070000e+01
 -3.55525083e+03  3.76858200e+03  1.06000000e-01  1.56070000e+01
 -3.56197843e+03  3.76805200e+03  1.06000000e-01  1.56610000e+01
 -3.56197843e+03  3.76805200e+03  1.06000000e-01  1.56610000e+01
 -3.56197843e+03  3.76805200e+03  1.06000000e-01  1.56610000e+01
 -3.56798886e+03  3.76902500e+03  1.06000000e-01  1.56960000e+01
 -3.56798886e+03  3.76902500e+03  1.06000000e-01  1.56960000e+01
 -3.56798886e+03  3.76902500e+03  1.06000000e-01  1.56960000e+01
 -3.56798886e+03  3.76902500e+03  1.06000000e-01  1.56960000e+01
 -3.56798886e+03  3.76902500e+03  1.06000000e-01  1.56960000e+01
 -3.56744126e+03  3.76738200e+03  1.06000000e-01  1.56930000e+01
 -3.56651806e+03  3.76395700e+03  1.06000000e-01  1.57110000e+01
 -3.56534021e+03  3.76187100e+03  1.06000000e-01  1.57110000e+01
 -3.56534021e+03  3.76187100e+03  1.06000000e-01  1.57110000e+01
 -3.56545267e+03  3.76231300e+03  1.06000000e-01  1.57110000e+01
 -3.56546433e+03  3.76164300e+03  1.06000000e-01  1.56700000e+01
 -3.56757944e+03  3.76251900e+03  1.06000000e-01  1.56730000e+01
 -3.56757944e+03  3.76251900e+03  1.06000000e-01  1.56730000e+01
 -3.56757944e+03  3.76251900e+03  1.06000000e-01  1.56730000e+01
 -3.56757944e+03  3.76251900e+03  1.06000000e-01  1.56730000e+01
 -3.56813354e+03  3.76648600e+03  1.06000000e-01  1.54220000e+01
 -3.56885639e+03  3.76901500e+03  1.06000000e-01  1.53740000e+01
 -3.57021526e+03  3.77088500e+03  1.06000000e-01  1.53740000e+01
 -3.57021526e+03  3.77088500e+03  1.06000000e-01  1.53740000e+01
 -3.57021526e+03  3.77088500e+03  1.06000000e-01  1.53740000e+01
 -3.57021526e+03  3.77088500e+03  1.06000000e-01  1.53740000e+01
 -3.57021526e+03  3.77088500e+03  1.06000000e-01  1.53740000e+01
 -3.57021526e+03  3.77088500e+03  1.06000000e-01  1.53740000e+01
 -3.57021526e+03  3.77088500e+03  1.06000000e-01  1.53740000e+01
 -3.57053729e+03  3.76825800e+03  1.06000000e-01  1.54560000e+01
 -3.57053729e+03  3.76825800e+03  1.06000000e-01  1.54560000e+01
 -3.57150894e+03  3.76803100e+03  1.06000000e-01  1.54740000e+01
 -3.57228479e+03  3.76584700e+03  1.06000000e-01  1.56410000e+01
 -3.57228479e+03  3.76584700e+03  1.06000000e-01  1.56410000e+01
 -3.57404865e+03  3.76487300e+03  1.06000000e-01  1.57240000e+01
 -3.57404865e+03  3.76487300e+03  1.06000000e-01  1.57240000e+01
 -3.57404865e+03  3.76487300e+03  1.06000000e-01  1.57240000e+01
 -3.57404865e+03  3.76487300e+03  1.06000000e-01  1.57240000e+01
 -3.57404865e+03  3.76487300e+03  1.06000000e-01  1.57240000e+01
 -3.57404865e+03  3.76487300e+03  1.06000000e-01  1.57240000e+01
 -3.57404865e+03  3.76487300e+03  1.06000000e-01  1.57240000e+01
 -3.57404865e+03  3.76487300e+03  1.06000000e-01  1.57240000e+01
 -3.57404865e+03  3.76487300e+03  1.06000000e-01  1.57240000e+01
 -3.57404865e+03  3.76487300e+03  1.06000000e-01  1.57240000e+01
 -3.57404865e+03  3.76487300e+03  1.06000000e-01  1.57240000e+01
 -3.57413607e+03  3.76398800e+03  1.06000000e-01  1.57540000e+01
 -3.57413607e+03  3.76398800e+03  1.06000000e-01  1.57540000e+01
 -3.57458558e+03  3.76256000e+03  1.06000000e-01  1.58480000e+01
 -3.57458558e+03  3.76256000e+03  1.06000000e-01  1.58480000e+01
 -3.57680240e+03  3.76204100e+03  1.06000000e-01  1.58390000e+01
 -3.57680240e+03  3.76204100e+03  1.06000000e-01  1.58390000e+01
 -3.57798147e+03  3.76204100e+03  1.06000000e-01  1.58390000e+01
 -3.57966157e+03  3.76599700e+03  1.06000000e-01  1.57310000e+01
 -3.58176438e+03  3.76786700e+03  1.06000000e-01  1.57350000e+01
 -3.58283049e+03  3.76832100e+03  1.06000000e-01  1.57580000e+01
 -3.58381372e+03  3.76480800e+03  1.06000000e-01  1.58340000e+01
 -3.59581089e+03  3.76689400e+03  1.06000000e-01  1.58340000e+01
 -3.59967461e+03  3.76471000e+03  1.06000000e-01  1.58330000e+01
 -3.60042861e+03  3.76569400e+03  1.06000000e-01  1.58290000e+01
 -3.60042861e+03  3.76569400e+03  1.06000000e-01  1.58290000e+01
 -3.60179082e+03  3.76680700e+03  1.06000000e-01  1.58260000e+01
 -3.60326084e+03  3.76934600e+03  1.06000000e-01  1.58170000e+01
 -3.60326084e+03  3.76934600e+03  1.06000000e-01  1.58170000e+01
 -3.60326084e+03  3.76934600e+03  1.06000000e-01  1.58170000e+01
 -3.60326084e+03  3.76934600e+03  1.06000000e-01  1.58170000e+01
 -3.60656379e+03  3.77175700e+03  1.06000000e-01  1.58170000e+01
 -3.60576654e+03  3.77055700e+03  1.06000000e-01  1.58200000e+01
 -3.60620709e+03  3.77130300e+03  1.06000000e-01  1.58200000e+01
 -3.60719738e+03  3.77228700e+03  1.06000000e-01  1.58200000e+01
 -3.60802858e+03  3.77295700e+03  1.06000000e-01  1.58380000e+01
 -3.60802858e+03  3.77295700e+03  1.06000000e-01  1.58380000e+01
 -3.60802858e+03  3.77295700e+03  1.06000000e-01  1.58380000e+01
 -3.60802858e+03  3.77295700e+03  1.06000000e-01  1.58380000e+01
 -3.60802858e+03  3.77295700e+03  1.06000000e-01  1.58380000e+01
 -3.60769141e+03  3.77340000e+03  1.06000000e-01  1.58370000e+01
 -3.61103603e+03  3.77759400e+03  1.06000000e-01  1.56360000e+01
 -3.61103603e+03  3.77759400e+03  1.06000000e-01  1.56360000e+01
 -3.61103603e+03  3.77759400e+03  1.06000000e-01  1.56360000e+01
 -3.62337369e+03  3.77922700e+03  8.50000000e-02  1.56330000e+01
 -3.62337369e+03  3.77922700e+03  8.50000000e-02  1.56330000e+01
 -3.62413378e+03  3.78042700e+03  8.50000000e-02  1.56340000e+01
 -3.62667016e+03  3.78371300e+03  8.50000000e-02  1.55580000e+01
 -3.63770591e+03  3.78699900e+03  8.50000000e-02  1.55480000e+01
 -3.63770591e+03  3.78699900e+03  8.50000000e-02  1.55480000e+01
 -3.64146029e+03  3.78699900e+03  8.50000000e-02  1.55860000e+01
 -3.64411111e+03  3.78919400e+03  8.50000000e-02  1.55870000e+01
 -3.64484415e+03  3.78919400e+03  8.40000000e-02  1.55840000e+01
 -3.64484415e+03  3.78919400e+03  8.40000000e-02  1.55840000e+01
 -3.64433449e+03  3.78941000e+03  8.40000000e-02  1.55780000e+01
 -3.64814591e+03  3.79382000e+03  8.40000000e-02  1.55630000e+01
 -3.64814591e+03  3.79382000e+03  8.40000000e-02  1.55630000e+01
 -3.64814591e+03  3.79382000e+03  8.40000000e-02  1.55630000e+01
 -3.64814591e+03  3.79382000e+03  8.40000000e-02  1.55630000e+01
 -3.64814591e+03  3.79382000e+03  8.40000000e-02  1.55630000e+01
 -3.64824036e+03  3.79471700e+03  9.10000000e-02  1.55370000e+01
 -3.64824036e+03  3.79471700e+03  9.10000000e-02  1.55370000e+01
 -3.64951732e+03  3.79710600e+03  9.10000000e-02  1.54640000e+01
 -3.64951732e+03  3.79710600e+03  9.10000000e-02  1.54640000e+01
 -3.64951732e+03  3.79710600e+03  9.10000000e-02  1.54640000e+01
 -3.64970974e+03  3.79687900e+03  9.10000000e-02  1.54660000e+01
 -3.64970974e+03  3.79687900e+03  9.10000000e-02  1.54660000e+01
 -3.65030321e+03  3.79425200e+03  9.00000000e-02  1.55980000e+01
 -3.65030321e+03  3.79425200e+03  9.00000000e-02  1.55980000e+01
 -3.65338783e+03  3.79581900e+03  9.00000000e-02  1.55950000e+01
 -3.65338783e+03  3.79581900e+03  9.00000000e-02  1.55950000e+01
 -3.65386939e+03  3.79703000e+03  9.10000000e-02  1.55890000e+01
 -3.65386939e+03  3.79703000e+03  9.10000000e-02  1.55890000e+01
 -3.65406813e+03  3.79561400e+03  9.10000000e-02  1.56150000e+01
 -3.65406813e+03  3.79561400e+03  9.10000000e-02  1.56150000e+01
 -3.65440291e+03  3.79672700e+03  9.10000000e-02  1.55840000e+01
 -3.65440291e+03  3.79672700e+03  9.10000000e-02  1.55840000e+01
 -3.65440291e+03  3.79672700e+03  9.10000000e-02  1.55840000e+01
 -3.65440291e+03  3.79672700e+03  9.10000000e-02  1.55840000e+01
 -3.65632418e+03  3.79739700e+03  9.10000000e-02  1.55820000e+01
 -3.65632418e+03  3.79739700e+03  9.10000000e-02  1.55820000e+01
 -3.65761558e+03  3.79895300e+03  9.90000000e-02  1.54980000e+01
 -3.66140660e+03  3.80014200e+03  9.90000000e-02  1.54780000e+01
 -3.66140660e+03  3.80014200e+03  9.90000000e-02  1.54780000e+01
 -3.66293974e+03  3.80155800e+03  9.90000000e-02  1.54570000e+01
 -3.66293974e+03  3.80155800e+03  9.90000000e-02  1.54570000e+01
 -3.66293974e+03  3.80155800e+03  9.90000000e-02  1.54570000e+01
 -3.66293974e+03  3.80155800e+03  9.90000000e-02  1.54570000e+01
 -3.66293974e+03  3.80155800e+03  9.90000000e-02  1.54570000e+01
 -3.66293974e+03  3.80155800e+03  9.90000000e-02  1.54570000e+01
 -3.66293974e+03  3.80155800e+03  9.90000000e-02  1.54570000e+01
 -3.66293974e+03  3.80155800e+03  9.90000000e-02  1.54570000e+01
 -3.66293974e+03  3.80155800e+03  9.90000000e-02  1.54570000e+01
 -3.66293974e+03  3.80155800e+03  9.90000000e-02  1.54570000e+01
 -3.66293974e+03  3.80155800e+03  9.90000000e-02  1.54570000e+01
 -3.66293974e+03  3.80155800e+03  9.90000000e-02  1.54570000e+01
 -3.66293974e+03  3.80155800e+03  9.90000000e-02  1.54570000e+01
 -3.66293974e+03  3.80155800e+03  9.90000000e-02  1.54570000e+01
 -3.66293974e+03  3.80155800e+03  9.90000000e-02  1.54570000e+01
 -3.66615942e+03  3.79893100e+03  9.90000000e-02  1.55090000e+01
 -3.66838501e+03  3.80146000e+03  9.90000000e-02  1.54870000e+01
 -3.66838501e+03  3.80146000e+03  9.90000000e-02  1.54870000e+01
 -3.66838501e+03  3.80146000e+03  9.90000000e-02  1.54870000e+01
 -3.66838501e+03  3.80146000e+03  9.90000000e-02  1.54870000e+01
 -3.66838501e+03  3.80146000e+03  9.90000000e-02  1.54870000e+01
 -3.66838501e+03  3.80146000e+03  9.90000000e-02  1.54870000e+01
 -3.66838501e+03  3.80146000e+03  9.90000000e-02  1.54870000e+01
 -3.66883224e+03  3.80203200e+03  9.90000000e-02  1.54730000e+01
 -3.66907655e+03  3.80136200e+03  9.90000000e-02  1.55230000e+01
 -3.66907655e+03  3.80136200e+03  9.90000000e-02  1.55230000e+01
 -3.66907655e+03  3.80136200e+03  9.90000000e-02  1.55230000e+01
 -3.66907655e+03  3.80136200e+03  9.90000000e-02  1.55230000e+01
 -3.66907655e+03  3.80136200e+03  9.90000000e-02  1.55230000e+01
 -3.66907655e+03  3.80136200e+03  9.90000000e-02  1.55230000e+01
 -3.66905799e+03  3.80323200e+03  9.90000000e-02  1.55190000e+01
 -3.66905799e+03  3.80323200e+03  9.90000000e-02  1.55190000e+01
 -3.66905799e+03  3.80323200e+03  9.90000000e-02  1.55190000e+01
 -3.67343924e+03  3.80126400e+03  9.90000000e-02  1.55720000e+01
 -3.67574092e+03  3.80269100e+03  9.90000000e-02  1.57070000e+01
 -3.67574966e+03  3.80434500e+03  9.90000000e-02  1.56800000e+01
 -3.67574966e+03  3.80434500e+03  9.90000000e-02  1.56800000e+01
 -3.67755432e+03  3.80799800e+03  9.80000000e-02  1.56270000e+01
 -3.67755432e+03  3.80799800e+03  9.80000000e-02  1.56270000e+01
 -3.67755432e+03  3.80799800e+03  9.80000000e-02  1.56270000e+01
 -3.67722390e+03  3.80679800e+03  9.80000000e-02  1.55930000e+01
 -3.67797256e+03  3.80581400e+03  9.80000000e-02  1.56860000e+01
 -3.67797256e+03  3.80581400e+03  9.80000000e-02  1.56860000e+01
 -3.67797256e+03  3.80581400e+03  9.80000000e-02  1.56860000e+01
 -3.67797256e+03  3.80581400e+03  9.80000000e-02  1.56860000e+01
 -3.67797256e+03  3.80581400e+03  9.80000000e-02  1.56860000e+01
 -3.67797256e+03  3.80581400e+03  9.80000000e-02  1.56860000e+01
 -3.67797256e+03  3.80581400e+03  9.80000000e-02  1.56860000e+01
 -3.67797256e+03  3.80581400e+03  9.80000000e-02  1.56860000e+01
 -3.67797256e+03  3.80581400e+03  9.80000000e-02  1.56860000e+01
 -3.67797256e+03  3.80581400e+03  9.80000000e-02  1.56860000e+01
 -3.67797256e+03  3.80581400e+03  9.80000000e-02  1.56860000e+01
 -3.67797256e+03  3.80581400e+03  9.80000000e-02  1.56860000e+01
 -3.67797256e+03  3.80581400e+03  9.80000000e-02  1.56860000e+01
 -3.67828316e+03  3.80694800e+03  9.80000000e-02  1.56740000e+01
 -3.67828316e+03  3.80694800e+03  9.80000000e-02  1.56740000e+01
 -3.68028262e+03  3.80739200e+03  9.80000000e-02  1.56740000e+01
 -3.68028262e+03  3.80739200e+03  9.80000000e-02  1.56740000e+01
 -3.68028262e+03  3.80739200e+03  9.80000000e-02  1.56740000e+01
 -3.68028262e+03  3.80739200e+03  9.80000000e-02  1.56740000e+01
 -3.68028262e+03  3.80739200e+03  9.80000000e-02  1.56740000e+01
 -3.68028262e+03  3.80739200e+03  9.80000000e-02  1.56740000e+01
 -3.68028262e+03  3.80739200e+03  9.80000000e-02  1.56740000e+01
 -3.68028262e+03  3.80739200e+03  9.80000000e-02  1.56740000e+01
 -3.68028262e+03  3.80739200e+03  9.80000000e-02  1.56740000e+01
 -3.68028262e+03  3.80739200e+03  9.80000000e-02  1.56740000e+01
 -3.69446581e+03  3.80673300e+03  9.80000000e-02  1.57370000e+01
 -3.69446581e+03  3.80673300e+03  9.80000000e-02  1.57370000e+01
 -3.69446581e+03  3.80673300e+03  9.80000000e-02  1.57370000e+01
 -3.69446581e+03  3.80673300e+03  9.80000000e-02  1.57370000e+01
 -3.69444762e+03  3.80694900e+03  9.80000000e-02  1.57420000e+01
 -3.70282064e+03  3.80672200e+03  9.80000000e-02  1.57650000e+01
 -3.70873128e+03  3.80288400e+03  9.80000000e-02  1.57920000e+01
 -3.70873128e+03  3.80288400e+03  9.80000000e-02  1.57920000e+01
 -3.71083184e+03  3.80475400e+03  9.80000000e-02  1.57900000e+01
 -3.71318830e+03  3.80586600e+03  9.80000000e-02  1.56790000e+01
 -3.71318830e+03  3.80586600e+03  9.80000000e-02  1.56790000e+01
 -3.71323693e+03  3.80610400e+03  9.80000000e-02  1.56460000e+01
 -3.71323693e+03  3.80610400e+03  9.80000000e-02  1.56460000e+01
 -3.71323693e+03  3.80610400e+03  9.80000000e-02  1.56460000e+01
 -3.71323693e+03  3.80610400e+03  9.80000000e-02  1.56460000e+01
 -3.71323693e+03  3.80610400e+03  9.80000000e-02  1.56460000e+01
 -3.71323693e+03  3.80610400e+03  9.80000000e-02  1.56460000e+01
 -3.71323693e+03  3.80610400e+03  9.80000000e-02  1.56460000e+01
 -3.71323693e+03  3.80610400e+03  9.80000000e-02  1.56460000e+01
 -3.71323693e+03  3.80610400e+03  9.80000000e-02  1.56460000e+01
 -3.71323693e+03  3.80610400e+03  9.80000000e-02  1.56460000e+01
 -3.71323693e+03  3.80610400e+03  9.80000000e-02  1.56460000e+01
 -3.71332773e+03  3.80752000e+03  9.90000000e-02  1.56370000e+01
 -3.71332773e+03  3.80752000e+03  9.90000000e-02  1.56370000e+01
 -3.71332773e+03  3.80752000e+03  9.90000000e-02  1.56370000e+01
 -3.71332773e+03  3.80752000e+03  9.90000000e-02  1.56370000e+01
 -3.71436928e+03  3.80773700e+03  9.90000000e-02  1.56190000e+01
 -3.71436928e+03  3.80773700e+03  9.90000000e-02  1.56190000e+01
 -3.71463466e+03  3.80698000e+03  9.80000000e-02  1.56150000e+01
 -3.71463466e+03  3.80698000e+03  9.80000000e-02  1.56150000e+01
 -3.71463466e+03  3.80698000e+03  9.80000000e-02  1.56150000e+01
 -3.71463466e+03  3.80698000e+03  9.80000000e-02  1.56150000e+01
 -3.71463466e+03  3.80698000e+03  9.80000000e-02  1.56150000e+01
 -3.71463466e+03  3.80698000e+03  9.80000000e-02  1.56150000e+01
 -3.71463466e+03  3.80698000e+03  9.80000000e-02  1.56150000e+01
 -3.71463466e+03  3.80698000e+03  9.80000000e-02  1.56150000e+01
 -3.71463466e+03  3.80698000e+03  9.80000000e-02  1.56150000e+01
 -3.71463466e+03  3.80698000e+03  9.80000000e-02  1.56150000e+01
 -3.71463466e+03  3.80698000e+03  9.80000000e-02  1.56150000e+01
 -3.71463466e+03  3.80698000e+03  9.80000000e-02  1.56150000e+01
 -3.71463466e+03  3.80698000e+03  9.80000000e-02  1.56150000e+01
 -3.71463466e+03  3.80698000e+03  9.80000000e-02  1.56150000e+01
 -3.71463466e+03  3.80698000e+03  9.80000000e-02  1.56150000e+01
 -3.71463466e+03  3.80698000e+03  9.80000000e-02  1.56150000e+01
 -3.71563069e+03  3.80676400e+03  9.70000000e-02  1.56530000e+01
 -3.71563069e+03  3.80676400e+03  9.70000000e-02  1.56530000e+01
 -3.71563069e+03  3.80676400e+03  9.70000000e-02  1.56530000e+01
 -3.71560986e+03  3.80511000e+03  9.70000000e-02  1.56950000e+01
 -3.71560986e+03  3.80511000e+03  9.70000000e-02  1.56950000e+01
 -3.71560986e+03  3.80511000e+03  9.70000000e-02  1.56950000e+01
 -3.71560986e+03  3.80511000e+03  9.70000000e-02  1.56950000e+01
 -3.71560986e+03  3.80511000e+03  9.70000000e-02  1.56950000e+01
 -3.71560986e+03  3.80511000e+03  9.70000000e-02  1.56950000e+01
 -3.71589195e+03  3.80435300e+03  9.70000000e-02  1.56960000e+01
 -3.71589195e+03  3.80435300e+03  9.70000000e-02  1.56960000e+01
 -3.71589195e+03  3.80435300e+03  9.70000000e-02  1.56960000e+01
 -3.71589195e+03  3.80435300e+03  9.70000000e-02  1.56960000e+01
 -3.72375724e+03  3.80667700e+03  9.70000000e-02  1.56170000e+01
 -3.72375724e+03  3.80667700e+03  9.70000000e-02  1.56170000e+01
 -3.72375724e+03  3.80667700e+03  9.70000000e-02  1.56170000e+01
 -3.72375724e+03  3.80667700e+03  9.70000000e-02  1.56170000e+01
 -3.72375724e+03  3.80667700e+03  9.70000000e-02  1.56170000e+01
 -3.72375724e+03  3.80667700e+03  9.70000000e-02  1.56170000e+01
 -3.72375724e+03  3.80667700e+03  9.70000000e-02  1.56170000e+01
 -3.72375724e+03  3.80667700e+03  9.70000000e-02  1.56170000e+01
 -3.72375724e+03  3.80667700e+03  9.70000000e-02  1.56170000e+01
 -3.72938323e+03  3.80569300e+03  9.70000000e-02  1.56640000e+01
 -3.72938323e+03  3.80569300e+03  9.70000000e-02  1.56640000e+01
 -3.73009116e+03  3.80604900e+03  9.70000000e-02  1.57460000e+01
 -3.73009116e+03  3.80604900e+03  9.70000000e-02  1.57460000e+01
 -3.74115620e+03  3.80716200e+03  9.70000000e-02  1.57440000e+01
 -3.74568874e+03  3.80648100e+03  9.70000000e-02  1.57520000e+01
 -3.74568874e+03  3.80648100e+03  9.70000000e-02  1.57520000e+01
 -3.74937007e+03  3.80482700e+03  9.70000000e-02  1.57550000e+01
 -3.74937007e+03  3.80482700e+03  9.70000000e-02  1.57550000e+01
 -3.74948986e+03  3.80504300e+03  9.70000000e-02  1.57550000e+01
 -3.74948986e+03  3.80504300e+03  9.70000000e-02  1.57550000e+01
 -3.74948986e+03  3.80504300e+03  9.70000000e-02  1.57550000e+01
 -3.74948986e+03  3.80504300e+03  9.70000000e-02  1.57550000e+01
 -3.74948986e+03  3.80504300e+03  9.70000000e-02  1.57550000e+01
 -3.74948986e+03  3.80504300e+03  9.70000000e-02  1.57550000e+01
 -3.74948986e+03  3.80504300e+03  9.70000000e-02  1.57550000e+01
 -3.75795152e+03  3.80287000e+03  9.70000000e-02  1.57970000e+01
 -3.75922702e+03  3.79735800e+03  9.70000000e-02  1.58600000e+01
 -3.75922702e+03  3.79735800e+03  9.70000000e-02  1.58600000e+01
 -3.75922702e+03  3.79735800e+03  9.70000000e-02  1.58600000e+01
 -3.75922702e+03  3.79735800e+03  9.70000000e-02  1.58600000e+01
 -3.76636552e+03  3.79834200e+03  9.80000000e-02  1.58400000e+01
 -3.76636552e+03  3.79834200e+03  9.80000000e-02  1.58400000e+01
 -3.76636552e+03  3.79834200e+03  9.80000000e-02  1.58400000e+01
 -3.76760066e+03  3.79856900e+03  9.80000000e-02  1.58350000e+01
 -3.76812022e+03  3.79834200e+03  9.80000000e-02  1.58550000e+01
 -3.76812022e+03  3.79834200e+03  9.80000000e-02  1.58550000e+01