-1.56455120e+03  2.57626700e+03  8.80000000e-02  2.93540000e+01
 -1.91295925e+03  2.94914500e+03  9.00000000e-02  2.36560000e+01
 -2.29082218e+03  3.20279700e+03  9.50000000e-02  1.98820000e+01
 -2.42848894e+03  3.31253000e+03  8.90000000e-02  1.81480000e+01
 -2.60346614e+03  3.41496100e+03  9.40000000e-02  1.75280000e+01
 -2.71728429e+03  3.47554300e+03  9.20000000e-02  1.66230000e+01
 -2.79897334e+03  3.51911100e+03  9.90000000e-02  1.68830000e+01
 -2.86108388e+03  3.55179800e+03  9.40000000e-02  1.72770000e+01
 -2.90977387e+03  3.55528200e+03  9.60000000e-02  1.69310000e+01
 -2.95234512e+03  3.57306900e+03  1.00000000e-01  1.77770000e+01
 -2.94815978e+03  3.60687700e+03  1.04000000e-01  1.68150000e+01
 -2.94815978e+03  3.60687700e+03  1.04000000e-01  1.68150000e+01
 -2.97059819e+03  3.62203700e+03  1.02000000e-01  1.59620000e+01
 -3.06087998e+03  3.64545000e+03  1.02000000e-01  1.58160000e+01
 -2.98439277e+03  3.62585800e+03  9.00000000e-02  1.61440000e+01
 -2.98439277e+03  3.62585800e+03  9.00000000e-02  1.61440000e+01
 -2.94752051e+03  3.62877100e+03  9.00000000e-02  1.59010000e+01
 -2.94752051e+03  3.62877100e+03  9.00000000e-02  1.59010000e+01
 -2.89024960e+03  3.62301000e+03  9.10000000e-02  1.59590000e+01
 -2.95315328e+03  3.64530200e+03  8.40000000e-02  1.60180000e+01
 -2.91512473e+03  3.65011900e+03  8.90000000e-02  1.59250000e+01
 -2.98409430e+03  3.65658000e+03  8.80000000e-02  1.59830000e+01
 -3.04696768e+03  3.67529400e+03  9.10000000e-02  1.61720000e+01
 -3.04696768e+03  3.67529400e+03  9.10000000e-02  1.61720000e+01
 -3.01022656e+03  3.65750900e+03  8.80000000e-02  1.62240000e+01
 -3.01022656e+03  3.65750900e+03  8.80000000e-02  1.62240000e+01
 -3.01022656e+03  3.65750900e+03  8.80000000e-02  1.62240000e+01
 -2.97370219e+03  3.69871500e+03  8.70000000e-02  1.53280000e+01
 -2.98998288e+03  3.68044000e+03  8.90000000e-02  1.53910000e+01
 -2.90343610e+03  3.63588200e+03  8.60000000e-02  1.56700000e+01
 -2.97808260e+03  3.66317400e+03  8.50000000e-02  1.54700000e+01
 -2.93989178e+03  3.64804200e+03  9.30000000e-02  1.61790000e+01
 -2.96435774e+03  3.64102000e+03  9.50000000e-02  1.61210000e+01
 -3.03882658e+03  3.62344400e+03  9.50000000e-02  1.64420000e+01
 -3.03596241e+03  3.64503700e+03  8.50000000e-02  1.61320000e+01
 -3.04159736e+03  3.66948700e+03  8.50000000e-02  1.63950000e+01
 -3.03158383e+03  3.67006800e+03  8.40000000e-02  1.58690000e+01
 -3.02442935e+03  3.65370000e+03  8.60000000e-02  1.64040000e+01
 -3.02442935e+03  3.65370000e+03  8.60000000e-02  1.64040000e+01
 -3.02442935e+03  3.65370000e+03  8.60000000e-02  1.64040000e+01
 -3.07100813e+03  3.67377500e+03  8.90000000e-02  1.49880000e+01
 -3.11097593e+03  3.65152900e+03  8.80000000e-02  1.59110000e+01
 -3.11097593e+03  3.65152900e+03  8.80000000e-02  1.59110000e+01
 -3.14532211e+03  3.64769100e+03  8.70000000e-02  1.59390000e+01
 -3.14532211e+03  3.64769100e+03  8.70000000e-02  1.59390000e+01
 -3.14532211e+03  3.64769100e+03  8.70000000e-02  1.59390000e+01
 -3.14532211e+03  3.64769100e+03  8.70000000e-02  1.59390000e+01
 -3.17845873e+03  3.64509000e+03  9.10000000e-02  1.69140000e+01
 -3.17845873e+03  3.64509000e+03  9.10000000e-02  1.69140000e+01
 -3.15180468e+03  3.63876700e+03  9.20000000e-02  1.65970000e+01
 -3.08567962e+03  3.65301500e+03  8.60000000e-02  1.57630000e+01
 -3.07621307e+03  3.65291700e+03  1.05000000e-01  1.53880000e+01
 -3.12080214e+03  3.65673300e+03  8.70000000e-02  1.56750000e+01
 -3.15751676e+03  3.62870600e+03  1.15000000e-01  1.66000000e+01
 -3.15751676e+03  3.62870600e+03  1.15000000e-01  1.66000000e+01
 -3.15751676e+03  3.62870600e+03  1.15000000e-01  1.66000000e+01
 -3.13279981e+03  3.61624300e+03  1.11000000e-01  1.66840000e+01
 -3.13279981e+03  3.61624300e+03  1.11000000e-01  1.66840000e+01
 -3.07077563e+03  3.61247300e+03  1.01000000e-01  1.64610000e+01
 -3.07077563e+03  3.61247300e+03  1.01000000e-01  1.64610000e+01
 -3.14712744e+03  3.63195400e+03  1.00000000e-01  1.63130000e+01
 -3.13344696e+03  3.64434600e+03  9.70000000e-02  1.67130000e+01
 -3.13344696e+03  3.64434600e+03  9.70000000e-02  1.67130000e+01
 -3.13344696e+03  3.64434600e+03  9.70000000e-02  1.67130000e+01
 -3.08606875e+03  3.64756600e+03  8.90000000e-02  1.62970000e+01
 -3.08606875e+03  3.64756600e+03  8.90000000e-02  1.62970000e+01
 -3.08606875e+03  3.64756600e+03  8.90000000e-02  1.62970000e+01
 -3.09780618e+03  3.62886100e+03  9.20000000e-02  1.65050000e+01
 -3.09923548e+03  3.64856300e+03  9.90000000e-02  1.60030000e+01
 -3.09923548e+03  3.64856300e+03  9.90000000e-02  1.60030000e+01
 -3.09923548e+03  3.64856300e+03  9.90000000e-02  1.60030000e+01
 -3.09923548e+03  3.64856300e+03  9.90000000e-02  1.60030000e+01
 -3.09923548e+03  3.64856300e+03  9.90000000e-02  1.60030000e+01
 -3.14515437e+03  3.65873000e+03  9.40000000e-02  1.62610000e+01
 -3.14515437e+03  3.65873000e+03  9.40000000e-02  1.62610000e+01
 -3.14515437e+03  3.65873000e+03  9.40000000e-02  1.62610000e+01
 -3.12557294e+03  3.67327700e+03  8.90000000e-02  1.59310000e+01
 -3.06066694e+03  3.65123400e+03  1.02000000e-01  1.61510000e+01
 -3.07836236e+03  3.65053100e+03  9.20000000e-02  1.65560000e+01
 -3.05749810e+03  3.64439000e+03  9.70000000e-02  1.66570000e+01
 -3.07208594e+03  3.64219600e+03  9.60000000e-02  1.65980000e+01
 -3.05103130e+03  3.63705200e+03  9.60000000e-02  1.66850000e+01
 -3.07595583e+03  3.63787300e+03  9.70000000e-02  1.68080000e+01
 -3.07595583e+03  3.63787300e+03  9.70000000e-02  1.68080000e+01
 -3.07595583e+03  3.63787300e+03  9.70000000e-02  1.68080000e+01
 -3.09894909e+03  3.64695100e+03  9.70000000e-02  1.69940000e+01
 -3.08047960e+03  3.64847600e+03  9.70000000e-02  1.71550000e+01
 -3.08213232e+03  3.65692900e+03  9.70000000e-02  1.69150000e+01
 -3.08020752e+03  3.65084500e+03  9.70000000e-02  1.69550000e+01
 -3.08398050e+03  3.65736400e+03  9.70000000e-02  1.68540000e+01
 -3.08398050e+03  3.65736400e+03  9.70000000e-02  1.68540000e+01
 -3.09871225e+03  3.66523400e+03  9.70000000e-02  1.69640000e+01
 -3.09379454e+03  3.66684300e+03  9.70000000e-02  1.69530000e+01
 -3.10812136e+03  3.66162200e+03  9.70000000e-02  1.68420000e+01
 -3.12551516e+03  3.66402200e+03  9.70000000e-02  1.69080000e+01
 -3.11505539e+03  3.65906200e+03  9.70000000e-02  1.68400000e+01
 -3.12495968e+03  3.66233500e+03  9.70000000e-02  1.67800000e+01
 -3.12495968e+03  3.66233500e+03  9.70000000e-02  1.67800000e+01
 -3.12495968e+03  3.66233500e+03  9.70000000e-02  1.67800000e+01
 -3.12400115e+03  3.66804300e+03  9.70000000e-02  1.66050000e+01
 -3.12400115e+03  3.66804300e+03  9.70000000e-02  1.66050000e+01
 -3.13828778e+03  3.67179400e+03  9.70000000e-02  1.63770000e+01
 -3.13828778e+03  3.67179400e+03  9.70000000e-02  1.63770000e+01
 -3.13906900e+03  3.67122000e+03  9.70000000e-02  1.66180000e+01
 -3.13757875e+03  3.66992300e+03  9.70000000e-02  1.67940000e+01
 -3.13757875e+03  3.66992300e+03  9.70000000e-02  1.67940000e+01
 -3.12132552e+03  3.67054000e+03  9.70000000e-02  1.65290000e+01
 -3.10647221e+03  3.67142600e+03  9.70000000e-02  1.63810000e+01
 -3.11784832e+03  3.67158800e+03  9.70000000e-02  1.64960000e+01
 -3.11784832e+03  3.67158800e+03  9.70000000e-02  1.64960000e+01
 -3.08301414e+03  3.66527800e+03  9.70000000e-02  1.65890000e+01
 -3.08796527e+03  3.67296400e+03  9.70000000e-02  1.61320000e+01
 -3.11883426e+03  3.67407600e+03  9.70000000e-02  1.61210000e+01
 -3.11883426e+03  3.67407600e+03  9.70000000e-02  1.61210000e+01
 -3.12172234e+03  3.67411900e+03  9.70000000e-02  1.60860000e+01
 -3.11814753e+03  3.66317900e+03  9.70000000e-02  1.61340000e+01
 -3.12636612e+03  3.65732100e+03  9.60000000e-02  1.62290000e+01
 -3.12636612e+03  3.65732100e+03  9.60000000e-02  1.62290000e+01
 -3.14575054e+03  3.65453100e+03  9.60000000e-02  1.65880000e+01
 -3.14296359e+03  3.66169500e+03  9.60000000e-02  1.66400000e+01
 -3.15915505e+03  3.66981300e+03  9.60000000e-02  1.64640000e+01
 -3.15915505e+03  3.66981300e+03  9.60000000e-02  1.64640000e+01
 -3.16116288e+03  3.67447000e+03  9.60000000e-02  1.62240000e+01
 -3.13771878e+03  3.67679400e+03  9.60000000e-02  1.60860000e+01
 -3.13771878e+03  3.67679400e+03  9.60000000e-02  1.60860000e+01
 -3.13771878e+03  3.67679400e+03  9.60000000e-02  1.60860000e+01
 -3.13329259e+03  3.66864400e+03  9.60000000e-02  1.62280000e+01
 -3.12814409e+03  3.66912100e+03  9.70000000e-02  1.62560000e+01
 -3.10734187e+03  3.67650300e+03  9.70000000e-02  1.60980000e+01
 -3.11086527e+03  3.67705500e+03  9.70000000e-02  1.59800000e+01
 -3.10508436e+03  3.67488100e+03  9.70000000e-02  1.58830000e+01
 -3.10508436e+03  3.67488100e+03  9.70000000e-02  1.58830000e+01
 -3.11100656e+03  3.67046100e+03  9.70000000e-02  1.60040000e+01
 -3.10018299e+03  3.67408300e+03  9.70000000e-02  1.57840000e+01
 -3.13770974e+03  3.69161500e+03  9.70000000e-02  1.56710000e+01
 -3.10879671e+03  3.68865300e+03  9.80000000e-02  1.56610000e+01
 -3.08961676e+03  3.69575400e+03  9.70000000e-02  1.53330000e+01
 -3.08312350e+03  3.68894400e+03  9.70000000e-02  1.53330000e+01
 -3.10366201e+03  3.69895200e+03  9.70000000e-02  1.51780000e+01
 -3.10366201e+03  3.69895200e+03  9.70000000e-02  1.51780000e+01
 -3.10366201e+03  3.69895200e+03  9.70000000e-02  1.51780000e+01
 -3.10165897e+03  3.69893100e+03  9.70000000e-02  1.51500000e+01
 -3.10165897e+03  3.69893100e+03  9.70000000e-02  1.51500000e+01
 -3.10448521e+03  3.68359200e+03  9.70000000e-02  1.53890000e+01
 -3.09397005e+03  3.68682400e+03  9.80000000e-02  1.49450000e+01
 -3.07252788e+03  3.69121500e+03  1.03000000e-01  1.48190000e+01
 -3.09036540e+03  3.68792900e+03  1.04000000e-01  1.50350000e+01
 -3.09361845e+03  3.69328100e+03  1.03000000e-01  1.49390000e+01
 -3.08289663e+03  3.69238300e+03  1.06000000e-01  1.50160000e+01
 -3.09965213e+03  3.70155900e+03  1.02000000e-01  1.50250000e+01
 -3.09965213e+03  3.70155900e+03  1.02000000e-01  1.50250000e+01
 -3.09489310e+03  3.70302800e+03  1.01000000e-01  1.49160000e+01
 -3.10597348e+03  3.69502900e+03  1.02000000e-01  1.52120000e+01
 -3.10597348e+03  3.69502900e+03  1.02000000e-01  1.52120000e+01
 -3.10597348e+03  3.69502900e+03  1.02000000e-01  1.52120000e+01
 -3.11992784e+03  3.69268200e+03  1.01000000e-01  1.51700000e+01
 -3.10891163e+03  3.69175200e+03  9.90000000e-02  1.50920000e+01
 -3.10891163e+03  3.69175200e+03  9.90000000e-02  1.50920000e+01
 -3.12311274e+03  3.69815100e+03  9.90000000e-02  1.50260000e+01
 -3.15388224e+03  3.69339400e+03  9.50000000e-02  1.53560000e+01
 -3.15388224e+03  3.69339400e+03  9.50000000e-02  1.53560000e+01
 -3.15388224e+03  3.69339400e+03  9.50000000e-02  1.53560000e+01
 -3.15388224e+03  3.69339400e+03  9.50000000e-02  1.53560000e+01
 -3.14890656e+03  3.68888600e+03  9.60000000e-02  1.57700000e+01
 -3.16265498e+03  3.68441100e+03  9.70000000e-02  1.59840000e+01
 -3.16378627e+03  3.69097200e+03  9.30000000e-02  1.58610000e+01
 -3.16378627e+03  3.69097200e+03  9.30000000e-02  1.58610000e+01
 -3.16050776e+03  3.69586800e+03  9.30000000e-02  1.58040000e+01
 -3.16050776e+03  3.69586800e+03  9.30000000e-02  1.58040000e+01
 -3.17083761e+03  3.69756400e+03  9.30000000e-02  1.58690000e+01
 -3.17083761e+03  3.69756400e+03  9.30000000e-02  1.58690000e+01
 -3.17083761e+03  3.69756400e+03  9.30000000e-02  1.58690000e+01
 -3.19108145e+03  3.70085000e+03  9.20000000e-02  1.61100000e+01
 -3.19108145e+03  3.70085000e+03  9.20000000e-02  1.61100000e+01
 -3.19104033e+03  3.69686100e+03  9.40000000e-02  1.64980000e+01
 -3.19104033e+03  3.69686100e+03  9.40000000e-02  1.64980000e+01
 -3.18754111e+03  3.69684000e+03  9.30000000e-02  1.63990000e+01
 -3.18754111e+03  3.69684000e+03  9.30000000e-02  1.63990000e+01
 -3.18754111e+03  3.69684000e+03  9.30000000e-02  1.63990000e+01
 -3.19440400e+03  3.69655900e+03  9.30000000e-02  1.63320000e+01
 -3.17360137e+03  3.68483100e+03  9.20000000e-02  1.63250000e+01
 -3.17392762e+03  3.67822600e+03  9.40000000e-02  1.65430000e+01
 -3.18287932e+03  3.68343600e+03  9.40000000e-02  1.65290000e+01
 -3.18287932e+03  3.68343600e+03  9.40000000e-02  1.65290000e+01
 -3.18287932e+03  3.68343600e+03  9.40000000e-02  1.65290000e+01
 -3.18287932e+03  3.68343600e+03  9.40000000e-02  1.65290000e+01
 -3.18225666e+03  3.68250600e+03  9.30000000e-02  1.66100000e+01
 -3.18225666e+03  3.68250600e+03  9.30000000e-02  1.66100000e+01
 -3.19401922e+03  3.68078600e+03  9.20000000e-02  1.66280000e+01
 -3.19401922e+03  3.68078600e+03  9.20000000e-02  1.66280000e+01
 -3.19629684e+03  3.69865500e+03  9.10000000e-02  1.63580000e+01
 -3.19352683e+03  3.69890400e+03  9.20000000e-02  1.63300000e+01
 -3.19352683e+03  3.69890400e+03  9.20000000e-02  1.63300000e+01
 -3.19352683e+03  3.69890400e+03  9.20000000e-02  1.63300000e+01
 -3.19352683e+03  3.69890400e+03  9.20000000e-02  1.63300000e+01
 -3.19964289e+03  3.70445000e+03  9.20000000e-02  1.62010000e+01
 -3.19964289e+03  3.70445000e+03  9.20000000e-02  1.62010000e+01
 -3.19964289e+03  3.70445000e+03  9.20000000e-02  1.62010000e+01
 -3.19964289e+03  3.70445000e+03  9.20000000e-02  1.62010000e+01
 -3.19964289e+03  3.70445000e+03  9.20000000e-02  1.62010000e+01
 -3.20926703e+03  3.70109800e+03  9.20000000e-02  1.62250000e+01
 -3.19016667e+03  3.69318600e+03  9.20000000e-02  1.62360000e+01
 -3.19016667e+03  3.69318600e+03  9.20000000e-02  1.62360000e+01
 -3.18302240e+03  3.68705800e+03  9.10000000e-02  1.60750000e+01
 -3.18302240e+03  3.68705800e+03  9.10000000e-02  1.60750000e+01
 -3.19885025e+03  3.67936200e+03  9.20000000e-02  1.61360000e+01
 -3.21373633e+03  3.68343700e+03  9.10000000e-02  1.58930000e+01
 -3.21229273e+03  3.68617200e+03  9.00000000e-02  1.58050000e+01
 -3.22942443e+03  3.67803300e+03  9.00000000e-02  1.59440000e+01
 -3.22942443e+03  3.67803300e+03  9.00000000e-02  1.59440000e+01
 -3.22174153e+03  3.67631300e+03  9.00000000e-02  1.60830000e+01
 -3.22174153e+03  3.67631300e+03  9.00000000e-02  1.60830000e+01
 -3.22174153e+03  3.67631300e+03  9.00000000e-02  1.60830000e+01
 -3.21408408e+03  3.68602100e+03  9.00000000e-02  1.56420000e+01
 -3.21408408e+03  3.68602100e+03  9.00000000e-02  1.56420000e+01
 -3.21313808e+03  3.69055900e+03  8.90000000e-02  1.56570000e+01
 -3.21313808e+03  3.69055900e+03  8.90000000e-02  1.56570000e+01
 -3.21313808e+03  3.69055900e+03  8.90000000e-02  1.56570000e+01
 -3.21313808e+03  3.69055900e+03  8.90000000e-02  1.56570000e+01
 -3.21038021e+03  3.68572600e+03  8.90000000e-02  1.57250000e+01
 -3.21038021e+03  3.68572600e+03  8.90000000e-02  1.57250000e+01
 -3.21246929e+03  3.69329400e+03  8.80000000e-02  1.55970000e+01
 -3.21913698e+03  3.70494600e+03  8.70000000e-02  1.54120000e+01
 -3.21913698e+03  3.70494600e+03  8.70000000e-02  1.54120000e+01
 -3.20544893e+03  3.69592200e+03  8.60000000e-02  1.55490000e+01
 -3.20544893e+03  3.69592200e+03  8.60000000e-02  1.55490000e+01
 -3.20544893e+03  3.69592200e+03  8.60000000e-02  1.55490000e+01
 -3.20544893e+03  3.69592200e+03  8.60000000e-02  1.55490000e+01
 -3.19803110e+03  3.69793100e+03  8.70000000e-02  1.54930000e+01
 -3.19803110e+03  3.69793100e+03  8.70000000e-02  1.54930000e+01
 -3.19803110e+03  3.69793100e+03  8.70000000e-02  1.54930000e+01
 -3.19803110e+03  3.69793100e+03  8.70000000e-02  1.54930000e+01
 -3.19834104e+03  3.69500100e+03  8.70000000e-02  1.55140000e+01
 -3.20367269e+03  3.69799600e+03  8.70000000e-02  1.54810000e+01
 -3.20367269e+03  3.69799600e+03  8.70000000e-02  1.54810000e+01
 -3.21068242e+03  3.70055800e+03  8.30000000e-02  1.53400000e+01
 -3.21068242e+03  3.70055800e+03  8.30000000e-02  1.53400000e+01
 -3.20528501e+03  3.69544400e+03  8.30000000e-02  1.53710000e+01
 -3.20528501e+03  3.69544400e+03  8.30000000e-02  1.53710000e+01
 -3.20410741e+03  3.69597300e+03  8.30000000e-02  1.54940000e+01
 -3.21770084e+03  3.70039400e+03  8.50000000e-02  1.53140000e+01
 -3.21584501e+03  3.69395200e+03  8.50000000e-02  1.56630000e+01
 -3.22558414e+03  3.70820800e+03  8.30000000e-02  1.52990000e+01
 -3.22712034e+03  3.70890900e+03  8.20000000e-02  1.53390000e+01
 -3.22712034e+03  3.70890900e+03  8.20000000e-02  1.53390000e+01
 -3.22712034e+03  3.70890900e+03  8.20000000e-02  1.53390000e+01
 -3.23999913e+03  3.70389300e+03  8.20000000e-02  1.52620000e+01
 -3.23999913e+03  3.70389300e+03  8.20000000e-02  1.52620000e+01
 -3.23999913e+03  3.70389300e+03  8.20000000e-02  1.52620000e+01
 -3.23999913e+03  3.70389300e+03  8.20000000e-02  1.52620000e+01
 -3.23999913e+03  3.70389300e+03  8.20000000e-02  1.52620000e+01
 -3.23999913e+03  3.70389300e+03  8.20000000e-02  1.52620000e+01
 -3.23999913e+03  3.70389300e+03  8.20000000e-02  1.52620000e+01
 -3.27873277e+03  3.72821400e+03  8.20000000e-02  1.51470000e+01
 -3.27873277e+03  3.72821400e+03  8.20000000e-02  1.51470000e+01
 -3.27873277e+03  3.72821400e+03  8.20000000e-02  1.51470000e+01
 -3.27873277e+03  3.72821400e+03  8.20000000e-02  1.51470000e+01
 -3.29060574e+03  3.73125200e+03  8.20000000e-02  1.50930000e+01
 -3.29060574e+03  3.73125200e+03  8.20000000e-02  1.50930000e+01
 -3.29060574e+03  3.73125200e+03  8.20000000e-02  1.50930000e+01
 -3.29060574e+03  3.73125200e+03  8.20000000e-02  1.50930000e+01
 -3.29312569e+03  3.72223600e+03  8.20000000e-02  1.53920000e+01
 -3.28606233e+03  3.71583800e+03  8.20000000e-02  1.56000000e+01
 -3.28606233e+03  3.71583800e+03  8.20000000e-02  1.56000000e+01
 -3.28606233e+03  3.71583800e+03  8.20000000e-02  1.56000000e+01
 -3.28606233e+03  3.71583800e+03  8.20000000e-02  1.56000000e+01
 -3.28606233e+03  3.71583800e+03  8.20000000e-02  1.56000000e+01
 -3.28606233e+03  3.71583800e+03  8.20000000e-02  1.56000000e+01
 -3.30219449e+03  3.70835800e+03  8.20000000e-02  1.55090000e+01
 -3.30219449e+03  3.70835800e+03  8.20000000e-02  1.55090000e+01
 -3.30219449e+03  3.70835800e+03  8.20000000e-02  1.55090000e+01
 -3.30219449e+03  3.70835800e+03  8.20000000e-02  1.55090000e+01
 -3.30219449e+03  3.70835800e+03  8.20000000e-02  1.55090000e+01
 -3.30219449e+03  3.70835800e+03  8.20000000e-02  1.55090000e+01
 -3.30219449e+03  3.70835800e+03  8.20000000e-02  1.55090000e+01
 -3.30219449e+03  3.70835800e+03  8.20000000e-02  1.55090000e+01
 -3.30219449e+03  3.70835800e+03  8.20000000e-02  1.55090000e+01
 -3.30219449e+03  3.70835800e+03  8.20000000e-02  1.55090000e+01
 -3.30219449e+03  3.70835800e+03  8.20000000e-02  1.55090000e+01
 -3.31544128e+03  3.71846400e+03  8.40000000e-02  1.52570000e+01
 -3.31544128e+03  3.71846400e+03  8.40000000e-02  1.52570000e+01
 -3.31544128e+03  3.71846400e+03  8.40000000e-02  1.52570000e+01
 -3.31544128e+03  3.71846400e+03  8.40000000e-02  1.52570000e+01
 -3.31544128e+03  3.71846400e+03  8.40000000e-02  1.52570000e+01
 -3.31544128e+03  3.71846400e+03  8.40000000e-02  1.52570000e+01
 -3.31393093e+03  3.72002100e+03  8.30000000e-02  1.54270000e+01
 -3.31393093e+03  3.72002100e+03  8.30000000e-02  1.54270000e+01
 -3.31393093e+03  3.72002100e+03  8.30000000e-02  1.54270000e+01
 -3.31393093e+03  3.72002100e+03  8.30000000e-02  1.54270000e+01
 -3.31393093e+03  3.72002100e+03  8.30000000e-02  1.54270000e+01
 -3.31393093e+03  3.72002100e+03  8.30000000e-02  1.54270000e+01
 -3.31224014e+03  3.70471700e+03  8.30000000e-02  1.55610000e+01
 -3.31329863e+03  3.70754800e+03  8.30000000e-02  1.55150000e+01
 -3.31329863e+03  3.70754800e+03  8.30000000e-02  1.55150000e+01
 -3.31329863e+03  3.70754800e+03  8.30000000e-02  1.55150000e+01
 -3.31329863e+03  3.70754800e+03  8.30000000e-02  1.55150000e+01
 -3.31329863e+03  3.70754800e+03  8.30000000e-02  1.55150000e+01
 -3.31329863e+03  3.70754800e+03  8.30000000e-02  1.55150000e+01
 -3.31329863e+03  3.70754800e+03  8.30000000e-02  1.55150000e+01
 -3.31329863e+03  3.70754800e+03  8.30000000e-02  1.55150000e+01
 -3.32593503e+03  3.70967900e+03  8.40000000e-02  1.55880000e+01
 -3.32593503e+03  3.70967900e+03  8.40000000e-02  1.55880000e+01
 -3.32593503e+03  3.70967900e+03  8.40000000e-02  1.55880000e+01
 -3.32593503e+03  3.70967900e+03  8.40000000e-02  1.55880000e+01
 -3.32593503e+03  3.70967900e+03  8.40000000e-02  1.55880000e+01
 -3.33497527e+03  3.71096500e+03  8.40000000e-02  1.55740000e+01
 -3.33486371e+03  3.71547300e+03  8.40000000e-02  1.54160000e+01
 -3.33486371e+03  3.71547300e+03  8.40000000e-02  1.54160000e+01
 -3.36157453e+03  3.71742800e+03  8.40000000e-02  1.57540000e+01
 -3.35785355e+03  3.72470400e+03  8.30000000e-02  1.52750000e+01
 -3.35785355e+03  3.72470400e+03  8.30000000e-02  1.52750000e+01
 -3.35785355e+03  3.72470400e+03  8.30000000e-02  1.52750000e+01
 -3.35785355e+03  3.72470400e+03  8.30000000e-02  1.52750000e+01
 -3.35785355e+03  3.72470400e+03  8.30000000e-02  1.52750000e+01
 -3.35785355e+03  3.72470400e+03  8.30000000e-02  1.52750000e+01
 -3.37282713e+03  3.72714800e+03  8.30000000e-02  1.54950000e+01
 -3.37282713e+03  3.72714800e+03  8.30000000e-02  1.54950000e+01
 -3.37282713e+03  3.72714800e+03  8.30000000e-02  1.54950000e+01
 -3.39010723e+03  3.73202400e+03  8.30000000e-02  1.57610000e+01
 -3.39010723e+03  3.73202400e+03  8.30000000e-02  1.57610000e+01
 -3.39010723e+03  3.73202400e+03  8.30000000e-02  1.57610000e+01
 -3.39766012e+03  3.73197900e+03  8.30000000e-02  1.60490000e+01
 -3.39766012e+03  3.73197900e+03  8.30000000e-02  1.60490000e+01
 -3.39766012e+03  3.73197900e+03  8.30000000e-02  1.60490000e+01
 -3.39766012e+03  3.73197900e+03  8.30000000e-02  1.60490000e+01
 -3.38699715e+03  3.72667200e+03  8.40000000e-02  1.62550000e+01
 -3.38699715e+03  3.72667200e+03  8.40000000e-02  1.62550000e+01
 -3.38699715e+03  3.72667200e+03  8.40000000e-02  1.62550000e+01
 -3.38765897e+03  3.71634800e+03  8.40000000e-02  1.62940000e+01
 -3.38765897e+03  3.71634800e+03  8.40000000e-02  1.62940000e+01
 -3.38765897e+03  3.71634800e+03  8.40000000e-02  1.62940000e+01
 -3.38765897e+03  3.71634800e+03  8.40000000e-02  1.62940000e+01
 -3.38765897e+03  3.71634800e+03  8.40000000e-02  1.62940000e+01
 -3.38765897e+03  3.71634800e+03  8.40000000e-02  1.62940000e+01
 -3.38765897e+03  3.71634800e+03  8.40000000e-02  1.62940000e+01
 -3.38858403e+03  3.71366600e+03  8.40000000e-02  1.66080000e+01
 -3.38858403e+03  3.71366600e+03  8.40000000e-02  1.66080000e+01
 -3.38858403e+03  3.71366600e+03  8.40000000e-02  1.66080000e+01
 -3.38858403e+03  3.71366600e+03  8.40000000e-02  1.66080000e+01
 -3.38858403e+03  3.71366600e+03  8.40000000e-02  1.66080000e+01
 -3.38858403e+03  3.71366600e+03  8.40000000e-02  1.66080000e+01
 -3.40006655e+03  3.72192300e+03  8.40000000e-02  1.67550000e+01
 -3.40006655e+03  3.72192300e+03  8.40000000e-02  1.67550000e+01
 -3.40006655e+03  3.72192300e+03  8.40000000e-02  1.67550000e+01
 -3.39957697e+03  3.71935900e+03  8.30000000e-02  1.67780000e+01
 -3.39957697e+03  3.71935900e+03  8.30000000e-02  1.67780000e+01
 -3.39693207e+03  3.72109000e+03  8.30000000e-02  1.66290000e+01
 -3.39693207e+03  3.72109000e+03  8.30000000e-02  1.66290000e+01
 -3.39693207e+03  3.72109000e+03  8.30000000e-02  1.66290000e+01
 -3.39693207e+03  3.72109000e+03  8.30000000e-02  1.66290000e+01
 -3.39693207e+03  3.72109000e+03  8.30000000e-02  1.66290000e+01
 -3.42424464e+03  3.73105700e+03  8.40000000e-02  1.65070000e+01
 -3.42424464e+03  3.73105700e+03  8.40000000e-02  1.65070000e+01
 -3.42424464e+03  3.73105700e+03  8.40000000e-02  1.65070000e+01
 -3.42424464e+03  3.73105700e+03  8.40000000e-02  1.65070000e+01
 -3.42424464e+03  3.73105700e+03  8.40000000e-02  1.65070000e+01
 -3.42424464e+03  3.73105700e+03  8.40000000e-02  1.65070000e+01
 -3.42424464e+03  3.73105700e+03  8.40000000e-02  1.65070000e+01
 -3.43689628e+03  3.73714300e+03  8.50000000e-02  1.63200000e+01
 -3.47388846e+03  3.75453300e+03  8.70000000e-02  1.63850000e+01
 -3.47388846e+03  3.75453300e+03  8.70000000e-02  1.63850000e+01
 -3.47388846e+03  3.75453300e+03  8.70000000e-02  1.63850000e+01
 -3.47388846e+03  3.75453300e+03  8.70000000e-02  1.63850000e+01
 -3.47388846e+03  3.75453300e+03  8.70000000e-02  1.63850000e+01
 -3.47388846e+03  3.75453300e+03  8.70000000e-02  1.63850000e+01
 -3.48112208e+03  3.77294100e+03  8.60000000e-02  1.61260000e+01
 -3.48112208e+03  3.77294100e+03  8.60000000e-02  1.61260000e+01
 -3.48112208e+03  3.77294100e+03  8.60000000e-02  1.61260000e+01
 -3.48940550e+03  3.77758700e+03  8.60000000e-02  1.57250000e+01
 -3.48940550e+03  3.77758700e+03  8.60000000e-02  1.57250000e+01
 -3.48940550e+03  3.77758700e+03  8.60000000e-02  1.57250000e+01
 -3.48940550e+03  3.77758700e+03  8.60000000e-02  1.57250000e+01
 -3.48940550e+03  3.77758700e+03  8.60000000e-02  1.57250000e+01
 -3.48940550e+03  3.77758700e+03  8.60000000e-02  1.57250000e+01
 -3.48940550e+03  3.77758700e+03  8.60000000e-02  1.57250000e+01
 -3.48940550e+03  3.77758700e+03  8.60000000e-02  1.57250000e+01
 -3.48940550e+03  3.77758700e+03  8.60000000e-02  1.57250000e+01
 -3.48940550e+03  3.77758700e+03  8.60000000e-02  1.57250000e+01
 -3.48940550e+03  3.77758700e+03  8.60000000e-02  1.57250000e+01
 -3.48940550e+03  3.77758700e+03  8.60000000e-02  1.57250000e+01
 -3.48940550e+03  3.77758700e+03  8.60000000e-02  1.57250000e+01
 -3.51056901e+03  3.77245300e+03  8.60000000e-02  1.56620000e+01
 -3.51056901e+03  3.77245300e+03  8.60000000e-02  1.56620000e+01
 -3.51056901e+03  3.77245300e+03  8.60000000e-02  1.56620000e+01
 -3.52117810e+03  3.76989200e+03  8.60000000e-02  1.56890000e+01
 -3.52117810e+03  3.76989200e+03  8.60000000e-02  1.56890000e+01
 -3.52117810e+03  3.76989200e+03  8.60000000e-02  1.56890000e+01
 -3.52117810e+03  3.76989200e+03  8.60000000e-02  1.56890000e+01
 -3.52117810e+03  3.76989200e+03  8.60000000e-02  1.56890000e+01
 -3.52117810e+03  3.76989200e+03  8.60000000e-02  1.56890000e+01
 -3.52117810e+03  3.76989200e+03  8.60000000e-02  1.56890000e+01
 -3.52117810e+03  3.76989200e+03  8.60000000e-02  1.56890000e+01
 -3.52117810e+03  3.76989200e+03  8.60000000e-02  1.56890000e+01
 -3.52117810e+03  3.76989200e+03  8.60000000e-02  1.56890000e+01
 -3.52117810e+03  3.76989200e+03  8.60000000e-02  1.56890000e+01
 -3.52117810e+03  3.76989200e+03  8.60000000e-02  1.56890000e+01
 -3.52117810e+03  3.76989200e+03  8.60000000e-02  1.56890000e+01
 -3.52896835e+03  3.76924400e+03  8.80000000e-02  1.59160000e+01
 -3.52896835e+03  3.76924400e+03  8.80000000e-02  1.59160000e+01
 -3.52896835e+03  3.76924400e+03  8.80000000e-02  1.59160000e+01
 -3.52896835e+03  3.76924400e+03  8.80000000e-02  1.59160000e+01
 -3.52896835e+03  3.76924400e+03  8.80000000e-02  1.59160000e+01
 -3.52896835e+03  3.76924400e+03  8.80000000e-02  1.59160000e+01
 -3.52896835e+03  3.76924400e+03  8.80000000e-02  1.59160000e+01
 -3.53461346e+03  3.77131000e+03  8.60000000e-02  1.56750000e+01
 -3.53461346e+03  3.77131000e+03  8.60000000e-02  1.56750000e+01
 -3.53461346e+03  3.77131000e+03  8.60000000e-02  1.56750000e+01
 -3.53461346e+03  3.77131000e+03  8.60000000e-02  1.56750000e+01
 -3.53461346e+03  3.77131000e+03  8.60000000e-02  1.56750000e+01
 -3.53461346e+03  3.77131000e+03  8.60000000e-02  1.56750000e+01
 -3.53461346e+03  3.77131000e+03  8.60000000e-02  1.56750000e+01
 -3.53461346e+03  3.77131000e+03  8.60000000e-02  1.56750000e+01
 -3.53461346e+03  3.77131000e+03  8.60000000e-02  1.56750000e+01
 -3.53461346e+03  3.77131000e+03  8.60000000e-02  1.56750000e+01
 -3.53461346e+03  3.77131000e+03  8.60000000e-02  1.56750000e+01
 -3.53461346e+03  3.77131000e+03  8.60000000e-02  1.56750000e+01
 -3.53461346e+03  3.77131000e+03  8.60000000e-02  1.56750000e+01
 -3.53461346e+03  3.77131000e+03  8.60000000e-02  1.56750000e+01
 -3.53461346e+03  3.77131000e+03  8.60000000e-02  1.56750000e+01
 -3.53461346e+03  3.77131000e+03  8.60000000e-02  1.56750000e+01
 -3.53461346e+03  3.77131000e+03  8.60000000e-02  1.56750000e+01
 -3.53461346e+03  3.77131000e+03  8.60000000e-02  1.56750000e+01
 -3.53461346e+03  3.77131000e+03  8.60000000e-02  1.56750000e+01
 -3.53461346e+03  3.77131000e+03  8.60000000e-02  1.56750000e+01
 -3.53461346e+03  3.77131000e+03  8.60000000e-02  1.56750000e+01
 -3.53461346e+03  3.77131000e+03  8.60000000e-02  1.56750000e+01
 -3.53461346e+03  3.77131000e+03  8.60000000e-02  1.56750000e+01
 -3.53461346e+03  3.77131000e+03  8.60000000e-02  1.56750000e+01
 -3.53461346e+03  3.77131000e+03  8.60000000e-02  1.56750000e+01
 -3.53461346e+03  3.77131000e+03  8.60000000e-02  1.56750000e+01
 -3.53461346e+03  3.77131000e+03  8.60000000e-02  1.56750000e+01
 -3.53461346e+03  3.77131000e+03  8.60000000e-02  1.56750000e+01
 -3.53461346e+03  3.77131000e+03  8.60000000e-02  1.56750000e+01
 -3.53461346e+03  3.77131000e+03  8.60000000e-02  1.56750000e+01
 -3.53461346e+03  3.77131000e+03  8.60000000e-02  1.56750000e+01
 -3.53461346e+03  3.77131000e+03  8.60000000e-02  1.56750000e+01
 -3.53461346e+03  3.77131000e+03  8.60000000e-02  1.56750000e+01
 -3.53461346e+03  3.77131000e+03  8.60000000e-02  1.56750000e+01
 -3.53461346e+03  3.77131000e+03  8.60000000e-02  1.56750000e+01
 -3.53573120e+03  3.77383900e+03  8.50000000e-02  1.59820000e+01
 -3.53573120e+03  3.77383900e+03  8.50000000e-02  1.59820000e+01
 -3.53573120e+03  3.77383900e+03  8.50000000e-02  1.59820000e+01
 -3.53573120e+03  3.77383900e+03  8.50000000e-02  1.59820000e+01
 -3.54066380e+03  3.77886600e+03  8.40000000e-02  1.59970000e+01
 -3.54066380e+03  3.77886600e+03  8.40000000e-02  1.59970000e+01
 -3.54066380e+03  3.77886600e+03  8.40000000e-02  1.59970000e+01
 -3.54066380e+03  3.77886600e+03  8.40000000e-02  1.59970000e+01
 -3.54066380e+03  3.77886600e+03  8.40000000e-02  1.59970000e+01
 -3.54066380e+03  3.77886600e+03  8.40000000e-02  1.59970000e+01
 -3.54066380e+03  3.77886600e+03  8.40000000e-02  1.59970000e+01
 -3.54066380e+03  3.77886600e+03  8.40000000e-02  1.59970000e+01
 -3.54066380e+03  3.77886600e+03  8.40000000e-02  1.59970000e+01
 -3.54066380e+03  3.77886600e+03  8.40000000e-02  1.59970000e+01
 -3.54066380e+03  3.77886600e+03  8.40000000e-02  1.59970000e+01
 -3.54066380e+03  3.77886600e+03  8.40000000e-02  1.59970000e+01
 -3.56302275e+03  3.77994900e+03  8.40000000e-02  1.61100000e+01
 -3.56302275e+03  3.77994900e+03  8.40000000e-02  1.61100000e+01
 -3.56302275e+03  3.77994900e+03  8.40000000e-02  1.61100000e+01
 -3.56302275e+03  3.77994900e+03  8.40000000e-02  1.61100000e+01
 -3.56302275e+03  3.77994900e+03  8.40000000e-02  1.61100000e+01
 -3.56302275e+03  3.77994900e+03  8.40000000e-02  1.61100000e+01
 -3.56302275e+03  3.77994900e+03  8.40000000e-02  1.61100000e+01
 -3.56302275e+03  3.77994900e+03  8.40000000e-02  1.61100000e+01
 -3.56302275e+03  3.77994900e+03  8.40000000e-02  1.61100000e+01
 -3.56302275e+03  3.77994900e+03  8.40000000e-02  1.61100000e+01
 -3.56302275e+03  3.77994900e+03  8.40000000e-02  1.61100000e+01
 -3.56866818e+03  3.77528100e+03  8.40000000e-02  1.60920000e+01
 -3.56866818e+03  3.77528100e+03  8.40000000e-02  1.60920000e+01
 -3.56866818e+03  3.77528100e+03  8.40000000e-02  1.60920000e+01
 -3.56866818e+03  3.77528100e+03  8.40000000e-02  1.60920000e+01
 -3.56866818e+03  3.77528100e+03  8.40000000e-02  1.60920000e+01
 -3.56866818e+03  3.77528100e+03  8.40000000e-02  1.60920000e+01
 -3.56866818e+03  3.77528100e+03  8.40000000e-02  1.60920000e+01
 -3.56866818e+03  3.77528100e+03  8.40000000e-02  1.60920000e+01
 -3.56866818e+03  3.77528100e+03  8.40000000e-02  1.60920000e+01
 -3.56866818e+03  3.77528100e+03  8.40000000e-02  1.60920000e+01
 -3.56866818e+03  3.77528100e+03  8.40000000e-02  1.60920000e+01
 -3.56866818e+03  3.77528100e+03  8.40000000e-02  1.60920000e+01
 -3.56866818e+03  3.77528100e+03  8.40000000e-02  1.60920000e+01
 -3.56866818e+03  3.77528100e+03  8.40000000e-02  1.60920000e+01
 -3.56866818e+03  3.77528100e+03  8.40000000e-02  1.60920000e+01
 -3.56866818e+03  3.77528100e+03  8.40000000e-02  1.60920000e+01
 -3.56866818e+03  3.77528100e+03  8.40000000e-02  1.60920000e+01
 -3.56866818e+03  3.77528100e+03  8.40000000e-02  1.60920000e+01
 -3.56866818e+03  3.77528100e+03  8.40000000e-02  1.60920000e+01
 -3.56866818e+03  3.77528100e+03  8.40000000e-02  1.60920000e+01
 -3.56866818e+03  3.77528100e+03  8.40000000e-02  1.60920000e+01
 -3.56866818e+03  3.77528100e+03  8.40000000e-02  1.60920000e+01
 -3.56866818e+03  3.77528100e+03  8.40000000e-02  1.60920000e+01
 -3.56866818e+03  3.77528100e+03  8.40000000e-02  1.60920000e+01
 -3.56866818e+03  3.77528100e+03  8.40000000e-02  1.60920000e+01
 -3.56866818e+03  3.77528100e+03  8.40000000e-02  1.60920000e+01
 -3.57174305e+03  3.76773600e+03  8.40000000e-02  1.60800000e+01
 -3.57174305e+03  3.76773600e+03  8.40000000e-02  1.60800000e+01
 -3.57174305e+03  3.76773600e+03  8.40000000e-02  1.60800000e+01
 -3.57174305e+03  3.76773600e+03  8.40000000e-02  1.60800000e+01
 -3.57969426e+03  3.76941100e+03  8.40000000e-02  1.63180000e+01
 -3.57969426e+03  3.76941100e+03  8.40000000e-02  1.63180000e+01
 -3.57969426e+03  3.76941100e+03  8.40000000e-02  1.63180000e+01
 -3.57969426e+03  3.76941100e+03  8.40000000e-02  1.63180000e+01
 -3.57969426e+03  3.76941100e+03  8.40000000e-02  1.63180000e+01
 -3.57969426e+03  3.76941100e+03  8.40000000e-02  1.63180000e+01
 -3.57969426e+03  3.76941100e+03  8.40000000e-02  1.63180000e+01
 -3.57969426e+03  3.76941100e+03  8.40000000e-02  1.63180000e+01
 -3.58832857e+03  3.77715900e+03  8.50000000e-02  1.62140000e+01
 -3.58832857e+03  3.77715900e+03  8.50000000e-02  1.62140000e+01
 -3.58832857e+03  3.77715900e+03  8.50000000e-02  1.62140000e+01
 -3.58832857e+03  3.77715900e+03  8.50000000e-02  1.62140000e+01
 -3.58832857e+03  3.77715900e+03  8.50000000e-02  1.62140000e+01
 -3.58832857e+03  3.77715900e+03  8.50000000e-02  1.62140000e+01
 -3.58832857e+03  3.77715900e+03  8.50000000e-02  1.62140000e+01
 -3.58832857e+03  3.77715900e+03  8.50000000e-02  1.62140000e+01
 -3.58832857e+03  3.77715900e+03  8.50000000e-02  1.62140000e+01
 -3.58832857e+03  3.77715900e+03  8.50000000e-02  1.62140000e+01
 -3.59731284e+03  3.77882400e+03  8.70000000e-02  1.61540000e+01
 -3.59731284e+03  3.77882400e+03  8.70000000e-02  1.61540000e+01
 -3.59731284e+03  3.77882400e+03  8.70000000e-02  1.61540000e+01
 -3.59731284e+03  3.77882400e+03  8.70000000e-02  1.61540000e+01
 -3.59731284e+03  3.77882400e+03  8.70000000e-02  1.61540000e+01
 -3.59731284e+03  3.77882400e+03  8.70000000e-02  1.61540000e+01
 -3.59731284e+03  3.77882400e+03  8.70000000e-02  1.61540000e+01
 -3.59731284e+03  3.77882400e+03  8.70000000e-02  1.61540000e+01
 -3.59731284e+03  3.77882400e+03  8.70000000e-02  1.61540000e+01
 -3.59731284e+03  3.77882400e+03  8.70000000e-02  1.61540000e+01
 -3.59731284e+03  3.77882400e+03  8.70000000e-02  1.61540000e+01
 -3.59731284e+03  3.77882400e+03  8.70000000e-02  1.61540000e+01
 -3.59731284e+03  3.77882400e+03  8.70000000e-02  1.61540000e+01
 -3.58911831e+03  3.77965700e+03  8.60000000e-02  1.59860000e+01
 -3.58911831e+03  3.77965700e+03  8.60000000e-02  1.59860000e+01
 -3.59168317e+03  3.78242500e+03  8.70000000e-02  1.58330000e+01
 -3.59168317e+03  3.78242500e+03  8.70000000e-02  1.58330000e+01
 -3.59168317e+03  3.78242500e+03  8.70000000e-02  1.58330000e+01
 -3.59168317e+03  3.78242500e+03  8.70000000e-02  1.58330000e+01
 -3.59168317e+03  3.78242500e+03  8.70000000e-02  1.58330000e+01
 -3.59168317e+03  3.78242500e+03  8.70000000e-02  1.58330000e+01
 -3.59168317e+03  3.78242500e+03  8.70000000e-02  1.58330000e+01
 -3.59168317e+03  3.78242500e+03  8.70000000e-02  1.58330000e+01
 -3.59168317e+03  3.78242500e+03  8.70000000e-02  1.58330000e+01
 -3.59168317e+03  3.78242500e+03  8.70000000e-02  1.58330000e+01
 -3.59168317e+03  3.78242500e+03  8.70000000e-02  1.58330000e+01
 -3.59168317e+03  3.78242500e+03  8.70000000e-02  1.58330000e+01
 -3.59168317e+03  3.78242500e+03  8.70000000e-02  1.58330000e+01
 -3.59168317e+03  3.78242500e+03  8.70000000e-02  1.58330000e+01
 -3.59168317e+03  3.78242500e+03  8.70000000e-02  1.58330000e+01
 -3.59168317e+03  3.78242500e+03  8.70000000e-02  1.58330000e+01
 -3.59168317e+03  3.78242500e+03  8.70000000e-02  1.58330000e+01
 -3.59168317e+03  3.78242500e+03  8.70000000e-02  1.58330000e+01
 -3.59168317e+03  3.78242500e+03  8.70000000e-02  1.58330000e+01
 -3.59168317e+03  3.78242500e+03  8.70000000e-02  1.58330000e+01
 -3.59168317e+03  3.78242500e+03  8.70000000e-02  1.58330000e+01
 -3.59168317e+03  3.78242500e+03  8.70000000e-02  1.58330000e+01
 -3.60189657e+03  3.78256400e+03  8.70000000e-02  1.58340000e+01
 -3.60121103e+03  3.78189400e+03  8.70000000e-02  1.57600000e+01
 -3.60220906e+03  3.78287800e+03  8.70000000e-02  1.57630000e+01
 -3.60220906e+03  3.78287800e+03  8.70000000e-02  1.57630000e+01
 -3.60987316e+03  3.78519100e+03  8.70000000e-02  1.57640000e+01
 -3.60987316e+03  3.78519100e+03  8.70000000e-02  1.57640000e+01
 -3.60987316e+03  3.78519100e+03  8.70000000e-02  1.57640000e+01
 -3.61494923e+03  3.78773100e+03  8.60000000e-02  1.56820000e+01
 -3.61494923e+03  3.78773100e+03  8.60000000e-02  1.56820000e+01
 -3.61480973e+03  3.78727700e+03  8.60000000e-02  1.56960000e+01
 -3.61480973e+03  3.78727700e+03  8.60000000e-02  1.56960000e+01
 -3.61456069e+03  3.78473700e+03  8.70000000e-02  1.58560000e+01
 -3.61420671e+03  3.78639100e+03  8.70000000e-02  1.58560000e+01
 -3.61403443e+03  3.78616400e+03  8.70000000e-02  1.58560000e+01
 -3.61403443e+03  3.78616400e+03  8.70000000e-02  1.58560000e+01
 -3.61388839e+03  3.78385100e+03  8.70000000e-02  1.58710000e+01
 -3.61388839e+03  3.78385100e+03  8.70000000e-02  1.58710000e+01
 -3.61424649e+03  3.78429500e+03  8.70000000e-02  1.58710000e+01
 -3.61424649e+03  3.78429500e+03  8.70000000e-02  1.58710000e+01
 -3.61424649e+03  3.78429500e+03  8.70000000e-02  1.58710000e+01
 -3.61582919e+03  3.78517000e+03  8.70000000e-02  1.58680000e+01
 -3.61993418e+03  3.78597900e+03  8.70000000e-02  1.59050000e+01
 -3.61993418e+03  3.78597900e+03  8.70000000e-02  1.59050000e+01
 -3.61993418e+03  3.78597900e+03  8.70000000e-02  1.59050000e+01
 -3.62060836e+03  3.78716900e+03  8.70000000e-02  1.59110000e+01
 -3.62174126e+03  3.78596800e+03  8.70000000e-02  1.59280000e+01
 -3.62145820e+03  3.78529900e+03  8.60000000e-02  1.58940000e+01
 -3.62159962e+03  3.78509300e+03  8.60000000e-02  1.58930000e+01
 -3.62257495e+03  3.78717900e+03  8.60000000e-02  1.58930000e+01
 -3.62257495e+03  3.78717900e+03  8.60000000e-02  1.58930000e+01
 -3.62251656e+03  3.78904900e+03  8.60000000e-02  1.58180000e+01
 -3.62246070e+03  3.78906000e+03  8.60000000e-02  1.57880000e+01
 -3.62246070e+03  3.78906000e+03  8.60000000e-02  1.57880000e+01
 -3.62328499e+03  3.78981700e+03  8.60000000e-02  1.57860000e+01
 -3.63029897e+03  3.79302700e+03  8.60000000e-02  1.55760000e+01
 -3.63029897e+03  3.79302700e+03  8.60000000e-02  1.55760000e+01
 -3.63029897e+03  3.79302700e+03  8.60000000e-02  1.55760000e+01
 -3.63093439e+03  3.79250800e+03  8.60000000e-02  1.55870000e+01
 -3.63037251e+03  3.79108100e+03  8.70000000e-02  1.55980000e+01
 -3.63037251e+03  3.79108100e+03  8.70000000e-02  1.55980000e+01
 -3.63063114e+03  3.79197800e+03  8.70000000e-02  1.55740000e+01
 -3.63063114e+03  3.79197800e+03  8.70000000e-02  1.55740000e+01
 -3.63145230e+03  3.79416200e+03  8.70000000e-02  1.55580000e+01
 -3.63145230e+03  3.79416200e+03  8.70000000e-02  1.55580000e+01
 -3.63145230e+03  3.79416200e+03  8.70000000e-02  1.55580000e+01
 -3.63145230e+03  3.79416200e+03  8.70000000e-02  1.55580000e+01
 -3.63285350e+03  3.79594400e+03  8.60000000e-02  1.55550000e+01
 -3.63296178e+03  3.79473300e+03  8.60000000e-02  1.56390000e+01
 -3.63750952e+03  3.79628900e+03  8.60000000e-02  1.56280000e+01
 -3.63639309e+03  3.79254900e+03  8.70000000e-02  1.56790000e+01
 -3.63639309e+03  3.79254900e+03  8.70000000e-02  1.56790000e+01
 -3.63639309e+03  3.79254900e+03  8.70000000e-02  1.56790000e+01
 -3.63619744e+03  3.79023600e+03  8.80000000e-02  1.57710000e+01
 -3.63619744e+03  3.79023600e+03  8.80000000e-02  1.57710000e+01
 -3.63808048e+03  3.79045200e+03  8.80000000e-02  1.57680000e+01
 -3.63808048e+03  3.79045200e+03  8.80000000e-02  1.57680000e+01
 -3.64245650e+03  3.79000900e+03  8.80000000e-02  1.57810000e+01
 -3.64245650e+03  3.79000900e+03  8.80000000e-02  1.57810000e+01
 -3.64245650e+03  3.79000900e+03  8.80000000e-02  1.57810000e+01
 -3.64245650e+03  3.79000900e+03  8.80000000e-02  1.57810000e+01
 -3.64245650e+03  3.79000900e+03  8.80000000e-02  1.57810000e+01
 -3.64245650e+03  3.79000900e+03  8.80000000e-02  1.57810000e+01
 -3.64319391e+03  3.79207400e+03  8.70000000e-02  1.56920000e+01
 -3.64319391e+03  3.79207400e+03  8.70000000e-02  1.56920000e+01
 -3.64319391e+03  3.79207400e+03  8.70000000e-02  1.56920000e+01
 -3.64664321e+03  3.79193400e+03  8.60000000e-02  1.58900000e+01
 -3.64664321e+03  3.79193400e+03  8.60000000e-02  1.58900000e+01
 -3.64621904e+03  3.78984800e+03  8.60000000e-02  1.59170000e+01
 -3.64743459e+03  3.79261500e+03  8.60000000e-02  1.58140000e+01
 -3.64743459e+03  3.79261500e+03  8.60000000e-02  1.58140000e+01
 -3.64743459e+03  3.79261500e+03  8.60000000e-02  1.58140000e+01
 -3.64743459e+03  3.79261500e+03  8.60000000e-02  1.58140000e+01
 -3.64743459e+03  3.79261500e+03  8.60000000e-02  1.58140000e+01
 -3.64743459e+03  3.79261500e+03  8.60000000e-02  1.58140000e+01
 -3.64743459e+03  3.79261500e+03  8.60000000e-02  1.58140000e+01
 -3.65139395e+03  3.79351200e+03  8.60000000e-02  1.58110000e+01
 -3.65139395e+03  3.79351200e+03  8.60000000e-02  1.58110000e+01
 -3.65194917e+03  3.79373900e+03  8.60000000e-02  1.57920000e+01
 -3.65808800e+03  3.79419300e+03  8.60000000e-02  1.57920000e+01
 -3.65808800e+03  3.79419300e+03  8.60000000e-02  1.57920000e+01
 -3.65808800e+03  3.79419300e+03  8.60000000e-02  1.57920000e+01
 -3.65917356e+03  3.79463600e+03  8.60000000e-02  1.57910000e+01
 -3.66632257e+03  3.79530600e+03  8.80000000e-02  1.58700000e+01
 -3.66700642e+03  3.79575900e+03  8.80000000e-02  1.58860000e+01
 -3.66703618e+03  3.79531700e+03  8.80000000e-02  1.58840000e+01
 -3.66703618e+03  3.79531700e+03  8.80000000e-02  1.58840000e+01
 -3.66822603e+03  3.79828800e+03  8.80000000e-02  1.57970000e+01
 -3.66620629e+03  3.79633100e+03  8.80000000e-02  1.58600000e+01
 -3.66620629e+03  3.79633100e+03  8.80000000e-02  1.58600000e+01
 -3.66620629e+03  3.79633100e+03  8.80000000e-02  1.58600000e+01
 -3.66620629e+03  3.79633100e+03  8.80000000e-02  1.58600000e+01
 -3.66629879e+03  3.79655800e+03  8.80000000e-02  1.59310000e+01
 -3.66629879e+03  3.79655800e+03  8.80000000e-02  1.59310000e+01
 -3.67238452e+03  3.79954100e+03  8.80000000e-02  1.59310000e+01
 -3.67305951e+03  3.80021100e+03  8.80000000e-02  1.59190000e+01
 -3.67569109e+03  3.80439400e+03  8.80000000e-02  1.58980000e+01
 -3.68399776e+03  3.80448100e+03  8.80000000e-02  1.59340000e+01
 -3.68776699e+03  3.80491300e+03  8.80000000e-02  1.59340000e+01
 -3.68928856e+03  3.80568100e+03  8.80000000e-02  1.57410000e+01
 -3.68928856e+03  3.80568100e+03  8.80000000e-02  1.57410000e+01
 -3.68974310e+03  3.80516100e+03  8.80000000e-02  1.57360000e+01
 -3.68925726e+03  3.80383200e+03  8.80000000e-02  1.57390000e+01
 -3.68925726e+03  3.80383200e+03  8.80000000e-02  1.57390000e+01
 -3.68925726e+03  3.80383200e+03  8.80000000e-02  1.57390000e+01
 -3.69005742e+03  3.80174600e+03  8.80000000e-02  1.57760000e+01
 -3.69005742e+03  3.80174600e+03  8.80000000e-02  1.57760000e+01
 -3.69002877e+03  3.80131400e+03  8.90000000e-02  1.57880000e+01
 -3.69002877e+03  3.80131400e+03  8.90000000e-02  1.57880000e+01
 -3.69002877e+03  3.80131400e+03  8.90000000e-02  1.57880000e+01
 -3.69002877e+03  3.80131400e+03  8.90000000e-02  1.57880000e+01
 -3.69002877e+03  3.80131400e+03  8.90000000e-02  1.57880000e+01
 -3.69002877e+03  3.80131400e+03  8.90000000e-02  1.57880000e+01
 -3.69002877e+03  3.80131400e+03  8.90000000e-02  1.57880000e+01
 -3.68998067e+03  3.80042800e+03  8.90000000e-02  1.57730000e+01
 -3.68998067e+03  3.80042800e+03  8.90000000e-02  1.57730000e+01
 -3.68986690e+03  3.80415700e+03  8.80000000e-02  1.56930000e+01
 -3.68986690e+03  3.80415700e+03  8.80000000e-02  1.56930000e+01
 -3.68986690e+03  3.80415700e+03  8.80000000e-02  1.56930000e+01
 -3.68986690e+03  3.80415700e+03  8.80000000e-02  1.56930000e+01
 -3.68986690e+03  3.80415700e+03  8.80000000e-02  1.56930000e+01
 -3.68986690e+03  3.80415700e+03  8.80000000e-02  1.56930000e+01
 -3.69090876e+03  3.80019000e+03  9.00000000e-02  1.58530000e+01
 -3.69162341e+03  3.79974700e+03  9.00000000e-02  1.59100000e+01
 -3.69162341e+03  3.79974700e+03  9.00000000e-02  1.59100000e+01
 -3.69776465e+03  3.80108700e+03  9.10000000e-02  1.59120000e+01
 -3.69776465e+03  3.80108700e+03  9.10000000e-02  1.59120000e+01
 -3.69776465e+03  3.80108700e+03  9.10000000e-02  1.59120000e+01
 -3.69776465e+03  3.80108700e+03  9.10000000e-02  1.59120000e+01
 -3.69776465e+03  3.80108700e+03  9.10000000e-02  1.59120000e+01
 -3.69776465e+03  3.80108700e+03  9.10000000e-02  1.59120000e+01
 -3.69776465e+03  3.80108700e+03  9.10000000e-02  1.59120000e+01
 -3.69776465e+03  3.80108700e+03  9.10000000e-02  1.59120000e+01
 -3.69683632e+03  3.80251400e+03  9.00000000e-02  1.57830000e+01
 -3.69683632e+03  3.80251400e+03  9.00000000e-02  1.57830000e+01
 -3.69683632e+03  3.80251400e+03  9.00000000e-02  1.57830000e+01
 -3.69684029e+03  3.80184400e+03  9.00000000e-02  1.57830000e+01
 -3.70470803e+03  3.80197300e+03  9.00000000e-02  1.57870000e+01
 -3.70470803e+03  3.80197300e+03  9.00000000e-02  1.57870000e+01
 -3.70470803e+03  3.80197300e+03  9.00000000e-02  1.57870000e+01
 -3.70470803e+03  3.80197300e+03  9.00000000e-02  1.57870000e+01
 -3.70470803e+03  3.80197300e+03  9.00000000e-02  1.57870000e+01
 -3.70470803e+03  3.80197300e+03  9.00000000e-02  1.57870000e+01
 -3.70470803e+03  3.80197300e+03  9.00000000e-02  1.57870000e+01
 -3.70503530e+03  3.80055600e+03  9.10000000e-02  1.58230000e+01
 -3.70944977e+03  3.79935600e+03  9.10000000e-02  1.59420000e+01
 -3.70944977e+03  3.79935600e+03  9.10000000e-02  1.59420000e+01
 -3.70944977e+03  3.79935600e+03  9.10000000e-02  1.59420000e+01
 -3.70944977e+03  3.79935600e+03  9.10000000e-02  1.59420000e+01
 -3.70944977e+03  3.79935600e+03  9.10000000e-02  1.59420000e+01
 -3.70944977e+03  3.79935600e+03  9.10000000e-02  1.59420000e+01
 -3.70944977e+03  3.79935600e+03  9.10000000e-02  1.59420000e+01
 -3.70945229e+03  3.79869700e+03  9.10000000e-02  1.59610000e+01
 -3.70945229e+03  3.79869700e+03  9.10000000e-02  1.59610000e+01
 -3.71819120e+03  3.80078300e+03  9.10000000e-02  1.59610000e+01
 -3.71819120e+03  3.80078300e+03  9.10000000e-02  1.59610000e+01
 -3.71866881e+03  3.79936700e+03  9.10000000e-02  1.60010000e+01
 -3.71867253e+03  3.79937800e+03  9.10000000e-02  1.60010000e+01
 -3.71867253e+03  3.79937800e+03  9.10000000e-02  1.60010000e+01
 -3.71867253e+03  3.79937800e+03  9.10000000e-02  1.60010000e+01
 -3.72062439e+03  3.80005900e+03  9.10000000e-02  1.59760000e+01
 -3.72062439e+03  3.80005900e+03  9.10000000e-02  1.59760000e+01
 -3.72062439e+03  3.80005900e+03  9.10000000e-02  1.59760000e+01
 -3.72105309e+03  3.79885900e+03  9.00000000e-02  1.59520000e+01
 -3.72105309e+03  3.79885900e+03  9.00000000e-02  1.59520000e+01
 -3.72158268e+03  3.79773500e+03  9.00000000e-02  1.60140000e+01
 -3.72158268e+03  3.79773500e+03  9.00000000e-02  1.60140000e+01
 -3.72170899e+03  3.79797200e+03  9.00000000e-02  1.60140000e+01
 -3.72170899e+03  3.79797200e+03  9.00000000e-02  1.60140000e+01
 -3.72170899e+03  3.79797200e+03  9.00000000e-02  1.60140000e+01
 -3.72170899e+03  3.79797200e+03  9.00000000e-02  1.60140000e+01
 -3.72170899e+03  3.79797200e+03  9.00000000e-02  1.60140000e+01
 -3.72170899e+03  3.79797200e+03  9.00000000e-02  1.60140000e+01
 -3.72170899e+03  3.79797200e+03  9.00000000e-02  1.60140000e+01
 -3.73417815e+03  3.80282500e+03  9.10000000e-02  1.60050000e+01
 -3.73549430e+03  3.80118200e+03  9.00000000e-02  1.60430000e+01
 -3.73599345e+03  3.80679200e+03  8.70000000e-02  1.58580000e+01
 -3.73599345e+03  3.80679200e+03  8.70000000e-02  1.58580000e+01
 -3.73593128e+03  3.80514900e+03  8.70000000e-02  1.58730000e+01
 -3.73593128e+03  3.80514900e+03  8.70000000e-02  1.58730000e+01
 -3.73593128e+03  3.80514900e+03  8.70000000e-02  1.58730000e+01
 -3.73617833e+03  3.80679200e+03  8.70000000e-02  1.57960000e+01
 -3.73617833e+03  3.80679200e+03  8.70000000e-02  1.57960000e+01
 -3.73617833e+03  3.80679200e+03  8.70000000e-02  1.57960000e+01
 -3.73919382e+03  3.80701900e+03  8.70000000e-02  1.57920000e+01
 -3.73919382e+03  3.80701900e+03  8.70000000e-02  1.57920000e+01
 -3.73919382e+03  3.80701900e+03  8.70000000e-02  1.57920000e+01
 -3.73920556e+03  3.80724600e+03  8.70000000e-02  1.57950000e+01
 -3.74122915e+03  3.80768900e+03  8.70000000e-02  1.57950000e+01
 -3.74122915e+03  3.80768900e+03  8.70000000e-02  1.57950000e+01
 -3.74122915e+03  3.80768900e+03  8.70000000e-02  1.57950000e+01
 -3.74186976e+03  3.80671500e+03  8.80000000e-02  1.58290000e+01
 -3.74194255e+03  3.80737500e+03  8.70000000e-02  1.58190000e+01
 -3.74194255e+03  3.80737500e+03  8.70000000e-02  1.58190000e+01
 -3.74194255e+03  3.80737500e+03  8.70000000e-02  1.58190000e+01
 -3.74194255e+03  3.80737500e+03  8.70000000e-02  1.58190000e+01
 -3.74194255e+03  3.80737500e+03  8.70000000e-02  1.58190000e+01
 -3.74194255e+03  3.80737500e+03  8.70000000e-02  1.58190000e+01
 -3.74276174e+03  3.80671500e+03  8.70000000e-02  1.58920000e+01
 -3.74276174e+03  3.80671500e+03  8.70000000e-02  1.58920000e+01
 -3.74276174e+03  3.80671500e+03  8.70000000e-02  1.58920000e+01
 -3.74398929e+03  3.80648900e+03  8.70000000e-02  1.59140000e+01
 -3.74398929e+03  3.80648900e+03  8.70000000e-02  1.59140000e+01
 -3.74398929e+03  3.80648900e+03  8.70000000e-02  1.59140000e+01
 -3.74483971e+03  3.80560300e+03  8.70000000e-02  1.58920000e+01
 -3.74483971e+03  3.80560300e+03  8.70000000e-02  1.58920000e+01
 -3.74517482e+03  3.80552700e+03  8.70000000e-02  1.58960000e+01
 -3.74517482e+03  3.80552700e+03  8.70000000e-02  1.58960000e+01
 -3.74517482e+03  3.80552700e+03  8.70000000e-02  1.58960000e+01
 -3.74523347e+03  3.80598100e+03  8.60000000e-02  1.58960000e+01
 -3.74523347e+03  3.80598100e+03  8.60000000e-02  1.58960000e+01
 -3.74523347e+03  3.80598100e+03  8.60000000e-02  1.58960000e+01
 -3.74523347e+03  3.80598100e+03  8.60000000e-02  1.58960000e+01
 -3.74512079e+03  3.80686700e+03  8.70000000e-02  1.58670000e+01
 -3.74512079e+03  3.80686700e+03  8.70000000e-02  1.58670000e+01
 -3.74512079e+03  3.80686700e+03  8.70000000e-02  1.58670000e+01
 -3.74512079e+03  3.80686700e+03  8.70000000e-02  1.58670000e+01
 -3.74512079e+03  3.80686700e+03  8.70000000e-02  1.58670000e+01
 -3.74512079e+03  3.80686700e+03  8.70000000e-02  1.58670000e+01
 -3.74545832e+03  3.80709400e+03  8.70000000e-02  1.58800000e+01
 -3.74569759e+03  3.80469400e+03  8.80000000e-02  1.59520000e+01
 -3.74569759e+03  3.80469400e+03  8.80000000e-02  1.59520000e+01
 -3.74559538e+03  3.80335400e+03  8.80000000e-02  1.59680000e+01
 -3.74559538e+03  3.80335400e+03  8.80000000e-02  1.59680000e+01
 -3.74905255e+03  3.80612100e+03  8.80000000e-02  1.58290000e+01
 -3.74905255e+03  3.80612100e+03  8.80000000e-02  1.58290000e+01
 -3.74905255e+03  3.80612100e+03  8.80000000e-02  1.58290000e+01
 -3.74905255e+03  3.80612100e+03  8.80000000e-02  1.58290000e+01
 -3.75180036e+03  3.80679100e+03  8.80000000e-02  1.58290000e+01
 -3.75437815e+03  3.80767700e+03  8.80000000e-02  1.58450000e+01
 -3.75437815e+03  3.80767700e+03  8.80000000e-02  1.58450000e+01
 -3.75437815e+03  3.80767700e+03  8.80000000e-02  1.58450000e+01
 -3.75437815e+03  3.80767700e+03  8.80000000e-02  1.58450000e+01
 -3.75437815e+03  3.80767700e+03  8.80000000e-02  1.58450000e+01
 -3.75437815e+03  3.80767700e+03  8.80000000e-02  1.58450000e+01
 -3.75552427e+03  3.80452000e+03  8.90000000e-02  1.59490000e+01
 -3.75552427e+03  3.80452000e+03  8.90000000e-02  1.59490000e+01
 -3.75552427e+03  3.80452000e+03  8.90000000e-02  1.59490000e+01
 -3.75552427e+03  3.80452000e+03  8.90000000e-02  1.59490000e+01
 -3.75552427e+03  3.80452000e+03  8.90000000e-02  1.59490000e+01
 -3.75552427e+03  3.80452000e+03  8.90000000e-02  1.59490000e+01
 -3.75552427e+03  3.80452000e+03  8.90000000e-02  1.59490000e+01
 -3.75665904e+03  3.80540600e+03  8.90000000e-02  1.59290000e+01
 -3.75665904e+03  3.80540600e+03  8.90000000e-02  1.59290000e+01
 -3.75665904e+03  3.80540600e+03  8.90000000e-02  1.59290000e+01
 -3.75957572e+03  3.80584900e+03  8.90000000e-02  1.59290000e+01
 -3.75957572e+03  3.80584900e+03  8.90000000e-02  1.59290000e+01
 -3.75957572e+03  3.80584900e+03  8.90000000e-02  1.59290000e+01
 -3.75945410e+03  3.80517900e+03  8.90000000e-02  1.59670000e+01
 -3.75945410e+03  3.80517900e+03  8.90000000e-02  1.59670000e+01
 -3.76009107e+03  3.80629200e+03  8.90000000e-02  1.59550000e+01
 -3.76009107e+03  3.80629200e+03  8.90000000e-02  1.59550000e+01
 -3.76083230e+03  3.80583800e+03  8.90000000e-02  1.59550000e+01
 -3.76083230e+03  3.80583800e+03  8.90000000e-02  1.59550000e+01
 -3.76083230e+03  3.80583800e+03  8.90000000e-02  1.59550000e+01
 -3.76083230e+03  3.80583800e+03  8.90000000e-02  1.59550000e+01
 -3.76083230e+03  3.80583800e+03  8.90000000e-02  1.59550000e+01
 -3.76313195e+03  3.80518000e+03  8.90000000e-02  1.59670000e+01
 -3.76313195e+03  3.80518000e+03  8.90000000e-02  1.59670000e+01
 -3.76363217e+03  3.80451000e+03  8.90000000e-02  1.60870000e+01
 -3.76596549e+03  3.80562200e+03  8.90000000e-02  1.60870000e+01
 -3.76596549e+03  3.80562200e+03  8.90000000e-02  1.60870000e+01
 -3.76596549e+03  3.80562200e+03  8.90000000e-02  1.60870000e+01
 -3.76596549e+03  3.80562200e+03  8.90000000e-02  1.60870000e+01
 -3.76596549e+03  3.80562200e+03  8.90000000e-02  1.60870000e+01
 -3.76596549e+03  3.80562200e+03  8.90000000e-02  1.60870000e+01
 -3.76683330e+03  3.80615300e+03  8.90000000e-02  1.60870000e+01
 -3.77002658e+03  3.80669400e+03  8.90000000e-02  1.60880000e+01
 -3.77002658e+03  3.80669400e+03  8.90000000e-02  1.60880000e+01
 -3.77002658e+03  3.80669400e+03  8.90000000e-02  1.60880000e+01
 -3.77002658e+03  3.80669400e+03  8.90000000e-02  1.60880000e+01
 -3.77002658e+03  3.80669400e+03  8.90000000e-02  1.60880000e+01
 -3.77071826e+03  3.80713700e+03  8.90000000e-02  1.60960000e+01
 -3.77071826e+03  3.80713700e+03  8.90000000e-02  1.60960000e+01
 -3.77071826e+03  3.80713700e+03  8.90000000e-02  1.60960000e+01
 -3.77071826e+03  3.80713700e+03  8.90000000e-02  1.60960000e+01
 -3.77071826e+03  3.80713700e+03  8.90000000e-02  1.60960000e+01
 -3.77075281e+03  3.80692100e+03  8.90000000e-02  1.60940000e+01
 -3.77075281e+03  3.80692100e+03  8.90000000e-02  1.60940000e+01
 -3.77173989e+03  3.80625100e+03  8.90000000e-02  1.60990000e+01
 -3.77173989e+03  3.80625100e+03  8.90000000e-02  1.60990000e+01
 -3.77173989e+03  3.80625100e+03  8.90000000e-02  1.60990000e+01
 -3.77173989e+03  3.80625100e+03  8.90000000e-02  1.60990000e+01
 -3.77173989e+03  3.80625100e+03  8.90000000e-02  1.60990000e+01
 -3.77175269e+03  3.80713700e+03  8.80000000e-02  1.60410000e+01
 -3.77175269e+03  3.80713700e+03  8.80000000e-02  1.60410000e+01
 -3.77163160e+03  3.80692100e+03  8.80000000e-02  1.60410000e+01
 -3.77163160e+03  3.80692100e+03  8.80000000e-02  1.60410000e+01
 -3.77163160e+03  3.80692100e+03  8.80000000e-02  1.60410000e+01
 -3.77180066e+03  3.80692100e+03  8.80000000e-02  1.60420000e+01
 -3.77180066e+03  3.80692100e+03  8.80000000e-02  1.60420000e+01
 -3.77180066e+03  3.80692100e+03  8.80000000e-02  1.60420000e+01
 -3.77180066e+03  3.80692100e+03  8.80000000e-02  1.60420000e+01
 -3.77180066e+03  3.80692100e+03  8.80000000e-02  1.60420000e+01
 -3.77180066e+03  3.80692100e+03  8.80000000e-02  1.60420000e+01
 -3.77186524e+03  3.80295500e+03  8.90000000e-02  1.61570000e+01
 -3.77186524e+03  3.80295500e+03  8.90000000e-02  1.61570000e+01