-1.56455120e+03  2.57626700e+03  8.80000000e-02  2.93540000e+01
 -2.02525457e+03  2.96666700e+03  9.00000000e-02  2.27780000e+01
 -2.34863900e+03  3.20409500e+03  9.00000000e-02  2.03320000e+01
 -2.53083980e+03  3.33346900e+03  9.00000000e-02  1.90890000e+01
 -2.59964290e+03  3.42472800e+03  9.10000000e-02  1.82820000e+01
 -2.73785556e+03  3.49282800e+03  9.10000000e-02  1.75610000e+01
 -2.82387568e+03  3.53633000e+03  9.10000000e-02  1.74210000e+01
 -2.80067524e+03  3.53551200e+03  9.20000000e-02  1.70790000e+01
 -2.82994182e+03  3.56373900e+03  8.10000000e-02  1.65310000e+01
 -2.83427346e+03  3.58275900e+03  8.50000000e-02  1.65270000e+01
 -2.95333864e+03  3.58616800e+03  8.40000000e-02  1.68610000e+01
 -2.83707978e+03  3.57000000e+03  9.20000000e-02  1.67190000e+01
 -2.86006719e+03  3.59146400e+03  9.00000000e-02  1.59860000e+01
 -2.96001269e+03  3.60636200e+03  9.10000000e-02  1.65440000e+01
 -2.96001269e+03  3.60636200e+03  9.10000000e-02  1.65440000e+01
 -2.86755876e+03  3.61595200e+03  8.90000000e-02  1.62530000e+01
 -2.89932955e+03  3.61392800e+03  9.10000000e-02  1.65120000e+01
 -2.92401031e+03  3.62596500e+03  9.00000000e-02  1.69040000e+01
 -2.92401031e+03  3.62596500e+03  9.00000000e-02  1.69040000e+01
 -3.00379559e+03  3.63739400e+03  8.90000000e-02  1.66570000e+01
 -3.01885867e+03  3.64953900e+03  9.00000000e-02  1.69480000e+01
 -3.05207628e+03  3.63446700e+03  8.50000000e-02  1.72140000e+01
 -3.01204089e+03  3.63307400e+03  1.07000000e-01  1.71250000e+01
 -2.99467717e+03  3.65311600e+03  1.06000000e-01  1.65680000e+01
 -2.99467717e+03  3.65311600e+03  1.06000000e-01  1.65680000e+01
 -3.00814055e+03  3.64198200e+03  1.05000000e-01  1.68010000e+01
 -2.99550354e+03  3.60948000e+03  8.50000000e-02  1.71740000e+01
 -3.01325401e+03  3.60600600e+03  1.05000000e-01  1.70270000e+01
 -3.07479117e+03  3.64731600e+03  1.09000000e-01  1.64770000e+01
 -3.01439834e+03  3.62429200e+03  1.09000000e-01  1.66170000e+01
 -3.01887504e+03  3.62483000e+03  8.30000000e-02  1.59600000e+01
 -3.06461415e+03  3.63436100e+03  9.30000000e-02  1.57900000e+01
 -3.05986685e+03  3.63814700e+03  8.90000000e-02  1.57720000e+01
 -3.02420793e+03  3.64901800e+03  1.04000000e-01  1.56970000e+01
 -3.01996254e+03  3.65540800e+03  1.02000000e-01  1.59940000e+01
 -3.01996254e+03  3.65540800e+03  1.02000000e-01  1.59940000e+01
 -3.00108073e+03  3.64387100e+03  1.03000000e-01  1.62350000e+01
 -3.03042129e+03  3.65606600e+03  9.00000000e-02  1.60440000e+01
 -2.96512918e+03  3.64426300e+03  8.70000000e-02  1.56780000e+01
 -2.93380741e+03  3.62182600e+03  8.70000000e-02  1.65060000e+01
 -2.96339106e+03  3.62134000e+03  9.30000000e-02  1.70660000e+01
 -2.95830696e+03  3.61947900e+03  9.70000000e-02  1.67050000e+01
 -3.01886370e+03  3.64596100e+03  9.80000000e-02  1.62330000e+01
 -3.08256036e+03  3.66681000e+03  1.17000000e-01  1.64660000e+01
 -3.09118474e+03  3.69109700e+03  1.10000000e-01  1.56570000e+01
 -3.09118474e+03  3.69109700e+03  1.10000000e-01  1.56570000e+01
 -3.09118474e+03  3.69109700e+03  1.10000000e-01  1.56570000e+01
 -3.11764537e+03  3.69467300e+03  1.09000000e-01  1.65060000e+01
 -3.09488396e+03  3.66749100e+03  1.08000000e-01  1.72830000e+01
 -3.09488396e+03  3.66749100e+03  1.08000000e-01  1.72830000e+01
 -3.01124013e+03  3.65875900e+03  1.08000000e-01  1.62380000e+01
 -3.04740470e+03  3.69579200e+03  1.08000000e-01  1.58370000e+01
 -3.01880267e+03  3.64384000e+03  8.40000000e-02  1.67610000e+01
 -3.10076361e+03  3.65062100e+03  8.20000000e-02  1.64610000e+01
 -3.10076361e+03  3.65062100e+03  8.20000000e-02  1.64610000e+01
 -3.10076361e+03  3.65062100e+03  8.20000000e-02  1.64610000e+01
 -3.10076361e+03  3.65062100e+03  8.20000000e-02  1.64610000e+01
 -3.10076361e+03  3.65062100e+03  8.20000000e-02  1.64610000e+01
 -3.10076361e+03  3.65062100e+03  8.20000000e-02  1.64610000e+01
 -3.08221495e+03  3.65853400e+03  1.08000000e-01  1.68760000e+01
 -3.08221495e+03  3.65853400e+03  1.08000000e-01  1.68760000e+01
 -3.07333532e+03  3.63454000e+03  9.40000000e-02  1.72800000e+01
 -3.14764055e+03  3.66804900e+03  9.20000000e-02  1.67870000e+01
 -3.18162048e+03  3.66476600e+03  9.50000000e-02  1.67790000e+01
 -3.18162048e+03  3.66476600e+03  9.50000000e-02  1.67790000e+01
 -3.18162048e+03  3.66476600e+03  9.50000000e-02  1.67790000e+01
 -3.24263061e+03  3.67180300e+03  9.30000000e-02  1.70140000e+01
 -3.25483469e+03  3.67268800e+03  9.30000000e-02  1.70830000e+01
 -3.26533689e+03  3.67782200e+03  9.30000000e-02  1.69260000e+01
 -3.23758363e+03  3.67896900e+03  9.30000000e-02  1.66230000e+01
 -3.21318270e+03  3.67547900e+03  9.30000000e-02  1.67420000e+01
 -3.21619561e+03  3.67814900e+03  9.20000000e-02  1.67390000e+01
 -3.18952269e+03  3.66970700e+03  9.20000000e-02  1.67380000e+01
 -3.19546024e+03  3.66178200e+03  9.20000000e-02  1.67940000e+01
 -3.17060863e+03  3.64615000e+03  9.20000000e-02  1.67800000e+01
 -3.16452597e+03  3.65495000e+03  9.20000000e-02  1.65020000e+01
 -3.15356798e+03  3.64804200e+03  9.20000000e-02  1.64210000e+01
 -3.12572750e+03  3.65857000e+03  9.10000000e-02  1.60900000e+01
 -3.12429709e+03  3.66127100e+03  9.20000000e-02  1.61540000e+01
 -3.12429709e+03  3.66127100e+03  9.20000000e-02  1.61540000e+01
 -3.12487180e+03  3.65902200e+03  9.20000000e-02  1.62620000e+01
 -3.12487180e+03  3.65902200e+03  9.20000000e-02  1.62620000e+01
 -3.12487180e+03  3.65902200e+03  9.20000000e-02  1.62620000e+01
 -3.11999649e+03  3.66036100e+03  9.20000000e-02  1.62470000e+01
 -3.12131322e+03  3.66219600e+03  9.10000000e-02  1.62220000e+01
 -3.13711862e+03  3.66277900e+03  9.10000000e-02  1.59720000e+01
 -3.13711862e+03  3.66277900e+03  9.10000000e-02  1.59720000e+01
 -3.11454225e+03  3.66465000e+03  9.10000000e-02  1.60200000e+01
 -3.12911671e+03  3.66900400e+03  9.20000000e-02  1.58150000e+01
 -3.12911671e+03  3.66900400e+03  9.20000000e-02  1.58150000e+01
 -3.12009124e+03  3.66414900e+03  8.80000000e-02  1.59240000e+01
 -3.16141007e+03  3.66769600e+03  8.90000000e-02  1.60350000e+01
 -3.16141007e+03  3.66769600e+03  8.90000000e-02  1.60350000e+01
 -3.19657812e+03  3.67683100e+03  8.90000000e-02  1.61010000e+01
 -3.19657812e+03  3.67683100e+03  8.90000000e-02  1.61010000e+01
 -3.19657812e+03  3.67683100e+03  8.90000000e-02  1.61010000e+01
 -3.19657812e+03  3.67683100e+03  8.90000000e-02  1.61010000e+01
 -3.18004022e+03  3.67645000e+03  8.90000000e-02  1.60270000e+01
 -3.14644741e+03  3.66584500e+03  9.10000000e-02  1.62930000e+01
 -3.13903726e+03  3.67744100e+03  9.20000000e-02  1.62490000e+01
 -3.14349371e+03  3.66555200e+03  9.20000000e-02  1.66910000e+01
 -3.13180016e+03  3.66768200e+03  9.20000000e-02  1.66680000e+01
 -3.13180016e+03  3.66768200e+03  9.20000000e-02  1.66680000e+01
 -3.13180016e+03  3.66768200e+03  9.20000000e-02  1.66680000e+01
 -3.12804680e+03  3.67033000e+03  9.10000000e-02  1.64090000e+01
 -3.12604008e+03  3.67433900e+03  1.07000000e-01  1.63920000e+01
 -3.12604008e+03  3.67433900e+03  1.07000000e-01  1.63920000e+01
 -3.13892862e+03  3.67770200e+03  1.08000000e-01  1.64430000e+01
 -3.13892862e+03  3.67770200e+03  1.08000000e-01  1.64430000e+01
 -3.13892862e+03  3.67770200e+03  1.08000000e-01  1.64430000e+01
 -3.13892862e+03  3.67770200e+03  1.08000000e-01  1.64430000e+01
 -3.13892862e+03  3.67770200e+03  1.08000000e-01  1.64430000e+01
 -3.12773425e+03  3.68297700e+03  1.08000000e-01  1.62100000e+01
 -3.12275797e+03  3.68389800e+03  1.08000000e-01  1.61360000e+01
 -3.14947003e+03  3.69128400e+03  1.08000000e-01  1.61190000e+01
 -3.17544731e+03  3.69912100e+03  1.08000000e-01  1.58790000e+01
 -3.16354298e+03  3.69584700e+03  1.08000000e-01  1.58790000e+01
 -3.13639693e+03  3.69152400e+03  1.08000000e-01  1.57180000e+01
 -3.13639693e+03  3.69152400e+03  1.08000000e-01  1.57180000e+01
 -3.14997404e+03  3.68963200e+03  1.08000000e-01  1.56890000e+01
 -3.16530083e+03  3.69317800e+03  1.08000000e-01  1.54020000e+01
 -3.18006490e+03  3.70217100e+03  1.08000000e-01  1.56190000e+01
 -3.15991805e+03  3.69124600e+03  1.08000000e-01  1.55090000e+01
 -3.16792078e+03  3.69528900e+03  1.08000000e-01  1.54440000e+01
 -3.19423062e+03  3.69312600e+03  1.08000000e-01  1.53070000e+01
 -3.19423062e+03  3.69312600e+03  1.08000000e-01  1.53070000e+01
 -3.19423062e+03  3.69312600e+03  1.08000000e-01  1.53070000e+01
 -3.19309005e+03  3.70212100e+03  1.08000000e-01  1.52110000e+01
 -3.19993973e+03  3.70409000e+03  8.50000000e-02  1.52780000e+01
 -3.19993973e+03  3.70409000e+03  8.50000000e-02  1.52780000e+01
 -3.22090675e+03  3.71052200e+03  8.50000000e-02  1.52040000e+01
 -3.22090675e+03  3.71052200e+03  8.50000000e-02  1.52040000e+01
 -3.23451002e+03  3.71475900e+03  8.50000000e-02  1.51530000e+01
 -3.22832903e+03  3.71170000e+03  9.20000000e-02  1.50330000e+01
 -3.22470910e+03  3.71432700e+03  9.20000000e-02  1.48030000e+01
 -3.21493175e+03  3.70606900e+03  9.20000000e-02  1.50910000e+01
 -3.21493175e+03  3.70606900e+03  9.20000000e-02  1.50910000e+01
 -3.21133484e+03  3.71183100e+03  9.20000000e-02  1.50350000e+01
 -3.19514552e+03  3.70953900e+03  9.20000000e-02  1.50180000e+01
 -3.16753075e+03  3.71058400e+03  9.20000000e-02  1.52770000e+01
 -3.14080898e+03  3.70352500e+03  9.20000000e-02  1.54840000e+01
 -3.14080898e+03  3.70352500e+03  9.20000000e-02  1.54840000e+01
 -3.12840267e+03  3.70494000e+03  9.30000000e-02  1.53790000e+01
 -3.14175930e+03  3.69596700e+03  9.30000000e-02  1.54950000e+01
 -3.15022851e+03  3.70126300e+03  9.40000000e-02  1.53170000e+01
 -3.15022851e+03  3.70126300e+03  9.40000000e-02  1.53170000e+01
 -3.14716045e+03  3.69652900e+03  9.50000000e-02  1.52710000e+01
 -3.14716045e+03  3.69652900e+03  9.50000000e-02  1.52710000e+01
 -3.17599324e+03  3.70539100e+03  9.80000000e-02  1.54910000e+01
 -3.18955298e+03  3.70151900e+03  9.70000000e-02  1.58220000e+01
 -3.18955298e+03  3.70151900e+03  9.70000000e-02  1.58220000e+01
 -3.19793238e+03  3.70270800e+03  9.70000000e-02  1.58920000e+01
 -3.18787050e+03  3.69800500e+03  9.30000000e-02  1.58560000e+01
 -3.18787050e+03  3.69800500e+03  9.30000000e-02  1.58560000e+01
 -3.18815876e+03  3.69219000e+03  9.30000000e-02  1.60260000e+01
 -3.16814789e+03  3.68585400e+03  1.09000000e-01  1.63590000e+01
 -3.16250800e+03  3.67502300e+03  1.09000000e-01  1.65110000e+01
 -3.16250800e+03  3.67502300e+03  1.09000000e-01  1.65110000e+01
 -3.16250800e+03  3.67502300e+03  1.09000000e-01  1.65110000e+01
 -3.15159861e+03  3.67135900e+03  1.08000000e-01  1.62780000e+01
 -3.12650318e+03  3.67621300e+03  1.08000000e-01  1.60410000e+01
 -3.12735027e+03  3.67985500e+03  1.08000000e-01  1.59110000e+01
 -3.12735027e+03  3.67985500e+03  1.08000000e-01  1.59110000e+01
 -3.13789056e+03  3.67524900e+03  1.08000000e-01  1.59790000e+01
 -3.14892072e+03  3.67325000e+03  1.08000000e-01  1.61410000e+01
 -3.14892072e+03  3.67325000e+03  1.08000000e-01  1.61410000e+01
 -3.16138383e+03  3.67282900e+03  1.08000000e-01  1.60280000e+01
 -3.16180196e+03  3.68457900e+03  1.09000000e-01  1.58720000e+01
 -3.19638309e+03  3.68229700e+03  1.09000000e-01  1.62970000e+01
 -3.19638309e+03  3.68229700e+03  1.09000000e-01  1.62970000e+01
 -3.22845116e+03  3.67553000e+03  9.60000000e-02  1.67230000e+01
 -3.23083120e+03  3.67631900e+03  9.70000000e-02  1.68270000e+01
 -3.20842597e+03  3.67295600e+03  9.40000000e-02  1.69680000e+01
 -3.20651196e+03  3.67851100e+03  9.30000000e-02  1.71520000e+01
 -3.22360540e+03  3.68347200e+03  9.30000000e-02  1.72200000e+01
 -3.22360540e+03  3.68347200e+03  9.30000000e-02  1.72200000e+01
 -3.21059640e+03  3.68779500e+03  9.30000000e-02  1.67100000e+01
 -3.21059640e+03  3.68779500e+03  9.30000000e-02  1.67100000e+01
 -3.21858137e+03  3.67591600e+03  9.30000000e-02  1.72700000e+01
 -3.21858137e+03  3.67591600e+03  9.30000000e-02  1.72700000e+01
 -3.21858137e+03  3.67591600e+03  9.30000000e-02  1.72700000e+01
 -3.21829912e+03  3.67771100e+03  9.40000000e-02  1.71770000e+01
 -3.23551615e+03  3.67762400e+03  9.30000000e-02  1.71890000e+01
 -3.21367091e+03  3.66950600e+03  9.20000000e-02  1.70700000e+01
 -3.21367091e+03  3.66950600e+03  9.20000000e-02  1.70700000e+01
 -3.22447633e+03  3.68088900e+03  9.20000000e-02  1.69630000e+01
 -3.22447633e+03  3.68088900e+03  9.20000000e-02  1.69630000e+01
 -3.22447633e+03  3.68088900e+03  9.20000000e-02  1.69630000e+01
 -3.22246655e+03  3.68049900e+03  9.20000000e-02  1.69690000e+01
 -3.20595745e+03  3.67049100e+03  9.20000000e-02  1.72840000e+01
 -3.20668167e+03  3.67355000e+03  9.20000000e-02  1.74080000e+01
 -3.20668167e+03  3.67355000e+03  9.20000000e-02  1.74080000e+01
 -3.20668167e+03  3.67355000e+03  9.20000000e-02  1.74080000e+01
 -3.20668167e+03  3.67355000e+03  9.20000000e-02  1.74080000e+01
 -3.20668167e+03  3.67355000e+03  9.20000000e-02  1.74080000e+01
 -3.20668167e+03  3.67355000e+03  9.20000000e-02  1.74080000e+01
 -3.20668167e+03  3.67355000e+03  9.20000000e-02  1.74080000e+01
 -3.21676737e+03  3.68366800e+03  9.20000000e-02  1.70830000e+01
 -3.21676737e+03  3.68366800e+03  9.20000000e-02  1.70830000e+01
 -3.21814348e+03  3.69398000e+03  9.20000000e-02  1.70030000e+01
 -3.21814348e+03  3.69398000e+03  9.20000000e-02  1.70030000e+01
 -3.21400524e+03  3.69376300e+03  9.20000000e-02  1.67750000e+01
 -3.21319941e+03  3.70016200e+03  9.20000000e-02  1.66820000e+01
 -3.21281917e+03  3.69745900e+03  9.20000000e-02  1.68540000e+01
 -3.21281917e+03  3.69745900e+03  9.20000000e-02  1.68540000e+01
 -3.22562307e+03  3.69404500e+03  9.20000000e-02  1.67380000e+01
 -3.22545060e+03  3.68990600e+03  9.20000000e-02  1.69120000e+01
 -3.20459559e+03  3.69462000e+03  9.30000000e-02  1.65770000e+01
 -3.17889737e+03  3.68509700e+03  9.30000000e-02  1.66670000e+01
 -3.17785826e+03  3.68065300e+03  9.30000000e-02  1.63180000e+01
 -3.21256705e+03  3.68088000e+03  9.30000000e-02  1.64840000e+01
 -3.21256705e+03  3.68088000e+03  9.30000000e-02  1.64840000e+01
 -3.21256705e+03  3.68088000e+03  9.30000000e-02  1.64840000e+01
 -3.20466490e+03  3.67846900e+03  9.30000000e-02  1.65450000e+01
 -3.19919897e+03  3.68238400e+03  9.50000000e-02  1.67280000e+01
 -3.19919897e+03  3.68238400e+03  9.50000000e-02  1.67280000e+01
 -3.18914017e+03  3.68123800e+03  9.30000000e-02  1.66580000e+01
 -3.18914017e+03  3.68123800e+03  9.30000000e-02  1.66580000e+01
 -3.18914017e+03  3.68123800e+03  9.30000000e-02  1.66580000e+01
 -3.18914017e+03  3.68123800e+03  9.30000000e-02  1.66580000e+01
 -3.18339243e+03  3.68613500e+03  9.30000000e-02  1.66010000e+01
 -3.18339243e+03  3.68613500e+03  9.30000000e-02  1.66010000e+01
 -3.17915524e+03  3.69241300e+03  9.30000000e-02  1.63180000e+01
 -3.17915524e+03  3.69241300e+03  9.30000000e-02  1.63180000e+01
 -3.17915524e+03  3.69241300e+03  9.30000000e-02  1.63180000e+01
 -3.18986967e+03  3.70657300e+03  9.30000000e-02  1.58240000e+01
 -3.19800157e+03  3.69938600e+03  8.50000000e-02  1.59080000e+01
 -3.19800157e+03  3.69938600e+03  8.50000000e-02  1.59080000e+01
 -3.21365896e+03  3.70754700e+03  8.50000000e-02  1.60110000e+01
 -3.21400670e+03  3.69667200e+03  8.40000000e-02  1.61830000e+01
 -3.22477806e+03  3.70392700e+03  8.50000000e-02  1.60260000e+01
 -3.22477806e+03  3.70392700e+03  8.50000000e-02  1.60260000e+01
 -3.23326407e+03  3.69741900e+03  8.50000000e-02  1.61320000e+01
 -3.23607408e+03  3.70324500e+03  8.40000000e-02  1.60740000e+01
 -3.23607408e+03  3.70324500e+03  8.40000000e-02  1.60740000e+01
 -3.23607408e+03  3.70324500e+03  8.40000000e-02  1.60740000e+01
 -3.23607408e+03  3.70324500e+03  8.40000000e-02  1.60740000e+01
 -3.23607408e+03  3.70324500e+03  8.40000000e-02  1.60740000e+01
 -3.23607408e+03  3.70324500e+03  8.40000000e-02  1.60740000e+01
 -3.24029334e+03  3.70073800e+03  8.40000000e-02  1.61170000e+01
 -3.23671969e+03  3.69708400e+03  1.06000000e-01  1.59880000e+01
 -3.23671969e+03  3.69708400e+03  1.06000000e-01  1.59880000e+01
 -3.26674685e+03  3.70387200e+03  1.06000000e-01  1.61590000e+01
 -3.26192343e+03  3.69462000e+03  1.06000000e-01  1.63750000e+01
 -3.26192343e+03  3.69462000e+03  1.06000000e-01  1.63750000e+01
 -3.26192343e+03  3.69462000e+03  1.06000000e-01  1.63750000e+01
 -3.26192343e+03  3.69462000e+03  1.06000000e-01  1.63750000e+01
 -3.26192343e+03  3.69462000e+03  1.06000000e-01  1.63750000e+01
 -3.26192343e+03  3.69462000e+03  1.06000000e-01  1.63750000e+01
 -3.24425339e+03  3.68709800e+03  1.06000000e-01  1.65010000e+01
 -3.24425339e+03  3.68709800e+03  1.06000000e-01  1.65010000e+01
 -3.23749581e+03  3.67274200e+03  1.07000000e-01  1.66590000e+01
 -3.24876334e+03  3.67088300e+03  1.07000000e-01  1.69140000e+01
 -3.24331557e+03  3.67078400e+03  1.07000000e-01  1.68790000e+01
 -3.24331557e+03  3.67078400e+03  1.07000000e-01  1.68790000e+01
 -3.24331557e+03  3.67078400e+03  1.07000000e-01  1.68790000e+01
 -3.24331557e+03  3.67078400e+03  1.07000000e-01  1.68790000e+01
 -3.24331557e+03  3.67078400e+03  1.07000000e-01  1.68790000e+01
 -3.24331557e+03  3.67078400e+03  1.07000000e-01  1.68790000e+01
 -3.24331557e+03  3.67078400e+03  1.07000000e-01  1.68790000e+01
 -3.24331557e+03  3.67078400e+03  1.07000000e-01  1.68790000e+01
 -3.24331557e+03  3.67078400e+03  1.07000000e-01  1.68790000e+01
 -3.25236240e+03  3.67947400e+03  1.07000000e-01  1.69870000e+01
 -3.25236240e+03  3.67947400e+03  1.07000000e-01  1.69870000e+01
 -3.25236240e+03  3.67947400e+03  1.07000000e-01  1.69870000e+01
 -3.25483893e+03  3.67793800e+03  1.07000000e-01  1.70360000e+01
 -3.25483893e+03  3.67793800e+03  1.07000000e-01  1.70360000e+01
 -3.26321907e+03  3.67912800e+03  1.07000000e-01  1.69360000e+01
 -3.26321907e+03  3.67912800e+03  1.07000000e-01  1.69360000e+01
 -3.26321907e+03  3.67912800e+03  1.07000000e-01  1.69360000e+01
 -3.26321907e+03  3.67912800e+03  1.07000000e-01  1.69360000e+01
 -3.26881511e+03  3.68130100e+03  1.07000000e-01  1.67720000e+01
 -3.26881511e+03  3.68130100e+03  1.07000000e-01  1.67720000e+01
 -3.26968578e+03  3.68828400e+03  1.07000000e-01  1.65360000e+01
 -3.26968578e+03  3.68828400e+03  1.07000000e-01  1.65360000e+01
 -3.26968578e+03  3.68828400e+03  1.07000000e-01  1.65360000e+01
 -3.27927152e+03  3.69273500e+03  1.07000000e-01  1.64260000e+01
 -3.27927152e+03  3.69273500e+03  1.07000000e-01  1.64260000e+01
 -3.27927152e+03  3.69273500e+03  1.07000000e-01  1.64260000e+01
 -3.27927152e+03  3.69273500e+03  1.07000000e-01  1.64260000e+01
 -3.27060182e+03  3.68565700e+03  1.07000000e-01  1.64690000e+01
 -3.29824116e+03  3.68396800e+03  1.07000000e-01  1.66090000e+01
 -3.29351792e+03  3.68817300e+03  1.07000000e-01  1.66180000e+01
 -3.27885206e+03  3.68818600e+03  1.07000000e-01  1.63760000e+01
 -3.27885206e+03  3.68818600e+03  1.07000000e-01  1.63760000e+01
 -3.27885206e+03  3.68818600e+03  1.07000000e-01  1.63760000e+01
 -3.27885206e+03  3.68818600e+03  1.07000000e-01  1.63760000e+01
 -3.26187644e+03  3.69776100e+03  1.07000000e-01  1.63170000e+01
 -3.26187644e+03  3.69776100e+03  1.07000000e-01  1.63170000e+01
 -3.26187644e+03  3.69776100e+03  1.07000000e-01  1.63170000e+01
 -3.28316907e+03  3.69665900e+03  1.07000000e-01  1.62200000e+01
 -3.28316907e+03  3.69665900e+03  1.07000000e-01  1.62200000e+01
 -3.26693425e+03  3.69020400e+03  1.06000000e-01  1.64410000e+01
 -3.26325853e+03  3.68525500e+03  1.06000000e-01  1.63370000e+01
 -3.26325853e+03  3.68525500e+03  1.06000000e-01  1.63370000e+01
 -3.26325853e+03  3.68525500e+03  1.06000000e-01  1.63370000e+01
 -3.26093971e+03  3.67725500e+03  1.02000000e-01  1.65050000e+01
 -3.26962647e+03  3.67859500e+03  1.03000000e-01  1.64860000e+01
 -3.27878864e+03  3.68845200e+03  1.03000000e-01  1.64190000e+01
 -3.27878864e+03  3.68845200e+03  1.03000000e-01  1.64190000e+01
 -3.28828622e+03  3.68998300e+03  1.04000000e-01  1.63360000e+01
 -3.27230143e+03  3.68521900e+03  1.03000000e-01  1.63250000e+01
 -3.27230143e+03  3.68521900e+03  1.03000000e-01  1.63250000e+01
 -3.27237980e+03  3.68312200e+03  1.03000000e-01  1.62250000e+01
 -3.31064334e+03  3.68065700e+03  1.03000000e-01  1.62300000e+01
 -3.32396977e+03  3.68384300e+03  1.03000000e-01  1.61040000e+01
 -3.32396977e+03  3.68384300e+03  1.03000000e-01  1.61040000e+01
 -3.32396977e+03  3.68384300e+03  1.03000000e-01  1.61040000e+01
 -3.32396977e+03  3.68384300e+03  1.03000000e-01  1.61040000e+01
 -3.31705955e+03  3.68494600e+03  1.02000000e-01  1.57920000e+01
 -3.31208732e+03  3.68251200e+03  1.02000000e-01  1.56810000e+01
 -3.31208732e+03  3.68251200e+03  1.02000000e-01  1.56810000e+01
 -3.31208732e+03  3.68251200e+03  1.02000000e-01  1.56810000e+01
 -3.31208732e+03  3.68251200e+03  1.02000000e-01  1.56810000e+01
 -3.31208732e+03  3.68251200e+03  1.02000000e-01  1.56810000e+01
 -3.31038003e+03  3.68078300e+03  1.03000000e-01  1.56300000e+01
 -3.31038003e+03  3.68078300e+03  1.03000000e-01  1.56300000e+01
 -3.30259194e+03  3.68683700e+03  1.03000000e-01  1.54790000e+01
 -3.28696553e+03  3.69468600e+03  1.03000000e-01  1.55230000e+01
 -3.28696553e+03  3.69468600e+03  1.03000000e-01  1.55230000e+01
 -3.28696553e+03  3.69468600e+03  1.03000000e-01  1.55230000e+01
 -3.28453261e+03  3.69851300e+03  1.03000000e-01  1.52470000e+01
 -3.28453261e+03  3.69851300e+03  1.03000000e-01  1.52470000e+01
 -3.28453261e+03  3.69851300e+03  1.03000000e-01  1.52470000e+01
 -3.29561900e+03  3.69898800e+03  9.30000000e-02  1.51870000e+01
 -3.29977858e+03  3.70352700e+03  9.40000000e-02  1.51750000e+01
 -3.29977858e+03  3.70352700e+03  9.40000000e-02  1.51750000e+01
 -3.29805167e+03  3.70232800e+03  9.40000000e-02  1.52150000e+01
 -3.29805167e+03  3.70232800e+03  9.40000000e-02  1.52150000e+01
 -3.30464454e+03  3.70698900e+03  9.30000000e-02  1.51880000e+01
 -3.29999736e+03  3.69794100e+03  9.50000000e-02  1.54200000e+01
 -3.29999736e+03  3.69794100e+03  9.50000000e-02  1.54200000e+01
 -3.29999736e+03  3.69794100e+03  9.50000000e-02  1.54200000e+01
 -3.30103113e+03  3.70289000e+03  9.40000000e-02  1.55550000e+01
 -3.30103113e+03  3.70289000e+03  9.40000000e-02  1.55550000e+01
 -3.30103113e+03  3.70289000e+03  9.40000000e-02  1.55550000e+01
 -3.30103113e+03  3.70289000e+03  9.40000000e-02  1.55550000e+01
 -3.30103113e+03  3.70289000e+03  9.40000000e-02  1.55550000e+01
 -3.30103113e+03  3.70289000e+03  9.40000000e-02  1.55550000e+01
 -3.30103113e+03  3.70289000e+03  9.40000000e-02  1.55550000e+01
 -3.30103113e+03  3.70289000e+03  9.40000000e-02  1.55550000e+01
 -3.32373650e+03  3.71296300e+03  9.30000000e-02  1.56000000e+01
 -3.31723249e+03  3.71008900e+03  9.30000000e-02  1.57350000e+01
 -3.32493525e+03  3.71733100e+03  9.30000000e-02  1.57110000e+01
 -3.32493525e+03  3.71733100e+03  9.30000000e-02  1.57110000e+01
 -3.32493525e+03  3.71733100e+03  9.30000000e-02  1.57110000e+01
 -3.33333319e+03  3.71035900e+03  9.40000000e-02  1.57620000e+01
 -3.34445822e+03  3.71697600e+03  9.60000000e-02  1.54780000e+01
 -3.34445822e+03  3.71697600e+03  9.60000000e-02  1.54780000e+01
 -3.34445822e+03  3.71697600e+03  9.60000000e-02  1.54780000e+01
 -3.34445822e+03  3.71697600e+03  9.60000000e-02  1.54780000e+01
 -3.34445822e+03  3.71697600e+03  9.60000000e-02  1.54780000e+01
 -3.34445822e+03  3.71697600e+03  9.60000000e-02  1.54780000e+01
 -3.34445822e+03  3.71697600e+03  9.60000000e-02  1.54780000e+01
 -3.34445822e+03  3.71697600e+03  9.60000000e-02  1.54780000e+01
 -3.34445822e+03  3.71697600e+03  9.60000000e-02  1.54780000e+01
 -3.34445822e+03  3.71697600e+03  9.60000000e-02  1.54780000e+01
 -3.34445822e+03  3.71697600e+03  9.60000000e-02  1.54780000e+01
 -3.34445822e+03  3.71697600e+03  9.60000000e-02  1.54780000e+01
 -3.34445822e+03  3.71697600e+03  9.60000000e-02  1.54780000e+01
 -3.34445822e+03  3.71697600e+03  9.60000000e-02  1.54780000e+01
 -3.34445822e+03  3.71697600e+03  9.60000000e-02  1.54780000e+01
 -3.35969854e+03  3.71831600e+03  9.40000000e-02  1.54480000e+01
 -3.35969854e+03  3.71831600e+03  9.40000000e-02  1.54480000e+01
 -3.35969854e+03  3.71831600e+03  9.40000000e-02  1.54480000e+01
 -3.35969854e+03  3.71831600e+03  9.40000000e-02  1.54480000e+01
 -3.38313777e+03  3.72006400e+03  9.40000000e-02  1.54480000e+01
 -3.39284719e+03  3.72249700e+03  9.50000000e-02  1.56150000e+01
 -3.39284719e+03  3.72249700e+03  9.50000000e-02  1.56150000e+01
 -3.38829488e+03  3.71669300e+03  9.50000000e-02  1.57850000e+01
 -3.38829488e+03  3.71669300e+03  9.50000000e-02  1.57850000e+01
 -3.38829488e+03  3.71669300e+03  9.50000000e-02  1.57850000e+01
 -3.38829488e+03  3.71669300e+03  9.50000000e-02  1.57850000e+01
 -3.38829488e+03  3.71669300e+03  9.50000000e-02  1.57850000e+01
 -3.38829488e+03  3.71669300e+03  9.50000000e-02  1.57850000e+01
 -3.38829488e+03  3.71669300e+03  9.50000000e-02  1.57850000e+01
 -3.38981490e+03  3.72173000e+03  9.40000000e-02  1.56830000e+01
 -3.39846266e+03  3.72576300e+03  9.60000000e-02  1.58020000e+01
 -3.39846266e+03  3.72576300e+03  9.60000000e-02  1.58020000e+01
 -3.39846266e+03  3.72576300e+03  9.60000000e-02  1.58020000e+01
 -3.39846266e+03  3.72576300e+03  9.60000000e-02  1.58020000e+01
 -3.39846266e+03  3.72576300e+03  9.60000000e-02  1.58020000e+01
 -3.39846266e+03  3.72576300e+03  9.60000000e-02  1.58020000e+01
 -3.39846266e+03  3.72576300e+03  9.60000000e-02  1.58020000e+01
 -3.39846266e+03  3.72576300e+03  9.60000000e-02  1.58020000e+01
 -3.39846266e+03  3.72576300e+03  9.60000000e-02  1.58020000e+01
 -3.40139363e+03  3.72975200e+03  9.50000000e-02  1.58160000e+01
 -3.40139363e+03  3.72975200e+03  9.50000000e-02  1.58160000e+01
 -3.40139363e+03  3.72975200e+03  9.50000000e-02  1.58160000e+01
 -3.40139363e+03  3.72975200e+03  9.50000000e-02  1.58160000e+01
 -3.40139363e+03  3.72975200e+03  9.50000000e-02  1.58160000e+01
 -3.40139363e+03  3.72975200e+03  9.50000000e-02  1.58160000e+01
 -3.39931321e+03  3.72394900e+03  9.60000000e-02  1.61340000e+01
 -3.40454633e+03  3.72625100e+03  9.90000000e-02  1.62030000e+01
 -3.40976759e+03  3.72982900e+03  9.80000000e-02  1.62570000e+01
 -3.43128036e+03  3.73270500e+03  9.20000000e-02  1.63430000e+01
 -3.43128036e+03  3.73270500e+03  9.20000000e-02  1.63430000e+01
 -3.43128036e+03  3.73270500e+03  9.20000000e-02  1.63430000e+01
 -3.43128036e+03  3.73270500e+03  9.20000000e-02  1.63430000e+01
 -3.42650324e+03  3.72224300e+03  9.30000000e-02  1.65820000e+01
 -3.42818701e+03  3.72343300e+03  9.00000000e-02  1.65030000e+01
 -3.42818701e+03  3.72343300e+03  9.00000000e-02  1.65030000e+01
 -3.42818701e+03  3.72343300e+03  9.00000000e-02  1.65030000e+01
 -3.42818701e+03  3.72343300e+03  9.00000000e-02  1.65030000e+01
 -3.42818701e+03  3.72343300e+03  9.00000000e-02  1.65030000e+01
 -3.42818701e+03  3.72343300e+03  9.00000000e-02  1.65030000e+01
 -3.42818701e+03  3.72343300e+03  9.00000000e-02  1.65030000e+01
 -3.42818701e+03  3.72343300e+03  9.00000000e-02  1.65030000e+01
 -3.42598556e+03  3.71770100e+03  9.20000000e-02  1.65760000e+01
 -3.42598556e+03  3.71770100e+03  9.20000000e-02  1.65760000e+01
 -3.42598556e+03  3.71770100e+03  9.20000000e-02  1.65760000e+01
 -3.42980455e+03  3.72406800e+03  8.60000000e-02  1.64490000e+01
 -3.42980455e+03  3.72406800e+03  8.60000000e-02  1.64490000e+01
 -3.43625179e+03  3.72183000e+03  8.70000000e-02  1.66680000e+01
 -3.43625179e+03  3.72183000e+03  8.70000000e-02  1.66680000e+01
 -3.43625179e+03  3.72183000e+03  8.70000000e-02  1.66680000e+01
 -3.43453254e+03  3.72647700e+03  8.70000000e-02  1.65730000e+01
 -3.43453254e+03  3.72647700e+03  8.70000000e-02  1.65730000e+01
 -3.43453254e+03  3.72647700e+03  8.70000000e-02  1.65730000e+01
 -3.43453254e+03  3.72647700e+03  8.70000000e-02  1.65730000e+01
 -3.43453254e+03  3.72647700e+03  8.70000000e-02  1.65730000e+01
 -3.43453254e+03  3.72647700e+03  8.70000000e-02  1.65730000e+01
 -3.43453254e+03  3.72647700e+03  8.70000000e-02  1.65730000e+01
 -3.43453254e+03  3.72647700e+03  8.70000000e-02  1.65730000e+01
 -3.43453254e+03  3.72647700e+03  8.70000000e-02  1.65730000e+01
 -3.43453254e+03  3.72647700e+03  8.70000000e-02  1.65730000e+01
 -3.43453254e+03  3.72647700e+03  8.70000000e-02  1.65730000e+01
 -3.43453254e+03  3.72647700e+03  8.70000000e-02  1.65730000e+01
 -3.43453254e+03  3.72647700e+03  8.70000000e-02  1.65730000e+01
 -3.43453254e+03  3.72647700e+03  8.70000000e-02  1.65730000e+01
 -3.43453254e+03  3.72647700e+03  8.70000000e-02  1.65730000e+01
 -3.43453254e+03  3.72647700e+03  8.70000000e-02  1.65730000e+01
 -3.43453254e+03  3.72647700e+03  8.70000000e-02  1.65730000e+01
 -3.43453254e+03  3.72647700e+03  8.70000000e-02  1.65730000e+01
 -3.43453254e+03  3.72647700e+03  8.70000000e-02  1.65730000e+01
 -3.43453254e+03  3.72647700e+03  8.70000000e-02  1.65730000e+01
 -3.43453254e+03  3.72647700e+03  8.70000000e-02  1.65730000e+01
 -3.43453254e+03  3.72647700e+03  8.70000000e-02  1.65730000e+01
 -3.43453254e+03  3.72647700e+03  8.70000000e-02  1.65730000e+01
 -3.43453254e+03  3.72647700e+03  8.70000000e-02  1.65730000e+01
 -3.46229778e+03  3.72865000e+03  8.70000000e-02  1.68410000e+01
 -3.46229778e+03  3.72865000e+03  8.70000000e-02  1.68410000e+01
 -3.46273737e+03  3.73173100e+03  8.70000000e-02  1.69610000e+01
 -3.46885456e+03  3.73442400e+03  8.70000000e-02  1.68250000e+01
 -3.46885456e+03  3.73442400e+03  8.70000000e-02  1.68250000e+01
 -3.46885456e+03  3.73442400e+03  8.70000000e-02  1.68250000e+01
 -3.46885456e+03  3.73442400e+03  8.70000000e-02  1.68250000e+01
 -3.46885456e+03  3.73442400e+03  8.70000000e-02  1.68250000e+01
 -3.48164129e+03  3.74657300e+03  8.70000000e-02  1.67710000e+01
 -3.48164129e+03  3.74657300e+03  8.70000000e-02  1.67710000e+01
 -3.48164129e+03  3.74657300e+03  8.70000000e-02  1.67710000e+01
 -3.48164129e+03  3.74657300e+03  8.70000000e-02  1.67710000e+01
 -3.48164129e+03  3.74657300e+03  8.70000000e-02  1.67710000e+01
 -3.48164129e+03  3.74657300e+03  8.70000000e-02  1.67710000e+01
 -3.48118201e+03  3.75799800e+03  8.80000000e-02  1.63900000e+01
 -3.48118201e+03  3.75799800e+03  8.80000000e-02  1.63900000e+01
 -3.48118201e+03  3.75799800e+03  8.80000000e-02  1.63900000e+01
 -3.48118201e+03  3.75799800e+03  8.80000000e-02  1.63900000e+01
 -3.48118201e+03  3.75799800e+03  8.80000000e-02  1.63900000e+01
 -3.48118201e+03  3.75799800e+03  8.80000000e-02  1.63900000e+01
 -3.48118201e+03  3.75799800e+03  8.80000000e-02  1.63900000e+01
 -3.48118201e+03  3.75799800e+03  8.80000000e-02  1.63900000e+01
 -3.48118201e+03  3.75799800e+03  8.80000000e-02  1.63900000e+01
 -3.48118201e+03  3.75799800e+03  8.80000000e-02  1.63900000e+01
 -3.48118201e+03  3.75799800e+03  8.80000000e-02  1.63900000e+01
 -3.48118201e+03  3.75799800e+03  8.80000000e-02  1.63900000e+01
 -3.48118201e+03  3.75799800e+03  8.80000000e-02  1.63900000e+01
 -3.48118201e+03  3.75799800e+03  8.80000000e-02  1.63900000e+01
 -3.48118201e+03  3.75799800e+03  8.80000000e-02  1.63900000e+01
 -3.48118201e+03  3.75799800e+03  8.80000000e-02  1.63900000e+01
 -3.48118201e+03  3.75799800e+03  8.80000000e-02  1.63900000e+01
 -3.48118201e+03  3.75799800e+03  8.80000000e-02  1.63900000e+01
 -3.48118201e+03  3.75799800e+03  8.80000000e-02  1.63900000e+01
 -3.48118201e+03  3.75799800e+03  8.80000000e-02  1.63900000e+01
 -3.48118201e+03  3.75799800e+03  8.80000000e-02  1.63900000e+01
 -3.48118201e+03  3.75799800e+03  8.80000000e-02  1.63900000e+01
 -3.48118201e+03  3.75799800e+03  8.80000000e-02  1.63900000e+01
 -3.48118201e+03  3.75799800e+03  8.80000000e-02  1.63900000e+01
 -3.48118201e+03  3.75799800e+03  8.80000000e-02  1.63900000e+01
 -3.48118201e+03  3.75799800e+03  8.80000000e-02  1.63900000e+01
 -3.48118201e+03  3.75799800e+03  8.80000000e-02  1.63900000e+01
 -3.48118201e+03  3.75799800e+03  8.80000000e-02  1.63900000e+01
 -3.48118201e+03  3.75799800e+03  8.80000000e-02  1.63900000e+01
 -3.48118201e+03  3.75799800e+03  8.80000000e-02  1.63900000e+01
 -3.48118201e+03  3.75799800e+03  8.80000000e-02  1.63900000e+01
 -3.48118201e+03  3.75799800e+03  8.80000000e-02  1.63900000e+01
 -3.48118201e+03  3.75799800e+03  8.80000000e-02  1.63900000e+01
 -3.48118201e+03  3.75799800e+03  8.80000000e-02  1.63900000e+01
 -3.48118201e+03  3.75799800e+03  8.80000000e-02  1.63900000e+01
 -3.48118201e+03  3.75799800e+03  8.80000000e-02  1.63900000e+01
 -3.48118201e+03  3.75799800e+03  8.80000000e-02  1.63900000e+01
 -3.48118201e+03  3.75799800e+03  8.80000000e-02  1.63900000e+01
 -3.48118201e+03  3.75799800e+03  8.80000000e-02  1.63900000e+01
 -3.48118201e+03  3.75799800e+03  8.80000000e-02  1.63900000e+01
 -3.48118201e+03  3.75799800e+03  8.80000000e-02  1.63900000e+01
 -3.48118201e+03  3.75799800e+03  8.80000000e-02  1.63900000e+01
 -3.48118201e+03  3.75799800e+03  8.80000000e-02  1.63900000e+01
 -3.48118201e+03  3.75799800e+03  8.80000000e-02  1.63900000e+01
 -3.48118201e+03  3.75799800e+03  8.80000000e-02  1.63900000e+01
 -3.48118201e+03  3.75799800e+03  8.80000000e-02  1.63900000e+01
 -3.48118201e+03  3.75799800e+03  8.80000000e-02  1.63900000e+01
 -3.48118201e+03  3.75799800e+03  8.80000000e-02  1.63900000e+01
 -3.48118201e+03  3.75799800e+03  8.80000000e-02  1.63900000e+01
 -3.48118201e+03  3.75799800e+03  8.80000000e-02  1.63900000e+01
 -3.48118201e+03  3.75799800e+03  8.80000000e-02  1.63900000e+01
 -3.48118201e+03  3.75799800e+03  8.80000000e-02  1.63900000e+01
 -3.48118201e+03  3.75799800e+03  8.80000000e-02  1.63900000e+01
 -3.48118201e+03  3.75799800e+03  8.80000000e-02  1.63900000e+01
 -3.48118201e+03  3.75799800e+03  8.80000000e-02  1.63900000e+01
 -3.48118201e+03  3.75799800e+03  8.80000000e-02  1.63900000e+01
 -3.48118201e+03  3.75799800e+03  8.80000000e-02  1.63900000e+01
 -3.48118201e+03  3.75799800e+03  8.80000000e-02  1.63900000e+01
 -3.48118201e+03  3.75799800e+03  8.80000000e-02  1.63900000e+01
 -3.48118201e+03  3.75799800e+03  8.80000000e-02  1.63900000e+01
 -3.48118201e+03  3.75799800e+03  8.80000000e-02  1.63900000e+01
 -3.48118201e+03  3.75799800e+03  8.80000000e-02  1.63900000e+01
 -3.48118201e+03  3.75799800e+03  8.80000000e-02  1.63900000e+01
 -3.48118201e+03  3.75799800e+03  8.80000000e-02  1.63900000e+01
 -3.48118201e+03  3.75799800e+03  8.80000000e-02  1.63900000e+01
 -3.48816324e+03  3.75894800e+03  8.90000000e-02  1.62190000e+01
 -3.48816324e+03  3.75894800e+03  8.90000000e-02  1.62190000e+01
 -3.48816324e+03  3.75894800e+03  8.90000000e-02  1.62190000e+01
 -3.48816324e+03  3.75894800e+03  8.90000000e-02  1.62190000e+01
 -3.48816324e+03  3.75894800e+03  8.90000000e-02  1.62190000e+01
 -3.48816324e+03  3.75894800e+03  8.90000000e-02  1.62190000e+01
 -3.48816324e+03  3.75894800e+03  8.90000000e-02  1.62190000e+01
 -3.48816324e+03  3.75894800e+03  8.90000000e-02  1.62190000e+01
 -3.48816324e+03  3.75894800e+03  8.90000000e-02  1.62190000e+01
 -3.48816324e+03  3.75894800e+03  8.90000000e-02  1.62190000e+01
 -3.48855071e+03  3.75873200e+03  8.80000000e-02  1.61630000e+01
 -3.49806541e+03  3.76201800e+03  8.80000000e-02  1.61650000e+01
 -3.49803594e+03  3.76343300e+03  8.80000000e-02  1.61650000e+01
 -3.49803594e+03  3.76343300e+03  8.80000000e-02  1.61650000e+01
 -3.49796527e+03  3.76322800e+03  8.80000000e-02  1.61050000e+01
 -3.50037676e+03  3.76277400e+03  8.80000000e-02  1.61070000e+01
 -3.50037676e+03  3.76277400e+03  8.80000000e-02  1.61070000e+01
 -3.50037676e+03  3.76277400e+03  8.80000000e-02  1.61070000e+01
 -3.50125183e+03  3.76233100e+03  8.80000000e-02  1.62640000e+01
 -3.50969345e+03  3.76143400e+03  8.80000000e-02  1.62730000e+01
 -3.50975845e+03  3.76374800e+03  8.80000000e-02  1.61350000e+01
 -3.50975845e+03  3.76374800e+03  8.80000000e-02  1.61350000e+01
 -3.51226043e+03  3.76441800e+03  8.90000000e-02  1.62500000e+01
 -3.51226043e+03  3.76441800e+03  8.90000000e-02  1.62500000e+01
 -3.51226043e+03  3.76441800e+03  8.90000000e-02  1.62500000e+01
 -3.51226043e+03  3.76441800e+03  8.90000000e-02  1.62500000e+01
 -3.51226043e+03  3.76441800e+03  8.90000000e-02  1.62500000e+01
 -3.51186431e+03  3.76255900e+03  8.90000000e-02  1.62690000e+01
 -3.51243103e+03  3.76420200e+03  8.90000000e-02  1.62570000e+01
 -3.51224282e+03  3.76144500e+03  8.90000000e-02  1.63240000e+01
 -3.51224282e+03  3.76144500e+03  8.90000000e-02  1.63240000e+01
 -3.51244899e+03  3.76167200e+03  8.90000000e-02  1.63980000e+01
 -3.51331683e+03  3.76254700e+03  8.90000000e-02  1.63960000e+01
 -3.51534713e+03  3.76187700e+03  9.00000000e-02  1.64460000e+01
 -3.51534713e+03  3.76187700e+03  9.00000000e-02  1.64460000e+01
 -3.51534713e+03  3.76187700e+03  9.00000000e-02  1.64460000e+01
 -3.51534465e+03  3.75933700e+03  9.00000000e-02  1.65210000e+01
 -3.51898343e+03  3.75878600e+03  9.00000000e-02  1.65100000e+01
 -3.51898343e+03  3.75878600e+03  9.00000000e-02  1.65100000e+01
 -3.52140898e+03  3.76088300e+03  9.00000000e-02  1.64920000e+01
 -3.52140898e+03  3.76088300e+03  9.00000000e-02  1.64920000e+01
 -3.52140898e+03  3.76088300e+03  9.00000000e-02  1.64920000e+01
 -3.52140898e+03  3.76088300e+03  9.00000000e-02  1.64920000e+01
 -3.52140898e+03  3.76088300e+03  9.00000000e-02  1.64920000e+01
 -3.52140898e+03  3.76088300e+03  9.00000000e-02  1.64920000e+01
 -3.52140898e+03  3.76088300e+03  9.00000000e-02  1.64920000e+01
 -3.51951787e+03  3.76145500e+03  9.00000000e-02  1.64900000e+01
 -3.51971062e+03  3.76257900e+03  9.00000000e-02  1.64580000e+01
 -3.51971062e+03  3.76257900e+03  9.00000000e-02  1.64580000e+01
 -3.52245862e+03  3.76377900e+03  9.00000000e-02  1.64330000e+01
 -3.52245862e+03  3.76377900e+03  9.00000000e-02  1.64330000e+01
 -3.52668863e+03  3.76355200e+03  9.00000000e-02  1.64400000e+01
 -3.53451386e+03  3.76422200e+03  9.00000000e-02  1.64690000e+01
 -3.53525976e+03  3.76212500e+03  9.00000000e-02  1.65070000e+01
 -3.53525976e+03  3.76212500e+03  9.00000000e-02  1.65070000e+01
 -3.53525976e+03  3.76212500e+03  9.00000000e-02  1.65070000e+01
 -3.53525976e+03  3.76212500e+03  9.00000000e-02  1.65070000e+01
 -3.53691473e+03  3.76542100e+03  8.90000000e-02  1.64110000e+01
 -3.53701570e+03  3.76803800e+03  8.90000000e-02  1.63590000e+01
 -3.53701570e+03  3.76803800e+03  8.90000000e-02  1.63590000e+01
 -3.53701570e+03  3.76803800e+03  8.90000000e-02  1.63590000e+01
 -3.53739385e+03  3.76916100e+03  8.90000000e-02  1.63460000e+01
 -3.53848177e+03  3.76961500e+03  8.80000000e-02  1.63540000e+01
 -3.53958733e+03  3.76886900e+03  8.80000000e-02  1.63780000e+01
 -3.53958733e+03  3.76886900e+03  8.80000000e-02  1.63780000e+01
 -3.53966679e+03  3.77015600e+03  8.80000000e-02  1.63780000e+01
 -3.54339403e+03  3.76895600e+03  8.90000000e-02  1.63940000e+01
 -3.54453787e+03  3.76797200e+03  9.10000000e-02  1.64570000e+01
 -3.54453787e+03  3.76797200e+03  9.10000000e-02  1.64570000e+01
 -3.54453787e+03  3.76797200e+03  9.10000000e-02  1.64570000e+01
 -3.54453787e+03  3.76797200e+03  9.10000000e-02  1.64570000e+01
 -3.54383123e+03  3.76378900e+03  9.10000000e-02  1.66120000e+01
 -3.54383123e+03  3.76378900e+03  9.10000000e-02  1.66120000e+01
 -3.54273404e+03  3.76170300e+03  9.10000000e-02  1.66310000e+01
 -3.54273404e+03  3.76170300e+03  9.10000000e-02  1.66310000e+01
 -3.54312401e+03  3.76156300e+03  9.10000000e-02  1.65690000e+01
 -3.54332940e+03  3.76123800e+03  9.10000000e-02  1.65710000e+01
 -3.54689281e+03  3.75805000e+03  9.10000000e-02  1.65700000e+01
 -3.54755901e+03  3.75983300e+03  9.10000000e-02  1.65040000e+01
 -3.54755901e+03  3.75983300e+03  9.10000000e-02  1.65040000e+01
 -3.54818709e+03  3.76004900e+03  9.00000000e-02  1.64980000e+01
 -3.54818709e+03  3.76004900e+03  9.00000000e-02  1.64980000e+01
 -3.54818709e+03  3.76004900e+03  9.00000000e-02  1.64980000e+01
 -3.54818709e+03  3.76004900e+03  9.00000000e-02  1.64980000e+01
 -3.54818709e+03  3.76004900e+03  9.00000000e-02  1.64980000e+01
 -3.54877582e+03  3.76006000e+03  9.20000000e-02  1.64410000e+01
 -3.54877582e+03  3.76006000e+03  9.20000000e-02  1.64410000e+01
 -3.54877582e+03  3.76006000e+03  9.20000000e-02  1.64410000e+01
 -3.54877582e+03  3.76006000e+03  9.20000000e-02  1.64410000e+01
 -3.54877582e+03  3.76006000e+03  9.20000000e-02  1.64410000e+01
 -3.54877582e+03  3.76006000e+03  9.20000000e-02  1.64410000e+01
 -3.54877582e+03  3.76006000e+03  9.20000000e-02  1.64410000e+01
 -3.54876600e+03  3.75850400e+03  9.20000000e-02  1.65120000e+01
 -3.54876600e+03  3.75850400e+03  9.20000000e-02  1.65120000e+01
 -3.54876600e+03  3.75850400e+03  9.20000000e-02  1.65120000e+01
 -3.54831081e+03  3.75827700e+03  9.20000000e-02  1.64570000e+01
 -3.54846817e+03  3.75654700e+03  9.10000000e-02  1.66000000e+01
 -3.54846817e+03  3.75654700e+03  9.10000000e-02  1.66000000e+01
 -3.54846817e+03  3.75654700e+03  9.10000000e-02  1.66000000e+01
 -3.55050899e+03  3.75797400e+03  9.10000000e-02  1.66000000e+01
 -3.55050899e+03  3.75797400e+03  9.10000000e-02  1.66000000e+01
 -3.55050899e+03  3.75797400e+03  9.10000000e-02  1.66000000e+01
 -3.55050899e+03  3.75797400e+03  9.10000000e-02  1.66000000e+01
 -3.55050899e+03  3.75797400e+03  9.10000000e-02  1.66000000e+01
 -3.55050899e+03  3.75797400e+03  9.10000000e-02  1.66000000e+01
 -3.55050899e+03  3.75797400e+03  9.10000000e-02  1.66000000e+01
 -3.55027523e+03  3.75729300e+03  9.00000000e-02  1.66090000e+01
 -3.55050765e+03  3.76035300e+03  9.00000000e-02  1.65370000e+01
 -3.55017326e+03  3.75991000e+03  9.00000000e-02  1.65720000e+01
 -3.55017326e+03  3.75991000e+03  9.00000000e-02  1.65720000e+01
 -3.55122788e+03  3.76363900e+03  9.00000000e-02  1.65250000e+01
 -3.55213952e+03  3.76617900e+03  9.00000000e-02  1.64360000e+01
 -3.55213952e+03  3.76617900e+03  9.00000000e-02  1.64360000e+01
 -3.55213952e+03  3.76617900e+03  9.00000000e-02  1.64360000e+01
 -3.55213952e+03  3.76617900e+03  9.00000000e-02  1.64360000e+01
 -3.55213952e+03  3.76617900e+03  9.00000000e-02  1.64360000e+01
 -3.55691685e+03  3.76610200e+03  9.00000000e-02  1.64570000e+01
 -3.55683532e+03  3.76514000e+03  9.10000000e-02  1.65410000e+01
 -3.55683532e+03  3.76514000e+03  9.10000000e-02  1.65410000e+01
 -3.55683532e+03  3.76514000e+03  9.10000000e-02  1.65410000e+01
 -3.55683532e+03  3.76514000e+03  9.10000000e-02  1.65410000e+01
 -3.55683532e+03  3.76514000e+03  9.10000000e-02  1.65410000e+01
 -3.55683532e+03  3.76514000e+03  9.10000000e-02  1.65410000e+01
 -3.55683532e+03  3.76514000e+03  9.10000000e-02  1.65410000e+01
 -3.55683532e+03  3.76514000e+03  9.10000000e-02  1.65410000e+01
 -3.55710783e+03  3.76790600e+03  9.10000000e-02  1.64850000e+01
 -3.55710783e+03  3.76790600e+03  9.10000000e-02  1.64850000e+01
 -3.55766027e+03  3.76746300e+03  9.10000000e-02  1.65270000e+01
 -3.55983344e+03  3.76657700e+03  9.10000000e-02  1.66470000e+01
 -3.55983344e+03  3.76657700e+03  9.10000000e-02  1.66470000e+01
 -3.55983344e+03  3.76657700e+03  9.10000000e-02  1.66470000e+01
 -3.55983344e+03  3.76657700e+03  9.10000000e-02  1.66470000e+01
 -3.56471026e+03  3.76417700e+03  9.10000000e-02  1.67190000e+01
 -3.56602231e+03  3.76373400e+03  9.10000000e-02  1.67300000e+01
 -3.56602231e+03  3.76373400e+03  9.10000000e-02  1.67300000e+01
 -3.56602231e+03  3.76373400e+03  9.10000000e-02  1.67300000e+01
 -3.56662719e+03  3.76603600e+03  9.10000000e-02  1.67300000e+01
 -3.56662719e+03  3.76603600e+03  9.10000000e-02  1.67300000e+01
 -3.56662719e+03  3.76603600e+03  9.10000000e-02  1.67300000e+01
 -3.56662719e+03  3.76603600e+03  9.10000000e-02  1.67300000e+01
 -3.56662719e+03  3.76603600e+03  9.10000000e-02  1.67300000e+01
 -3.56662719e+03  3.76603600e+03  9.10000000e-02  1.67300000e+01
 -3.56972716e+03  3.76723700e+03  9.10000000e-02  1.67280000e+01
 -3.56955701e+03  3.76657800e+03  9.30000000e-02  1.68220000e+01
 -3.56955701e+03  3.76657800e+03  9.30000000e-02  1.68220000e+01
 -3.57121245e+03  3.76822100e+03  9.30000000e-02  1.68220000e+01
 -3.57492002e+03  3.77077100e+03  9.30000000e-02  1.68120000e+01
 -3.57519823e+03  3.76769000e+03  9.30000000e-02  1.68020000e+01
 -3.57716577e+03  3.76693400e+03  9.30000000e-02  1.68170000e+01
 -3.57735237e+03  3.77013300e+03  9.20000000e-02  1.67020000e+01
 -3.57735237e+03  3.77013300e+03  9.20000000e-02  1.67020000e+01
 -3.57793586e+03  3.76946300e+03  9.20000000e-02  1.67840000e+01
 -3.57793586e+03  3.76946300e+03  9.20000000e-02  1.67840000e+01
 -3.57793586e+03  3.76946300e+03  9.20000000e-02  1.67840000e+01
 -3.57832033e+03  3.76879300e+03  9.20000000e-02  1.67930000e+01
 -3.57912066e+03  3.77087900e+03  9.20000000e-02  1.67440000e+01
 -3.57912066e+03  3.77087900e+03  9.20000000e-02  1.67440000e+01
 -3.58299013e+03  3.76835000e+03  9.20000000e-02  1.67820000e+01
 -3.58336356e+03  3.76879300e+03  9.20000000e-02  1.67810000e+01
 -3.59002262e+03  3.76781900e+03  9.10000000e-02  1.67600000e+01
 -3.59002262e+03  3.76781900e+03  9.10000000e-02  1.67600000e+01
 -3.59002262e+03  3.76781900e+03  9.10000000e-02  1.67600000e+01
 -3.58942098e+03  3.76803500e+03  9.10000000e-02  1.67510000e+01
 -3.58942098e+03  3.76803500e+03  9.10000000e-02  1.67510000e+01
 -3.58930754e+03  3.76736600e+03  9.10000000e-02  1.67570000e+01
 -3.58953582e+03  3.76803600e+03  9.10000000e-02  1.67040000e+01
 -3.59065928e+03  3.76539800e+03  9.30000000e-02  1.68130000e+01
 -3.59065928e+03  3.76539800e+03  9.30000000e-02  1.68130000e+01
 -3.59065928e+03  3.76539800e+03  9.30000000e-02  1.68130000e+01
 -3.59058762e+03  3.76219900e+03  9.30000000e-02  1.68150000e+01
 -3.59058762e+03  3.76219900e+03  9.30000000e-02  1.68150000e+01
 -3.59308111e+03  3.76286900e+03  9.30000000e-02  1.68150000e+01
 -3.59308111e+03  3.76286900e+03  9.30000000e-02  1.68150000e+01
 -3.59732117e+03  3.76286900e+03  9.30000000e-02  1.68280000e+01
 -3.60245113e+03  3.76263100e+03  9.30000000e-02  1.68240000e+01
 -3.60295358e+03  3.76210100e+03  9.30000000e-02  1.68450000e+01
 -3.60308689e+03  3.76330100e+03  9.30000000e-02  1.68400000e+01
 -3.60510027e+03  3.76584100e+03  9.30000000e-02  1.68240000e+01
 -3.60510027e+03  3.76584100e+03  9.30000000e-02  1.68240000e+01
 -3.60680631e+03  3.76958100e+03  9.20000000e-02  1.68010000e+01
 -3.60680631e+03  3.76958100e+03  9.20000000e-02  1.68010000e+01
 -3.60680631e+03  3.76958100e+03  9.20000000e-02  1.68010000e+01
 -3.60680631e+03  3.76958100e+03  9.20000000e-02  1.68010000e+01
 -3.60835807e+03  3.76825200e+03  9.20000000e-02  1.69590000e+01
 -3.60835807e+03  3.76825200e+03  9.20000000e-02  1.69590000e+01
 -3.60835807e+03  3.76825200e+03  9.20000000e-02  1.69590000e+01
 -3.60835807e+03  3.76825200e+03  9.20000000e-02  1.69590000e+01
 -3.61183083e+03  3.76922500e+03  9.30000000e-02  1.69970000e+01
 -3.61183083e+03  3.76922500e+03  9.30000000e-02  1.69970000e+01
 -3.61183083e+03  3.76922500e+03  9.30000000e-02  1.69970000e+01
 -3.61183083e+03  3.76922500e+03  9.30000000e-02  1.69970000e+01
 -3.61183083e+03  3.76922500e+03  9.30000000e-02  1.69970000e+01
 -3.61183083e+03  3.76922500e+03  9.30000000e-02  1.69970000e+01
 -3.61231970e+03  3.77033800e+03  9.30000000e-02  1.69920000e+01
 -3.61231970e+03  3.77033800e+03  9.30000000e-02  1.69920000e+01
 -3.61231970e+03  3.77033800e+03  9.30000000e-02  1.69920000e+01
 -3.61231970e+03  3.77033800e+03  9.30000000e-02  1.69920000e+01
 -3.61231970e+03  3.77033800e+03  9.30000000e-02  1.69920000e+01
 -3.61288408e+03  3.77107300e+03  9.30000000e-02  1.70000000e+01
 -3.61280986e+03  3.77041400e+03  9.30000000e-02  1.70020000e+01
 -3.61280986e+03  3.77041400e+03  9.30000000e-02  1.70020000e+01
 -3.61280986e+03  3.77041400e+03  9.30000000e-02  1.70020000e+01
 -3.61280986e+03  3.77041400e+03  9.30000000e-02  1.70020000e+01
 -3.62197795e+03  3.77272700e+03  9.30000000e-02  1.69890000e+01
 -3.62770370e+03  3.77130000e+03  9.30000000e-02  1.70170000e+01
 -3.62770370e+03  3.77130000e+03  9.30000000e-02  1.70170000e+01
 -3.62770370e+03  3.77130000e+03  9.30000000e-02  1.70170000e+01
 -3.62770370e+03  3.77130000e+03  9.30000000e-02  1.70170000e+01
 -3.63398464e+03  3.77010000e+03  9.50000000e-02  1.70460000e+01
 -3.63946583e+03  3.77098700e+03  9.50000000e-02  1.70580000e+01
 -3.63946583e+03  3.77098700e+03  9.50000000e-02  1.70580000e+01
 -3.63939755e+03  3.77317000e+03  9.40000000e-02  1.69600000e+01
 -3.63939755e+03  3.77317000e+03  9.40000000e-02  1.69600000e+01
 -3.63939755e+03  3.77317000e+03  9.40000000e-02  1.69600000e+01
 -3.64273629e+03  3.77427300e+03  9.40000000e-02  1.69920000e+01
 -3.64273629e+03  3.77427300e+03  9.40000000e-02  1.69920000e+01
 -3.64273629e+03  3.77427300e+03  9.40000000e-02  1.69920000e+01
 -3.64273629e+03  3.77427300e+03  9.40000000e-02  1.69920000e+01
 -3.64518531e+03  3.77516900e+03  9.40000000e-02  1.69920000e+01
 -3.64518531e+03  3.77516900e+03  9.40000000e-02  1.69920000e+01
 -3.64669673e+03  3.77769800e+03  9.40000000e-02  1.69110000e+01
 -3.64669673e+03  3.77769800e+03  9.40000000e-02  1.69110000e+01
 -3.64669673e+03  3.77769800e+03  9.40000000e-02  1.69110000e+01
 -3.64667877e+03  3.77748200e+03  9.40000000e-02  1.69130000e+01
 -3.65031149e+03  3.77528700e+03  9.50000000e-02  1.69300000e+01
 -3.65031149e+03  3.77528700e+03  9.50000000e-02  1.69300000e+01
 -3.65031149e+03  3.77528700e+03  9.50000000e-02  1.69300000e+01
 -3.65017384e+03  3.77431400e+03  9.50000000e-02  1.69300000e+01
 -3.65017384e+03  3.77431400e+03  9.50000000e-02  1.69300000e+01
 -3.65017384e+03  3.77431400e+03  9.50000000e-02  1.69300000e+01
 -3.65017384e+03  3.77431400e+03  9.50000000e-02  1.69300000e+01
 -3.65017384e+03  3.77431400e+03  9.50000000e-02  1.69300000e+01
 -3.65017384e+03  3.77431400e+03  9.50000000e-02  1.69300000e+01
 -3.65017384e+03  3.77431400e+03  9.50000000e-02  1.69300000e+01
 -3.65017384e+03  3.77431400e+03  9.50000000e-02  1.69300000e+01
 -3.65017384e+03  3.77431400e+03  9.50000000e-02  1.69300000e+01
 -3.65199443e+03  3.77596800e+03  9.50000000e-02  1.69330000e+01
 -3.65587011e+03  3.77903800e+03  9.50000000e-02  1.69250000e+01
 -3.65587011e+03  3.77903800e+03  9.50000000e-02  1.69250000e+01
 -3.65587011e+03  3.77903800e+03  9.50000000e-02  1.69250000e+01
 -3.65587011e+03  3.77903800e+03  9.50000000e-02  1.69250000e+01
 -3.65587011e+03  3.77903800e+03  9.50000000e-02  1.69250000e+01
 -3.65587011e+03  3.77903800e+03  9.50000000e-02  1.69250000e+01
 -3.65595950e+03  3.77762200e+03  9.50000000e-02  1.69380000e+01
 -3.65595950e+03  3.77762200e+03  9.50000000e-02  1.69380000e+01
 -3.65595950e+03  3.77762200e+03  9.50000000e-02  1.69380000e+01
 -3.65595950e+03  3.77762200e+03  9.50000000e-02  1.69380000e+01
 -3.65595950e+03  3.77762200e+03  9.50000000e-02  1.69380000e+01
 -3.65595950e+03  3.77762200e+03  9.50000000e-02  1.69380000e+01
 -3.65595950e+03  3.77762200e+03  9.50000000e-02  1.69380000e+01
 -3.65613665e+03  3.77597900e+03  9.70000000e-02  1.69380000e+01
 -3.65613665e+03  3.77597900e+03  9.70000000e-02  1.69380000e+01
 -3.65613665e+03  3.77597900e+03  9.70000000e-02  1.69380000e+01
 -3.65613665e+03  3.77597900e+03  9.70000000e-02  1.69380000e+01
 -3.65613665e+03  3.77597900e+03  9.70000000e-02  1.69380000e+01
 -3.66471707e+03  3.77717900e+03  9.70000000e-02  1.69330000e+01
 -3.66508833e+03  3.77619500e+03  9.70000000e-02  1.69580000e+01
 -3.66508833e+03  3.77619500e+03  9.70000000e-02  1.69580000e+01
 -3.66862197e+03  3.77477900e+03  9.70000000e-02  1.69660000e+01
 -3.66862197e+03  3.77477900e+03  9.70000000e-02  1.69660000e+01
 -3.66862197e+03  3.77477900e+03  9.70000000e-02  1.69660000e+01
 -3.66862197e+03  3.77477900e+03  9.70000000e-02  1.69660000e+01
 -3.66862197e+03  3.77477900e+03  9.70000000e-02  1.69660000e+01
 -3.67443031e+03  3.77565400e+03  9.70000000e-02  1.69670000e+01
 -3.68319819e+03  3.77565400e+03  9.70000000e-02  1.69670000e+01
 -3.68319819e+03  3.77565400e+03  9.70000000e-02  1.69670000e+01
 -3.68857953e+03  3.77467000e+03  9.70000000e-02  1.69690000e+01
 -3.68857997e+03  3.77399000e+03  9.70000000e-02  1.69840000e+01
 -3.69190558e+03  3.77167700e+03  9.70000000e-02  1.70080000e+01
 -3.69190558e+03  3.77167700e+03  9.70000000e-02  1.70080000e+01
 -3.70195998e+03  3.77189300e+03  9.80000000e-02  1.70320000e+01
 -3.70561533e+03  3.77750300e+03  9.70000000e-02  1.69420000e+01
 -3.70561533e+03  3.77750300e+03  9.70000000e-02  1.69420000e+01
 -3.70561533e+03  3.77750300e+03  9.70000000e-02  1.69420000e+01
 -3.70561533e+03  3.77750300e+03  9.70000000e-02  1.69420000e+01
 -3.70561533e+03  3.77750300e+03  9.70000000e-02  1.69420000e+01
 -3.70561533e+03  3.77750300e+03  9.70000000e-02  1.69420000e+01
 -3.70561533e+03  3.77750300e+03  9.70000000e-02  1.69420000e+01
 -3.70736267e+03  3.77750300e+03  9.70000000e-02  1.69420000e+01
 -3.70736267e+03  3.77750300e+03  9.70000000e-02  1.69420000e+01
 -3.70736267e+03  3.77750300e+03  9.70000000e-02  1.69420000e+01
 -3.70736267e+03  3.77750300e+03  9.70000000e-02  1.69420000e+01
 -3.70826859e+03  3.77719900e+03  9.70000000e-02  1.69330000e+01
 -3.70826859e+03  3.77719900e+03  9.70000000e-02  1.69330000e+01
 -3.70824713e+03  3.77927500e+03  9.70000000e-02  1.68020000e+01
 -3.70980891e+03  3.77837800e+03  9.60000000e-02  1.68130000e+01
 -3.70960738e+03  3.77873400e+03  9.60000000e-02  1.68110000e+01
 -3.70960738e+03  3.77873400e+03  9.60000000e-02  1.68110000e+01
 -3.70960738e+03  3.77873400e+03  9.60000000e-02  1.68110000e+01
 -3.70960738e+03  3.77873400e+03  9.60000000e-02  1.68110000e+01
 -3.70960738e+03  3.77873400e+03  9.60000000e-02  1.68110000e+01
 -3.70960738e+03  3.77873400e+03  9.60000000e-02  1.68110000e+01
 -3.71591525e+03  3.78090700e+03  9.70000000e-02  1.68700000e+01
 -3.71591525e+03  3.78090700e+03  9.70000000e-02  1.68700000e+01
 -3.72189398e+03  3.78202000e+03  9.70000000e-02  1.69160000e+01
 -3.72189398e+03  3.78202000e+03  9.70000000e-02  1.69160000e+01
 -3.72189398e+03  3.78202000e+03  9.70000000e-02  1.69160000e+01
 -3.72189398e+03  3.78202000e+03  9.70000000e-02  1.69160000e+01
 -3.72189398e+03  3.78202000e+03  9.70000000e-02  1.69160000e+01
 -3.72192137e+03  3.78322000e+03  9.70000000e-02  1.68840000e+01
 -3.72217875e+03  3.78322000e+03  9.70000000e-02  1.68860000e+01
 -3.72217875e+03  3.78322000e+03  9.70000000e-02  1.68860000e+01
 -3.72217875e+03  3.78322000e+03  9.70000000e-02  1.68860000e+01
 -3.72217875e+03  3.78322000e+03  9.70000000e-02  1.68860000e+01
 -3.72217875e+03  3.78322000e+03  9.70000000e-02  1.68860000e+01
 -3.72217875e+03  3.78322000e+03  9.70000000e-02  1.68860000e+01