-1.56455120e+03  2.57626700e+03  8.80000000e-02  2.93540000e+01
 -2.01217189e+03  2.93499100e+03  9.30000000e-02  2.42200000e+01
 -2.20959343e+03  3.16051700e+03  8.90000000e-02  2.08140000e+01
 -2.40841455e+03  3.31222100e+03  8.40000000e-02  1.87900000e+01
 -2.55943316e+03  3.37911400e+03  8.70000000e-02  1.89100000e+01
 -2.59571236e+03  3.45758100e+03  9.10000000e-02  1.67060000e+01
 -2.62989580e+03  3.48855700e+03  1.05000000e-01  1.64820000e+01
 -2.68768954e+03  3.52826600e+03  8.90000000e-02  1.70160000e+01
 -2.74000570e+03  3.55298300e+03  9.00000000e-02  1.67310000e+01
 -2.74312295e+03  3.56530500e+03  9.10000000e-02  1.64720000e+01
 -2.78510928e+03  3.57487300e+03  9.10000000e-02  1.62010000e+01
 -2.79856350e+03  3.61001900e+03  9.20000000e-02  1.67620000e+01
 -2.78088521e+03  3.63351700e+03  9.30000000e-02  1.61700000e+01
 -2.82377860e+03  3.62487300e+03  9.50000000e-02  1.63930000e+01
 -2.88874796e+03  3.66142800e+03  9.30000000e-02  1.57960000e+01
 -2.95563709e+03  3.65466600e+03  8.30000000e-02  1.62850000e+01
 -2.92450766e+03  3.64494700e+03  8.30000000e-02  1.61970000e+01
 -2.99671641e+03  3.67488000e+03  8.10000000e-02  1.56290000e+01
 -3.07481804e+03  3.69488800e+03  8.20000000e-02  1.56540000e+01
 -2.98088987e+03  3.62653000e+03  8.50000000e-02  1.59830000e+01
 -2.98088987e+03  3.62653000e+03  8.50000000e-02  1.59830000e+01
 -2.96982398e+03  3.62940200e+03  8.60000000e-02  1.69010000e+01
 -2.98535908e+03  3.63861700e+03  8.40000000e-02  1.57760000e+01
 -2.98535908e+03  3.63861700e+03  8.40000000e-02  1.57760000e+01
 -2.95973958e+03  3.64993000e+03  9.20000000e-02  1.60900000e+01
 -2.97906542e+03  3.65242500e+03  9.20000000e-02  1.66530000e+01
 -2.91419351e+03  3.63471300e+03  9.10000000e-02  1.63780000e+01
 -2.96209761e+03  3.65553300e+03  9.10000000e-02  1.65360000e+01
 -2.98170327e+03  3.65881900e+03  8.60000000e-02  1.65050000e+01
 -2.98170327e+03  3.65881900e+03  8.60000000e-02  1.65050000e+01
 -3.01419877e+03  3.65039100e+03  8.80000000e-02  1.70010000e+01
 -3.02366660e+03  3.64996600e+03  9.00000000e-02  1.65870000e+01
 -3.02366660e+03  3.64996600e+03  9.00000000e-02  1.65870000e+01
 -3.04617995e+03  3.66263500e+03  8.80000000e-02  1.62590000e+01
 -3.05625571e+03  3.67881300e+03  9.40000000e-02  1.58920000e+01
 -2.99309266e+03  3.67434300e+03  9.60000000e-02  1.63050000e+01
 -2.99945079e+03  3.65813800e+03  9.40000000e-02  1.69150000e+01
 -3.03169443e+03  3.66722600e+03  9.50000000e-02  1.69810000e+01
 -3.04970635e+03  3.67595800e+03  9.20000000e-02  1.65800000e+01
 -3.08255462e+03  3.69523900e+03  9.50000000e-02  1.60340000e+01
 -3.00813049e+03  3.65245400e+03  1.09000000e-01  1.57470000e+01
 -3.00674157e+03  3.65957500e+03  1.10000000e-01  1.63940000e+01
 -3.09242273e+03  3.66963800e+03  8.90000000e-02  1.62910000e+01
 -3.04451932e+03  3.66880000e+03  8.80000000e-02  1.59300000e+01
 -3.08054293e+03  3.64798300e+03  9.40000000e-02  1.60020000e+01
 -3.07296173e+03  3.65170700e+03  9.20000000e-02  1.60980000e+01
 -2.98986522e+03  3.62761100e+03  1.05000000e-01  1.63750000e+01
 -2.98986522e+03  3.62761100e+03  1.05000000e-01  1.63750000e+01
 -3.06321853e+03  3.60917200e+03  9.50000000e-02  1.70040000e+01
 -2.98696332e+03  3.63482500e+03  1.04000000e-01  1.61850000e+01
 -3.05932904e+03  3.65328700e+03  1.04000000e-01  1.65080000e+01
 -3.08553143e+03  3.65745700e+03  1.04000000e-01  1.67020000e+01
 -3.08129484e+03  3.65636400e+03  9.40000000e-02  1.69190000e+01
 -3.10563722e+03  3.65687000e+03  9.60000000e-02  1.70070000e+01
 -3.10563722e+03  3.65687000e+03  9.60000000e-02  1.70070000e+01
 -3.05795970e+03  3.66720400e+03  1.02000000e-01  1.65000000e+01
 -3.12210689e+03  3.64886700e+03  9.90000000e-02  1.59910000e+01
 -3.12304019e+03  3.66364500e+03  9.50000000e-02  1.52050000e+01
 -3.13917059e+03  3.66520100e+03  9.60000000e-02  1.53570000e+01
 -3.13641412e+03  3.66942600e+03  9.80000000e-02  1.52380000e+01
 -3.12255977e+03  3.65345800e+03  9.70000000e-02  1.57290000e+01
 -3.11009606e+03  3.65041100e+03  9.70000000e-02  1.58060000e+01
 -3.13736454e+03  3.65490800e+03  9.90000000e-02  1.61360000e+01
 -3.13491795e+03  3.65910200e+03  9.70000000e-02  1.62960000e+01
 -3.15710631e+03  3.66565100e+03  9.70000000e-02  1.63040000e+01
 -3.15536505e+03  3.66571500e+03  9.50000000e-02  1.62220000e+01
 -3.16779257e+03  3.67626300e+03  9.50000000e-02  1.61620000e+01
 -3.16580184e+03  3.67002700e+03  9.50000000e-02  1.61500000e+01
 -3.17456785e+03  3.67761700e+03  9.60000000e-02  1.56690000e+01
 -3.17456785e+03  3.67761700e+03  9.60000000e-02  1.56690000e+01
 -3.17456785e+03  3.67761700e+03  9.60000000e-02  1.56690000e+01
 -3.18756783e+03  3.67413600e+03  9.50000000e-02  1.57010000e+01
 -3.18756783e+03  3.67413600e+03  9.50000000e-02  1.57010000e+01
 -3.19238923e+03  3.66896900e+03  8.70000000e-02  1.58190000e+01
 -3.19238923e+03  3.66896900e+03  8.70000000e-02  1.58190000e+01
 -3.19238923e+03  3.66896900e+03  8.70000000e-02  1.58190000e+01
 -3.18063827e+03  3.66993200e+03  8.70000000e-02  1.57670000e+01
 -3.17453192e+03  3.67717500e+03  8.70000000e-02  1.56450000e+01
 -3.16659860e+03  3.66934900e+03  8.70000000e-02  1.57820000e+01
 -3.16386537e+03  3.67174900e+03  8.60000000e-02  1.58240000e+01
 -3.17204127e+03  3.67130600e+03  8.60000000e-02  1.59520000e+01
 -3.17204127e+03  3.67130600e+03  8.60000000e-02  1.59520000e+01
 -3.19442549e+03  3.67779100e+03  8.40000000e-02  1.57880000e+01
 -3.20757845e+03  3.67453600e+03  8.50000000e-02  1.60740000e+01
 -3.20224320e+03  3.67264400e+03  8.90000000e-02  1.61460000e+01
 -3.20224320e+03  3.67264400e+03  8.90000000e-02  1.61460000e+01
 -3.20224320e+03  3.67264400e+03  8.90000000e-02  1.61460000e+01
 -3.20224320e+03  3.67264400e+03  8.90000000e-02  1.61460000e+01
 -3.20699197e+03  3.67445900e+03  8.80000000e-02  1.62870000e+01
 -3.20699197e+03  3.67445900e+03  8.80000000e-02  1.62870000e+01
 -3.20682962e+03  3.66996100e+03  8.80000000e-02  1.63780000e+01
 -3.18753598e+03  3.67339900e+03  8.90000000e-02  1.62610000e+01
 -3.20592311e+03  3.67224100e+03  8.80000000e-02  1.63610000e+01
 -3.19944682e+03  3.68539800e+03  8.60000000e-02  1.62500000e+01
 -3.19920937e+03  3.69005800e+03  8.60000000e-02  1.61740000e+01
 -3.19252109e+03  3.68751800e+03  8.70000000e-02  1.65760000e+01
 -3.19252109e+03  3.68751800e+03  8.70000000e-02  1.65760000e+01
 -3.18733355e+03  3.67487100e+03  8.80000000e-02  1.66530000e+01
 -3.18760608e+03  3.67918600e+03  8.90000000e-02  1.64500000e+01
 -3.18760608e+03  3.67918600e+03  8.90000000e-02  1.64500000e+01
 -3.20156141e+03  3.67959800e+03  8.90000000e-02  1.64770000e+01
 -3.20156141e+03  3.67959800e+03  8.90000000e-02  1.64770000e+01
 -3.20499283e+03  3.67785700e+03  9.00000000e-02  1.64660000e+01
 -3.20860703e+03  3.68564000e+03  8.50000000e-02  1.60180000e+01
 -3.20943999e+03  3.68577900e+03  8.20000000e-02  1.63200000e+01
 -3.20282217e+03  3.68307600e+03  8.20000000e-02  1.62550000e+01
 -3.19829130e+03  3.67587600e+03  9.10000000e-02  1.61060000e+01
 -3.19484252e+03  3.67819000e+03  9.10000000e-02  1.58100000e+01
 -3.19484252e+03  3.67819000e+03  9.10000000e-02  1.58100000e+01
 -3.19484252e+03  3.67819000e+03  9.10000000e-02  1.58100000e+01
 -3.19484252e+03  3.67819000e+03  9.10000000e-02  1.58100000e+01
 -3.19921518e+03  3.68348700e+03  9.10000000e-02  1.56890000e+01
 -3.16373238e+03  3.68624300e+03  9.20000000e-02  1.57560000e+01
 -3.16373238e+03  3.68624300e+03  9.20000000e-02  1.57560000e+01
 -3.15725536e+03  3.69189500e+03  9.10000000e-02  1.54330000e+01
 -3.15392532e+03  3.69831500e+03  9.10000000e-02  1.54430000e+01
 -3.16964546e+03  3.70459400e+03  9.10000000e-02  1.55510000e+01
 -3.16964546e+03  3.70459400e+03  9.10000000e-02  1.55510000e+01
 -3.18332871e+03  3.71461400e+03  8.30000000e-02  1.52300000e+01
 -3.19402368e+03  3.71898000e+03  8.30000000e-02  1.53540000e+01
 -3.19402368e+03  3.71898000e+03  8.30000000e-02  1.53540000e+01
 -3.17194700e+03  3.71298200e+03  8.30000000e-02  1.54510000e+01
 -3.14062302e+03  3.70430100e+03  8.30000000e-02  1.54200000e+01
 -3.12819171e+03  3.69943700e+03  8.30000000e-02  1.54390000e+01
 -3.12819171e+03  3.69943700e+03  8.30000000e-02  1.54390000e+01
 -3.12974189e+03  3.69325500e+03  8.30000000e-02  1.55820000e+01
 -3.08718008e+03  3.68005800e+03  8.30000000e-02  1.54740000e+01
 -3.08718008e+03  3.68005800e+03  8.30000000e-02  1.54740000e+01
 -3.07500185e+03  3.67599300e+03  8.30000000e-02  1.55960000e+01
 -3.06391123e+03  3.67228600e+03  8.30000000e-02  1.57560000e+01
 -3.06391123e+03  3.67228600e+03  8.30000000e-02  1.57560000e+01
 -3.06391123e+03  3.67228600e+03  8.30000000e-02  1.57560000e+01
 -3.07807491e+03  3.67883800e+03  8.30000000e-02  1.56570000e+01
 -3.07938062e+03  3.67704400e+03  8.30000000e-02  1.56150000e+01
 -3.09829899e+03  3.68211300e+03  8.30000000e-02  1.58950000e+01
 -3.10164597e+03  3.68750700e+03  8.30000000e-02  1.53920000e+01
 -3.12875606e+03  3.68147700e+03  8.30000000e-02  1.55550000e+01
 -3.12875606e+03  3.68147700e+03  8.30000000e-02  1.55550000e+01
 -3.14028817e+03  3.69403800e+03  8.30000000e-02  1.52570000e+01
 -3.14028817e+03  3.69403800e+03  8.30000000e-02  1.52570000e+01
 -3.14258323e+03  3.69554900e+03  8.30000000e-02  1.54590000e+01
 -3.14258323e+03  3.69554900e+03  8.30000000e-02  1.54590000e+01
 -3.14086995e+03  3.69681300e+03  8.30000000e-02  1.53470000e+01
 -3.13160910e+03  3.69115000e+03  8.30000000e-02  1.54090000e+01
 -3.12027012e+03  3.69176700e+03  8.30000000e-02  1.55630000e+01
 -3.15721935e+03  3.70394800e+03  8.30000000e-02  1.53900000e+01
 -3.15721935e+03  3.70394800e+03  8.30000000e-02  1.53900000e+01
 -3.15721935e+03  3.70394800e+03  8.30000000e-02  1.53900000e+01
 -3.15721935e+03  3.70394800e+03  8.30000000e-02  1.53900000e+01
 -3.14897873e+03  3.70317000e+03  8.30000000e-02  1.54520000e+01
 -3.14079017e+03  3.69256600e+03  8.30000000e-02  1.52570000e+01
 -3.14079017e+03  3.69256600e+03  8.30000000e-02  1.52570000e+01
 -3.14260829e+03  3.68802800e+03  8.30000000e-02  1.53640000e+01
 -3.14260829e+03  3.68802800e+03  8.30000000e-02  1.53640000e+01
 -3.14260829e+03  3.68802800e+03  8.30000000e-02  1.53640000e+01
 -3.14573692e+03  3.68746800e+03  8.50000000e-02  1.54950000e+01
 -3.13969441e+03  3.68129600e+03  8.50000000e-02  1.53150000e+01
 -3.15103003e+03  3.67779200e+03  9.10000000e-02  1.53440000e+01
 -3.15103003e+03  3.67779200e+03  9.10000000e-02  1.53440000e+01
 -3.15103003e+03  3.67779200e+03  9.10000000e-02  1.53440000e+01
 -3.16257305e+03  3.68340200e+03  9.10000000e-02  1.53090000e+01
 -3.16257305e+03  3.68340200e+03  9.10000000e-02  1.53090000e+01
 -3.15372126e+03  3.68523000e+03  9.10000000e-02  1.51520000e+01
 -3.14570559e+03  3.68344500e+03  9.10000000e-02  1.52430000e+01
 -3.13426667e+03  3.67739200e+03  9.10000000e-02  1.53040000e+01
 -3.14193973e+03  3.67476500e+03  9.10000000e-02  1.52680000e+01
 -3.14673218e+03  3.67718500e+03  9.10000000e-02  1.52320000e+01
 -3.15436907e+03  3.68791900e+03  9.10000000e-02  1.51460000e+01
 -3.17237119e+03  3.69224300e+03  9.10000000e-02  1.53020000e+01
 -3.17237119e+03  3.69224300e+03  9.10000000e-02  1.53020000e+01
 -3.16694353e+03  3.69105400e+03  9.30000000e-02  1.54260000e+01
 -3.17502108e+03  3.68533600e+03  9.20000000e-02  1.57300000e+01
 -3.17502108e+03  3.68533600e+03  9.20000000e-02  1.57300000e+01
 -3.17502108e+03  3.68533600e+03  9.20000000e-02  1.57300000e+01
 -3.16389290e+03  3.67032300e+03  9.20000000e-02  1.61320000e+01
 -3.16389290e+03  3.67032300e+03  9.20000000e-02  1.61320000e+01
 -3.17556852e+03  3.67346900e+03  9.20000000e-02  1.60810000e+01
 -3.17556852e+03  3.67346900e+03  9.20000000e-02  1.60810000e+01
 -3.17623233e+03  3.67429200e+03  9.20000000e-02  1.61530000e+01
 -3.15605674e+03  3.66430300e+03  9.20000000e-02  1.63500000e+01
 -3.15497806e+03  3.67122100e+03  8.60000000e-02  1.60990000e+01
 -3.16037742e+03  3.67533000e+03  8.60000000e-02  1.61290000e+01
 -3.17319266e+03  3.67922000e+03  8.50000000e-02  1.61420000e+01
 -3.18459358e+03  3.67214000e+03  8.60000000e-02  1.67910000e+01
 -3.18459358e+03  3.67214000e+03  8.60000000e-02  1.67910000e+01
 -3.19923577e+03  3.67825800e+03  8.50000000e-02  1.69620000e+01
 -3.22897258e+03  3.67755400e+03  8.50000000e-02  1.70800000e+01
 -3.23245515e+03  3.68025800e+03  8.50000000e-02  1.72010000e+01
 -3.24108949e+03  3.68009500e+03  9.00000000e-02  1.70730000e+01
 -3.23366495e+03  3.67891500e+03  9.00000000e-02  1.72390000e+01
 -3.23221165e+03  3.68226500e+03  1.03000000e-01  1.71660000e+01
 -3.23326793e+03  3.68228600e+03  1.03000000e-01  1.69260000e+01
 -3.23326793e+03  3.68228600e+03  1.03000000e-01  1.69260000e+01
 -3.26207845e+03  3.68921500e+03  1.04000000e-01  1.69080000e+01
 -3.26207845e+03  3.68921500e+03  1.04000000e-01  1.69080000e+01
 -3.26207845e+03  3.68921500e+03  1.04000000e-01  1.69080000e+01
 -3.26922200e+03  3.69088100e+03  1.04000000e-01  1.69280000e+01
 -3.26922200e+03  3.69088100e+03  1.04000000e-01  1.69280000e+01
 -3.23244202e+03  3.67907600e+03  1.04000000e-01  1.69860000e+01
 -3.23244202e+03  3.67907600e+03  1.04000000e-01  1.69860000e+01
 -3.23244202e+03  3.67907600e+03  1.04000000e-01  1.69860000e+01
 -3.24035661e+03  3.67290200e+03  1.03000000e-01  1.71350000e+01
 -3.20336303e+03  3.67026500e+03  1.03000000e-01  1.69590000e+01
 -3.20336303e+03  3.67026500e+03  1.03000000e-01  1.69590000e+01
 -3.20071531e+03  3.67180200e+03  1.03000000e-01  1.68300000e+01
 -3.22118991e+03  3.67954900e+03  1.03000000e-01  1.66670000e+01
 -3.22118991e+03  3.67954900e+03  1.03000000e-01  1.66670000e+01
 -3.22118991e+03  3.67954900e+03  1.03000000e-01  1.66670000e+01
 -3.20622693e+03  3.67220900e+03  1.03000000e-01  1.70500000e+01
 -3.22584210e+03  3.67977700e+03  1.03000000e-01  1.68540000e+01
 -3.22584210e+03  3.67977700e+03  1.03000000e-01  1.68540000e+01
 -3.22584210e+03  3.67977700e+03  1.03000000e-01  1.68540000e+01
 -3.22584210e+03  3.67977700e+03  1.03000000e-01  1.68540000e+01
 -3.22584210e+03  3.67977700e+03  1.03000000e-01  1.68540000e+01
 -3.22584210e+03  3.67977700e+03  1.03000000e-01  1.68540000e+01
 -3.22584210e+03  3.67977700e+03  1.03000000e-01  1.68540000e+01
 -3.22584210e+03  3.67977700e+03  1.03000000e-01  1.68540000e+01
 -3.23146949e+03  3.68116000e+03  1.03000000e-01  1.67140000e+01
 -3.23146949e+03  3.68116000e+03  1.03000000e-01  1.67140000e+01
 -3.23146949e+03  3.68116000e+03  1.03000000e-01  1.67140000e+01
 -3.23597157e+03  3.69084400e+03  1.03000000e-01  1.66140000e+01
 -3.23597157e+03  3.69084400e+03  1.03000000e-01  1.66140000e+01
 -3.23597157e+03  3.69084400e+03  1.03000000e-01  1.66140000e+01
 -3.23041928e+03  3.69509200e+03  1.03000000e-01  1.62690000e+01
 -3.21708948e+03  3.69634400e+03  1.03000000e-01  1.61650000e+01
 -3.23424284e+03  3.70829900e+03  1.03000000e-01  1.61750000e+01
 -3.23424284e+03  3.70829900e+03  1.03000000e-01  1.61750000e+01
 -3.24384550e+03  3.71163100e+03  1.03000000e-01  1.64220000e+01
 -3.24384550e+03  3.71163100e+03  1.03000000e-01  1.64220000e+01
 -3.22434742e+03  3.70899200e+03  1.03000000e-01  1.68150000e+01
 -3.22434742e+03  3.70899200e+03  1.03000000e-01  1.68150000e+01
 -3.22434742e+03  3.70899200e+03  1.03000000e-01  1.68150000e+01
 -3.25160856e+03  3.72592700e+03  1.03000000e-01  1.67220000e+01
 -3.25160856e+03  3.72592700e+03  1.03000000e-01  1.67220000e+01
 -3.25380806e+03  3.72267200e+03  1.03000000e-01  1.66430000e+01
 -3.25380806e+03  3.72267200e+03  1.03000000e-01  1.66430000e+01
 -3.25380806e+03  3.72267200e+03  1.03000000e-01  1.66430000e+01
 -3.25380806e+03  3.72267200e+03  1.03000000e-01  1.66430000e+01
 -3.25380806e+03  3.72267200e+03  1.03000000e-01  1.66430000e+01
 -3.25380806e+03  3.72267200e+03  1.03000000e-01  1.66430000e+01
 -3.27323511e+03  3.72109600e+03  1.03000000e-01  1.69170000e+01
 -3.27608983e+03  3.71732100e+03  1.03000000e-01  1.70620000e+01
 -3.27608983e+03  3.71732100e+03  1.03000000e-01  1.70620000e+01
 -3.26976946e+03  3.70621000e+03  1.03000000e-01  1.72060000e+01
 -3.28717102e+03  3.72217300e+03  1.04000000e-01  1.69250000e+01
 -3.28717102e+03  3.72217300e+03  1.04000000e-01  1.69250000e+01
 -3.28717102e+03  3.72217300e+03  1.04000000e-01  1.69250000e+01
 -3.27854278e+03  3.71680100e+03  1.03000000e-01  1.69150000e+01
 -3.28216339e+03  3.70708400e+03  1.03000000e-01  1.68420000e+01
 -3.28115888e+03  3.71045700e+03  8.70000000e-02  1.66440000e+01
 -3.28115888e+03  3.71045700e+03  8.70000000e-02  1.66440000e+01
 -3.28115888e+03  3.71045700e+03  8.70000000e-02  1.66440000e+01
 -3.28115888e+03  3.71045700e+03  8.70000000e-02  1.66440000e+01
 -3.29493782e+03  3.70975600e+03  8.80000000e-02  1.67900000e+01
 -3.29493782e+03  3.70975600e+03  8.80000000e-02  1.67900000e+01
 -3.29493782e+03  3.70975600e+03  8.80000000e-02  1.67900000e+01
 -3.29493782e+03  3.70975600e+03  8.80000000e-02  1.67900000e+01
 -3.28903123e+03  3.70370300e+03  8.90000000e-02  1.68440000e+01
 -3.28903123e+03  3.70370300e+03  8.90000000e-02  1.68440000e+01
 -3.28903123e+03  3.70370300e+03  8.90000000e-02  1.68440000e+01
 -3.28903123e+03  3.70370300e+03  8.90000000e-02  1.68440000e+01
 -3.28903123e+03  3.70370300e+03  8.90000000e-02  1.68440000e+01
 -3.30257118e+03  3.70138700e+03  8.90000000e-02  1.68030000e+01
 -3.30257118e+03  3.70138700e+03  8.90000000e-02  1.68030000e+01
 -3.34155792e+03  3.70605600e+03  8.80000000e-02  1.69220000e+01
 -3.34155792e+03  3.70605600e+03  8.80000000e-02  1.69220000e+01
 -3.34155792e+03  3.70605600e+03  8.80000000e-02  1.69220000e+01
 -3.34481826e+03  3.70025400e+03  8.80000000e-02  1.70490000e+01
 -3.34481826e+03  3.70025400e+03  8.80000000e-02  1.70490000e+01
 -3.34149425e+03  3.70500100e+03  8.90000000e-02  1.69480000e+01
 -3.34149425e+03  3.70500100e+03  8.90000000e-02  1.69480000e+01
 -3.34149425e+03  3.70500100e+03  8.90000000e-02  1.69480000e+01
 -3.34149425e+03  3.70500100e+03  8.90000000e-02  1.69480000e+01
 -3.34730660e+03  3.70081800e+03  8.90000000e-02  1.68770000e+01
 -3.34730660e+03  3.70081800e+03  8.90000000e-02  1.68770000e+01
 -3.34730660e+03  3.70081800e+03  8.90000000e-02  1.68770000e+01
 -3.34730660e+03  3.70081800e+03  8.90000000e-02  1.68770000e+01
 -3.34730660e+03  3.70081800e+03  8.90000000e-02  1.68770000e+01
 -3.34730660e+03  3.70081800e+03  8.90000000e-02  1.68770000e+01
 -3.34730660e+03  3.70081800e+03  8.90000000e-02  1.68770000e+01
 -3.34464692e+03  3.69862800e+03  9.00000000e-02  1.69650000e+01
 -3.34464692e+03  3.69862800e+03  9.00000000e-02  1.69650000e+01
 -3.35456731e+03  3.70543900e+03  9.20000000e-02  1.71930000e+01
 -3.34553325e+03  3.68863200e+03  9.20000000e-02  1.75300000e+01
 -3.34553325e+03  3.68863200e+03  9.20000000e-02  1.75300000e+01
 -3.34553325e+03  3.68863200e+03  9.20000000e-02  1.75300000e+01
 -3.34553325e+03  3.68863200e+03  9.20000000e-02  1.75300000e+01
 -3.34553325e+03  3.68863200e+03  9.20000000e-02  1.75300000e+01
 -3.34553325e+03  3.68863200e+03  9.20000000e-02  1.75300000e+01
 -3.34553325e+03  3.68863200e+03  9.20000000e-02  1.75300000e+01
 -3.34349114e+03  3.67988600e+03  9.20000000e-02  1.76630000e+01
 -3.34349114e+03  3.67988600e+03  9.20000000e-02  1.76630000e+01
 -3.34349114e+03  3.67988600e+03  9.20000000e-02  1.76630000e+01
 -3.34349114e+03  3.67988600e+03  9.20000000e-02  1.76630000e+01
 -3.34143395e+03  3.67655700e+03  9.20000000e-02  1.77830000e+01
 -3.33932096e+03  3.68274100e+03  9.10000000e-02  1.75540000e+01
 -3.33659049e+03  3.68134600e+03  9.00000000e-02  1.76410000e+01
 -3.33375671e+03  3.68126000e+03  8.90000000e-02  1.74640000e+01
 -3.33446692e+03  3.67796300e+03  9.00000000e-02  1.76500000e+01
 -3.33446692e+03  3.67796300e+03  9.00000000e-02  1.76500000e+01
 -3.33446692e+03  3.67796300e+03  9.00000000e-02  1.76500000e+01
 -3.34122737e+03  3.68242800e+03  9.00000000e-02  1.74290000e+01
 -3.34122737e+03  3.68242800e+03  9.00000000e-02  1.74290000e+01
 -3.34407907e+03  3.69827700e+03  8.90000000e-02  1.70760000e+01
 -3.34407907e+03  3.69827700e+03  8.90000000e-02  1.70760000e+01
 -3.34407907e+03  3.69827700e+03  8.90000000e-02  1.70760000e+01
 -3.34407907e+03  3.69827700e+03  8.90000000e-02  1.70760000e+01
 -3.34407907e+03  3.69827700e+03  8.90000000e-02  1.70760000e+01
 -3.34407907e+03  3.69827700e+03  8.90000000e-02  1.70760000e+01
 -3.34407907e+03  3.69827700e+03  8.90000000e-02  1.70760000e+01
 -3.34407907e+03  3.69827700e+03  8.90000000e-02  1.70760000e+01
 -3.34818930e+03  3.70485100e+03  8.70000000e-02  1.72000000e+01
 -3.34798004e+03  3.70822400e+03  8.80000000e-02  1.68820000e+01
 -3.34798004e+03  3.70822400e+03  8.80000000e-02  1.68820000e+01
 -3.34798004e+03  3.70822400e+03  8.80000000e-02  1.68820000e+01
 -3.34798004e+03  3.70822400e+03  8.80000000e-02  1.68820000e+01
 -3.34798004e+03  3.70822400e+03  8.80000000e-02  1.68820000e+01
 -3.34798004e+03  3.70822400e+03  8.80000000e-02  1.68820000e+01
 -3.34798004e+03  3.70822400e+03  8.80000000e-02  1.68820000e+01
 -3.34798004e+03  3.70822400e+03  8.80000000e-02  1.68820000e+01
 -3.34798004e+03  3.70822400e+03  8.80000000e-02  1.68820000e+01
 -3.36400186e+03  3.71470900e+03  8.80000000e-02  1.68500000e+01
 -3.36400186e+03  3.71470900e+03  8.80000000e-02  1.68500000e+01
 -3.36400186e+03  3.71470900e+03  8.80000000e-02  1.68500000e+01
 -3.36400186e+03  3.71470900e+03  8.80000000e-02  1.68500000e+01
 -3.36400186e+03  3.71470900e+03  8.80000000e-02  1.68500000e+01
 -3.36400186e+03  3.71470900e+03  8.80000000e-02  1.68500000e+01
 -3.36400186e+03  3.71470900e+03  8.80000000e-02  1.68500000e+01
 -3.36400186e+03  3.71470900e+03  8.80000000e-02  1.68500000e+01
 -3.36500493e+03  3.71703200e+03  8.70000000e-02  1.65490000e+01
 -3.36500493e+03  3.71703200e+03  8.70000000e-02  1.65490000e+01
 -3.36500493e+03  3.71703200e+03  8.70000000e-02  1.65490000e+01
 -3.36710507e+03  3.71151700e+03  8.70000000e-02  1.67190000e+01
 -3.36710507e+03  3.71151700e+03  8.70000000e-02  1.67190000e+01
 -3.36710507e+03  3.71151700e+03  8.70000000e-02  1.67190000e+01
 -3.36710507e+03  3.71151700e+03  8.70000000e-02  1.67190000e+01
 -3.36710507e+03  3.71151700e+03  8.70000000e-02  1.67190000e+01
 -3.36710507e+03  3.71151700e+03  8.70000000e-02  1.67190000e+01
 -3.36710507e+03  3.71151700e+03  8.70000000e-02  1.67190000e+01
 -3.36710507e+03  3.71151700e+03  8.70000000e-02  1.67190000e+01
 -3.36710507e+03  3.71151700e+03  8.70000000e-02  1.67190000e+01
 -3.36710507e+03  3.71151700e+03  8.70000000e-02  1.67190000e+01
 -3.36710507e+03  3.71151700e+03  8.70000000e-02  1.67190000e+01
 -3.36710507e+03  3.71151700e+03  8.70000000e-02  1.67190000e+01
 -3.36710507e+03  3.71151700e+03  8.70000000e-02  1.67190000e+01
 -3.36710507e+03  3.71151700e+03  8.70000000e-02  1.67190000e+01
 -3.36710507e+03  3.71151700e+03  8.70000000e-02  1.67190000e+01
 -3.36710507e+03  3.71151700e+03  8.70000000e-02  1.67190000e+01
 -3.36710507e+03  3.71151700e+03  8.70000000e-02  1.67190000e+01
 -3.37062917e+03  3.71957900e+03  9.10000000e-02  1.64720000e+01
 -3.37062917e+03  3.71957900e+03  9.10000000e-02  1.64720000e+01
 -3.37062917e+03  3.71957900e+03  9.10000000e-02  1.64720000e+01
 -3.37062917e+03  3.71957900e+03  9.10000000e-02  1.64720000e+01
 -3.37062917e+03  3.71957900e+03  9.10000000e-02  1.64720000e+01
 -3.37062917e+03  3.71957900e+03  9.10000000e-02  1.64720000e+01
 -3.40471522e+03  3.72513300e+03  9.00000000e-02  1.63510000e+01
 -3.40471522e+03  3.72513300e+03  9.00000000e-02  1.63510000e+01
 -3.40471522e+03  3.72513300e+03  9.00000000e-02  1.63510000e+01
 -3.41304825e+03  3.72496000e+03  9.10000000e-02  1.64090000e+01
 -3.41304825e+03  3.72496000e+03  9.10000000e-02  1.64090000e+01
 -3.41304825e+03  3.72496000e+03  9.10000000e-02  1.64090000e+01
 -3.41304825e+03  3.72496000e+03  9.10000000e-02  1.64090000e+01
 -3.41304825e+03  3.72496000e+03  9.10000000e-02  1.64090000e+01
 -3.41304825e+03  3.72496000e+03  9.10000000e-02  1.64090000e+01
 -3.41304825e+03  3.72496000e+03  9.10000000e-02  1.64090000e+01
 -3.41304825e+03  3.72496000e+03  9.10000000e-02  1.64090000e+01
 -3.41304825e+03  3.72496000e+03  9.10000000e-02  1.64090000e+01
 -3.41304825e+03  3.72496000e+03  9.10000000e-02  1.64090000e+01
 -3.41304825e+03  3.72496000e+03  9.10000000e-02  1.64090000e+01
 -3.41680401e+03  3.71336200e+03  9.20000000e-02  1.65380000e+01
 -3.41680401e+03  3.71336200e+03  9.20000000e-02  1.65380000e+01
 -3.41680401e+03  3.71336200e+03  9.20000000e-02  1.65380000e+01
 -3.41680401e+03  3.71336200e+03  9.20000000e-02  1.65380000e+01
 -3.42698543e+03  3.71992300e+03  9.20000000e-02  1.65680000e+01
 -3.42698543e+03  3.71992300e+03  9.20000000e-02  1.65680000e+01
 -3.42698543e+03  3.71992300e+03  9.20000000e-02  1.65680000e+01
 -3.42708757e+03  3.71305000e+03  9.10000000e-02  1.66810000e+01
 -3.42708757e+03  3.71305000e+03  9.10000000e-02  1.66810000e+01
 -3.42708757e+03  3.71305000e+03  9.10000000e-02  1.66810000e+01
 -3.42708757e+03  3.71305000e+03  9.10000000e-02  1.66810000e+01
 -3.42708757e+03  3.71305000e+03  9.10000000e-02  1.66810000e+01
 -3.42708757e+03  3.71305000e+03  9.10000000e-02  1.66810000e+01
 -3.42708757e+03  3.71305000e+03  9.10000000e-02  1.66810000e+01
 -3.42708757e+03  3.71305000e+03  9.10000000e-02  1.66810000e+01
 -3.42708757e+03  3.71305000e+03  9.10000000e-02  1.66810000e+01
 -3.42708757e+03  3.71305000e+03  9.10000000e-02  1.66810000e+01
 -3.42708757e+03  3.71305000e+03  9.10000000e-02  1.66810000e+01
 -3.42708757e+03  3.71305000e+03  9.10000000e-02  1.66810000e+01
 -3.42708757e+03  3.71305000e+03  9.10000000e-02  1.66810000e+01
 -3.42708757e+03  3.71305000e+03  9.10000000e-02  1.66810000e+01
 -3.42708757e+03  3.71305000e+03  9.10000000e-02  1.66810000e+01
 -3.42708757e+03  3.71305000e+03  9.10000000e-02  1.66810000e+01
 -3.42708757e+03  3.71305000e+03  9.10000000e-02  1.66810000e+01
 -3.42708757e+03  3.71305000e+03  9.10000000e-02  1.66810000e+01
 -3.42708757e+03  3.71305000e+03  9.10000000e-02  1.66810000e+01
 -3.42708757e+03  3.71305000e+03  9.10000000e-02  1.66810000e+01
 -3.42708757e+03  3.71305000e+03  9.10000000e-02  1.66810000e+01
 -3.42708757e+03  3.71305000e+03  9.10000000e-02  1.66810000e+01
 -3.42708757e+03  3.71305000e+03  9.10000000e-02  1.66810000e+01
 -3.42708757e+03  3.71305000e+03  9.10000000e-02  1.66810000e+01
 -3.42708757e+03  3.71305000e+03  9.10000000e-02  1.66810000e+01
 -3.42708757e+03  3.71305000e+03  9.10000000e-02  1.66810000e+01
 -3.42708757e+03  3.71305000e+03  9.10000000e-02  1.66810000e+01
 -3.42708757e+03  3.71305000e+03  9.10000000e-02  1.66810000e+01
 -3.42708757e+03  3.71305000e+03  9.10000000e-02  1.66810000e+01
 -3.42708757e+03  3.71305000e+03  9.10000000e-02  1.66810000e+01
 -3.42708757e+03  3.71305000e+03  9.10000000e-02  1.66810000e+01
 -3.42708757e+03  3.71305000e+03  9.10000000e-02  1.66810000e+01
 -3.43231652e+03  3.71667100e+03  8.70000000e-02  1.63970000e+01
 -3.44178013e+03  3.70790500e+03  8.50000000e-02  1.65690000e+01
 -3.44178013e+03  3.70790500e+03  8.50000000e-02  1.65690000e+01
 -3.44178013e+03  3.70790500e+03  8.50000000e-02  1.65690000e+01
 -3.44178013e+03  3.70790500e+03  8.50000000e-02  1.65690000e+01
 -3.44178013e+03  3.70790500e+03  8.50000000e-02  1.65690000e+01
 -3.44178013e+03  3.70790500e+03  8.50000000e-02  1.65690000e+01
 -3.44178013e+03  3.70790500e+03  8.50000000e-02  1.65690000e+01
 -3.44178013e+03  3.70790500e+03  8.50000000e-02  1.65690000e+01
 -3.44178013e+03  3.70790500e+03  8.50000000e-02  1.65690000e+01
 -3.44178013e+03  3.70790500e+03  8.50000000e-02  1.65690000e+01
 -3.44178013e+03  3.70790500e+03  8.50000000e-02  1.65690000e+01
 -3.44178013e+03  3.70790500e+03  8.50000000e-02  1.65690000e+01
 -3.44178013e+03  3.70790500e+03  8.50000000e-02  1.65690000e+01
 -3.44178013e+03  3.70790500e+03  8.50000000e-02  1.65690000e+01
 -3.44441935e+03  3.70982700e+03  8.50000000e-02  1.64160000e+01
 -3.44441935e+03  3.70982700e+03  8.50000000e-02  1.64160000e+01
 -3.44441935e+03  3.70982700e+03  8.50000000e-02  1.64160000e+01
 -3.44441935e+03  3.70982700e+03  8.50000000e-02  1.64160000e+01
 -3.45265087e+03  3.71527300e+03  8.50000000e-02  1.63180000e+01
 -3.45265087e+03  3.71527300e+03  8.50000000e-02  1.63180000e+01
 -3.45265087e+03  3.71527300e+03  8.50000000e-02  1.63180000e+01
 -3.45265087e+03  3.71527300e+03  8.50000000e-02  1.63180000e+01
 -3.45942875e+03  3.72303200e+03  9.10000000e-02  1.61010000e+01
 -3.45942875e+03  3.72303200e+03  9.10000000e-02  1.61010000e+01
 -3.45942875e+03  3.72303200e+03  9.10000000e-02  1.61010000e+01
 -3.45942875e+03  3.72303200e+03  9.10000000e-02  1.61010000e+01
 -3.45942875e+03  3.72303200e+03  9.10000000e-02  1.61010000e+01
 -3.46717598e+03  3.71427800e+03  9.20000000e-02  1.65430000e+01
 -3.46717598e+03  3.71427800e+03  9.20000000e-02  1.65430000e+01
 -3.46717598e+03  3.71427800e+03  9.20000000e-02  1.65430000e+01
 -3.46717598e+03  3.71427800e+03  9.20000000e-02  1.65430000e+01
 -3.46717598e+03  3.71427800e+03  9.20000000e-02  1.65430000e+01
 -3.46717598e+03  3.71427800e+03  9.20000000e-02  1.65430000e+01
 -3.46717598e+03  3.71427800e+03  9.20000000e-02  1.65430000e+01
 -3.46717598e+03  3.71427800e+03  9.20000000e-02  1.65430000e+01
 -3.46717598e+03  3.71427800e+03  9.20000000e-02  1.65430000e+01
 -3.46764775e+03  3.70789900e+03  8.60000000e-02  1.65340000e+01
 -3.46764775e+03  3.70789900e+03  8.60000000e-02  1.65340000e+01
 -3.46764775e+03  3.70789900e+03  8.60000000e-02  1.65340000e+01
 -3.46764775e+03  3.70789900e+03  8.60000000e-02  1.65340000e+01
 -3.46764775e+03  3.70789900e+03  8.60000000e-02  1.65340000e+01
 -3.46764775e+03  3.70789900e+03  8.60000000e-02  1.65340000e+01
 -3.46976340e+03  3.71632900e+03  8.50000000e-02  1.64080000e+01
 -3.47556398e+03  3.71617900e+03  8.60000000e-02  1.64450000e+01
 -3.47556398e+03  3.71617900e+03  8.60000000e-02  1.64450000e+01
 -3.47556398e+03  3.71617900e+03  8.60000000e-02  1.64450000e+01
 -3.47556398e+03  3.71617900e+03  8.60000000e-02  1.64450000e+01
 -3.47556398e+03  3.71617900e+03  8.60000000e-02  1.64450000e+01
 -3.47554366e+03  3.71669900e+03  8.60000000e-02  1.63750000e+01
 -3.48126732e+03  3.72108600e+03  8.50000000e-02  1.63330000e+01
 -3.48126732e+03  3.72108600e+03  8.50000000e-02  1.63330000e+01
 -3.48126732e+03  3.72108600e+03  8.50000000e-02  1.63330000e+01
 -3.48126732e+03  3.72108600e+03  8.50000000e-02  1.63330000e+01
 -3.48126732e+03  3.72108600e+03  8.50000000e-02  1.63330000e+01
 -3.48126732e+03  3.72108600e+03  8.50000000e-02  1.63330000e+01
 -3.48126732e+03  3.72108600e+03  8.50000000e-02  1.63330000e+01
 -3.48126732e+03  3.72108600e+03  8.50000000e-02  1.63330000e+01
 -3.48126732e+03  3.72108600e+03  8.50000000e-02  1.63330000e+01
 -3.48126732e+03  3.72108600e+03  8.50000000e-02  1.63330000e+01
 -3.48126732e+03  3.72108600e+03  8.50000000e-02  1.63330000e+01
 -3.48126732e+03  3.72108600e+03  8.50000000e-02  1.63330000e+01
 -3.48126732e+03  3.72108600e+03  8.50000000e-02  1.63330000e+01
 -3.48191290e+03  3.72355100e+03  8.50000000e-02  1.64140000e+01
 -3.48191290e+03  3.72355100e+03  8.50000000e-02  1.64140000e+01
 -3.48191290e+03  3.72355100e+03  8.50000000e-02  1.64140000e+01
 -3.48983045e+03  3.73547200e+03  8.50000000e-02  1.61130000e+01
 -3.48983045e+03  3.73547200e+03  8.50000000e-02  1.61130000e+01
 -3.48983045e+03  3.73547200e+03  8.50000000e-02  1.61130000e+01
 -3.48983045e+03  3.73547200e+03  8.50000000e-02  1.61130000e+01
 -3.48983045e+03  3.73547200e+03  8.50000000e-02  1.61130000e+01
 -3.49780931e+03  3.73651800e+03  8.50000000e-02  1.64100000e+01
 -3.49780931e+03  3.73651800e+03  8.50000000e-02  1.64100000e+01
 -3.49780931e+03  3.73651800e+03  8.50000000e-02  1.64100000e+01
 -3.49780931e+03  3.73651800e+03  8.50000000e-02  1.64100000e+01
 -3.49780931e+03  3.73651800e+03  8.50000000e-02  1.64100000e+01
 -3.49805162e+03  3.73977200e+03  8.50000000e-02  1.64800000e+01
 -3.49805162e+03  3.73977200e+03  8.50000000e-02  1.64800000e+01
 -3.49805162e+03  3.73977200e+03  8.50000000e-02  1.64800000e+01
 -3.49805162e+03  3.73977200e+03  8.50000000e-02  1.64800000e+01
 -3.49805162e+03  3.73977200e+03  8.50000000e-02  1.64800000e+01
 -3.49805162e+03  3.73977200e+03  8.50000000e-02  1.64800000e+01
 -3.49805162e+03  3.73977200e+03  8.50000000e-02  1.64800000e+01
 -3.49805162e+03  3.73977200e+03  8.50000000e-02  1.64800000e+01
 -3.49805162e+03  3.73977200e+03  8.50000000e-02  1.64800000e+01
 -3.49805162e+03  3.73977200e+03  8.50000000e-02  1.64800000e+01
 -3.49805162e+03  3.73977200e+03  8.50000000e-02  1.64800000e+01
 -3.49805162e+03  3.73977200e+03  8.50000000e-02  1.64800000e+01
 -3.49805162e+03  3.73977200e+03  8.50000000e-02  1.64800000e+01
 -3.49805162e+03  3.73977200e+03  8.50000000e-02  1.64800000e+01
 -3.49805162e+03  3.73977200e+03  8.50000000e-02  1.64800000e+01
 -3.49805162e+03  3.73977200e+03  8.50000000e-02  1.64800000e+01
 -3.49805162e+03  3.73977200e+03  8.50000000e-02  1.64800000e+01
 -3.49805162e+03  3.73977200e+03  8.50000000e-02  1.64800000e+01
 -3.49805162e+03  3.73977200e+03  8.50000000e-02  1.64800000e+01
 -3.49805162e+03  3.73977200e+03  8.50000000e-02  1.64800000e+01
 -3.49805162e+03  3.73977200e+03  8.50000000e-02  1.64800000e+01
 -3.49805162e+03  3.73977200e+03  8.50000000e-02  1.64800000e+01
 -3.49805162e+03  3.73977200e+03  8.50000000e-02  1.64800000e+01
 -3.49805162e+03  3.73977200e+03  8.50000000e-02  1.64800000e+01
 -3.49805162e+03  3.73977200e+03  8.50000000e-02  1.64800000e+01
 -3.49805162e+03  3.73977200e+03  8.50000000e-02  1.64800000e+01
 -3.49805162e+03  3.73977200e+03  8.50000000e-02  1.64800000e+01
 -3.50270765e+03  3.73977300e+03  8.50000000e-02  1.64800000e+01
 -3.50688855e+03  3.73902600e+03  8.50000000e-02  1.64830000e+01
 -3.51142871e+03  3.74132900e+03  8.50000000e-02  1.63620000e+01
 -3.51178991e+03  3.73990200e+03  8.50000000e-02  1.63890000e+01
 -3.51118950e+03  3.73735100e+03  8.50000000e-02  1.64800000e+01
 -3.51118950e+03  3.73735100e+03  8.50000000e-02  1.64800000e+01
 -3.51118950e+03  3.73735100e+03  8.50000000e-02  1.64800000e+01
 -3.52485612e+03  3.74063700e+03  8.50000000e-02  1.64620000e+01
 -3.52575123e+03  3.74362000e+03  8.50000000e-02  1.64470000e+01
 -3.52575123e+03  3.74362000e+03  8.50000000e-02  1.64470000e+01
 -3.52575123e+03  3.74362000e+03  8.50000000e-02  1.64470000e+01
 -3.52575123e+03  3.74362000e+03  8.50000000e-02  1.64470000e+01
 -3.52575123e+03  3.74362000e+03  8.50000000e-02  1.64470000e+01
 -3.52575123e+03  3.74362000e+03  8.50000000e-02  1.64470000e+01
 -3.52574529e+03  3.74240900e+03  8.50000000e-02  1.64480000e+01
 -3.52574529e+03  3.74240900e+03  8.50000000e-02  1.64480000e+01
 -3.52574529e+03  3.74240900e+03  8.50000000e-02  1.64480000e+01
 -3.52574529e+03  3.74240900e+03  8.50000000e-02  1.64480000e+01
 -3.52574529e+03  3.74240900e+03  8.50000000e-02  1.64480000e+01
 -3.52596223e+03  3.74205300e+03  8.50000000e-02  1.64860000e+01
 -3.52596223e+03  3.74205300e+03  8.50000000e-02  1.64860000e+01
 -3.52613905e+03  3.74248500e+03  8.50000000e-02  1.64840000e+01
 -3.52633260e+03  3.74202000e+03  8.50000000e-02  1.65950000e+01
 -3.52756952e+03  3.74224800e+03  8.50000000e-02  1.66180000e+01
 -3.52756952e+03  3.74224800e+03  8.50000000e-02  1.66180000e+01
 -3.52756952e+03  3.74224800e+03  8.50000000e-02  1.66180000e+01
 -3.52714675e+03  3.74246400e+03  8.50000000e-02  1.66230000e+01
 -3.52714675e+03  3.74246400e+03  8.50000000e-02  1.66230000e+01
 -3.52714675e+03  3.74246400e+03  8.50000000e-02  1.66230000e+01
 -3.52759768e+03  3.74367400e+03  8.50000000e-02  1.66350000e+01
 -3.52761321e+03  3.74336000e+03  8.50000000e-02  1.66350000e+01
 -3.52761321e+03  3.74336000e+03  8.50000000e-02  1.66350000e+01
 -3.53048908e+03  3.74238700e+03  8.50000000e-02  1.66350000e+01
 -3.53167192e+03  3.74456000e+03  8.50000000e-02  1.66050000e+01
 -3.53167192e+03  3.74456000e+03  8.50000000e-02  1.66050000e+01
 -3.53167192e+03  3.74456000e+03  8.50000000e-02  1.66050000e+01
 -3.53376287e+03  3.74456000e+03  8.50000000e-02  1.66050000e+01
 -3.53463589e+03  3.74544600e+03  8.50000000e-02  1.65970000e+01
 -3.53406700e+03  3.74619300e+03  8.50000000e-02  1.65880000e+01
 -3.53406700e+03  3.74619300e+03  8.50000000e-02  1.65880000e+01
 -3.53406700e+03  3.74619300e+03  8.50000000e-02  1.65880000e+01
 -3.53406700e+03  3.74619300e+03  8.50000000e-02  1.65880000e+01
 -3.53406700e+03  3.74619300e+03  8.50000000e-02  1.65880000e+01
 -3.53406700e+03  3.74619300e+03  8.50000000e-02  1.65880000e+01
 -3.53785400e+03  3.74731700e+03  8.50000000e-02  1.65820000e+01
 -3.53785400e+03  3.74731700e+03  8.50000000e-02  1.65820000e+01
 -3.53785400e+03  3.74731700e+03  8.50000000e-02  1.65820000e+01
 -3.55258988e+03  3.75038700e+03  8.50000000e-02  1.65720000e+01
 -3.55258988e+03  3.75038700e+03  8.50000000e-02  1.65720000e+01
 -3.55519961e+03  3.75247300e+03  8.50000000e-02  1.65620000e+01
 -3.55519961e+03  3.75247300e+03  8.50000000e-02  1.65620000e+01
 -3.55519961e+03  3.75247300e+03  8.50000000e-02  1.65620000e+01
 -3.55640236e+03  3.75291600e+03  8.50000000e-02  1.66100000e+01
 -3.55640236e+03  3.75291600e+03  8.50000000e-02  1.66100000e+01
 -3.55675440e+03  3.75359600e+03  8.50000000e-02  1.65310000e+01
 -3.55716484e+03  3.75621200e+03  8.50000000e-02  1.64970000e+01
 -3.55716484e+03  3.75621200e+03  8.50000000e-02  1.64970000e+01
 -3.55714504e+03  3.75621200e+03  8.50000000e-02  1.64860000e+01
 -3.55714504e+03  3.75621200e+03  8.50000000e-02  1.64860000e+01
 -3.55714504e+03  3.75621200e+03  8.50000000e-02  1.64860000e+01
 -3.55972465e+03  3.75852500e+03  8.50000000e-02  1.64320000e+01
 -3.56314110e+03  3.76040600e+03  8.50000000e-02  1.64330000e+01
 -3.56314110e+03  3.76040600e+03  8.50000000e-02  1.64330000e+01
 -3.56314110e+03  3.76040600e+03  8.50000000e-02  1.64330000e+01
 -3.56611049e+03  3.75755200e+03  8.50000000e-02  1.64540000e+01
 -3.56611049e+03  3.75755200e+03  8.50000000e-02  1.64540000e+01
 -3.56611049e+03  3.75755200e+03  8.50000000e-02  1.64540000e+01
 -3.56793857e+03  3.75996300e+03  8.50000000e-02  1.63820000e+01
 -3.56793857e+03  3.75996300e+03  8.50000000e-02  1.63820000e+01
 -3.56721156e+03  3.75622300e+03  8.60000000e-02  1.65200000e+01
 -3.56724665e+03  3.75620100e+03  8.60000000e-02  1.65190000e+01
 -3.56953594e+03  3.75740100e+03  8.50000000e-02  1.66160000e+01
 -3.56953594e+03  3.75740100e+03  8.50000000e-02  1.66160000e+01
 -3.56953594e+03  3.75740100e+03  8.50000000e-02  1.66160000e+01
 -3.56953594e+03  3.75740100e+03  8.50000000e-02  1.66160000e+01
 -3.57344298e+03  3.75553200e+03  8.50000000e-02  1.66260000e+01
 -3.57476109e+03  3.75895700e+03  8.50000000e-02  1.65760000e+01
 -3.57476109e+03  3.75895700e+03  8.50000000e-02  1.65760000e+01
 -3.57561628e+03  3.75874100e+03  8.50000000e-02  1.65760000e+01
 -3.57561628e+03  3.75874100e+03  8.50000000e-02  1.65760000e+01
 -3.57802061e+03  3.76039500e+03  8.50000000e-02  1.65700000e+01
 -3.57834547e+03  3.76171300e+03  8.50000000e-02  1.65740000e+01
 -3.58966710e+03  3.76215600e+03  8.50000000e-02  1.65800000e+01
 -3.58966710e+03  3.76215600e+03  8.50000000e-02  1.65800000e+01
 -3.59000344e+03  3.76237200e+03  8.50000000e-02  1.65670000e+01
 -3.59000344e+03  3.76237200e+03  8.50000000e-02  1.65670000e+01
 -3.59000344e+03  3.76237200e+03  8.50000000e-02  1.65670000e+01
 -3.59000344e+03  3.76237200e+03  8.50000000e-02  1.65670000e+01
 -3.58969719e+03  3.75885900e+03  8.40000000e-02  1.65990000e+01
 -3.59076398e+03  3.76093400e+03  8.40000000e-02  1.65970000e+01
 -3.59100318e+03  3.76490200e+03  8.40000000e-02  1.64120000e+01
 -3.59100318e+03  3.76490200e+03  8.40000000e-02  1.64120000e+01
 -3.59101622e+03  3.76512800e+03  8.40000000e-02  1.64100000e+01
 -3.59078315e+03  3.76235100e+03  8.40000000e-02  1.64690000e+01
 -3.59078315e+03  3.76235100e+03  8.40000000e-02  1.64690000e+01
 -3.59309744e+03  3.76751800e+03  8.40000000e-02  1.63370000e+01
 -3.59622840e+03  3.77081500e+03  8.40000000e-02  1.63150000e+01
 -3.59622840e+03  3.77081500e+03  8.40000000e-02  1.63150000e+01
 -3.59702827e+03  3.77290100e+03  8.40000000e-02  1.62610000e+01
 -3.59702827e+03  3.77290100e+03  8.40000000e-02  1.62610000e+01
 -3.59856101e+03  3.77596000e+03  8.40000000e-02  1.62360000e+01
 -3.59862387e+03  3.77564600e+03  8.40000000e-02  1.62790000e+01
 -3.59862387e+03  3.77564600e+03  8.40000000e-02  1.62790000e+01
 -3.59862430e+03  3.77563500e+03  8.40000000e-02  1.62920000e+01
 -3.59883408e+03  3.77519200e+03  8.40000000e-02  1.62980000e+01
 -3.59883408e+03  3.77519200e+03  8.40000000e-02  1.62980000e+01
 -3.59883408e+03  3.77519200e+03  8.40000000e-02  1.62980000e+01
 -3.60164213e+03  3.77617600e+03  8.40000000e-02  1.63060000e+01
 -3.60172189e+03  3.77663000e+03  8.40000000e-02  1.63190000e+01
 -3.60530883e+03  3.77871600e+03  8.40000000e-02  1.62800000e+01
 -3.60530883e+03  3.77871600e+03  8.40000000e-02  1.62800000e+01
 -3.60803987e+03  3.77968900e+03  8.40000000e-02  1.62820000e+01
 -3.60803987e+03  3.77968900e+03  8.40000000e-02  1.62820000e+01
 -3.60803987e+03  3.77968900e+03  8.40000000e-02  1.62820000e+01
 -3.60989353e+03  3.77857700e+03  8.40000000e-02  1.63230000e+01
 -3.60976854e+03  3.77880300e+03  8.40000000e-02  1.63200000e+01
 -3.61039645e+03  3.78155900e+03  8.40000000e-02  1.62260000e+01
 -3.61039645e+03  3.78155900e+03  8.40000000e-02  1.62260000e+01
 -3.61139665e+03  3.78311600e+03  8.40000000e-02  1.61640000e+01
 -3.61251331e+03  3.78354800e+03  8.40000000e-02  1.61640000e+01
 -3.61475515e+03  3.78346100e+03  8.40000000e-02  1.61640000e+01
 -3.61475515e+03  3.78346100e+03  8.40000000e-02  1.61640000e+01
 -3.61818530e+03  3.78466100e+03  8.40000000e-02  1.61390000e+01
 -3.61818530e+03  3.78466100e+03  8.40000000e-02  1.61390000e+01
 -3.61818530e+03  3.78466100e+03  8.40000000e-02  1.61390000e+01
 -3.61818530e+03  3.78466100e+03  8.40000000e-02  1.61390000e+01
 -3.61818530e+03  3.78466100e+03  8.40000000e-02  1.61390000e+01
 -3.62503088e+03  3.78763300e+03  8.40000000e-02  1.60910000e+01
 -3.63120566e+03  3.78830300e+03  8.40000000e-02  1.60510000e+01
 -3.63260975e+03  3.79017300e+03  8.40000000e-02  1.60530000e+01
 -3.63348754e+03  3.78996800e+03  8.40000000e-02  1.60530000e+01
 -3.63348754e+03  3.78996800e+03  8.40000000e-02  1.60530000e+01
 -3.63365271e+03  3.78779500e+03  8.40000000e-02  1.60820000e+01
 -3.63365271e+03  3.78779500e+03  8.40000000e-02  1.60820000e+01
 -3.63365271e+03  3.78779500e+03  8.40000000e-02  1.60820000e+01
 -3.63362636e+03  3.78823800e+03  8.40000000e-02  1.60130000e+01
 -3.63362636e+03  3.78823800e+03  8.40000000e-02  1.60130000e+01
 -3.63472637e+03  3.78725400e+03  8.40000000e-02  1.60580000e+01
 -3.63472637e+03  3.78725400e+03  8.40000000e-02  1.60580000e+01
 -3.63837332e+03  3.79055100e+03  8.40000000e-02  1.60580000e+01
 -3.63837332e+03  3.79055100e+03  8.40000000e-02  1.60580000e+01
 -3.63819499e+03  3.78770700e+03  8.40000000e-02  1.60970000e+01
 -3.63819499e+03  3.78770700e+03  8.40000000e-02  1.60970000e+01
 -3.64295847e+03  3.79196700e+03  8.40000000e-02  1.60270000e+01
 -3.64295847e+03  3.79196700e+03  8.40000000e-02  1.60270000e+01
 -3.64295847e+03  3.79196700e+03  8.40000000e-02  1.60270000e+01
 -3.65260007e+03  3.79286400e+03  8.40000000e-02  1.60950000e+01
 -3.65255546e+03  3.79142600e+03  8.40000000e-02  1.61130000e+01
 -3.65255546e+03  3.79142600e+03  8.40000000e-02  1.61130000e+01
 -3.65255546e+03  3.79142600e+03  8.40000000e-02  1.61130000e+01
 -3.65255546e+03  3.79142600e+03  8.40000000e-02  1.61130000e+01
 -3.65843688e+03  3.79232300e+03  8.40000000e-02  1.62630000e+01
 -3.65818915e+03  3.79263700e+03  8.40000000e-02  1.62260000e+01
 -3.65818915e+03  3.79263700e+03  8.40000000e-02  1.62260000e+01
 -3.65720227e+03  3.79129700e+03  8.40000000e-02  1.63400000e+01
 -3.66257553e+03  3.79451800e+03  8.40000000e-02  1.63420000e+01
 -3.66257553e+03  3.79451800e+03  8.40000000e-02  1.63420000e+01
 -3.66257553e+03  3.79451800e+03  8.40000000e-02  1.63420000e+01
 -3.66363758e+03  3.79650600e+03  8.40000000e-02  1.63100000e+01
 -3.66432329e+03  3.79836500e+03  8.40000000e-02  1.62980000e+01
 -3.66432329e+03  3.79836500e+03  8.40000000e-02  1.62980000e+01
 -3.66432329e+03  3.79836500e+03  8.40000000e-02  1.62980000e+01
 -3.66432329e+03  3.79836500e+03  8.40000000e-02  1.62980000e+01
 -3.66954049e+03  3.80081800e+03  8.40000000e-02  1.62680000e+01
 -3.66755713e+03  3.79993200e+03  8.40000000e-02  1.62540000e+01
 -3.66755713e+03  3.79993200e+03  8.40000000e-02  1.62540000e+01
 -3.66755713e+03  3.79993200e+03  8.40000000e-02  1.62540000e+01
 -3.66755713e+03  3.79993200e+03  8.40000000e-02  1.62540000e+01
 -3.66800410e+03  3.79927300e+03  8.40000000e-02  1.63540000e+01
 -3.66800410e+03  3.79927300e+03  8.40000000e-02  1.63540000e+01
 -3.66800410e+03  3.79927300e+03  8.40000000e-02  1.63540000e+01
 -3.66800410e+03  3.79927300e+03  8.40000000e-02  1.63540000e+01
 -3.68157470e+03  3.80487200e+03  8.40000000e-02  1.62330000e+01
 -3.68157470e+03  3.80487200e+03  8.40000000e-02  1.62330000e+01
 -3.68157470e+03  3.80487200e+03  8.40000000e-02  1.62330000e+01
 -3.68157470e+03  3.80487200e+03  8.40000000e-02  1.62330000e+01
 -3.68157470e+03  3.80487200e+03  8.40000000e-02  1.62330000e+01
 -3.68589167e+03  3.80487200e+03  8.40000000e-02  1.62450000e+01
 -3.68589167e+03  3.80487200e+03  8.40000000e-02  1.62450000e+01
 -3.68589167e+03  3.80487200e+03  8.40000000e-02  1.62450000e+01
 -3.68589167e+03  3.80487200e+03  8.40000000e-02  1.62450000e+01
 -3.68589167e+03  3.80487200e+03  8.40000000e-02  1.62450000e+01
 -3.68640052e+03  3.80522800e+03  8.40000000e-02  1.63020000e+01
 -3.69524453e+03  3.80797300e+03  8.40000000e-02  1.62600000e+01
 -3.69524453e+03  3.80797300e+03  8.40000000e-02  1.62600000e+01
 -3.69524453e+03  3.80797300e+03  8.40000000e-02  1.62600000e+01
 -3.69524453e+03  3.80797300e+03  8.40000000e-02  1.62600000e+01
 -3.69524453e+03  3.80797300e+03  8.40000000e-02  1.62600000e+01
 -3.69524453e+03  3.80797300e+03  8.40000000e-02  1.62600000e+01
 -3.69525680e+03  3.80798300e+03  8.40000000e-02  1.62590000e+01
 -3.69525680e+03  3.80798300e+03  8.40000000e-02  1.62590000e+01
 -3.69525680e+03  3.80798300e+03  8.40000000e-02  1.62590000e+01
 -3.69525680e+03  3.80798300e+03  8.40000000e-02  1.62590000e+01
 -3.69525680e+03  3.80798300e+03  8.40000000e-02  1.62590000e+01
 -3.69525680e+03  3.80798300e+03  8.40000000e-02  1.62590000e+01
 -3.69525680e+03  3.80798300e+03  8.40000000e-02  1.62590000e+01
 -3.69589380e+03  3.80602600e+03  8.40000000e-02  1.62990000e+01
 -3.69589380e+03  3.80602600e+03  8.40000000e-02  1.62990000e+01
 -3.69589380e+03  3.80602600e+03  8.40000000e-02  1.62990000e+01
 -3.69589380e+03  3.80602600e+03  8.40000000e-02  1.62990000e+01
 -3.69589380e+03  3.80602600e+03  8.40000000e-02  1.62990000e+01
 -3.69589380e+03  3.80602600e+03  8.40000000e-02  1.62990000e+01
 -3.69589380e+03  3.80602600e+03  8.40000000e-02  1.62990000e+01
 -3.69589380e+03  3.80602600e+03  8.40000000e-02  1.62990000e+01
 -3.69589380e+03  3.80602600e+03  8.40000000e-02  1.62990000e+01
 -3.69689464e+03  3.80712800e+03  8.40000000e-02  1.62540000e+01
 -3.69689464e+03  3.80712800e+03  8.40000000e-02  1.62540000e+01
 -3.69685428e+03  3.80748400e+03  8.40000000e-02  1.62550000e+01
 -3.69685428e+03  3.80748400e+03  8.40000000e-02  1.62550000e+01
 -3.69685428e+03  3.80748400e+03  8.40000000e-02  1.62550000e+01
 -3.69685428e+03  3.80748400e+03  8.40000000e-02  1.62550000e+01
 -3.69685428e+03  3.80748400e+03  8.40000000e-02  1.62550000e+01
 -3.69685428e+03  3.80748400e+03  8.40000000e-02  1.62550000e+01
 -3.69685428e+03  3.80748400e+03  8.40000000e-02  1.62550000e+01
 -3.69685428e+03  3.80748400e+03  8.40000000e-02  1.62550000e+01
 -3.69738063e+03  3.80792700e+03  8.40000000e-02  1.62550000e+01
 -3.69738063e+03  3.80792700e+03  8.40000000e-02  1.62550000e+01
 -3.69738063e+03  3.80792700e+03  8.40000000e-02  1.62550000e+01
 -3.69738063e+03  3.80792700e+03  8.40000000e-02  1.62550000e+01
 -3.69738063e+03  3.80792700e+03  8.40000000e-02  1.62550000e+01
 -3.69738063e+03  3.80792700e+03  8.40000000e-02  1.62550000e+01
 -3.69738063e+03  3.80792700e+03  8.40000000e-02  1.62550000e+01
 -3.69738063e+03  3.80792700e+03  8.40000000e-02  1.62550000e+01
 -3.69738063e+03  3.80792700e+03  8.40000000e-02  1.62550000e+01
 -3.69738063e+03  3.80792700e+03  8.40000000e-02  1.62550000e+01
 -3.69738063e+03  3.80792700e+03  8.40000000e-02  1.62550000e+01
 -3.69802697e+03  3.80724600e+03  8.40000000e-02  1.62540000e+01
 -3.69802697e+03  3.80724600e+03  8.40000000e-02  1.62540000e+01
 -3.69802697e+03  3.80724600e+03  8.40000000e-02  1.62540000e+01
 -3.69802697e+03  3.80724600e+03  8.40000000e-02  1.62540000e+01
 -3.69802697e+03  3.80724600e+03  8.40000000e-02  1.62540000e+01
 -3.69802697e+03  3.80724600e+03  8.40000000e-02  1.62540000e+01
 -3.69802697e+03  3.80724600e+03  8.40000000e-02  1.62540000e+01
 -3.69975918e+03  3.80627300e+03  8.40000000e-02  1.62530000e+01
 -3.70930387e+03  3.80551600e+03  8.40000000e-02  1.63100000e+01
 -3.70935141e+03  3.80650000e+03  8.40000000e-02  1.63580000e+01
 -3.70935141e+03  3.80650000e+03  8.40000000e-02  1.63580000e+01
 -3.70935141e+03  3.80650000e+03  8.40000000e-02  1.63580000e+01
 -3.70935141e+03  3.80650000e+03  8.40000000e-02  1.63580000e+01
 -3.70935141e+03  3.80650000e+03  8.40000000e-02  1.63580000e+01
 -3.70935141e+03  3.80650000e+03  8.40000000e-02  1.63580000e+01
 -3.71007203e+03  3.80762300e+03  8.40000000e-02  1.63530000e+01
 -3.71007203e+03  3.80762300e+03  8.40000000e-02  1.63530000e+01
 -3.71007203e+03  3.80762300e+03  8.40000000e-02  1.63530000e+01
 -3.71007203e+03  3.80762300e+03  8.40000000e-02  1.63530000e+01
 -3.71007203e+03  3.80762300e+03  8.40000000e-02  1.63530000e+01
 -3.71007203e+03  3.80762300e+03  8.40000000e-02  1.63530000e+01
 -3.71007203e+03  3.80762300e+03  8.40000000e-02  1.63530000e+01
 -3.71007203e+03  3.80762300e+03  8.40000000e-02  1.63530000e+01
 -3.71007203e+03  3.80762300e+03  8.40000000e-02  1.63530000e+01
 -3.71007203e+03  3.80762300e+03  8.40000000e-02  1.63530000e+01
 -3.71007203e+03  3.80762300e+03  8.40000000e-02  1.63530000e+01
 -3.71007203e+03  3.80762300e+03  8.40000000e-02  1.63530000e+01
 -3.71007203e+03  3.80762300e+03  8.40000000e-02  1.63530000e+01
 -3.71026811e+03  3.80785000e+03  8.40000000e-02  1.63590000e+01
 -3.71026811e+03  3.80785000e+03  8.40000000e-02  1.63590000e+01
 -3.71026811e+03  3.80785000e+03  8.40000000e-02  1.63590000e+01
 -3.71026811e+03  3.80785000e+03  8.40000000e-02  1.63590000e+01
 -3.71026811e+03  3.80785000e+03  8.40000000e-02  1.63590000e+01
 -3.71026811e+03  3.80785000e+03  8.40000000e-02  1.63590000e+01
 -3.71026811e+03  3.80785000e+03  8.40000000e-02  1.63590000e+01
 -3.71026811e+03  3.80785000e+03  8.40000000e-02  1.63590000e+01
 -3.71026811e+03  3.80785000e+03  8.40000000e-02  1.63590000e+01
 -3.71026811e+03  3.80785000e+03  8.40000000e-02  1.63590000e+01
 -3.71026811e+03  3.80785000e+03  8.40000000e-02  1.63590000e+01
 -3.71026811e+03  3.80785000e+03  8.40000000e-02  1.63590000e+01
 -3.71026811e+03  3.80785000e+03  8.40000000e-02  1.63590000e+01
 -3.71026811e+03  3.80785000e+03  8.40000000e-02  1.63590000e+01
 -3.71026811e+03  3.80785000e+03  8.40000000e-02  1.63590000e+01
 -3.71026811e+03  3.80785000e+03  8.40000000e-02  1.63590000e+01
 -3.71026811e+03  3.80785000e+03  8.40000000e-02  1.63590000e+01
 -3.71085543e+03  3.80598000e+03  8.40000000e-02  1.63890000e+01
 -3.71085543e+03  3.80598000e+03  8.40000000e-02  1.63890000e+01
 -3.71065281e+03  3.80673700e+03  8.40000000e-02  1.63400000e+01
 -3.71064458e+03  3.80608900e+03  8.40000000e-02  1.63450000e+01
 -3.71064458e+03  3.80608900e+03  8.40000000e-02  1.63450000e+01
 -3.71080641e+03  3.80587200e+03  8.40000000e-02  1.63870000e+01
 -3.71164816e+03  3.80728800e+03  8.40000000e-02  1.63900000e+01
 -3.71164816e+03  3.80728800e+03  8.40000000e-02  1.63900000e+01
 -3.71164816e+03  3.80728800e+03  8.40000000e-02  1.63900000e+01
 -3.71164816e+03  3.80728800e+03  8.40000000e-02  1.63900000e+01
 -3.71164816e+03  3.80728800e+03  8.40000000e-02  1.63900000e+01
 -3.71164816e+03  3.80728800e+03  8.40000000e-02  1.63900000e+01
 -3.71164816e+03  3.80728800e+03  8.40000000e-02  1.63900000e+01
 -3.71164816e+03  3.80728800e+03  8.40000000e-02  1.63900000e+01
 -3.71164816e+03  3.80728800e+03  8.40000000e-02  1.63900000e+01
 -3.71164816e+03  3.80728800e+03  8.40000000e-02  1.63900000e+01
 -3.71164816e+03  3.80728800e+03  8.40000000e-02  1.63900000e+01
 -3.71164816e+03  3.80728800e+03  8.40000000e-02  1.63900000e+01
 -3.71164816e+03  3.80728800e+03  8.40000000e-02  1.63900000e+01
 -3.71855543e+03  3.80630500e+03  8.40000000e-02  1.63900000e+01
 -3.71855543e+03  3.80630500e+03  8.40000000e-02  1.63900000e+01
 -3.71855543e+03  3.80630500e+03  8.40000000e-02  1.63900000e+01
 -3.71912467e+03  3.80661800e+03  8.40000000e-02  1.64100000e+01
 -3.71912467e+03  3.80661800e+03  8.40000000e-02  1.64100000e+01
 -3.71912467e+03  3.80661800e+03  8.40000000e-02  1.64100000e+01
 -3.71912467e+03  3.80661800e+03  8.40000000e-02  1.64100000e+01
 -3.71912467e+03  3.80661800e+03  8.40000000e-02  1.64100000e+01