-1.56455120e+03  2.57626700e+03  8.80000000e-02  2.93540000e+01
 -2.01624304e+03  2.92386700e+03  9.00000000e-02  2.38910000e+01
 -2.19955555e+03  3.10670600e+03  8.70000000e-02  2.10930000e+01
 -2.49442566e+03  3.27822600e+03  8.30000000e-02  1.94170000e+01
 -2.62146467e+03  3.38410000e+03  9.40000000e-02  1.86120000e+01
 -2.75181234e+03  3.46313900e+03  8.50000000e-02  1.81350000e+01
 -2.74563520e+03  3.46520900e+03  8.50000000e-02  1.83390000e+01
 -2.81668444e+03  3.55052600e+03  9.60000000e-02  1.68690000e+01
 -2.81639008e+03  3.56711400e+03  9.70000000e-02  1.61350000e+01
 -2.86210344e+03  3.60524400e+03  9.70000000e-02  1.59090000e+01
 -2.86078844e+03  3.58626400e+03  9.70000000e-02  1.67020000e+01
 -2.96118600e+03  3.62994400e+03  9.70000000e-02  1.66100000e+01
 -2.88376096e+03  3.59660800e+03  9.70000000e-02  1.66560000e+01
 -2.99911837e+03  3.63386100e+03  9.70000000e-02  1.63300000e+01
 -3.02121060e+03  3.63278500e+03  8.40000000e-02  1.64300000e+01
 -3.02121060e+03  3.63278500e+03  8.40000000e-02  1.64300000e+01
 -3.02121060e+03  3.63278500e+03  8.40000000e-02  1.64300000e+01
 -3.02121060e+03  3.63278500e+03  8.40000000e-02  1.64300000e+01
 -3.02121060e+03  3.63278500e+03  8.40000000e-02  1.64300000e+01
 -2.97143242e+03  3.62088500e+03  8.40000000e-02  1.66860000e+01
 -2.97143242e+03  3.62088500e+03  8.40000000e-02  1.66860000e+01
 -2.96688686e+03  3.62592000e+03  8.30000000e-02  1.66740000e+01
 -2.94433524e+03  3.62464600e+03  8.30000000e-02  1.52810000e+01
 -2.94433524e+03  3.62464600e+03  8.30000000e-02  1.52810000e+01
 -2.98346516e+03  3.60298000e+03  8.30000000e-02  1.60580000e+01
 -2.89820597e+03  3.60915500e+03  8.70000000e-02  1.64560000e+01
 -3.00094101e+03  3.64805900e+03  8.70000000e-02  1.55590000e+01
 -3.00094101e+03  3.64805900e+03  8.70000000e-02  1.55590000e+01
 -3.01958040e+03  3.65070200e+03  8.30000000e-02  1.58880000e+01
 -3.01958040e+03  3.65070200e+03  8.30000000e-02  1.58880000e+01
 -3.04718034e+03  3.67254700e+03  9.40000000e-02  1.59480000e+01
 -3.04663085e+03  3.67629200e+03  8.60000000e-02  1.59700000e+01
 -3.04663085e+03  3.67629200e+03  8.60000000e-02  1.59700000e+01
 -3.04663085e+03  3.67629200e+03  8.60000000e-02  1.59700000e+01
 -3.06446350e+03  3.66665800e+03  9.20000000e-02  1.63610000e+01
 -3.00924198e+03  3.65579200e+03  9.20000000e-02  1.60960000e+01
 -3.01352103e+03  3.67872800e+03  9.20000000e-02  1.56860000e+01
 -3.04619376e+03  3.68330800e+03  8.50000000e-02  1.53890000e+01
 -3.04619376e+03  3.68330800e+03  8.50000000e-02  1.53890000e+01
 -3.08389409e+03  3.67158900e+03  8.40000000e-02  1.58070000e+01
 -3.06455491e+03  3.68814900e+03  8.30000000e-02  1.52190000e+01
 -2.98233270e+03  3.67780200e+03  8.40000000e-02  1.60060000e+01
 -3.03811739e+03  3.66409900e+03  9.30000000e-02  1.58010000e+01
 -3.03820243e+03  3.68670900e+03  9.20000000e-02  1.56410000e+01
 -3.02277346e+03  3.68201600e+03  8.60000000e-02  1.60280000e+01
 -3.02261672e+03  3.68103900e+03  8.60000000e-02  1.54320000e+01
 -2.97364486e+03  3.65035600e+03  8.70000000e-02  1.60790000e+01
 -3.02217861e+03  3.63968600e+03  8.90000000e-02  1.65120000e+01
 -3.09377938e+03  3.65695200e+03  1.02000000e-01  1.64100000e+01
 -3.09377938e+03  3.65695200e+03  1.02000000e-01  1.64100000e+01
 -3.09377938e+03  3.65695200e+03  1.02000000e-01  1.64100000e+01
 -3.09377938e+03  3.65695200e+03  1.02000000e-01  1.64100000e+01
 -3.17980663e+03  3.67940400e+03  9.30000000e-02  1.63370000e+01
 -3.17980663e+03  3.67940400e+03  9.30000000e-02  1.63370000e+01
 -3.17980663e+03  3.67940400e+03  9.30000000e-02  1.63370000e+01
 -3.17980663e+03  3.67940400e+03  9.30000000e-02  1.63370000e+01
 -3.17980663e+03  3.67940400e+03  9.30000000e-02  1.63370000e+01
 -3.17980663e+03  3.67940400e+03  9.30000000e-02  1.63370000e+01
 -3.08567112e+03  3.66932500e+03  1.00000000e-01  1.64920000e+01
 -3.08567112e+03  3.66932500e+03  1.00000000e-01  1.64920000e+01
 -3.03536340e+03  3.67854900e+03  9.70000000e-02  1.59160000e+01
 -3.01983164e+03  3.66782700e+03  9.20000000e-02  1.60690000e+01
 -3.04507247e+03  3.69386600e+03  9.20000000e-02  1.56370000e+01
 -3.02735626e+03  3.67437700e+03  9.10000000e-02  1.58150000e+01
 -2.99047414e+03  3.65425900e+03  9.10000000e-02  1.58000000e+01
 -3.00556117e+03  3.66334600e+03  8.80000000e-02  1.59320000e+01
 -2.98295176e+03  3.66254500e+03  9.20000000e-02  1.53570000e+01
 -2.95798449e+03  3.65333800e+03  8.80000000e-02  1.57030000e+01
 -2.95798449e+03  3.65333800e+03  8.80000000e-02  1.57030000e+01
 -2.95370286e+03  3.66648400e+03  9.00000000e-02  1.57030000e+01
 -2.97102970e+03  3.66349400e+03  9.10000000e-02  1.59510000e+01
 -2.95226525e+03  3.65260100e+03  9.00000000e-02  1.65380000e+01
 -2.98962067e+03  3.64214800e+03  9.80000000e-02  1.65440000e+01
 -3.00889400e+03  3.64428700e+03  9.80000000e-02  1.65850000e+01
 -3.01965820e+03  3.65333700e+03  9.20000000e-02  1.65230000e+01
 -3.01965820e+03  3.65333700e+03  9.20000000e-02  1.65230000e+01
 -3.01786359e+03  3.66611200e+03  9.10000000e-02  1.64110000e+01
 -2.97974267e+03  3.65570100e+03  9.10000000e-02  1.63290000e+01
 -2.97974267e+03  3.65570100e+03  9.10000000e-02  1.63290000e+01
 -2.99103418e+03  3.64750500e+03  9.10000000e-02  1.64380000e+01
 -2.98407401e+03  3.64983000e+03  9.10000000e-02  1.64850000e+01
 -2.99393455e+03  3.65316900e+03  9.10000000e-02  1.64430000e+01
 -2.97936345e+03  3.64740800e+03  9.10000000e-02  1.63280000e+01
 -2.97936345e+03  3.64740800e+03  9.10000000e-02  1.63280000e+01
 -2.97552610e+03  3.64439500e+03  9.10000000e-02  1.61840000e+01
 -2.97552610e+03  3.64439500e+03  9.10000000e-02  1.61840000e+01
 -2.96739570e+03  3.64862400e+03  9.00000000e-02  1.61790000e+01
 -2.99502168e+03  3.64829900e+03  9.00000000e-02  1.64920000e+01
 -3.02245382e+03  3.65857700e+03  9.10000000e-02  1.63180000e+01
 -3.02245382e+03  3.65857700e+03  9.10000000e-02  1.63180000e+01
 -3.03160228e+03  3.66323700e+03  9.00000000e-02  1.65290000e+01
 -3.02433401e+03  3.66036100e+03  9.10000000e-02  1.66480000e+01
 -3.02015733e+03  3.65605900e+03  9.10000000e-02  1.67830000e+01
 -3.03995395e+03  3.66436000e+03  9.10000000e-02  1.65780000e+01
 -3.04530175e+03  3.65177800e+03  9.40000000e-02  1.67920000e+01
 -3.04530175e+03  3.65177800e+03  9.40000000e-02  1.67920000e+01
 -3.05797166e+03  3.65050100e+03  9.40000000e-02  1.68690000e+01
 -3.10441195e+03  3.65649000e+03  9.30000000e-02  1.67040000e+01
 -3.09526447e+03  3.64917000e+03  9.20000000e-02  1.66150000e+01
 -3.09904970e+03  3.65154800e+03  9.20000000e-02  1.65830000e+01
 -3.09615686e+03  3.65355900e+03  9.20000000e-02  1.64920000e+01
 -3.08320443e+03  3.66397900e+03  9.40000000e-02  1.61480000e+01
 -3.08320443e+03  3.66397900e+03  9.40000000e-02  1.61480000e+01
 -3.09187870e+03  3.67076700e+03  9.40000000e-02  1.59520000e+01
 -3.07405672e+03  3.66816200e+03  9.30000000e-02  1.57910000e+01
 -3.05594184e+03  3.66868200e+03  9.40000000e-02  1.54810000e+01
 -3.05891671e+03  3.65819700e+03  9.50000000e-02  1.60230000e+01
 -3.07606699e+03  3.65966700e+03  9.40000000e-02  1.61950000e+01
 -3.07606699e+03  3.65966700e+03  9.40000000e-02  1.61950000e+01
 -3.08521844e+03  3.66920500e+03  9.40000000e-02  1.63950000e+01
 -3.08521844e+03  3.66920500e+03  9.40000000e-02  1.63950000e+01
 -3.07774487e+03  3.66504200e+03  9.50000000e-02  1.66690000e+01
 -3.07282666e+03  3.65637300e+03  9.40000000e-02  1.65180000e+01
 -3.04662555e+03  3.64990800e+03  9.40000000e-02  1.66350000e+01
 -3.05753877e+03  3.65521300e+03  9.40000000e-02  1.64820000e+01
 -3.04173811e+03  3.65430300e+03  9.50000000e-02  1.62140000e+01
 -3.05202989e+03  3.65290700e+03  9.30000000e-02  1.62490000e+01
 -3.04786193e+03  3.65201100e+03  9.30000000e-02  1.62950000e+01
 -3.05575934e+03  3.66174000e+03  9.30000000e-02  1.62010000e+01
 -3.07468793e+03  3.65744900e+03  9.30000000e-02  1.62890000e+01
 -3.03838290e+03  3.64979800e+03  9.30000000e-02  1.62310000e+01
 -3.03249352e+03  3.65086800e+03  9.30000000e-02  1.61910000e+01
 -3.03156382e+03  3.65655300e+03  9.30000000e-02  1.60150000e+01
 -3.03156382e+03  3.65655300e+03  9.30000000e-02  1.60150000e+01
 -3.02841341e+03  3.65610000e+03  9.20000000e-02  1.59560000e+01
 -3.03539377e+03  3.66241200e+03  9.20000000e-02  1.55080000e+01
 -3.02986008e+03  3.66620600e+03  9.20000000e-02  1.57610000e+01
 -3.03634154e+03  3.67391400e+03  9.20000000e-02  1.54170000e+01
 -3.01205556e+03  3.67012200e+03  9.20000000e-02  1.54620000e+01
 -3.01205556e+03  3.67012200e+03  9.20000000e-02  1.54620000e+01
 -3.01205556e+03  3.67012200e+03  9.20000000e-02  1.54620000e+01
 -2.99590288e+03  3.66533200e+03  9.30000000e-02  1.57450000e+01
 -2.98825598e+03  3.66135500e+03  9.50000000e-02  1.57390000e+01
 -2.98955562e+03  3.65651200e+03  9.60000000e-02  1.58630000e+01
 -3.00190767e+03  3.65792900e+03  9.60000000e-02  1.58550000e+01
 -3.02207463e+03  3.66721300e+03  9.10000000e-02  1.55160000e+01
 -3.03457817e+03  3.67343800e+03  9.30000000e-02  1.55680000e+01
 -3.03939618e+03  3.66807800e+03  9.40000000e-02  1.58320000e+01
 -3.03939618e+03  3.66807800e+03  9.40000000e-02  1.58320000e+01
 -3.05688680e+03  3.66845700e+03  9.50000000e-02  1.61320000e+01
 -3.08589910e+03  3.66432600e+03  9.80000000e-02  1.62570000e+01
 -3.08589910e+03  3.66432600e+03  9.80000000e-02  1.62570000e+01
 -3.05160455e+03  3.65163800e+03  9.80000000e-02  1.67080000e+01
 -3.05160455e+03  3.65163800e+03  9.80000000e-02  1.67080000e+01
 -3.05265342e+03  3.64902300e+03  9.80000000e-02  1.68280000e+01
 -3.05265342e+03  3.64902300e+03  9.80000000e-02  1.68280000e+01
 -3.08063096e+03  3.65935700e+03  9.80000000e-02  1.68490000e+01
 -3.09555576e+03  3.65549800e+03  9.90000000e-02  1.69710000e+01
 -3.10810150e+03  3.66574500e+03  1.00000000e-01  1.65570000e+01
 -3.10810150e+03  3.66574500e+03  1.00000000e-01  1.65570000e+01
 -3.10810150e+03  3.66574500e+03  1.00000000e-01  1.65570000e+01
 -3.10810150e+03  3.66574500e+03  1.00000000e-01  1.65570000e+01
 -3.10810150e+03  3.66574500e+03  1.00000000e-01  1.65570000e+01
 -3.10810150e+03  3.66574500e+03  1.00000000e-01  1.65570000e+01
 -3.10810150e+03  3.66574500e+03  1.00000000e-01  1.65570000e+01
 -3.12548663e+03  3.67054500e+03  9.90000000e-02  1.66540000e+01
 -3.11683888e+03  3.66897900e+03  9.90000000e-02  1.66960000e+01
 -3.11683888e+03  3.66897900e+03  9.90000000e-02  1.66960000e+01
 -3.09969892e+03  3.66506600e+03  9.50000000e-02  1.66760000e+01
 -3.11024772e+03  3.68076100e+03  9.40000000e-02  1.65280000e+01
 -3.11024772e+03  3.68076100e+03  9.40000000e-02  1.65280000e+01
 -3.08335835e+03  3.68267500e+03  9.20000000e-02  1.64820000e+01
 -3.07436374e+03  3.68016700e+03  9.00000000e-02  1.66070000e+01
 -3.06927169e+03  3.67088100e+03  9.20000000e-02  1.68030000e+01
 -3.07943445e+03  3.68509700e+03  9.20000000e-02  1.65180000e+01
 -3.07943445e+03  3.68509700e+03  9.20000000e-02  1.65180000e+01
 -3.07943445e+03  3.68509700e+03  9.20000000e-02  1.65180000e+01
 -3.05626012e+03  3.68470800e+03  8.70000000e-02  1.63750000e+01
 -3.05626012e+03  3.68470800e+03  8.70000000e-02  1.63750000e+01
 -3.07815330e+03  3.68359400e+03  8.90000000e-02  1.64220000e+01
 -3.07846402e+03  3.68014500e+03  8.90000000e-02  1.64040000e+01
 -3.06722617e+03  3.68790500e+03  8.70000000e-02  1.58960000e+01
 -3.06722617e+03  3.68790500e+03  8.70000000e-02  1.58960000e+01
 -3.06764346e+03  3.68991700e+03  8.70000000e-02  1.59940000e+01
 -3.07152091e+03  3.69545100e+03  8.70000000e-02  1.57820000e+01
 -3.05256241e+03  3.68530300e+03  8.60000000e-02  1.59480000e+01
 -3.03699273e+03  3.67264500e+03  8.90000000e-02  1.60680000e+01
 -3.03760405e+03  3.66536000e+03  8.90000000e-02  1.62610000e+01
 -3.03448442e+03  3.67870900e+03  8.90000000e-02  1.61830000e+01
 -3.05780504e+03  3.67718400e+03  9.20000000e-02  1.64380000e+01
 -3.05780504e+03  3.67718400e+03  9.20000000e-02  1.64380000e+01
 -3.05780504e+03  3.67718400e+03  9.20000000e-02  1.64380000e+01
 -3.04916143e+03  3.66956300e+03  9.20000000e-02  1.63450000e+01
 -3.04916143e+03  3.66956300e+03  9.20000000e-02  1.63450000e+01
 -3.04988222e+03  3.67342300e+03  8.80000000e-02  1.62820000e+01
 -3.04988222e+03  3.67342300e+03  8.80000000e-02  1.62820000e+01
 -3.08587576e+03  3.67459300e+03  8.80000000e-02  1.61910000e+01
 -3.08384837e+03  3.67125300e+03  8.80000000e-02  1.63030000e+01
 -3.09711215e+03  3.66780300e+03  8.80000000e-02  1.63540000e+01
 -3.09711215e+03  3.66780300e+03  8.80000000e-02  1.63540000e+01
 -3.09711215e+03  3.66780300e+03  8.80000000e-02  1.63540000e+01
 -3.08759709e+03  3.65926400e+03  8.80000000e-02  1.65700000e+01
 -3.08759709e+03  3.65926400e+03  8.80000000e-02  1.65700000e+01
 -3.08759709e+03  3.65926400e+03  8.80000000e-02  1.65700000e+01
 -3.08068645e+03  3.65419400e+03  8.60000000e-02  1.66270000e+01
 -3.08068645e+03  3.65419400e+03  8.60000000e-02  1.66270000e+01
 -3.08068645e+03  3.65419400e+03  8.60000000e-02  1.66270000e+01
 -3.12287502e+03  3.66233200e+03  8.40000000e-02  1.67630000e+01
 -3.12287502e+03  3.66233200e+03  8.40000000e-02  1.67630000e+01
 -3.12287502e+03  3.66233200e+03  8.40000000e-02  1.67630000e+01
 -3.12287502e+03  3.66233200e+03  8.40000000e-02  1.67630000e+01
 -3.12287502e+03  3.66233200e+03  8.40000000e-02  1.67630000e+01
 -3.11695824e+03  3.66008500e+03  8.40000000e-02  1.66540000e+01
 -3.11516344e+03  3.66289300e+03  8.40000000e-02  1.65030000e+01
 -3.11516344e+03  3.66289300e+03  8.40000000e-02  1.65030000e+01
 -3.11516344e+03  3.66289300e+03  8.40000000e-02  1.65030000e+01
 -3.14209593e+03  3.67338900e+03  8.40000000e-02  1.64350000e+01
 -3.13798726e+03  3.66770300e+03  8.40000000e-02  1.66350000e+01
 -3.13798726e+03  3.66770300e+03  8.40000000e-02  1.66350000e+01
 -3.13890347e+03  3.66558400e+03  8.40000000e-02  1.70030000e+01
 -3.15078858e+03  3.67617900e+03  8.40000000e-02  1.68090000e+01
 -3.15155219e+03  3.68117300e+03  8.50000000e-02  1.68840000e+01
 -3.15155219e+03  3.68117300e+03  8.50000000e-02  1.68840000e+01
 -3.16062301e+03  3.68451200e+03  8.50000000e-02  1.69570000e+01
 -3.15442880e+03  3.68835200e+03  8.40000000e-02  1.67510000e+01
 -3.15442880e+03  3.68835200e+03  8.40000000e-02  1.67510000e+01
 -3.15442880e+03  3.68835200e+03  8.40000000e-02  1.67510000e+01
 -3.15442880e+03  3.68835200e+03  8.40000000e-02  1.67510000e+01
 -3.15442880e+03  3.68835200e+03  8.40000000e-02  1.67510000e+01
 -3.19913327e+03  3.69303000e+03  8.30000000e-02  1.66840000e+01
 -3.21179418e+03  3.69470500e+03  8.10000000e-02  1.65490000e+01
 -3.20852514e+03  3.69986100e+03  8.70000000e-02  1.61390000e+01
 -3.20852514e+03  3.69986100e+03  8.70000000e-02  1.61390000e+01
 -3.20852514e+03  3.69986100e+03  8.70000000e-02  1.61390000e+01
 -3.21656187e+03  3.69299800e+03  8.70000000e-02  1.63380000e+01
 -3.21656187e+03  3.69299800e+03  8.70000000e-02  1.63380000e+01
 -3.21656187e+03  3.69299800e+03  8.70000000e-02  1.63380000e+01
 -3.21882898e+03  3.69119100e+03  8.50000000e-02  1.63290000e+01
 -3.21882898e+03  3.69119100e+03  8.50000000e-02  1.63290000e+01
 -3.21882898e+03  3.69119100e+03  8.50000000e-02  1.63290000e+01
 -3.22881804e+03  3.70086500e+03  8.50000000e-02  1.60080000e+01
 -3.24447612e+03  3.70439800e+03  8.50000000e-02  1.61440000e+01
 -3.24447612e+03  3.70439800e+03  8.50000000e-02  1.61440000e+01
 -3.24447612e+03  3.70439800e+03  8.50000000e-02  1.61440000e+01
 -3.26084153e+03  3.71039700e+03  8.60000000e-02  1.59930000e+01
 -3.26521686e+03  3.70860400e+03  8.40000000e-02  1.63920000e+01
 -3.26521686e+03  3.70860400e+03  8.40000000e-02  1.63920000e+01
 -3.26521686e+03  3.70860400e+03  8.40000000e-02  1.63920000e+01
 -3.26521686e+03  3.70860400e+03  8.40000000e-02  1.63920000e+01
 -3.26521686e+03  3.70860400e+03  8.40000000e-02  1.63920000e+01
 -3.26521686e+03  3.70860400e+03  8.40000000e-02  1.63920000e+01
 -3.28399284e+03  3.71478600e+03  8.50000000e-02  1.61910000e+01
 -3.28399284e+03  3.71478600e+03  8.50000000e-02  1.61910000e+01
 -3.28399284e+03  3.71478600e+03  8.50000000e-02  1.61910000e+01
 -3.28399284e+03  3.71478600e+03  8.50000000e-02  1.61910000e+01
 -3.28399284e+03  3.71478600e+03  8.50000000e-02  1.61910000e+01
 -3.28228843e+03  3.71821200e+03  8.40000000e-02  1.61960000e+01
 -3.28019655e+03  3.71850200e+03  8.40000000e-02  1.61550000e+01
 -3.28019655e+03  3.71850200e+03  8.40000000e-02  1.61550000e+01
 -3.29611972e+03  3.72636900e+03  8.40000000e-02  1.59570000e+01
 -3.29611972e+03  3.72636900e+03  8.40000000e-02  1.59570000e+01
 -3.29611972e+03  3.72636900e+03  8.40000000e-02  1.59570000e+01
 -3.29611972e+03  3.72636900e+03  8.40000000e-02  1.59570000e+01
 -3.29611972e+03  3.72636900e+03  8.40000000e-02  1.59570000e+01
 -3.29611972e+03  3.72636900e+03  8.40000000e-02  1.59570000e+01
 -3.29611972e+03  3.72636900e+03  8.40000000e-02  1.59570000e+01
 -3.29611972e+03  3.72636900e+03  8.40000000e-02  1.59570000e+01
 -3.29611972e+03  3.72636900e+03  8.40000000e-02  1.59570000e+01
 -3.29611972e+03  3.72636900e+03  8.40000000e-02  1.59570000e+01
 -3.29611972e+03  3.72636900e+03  8.40000000e-02  1.59570000e+01
 -3.29611972e+03  3.72636900e+03  8.40000000e-02  1.59570000e+01
 -3.30903458e+03  3.72243500e+03  8.40000000e-02  1.59600000e+01
 -3.30903458e+03  3.72243500e+03  8.40000000e-02  1.59600000e+01
 -3.29679018e+03  3.71734400e+03  8.40000000e-02  1.60020000e+01
 -3.31052690e+03  3.72724500e+03  8.40000000e-02  1.57030000e+01
 -3.31052690e+03  3.72724500e+03  8.40000000e-02  1.57030000e+01
 -3.30204281e+03  3.72705300e+03  8.40000000e-02  1.54660000e+01
 -3.30249308e+03  3.73019800e+03  8.40000000e-02  1.52280000e+01
 -3.30249308e+03  3.73019800e+03  8.40000000e-02  1.52280000e+01
 -3.28764902e+03  3.73198200e+03  8.40000000e-02  1.53120000e+01
 -3.28764902e+03  3.73198200e+03  8.40000000e-02  1.53120000e+01
 -3.28764902e+03  3.73198200e+03  8.40000000e-02  1.53120000e+01
 -3.28319988e+03  3.72383200e+03  8.40000000e-02  1.56510000e+01
 -3.28319988e+03  3.72383200e+03  8.40000000e-02  1.56510000e+01
 -3.28319988e+03  3.72383200e+03  8.40000000e-02  1.56510000e+01
 -3.28319988e+03  3.72383200e+03  8.40000000e-02  1.56510000e+01
 -3.28913738e+03  3.72747300e+03  8.40000000e-02  1.55650000e+01
 -3.28826605e+03  3.73180900e+03  8.50000000e-02  1.60060000e+01
 -3.28826605e+03  3.73180900e+03  8.50000000e-02  1.60060000e+01
 -3.28826605e+03  3.73180900e+03  8.50000000e-02  1.60060000e+01
 -3.28826605e+03  3.73180900e+03  8.50000000e-02  1.60060000e+01
 -3.28826605e+03  3.73180900e+03  8.50000000e-02  1.60060000e+01
 -3.28826605e+03  3.73180900e+03  8.50000000e-02  1.60060000e+01
 -3.28826605e+03  3.73180900e+03  8.50000000e-02  1.60060000e+01
 -3.28826605e+03  3.73180900e+03  8.50000000e-02  1.60060000e+01
 -3.28826605e+03  3.73180900e+03  8.50000000e-02  1.60060000e+01
 -3.28828309e+03  3.73007000e+03  8.60000000e-02  1.61220000e+01
 -3.27833738e+03  3.73107500e+03  8.50000000e-02  1.60030000e+01
 -3.27866987e+03  3.72489400e+03  9.20000000e-02  1.58880000e+01
 -3.28774257e+03  3.72301300e+03  9.20000000e-02  1.60750000e+01
 -3.30067505e+03  3.71433100e+03  9.20000000e-02  1.62610000e+01
 -3.30067505e+03  3.71433100e+03  9.20000000e-02  1.62610000e+01
 -3.30067505e+03  3.71433100e+03  9.20000000e-02  1.62610000e+01
 -3.30067505e+03  3.71433100e+03  9.20000000e-02  1.62610000e+01
 -3.30067505e+03  3.71433100e+03  9.20000000e-02  1.62610000e+01
 -3.30067505e+03  3.71433100e+03  9.20000000e-02  1.62610000e+01
 -3.30067505e+03  3.71433100e+03  9.20000000e-02  1.62610000e+01
 -3.30067505e+03  3.71433100e+03  9.20000000e-02  1.62610000e+01
 -3.30162170e+03  3.71362900e+03  9.20000000e-02  1.62290000e+01
 -3.30162170e+03  3.71362900e+03  9.20000000e-02  1.62290000e+01
 -3.30162170e+03  3.71362900e+03  9.20000000e-02  1.62290000e+01
 -3.30597299e+03  3.72495600e+03  9.20000000e-02  1.58890000e+01
 -3.31411998e+03  3.72898800e+03  9.20000000e-02  1.59140000e+01
 -3.31411998e+03  3.72898800e+03  9.20000000e-02  1.59140000e+01
 -3.31411998e+03  3.72898800e+03  9.20000000e-02  1.59140000e+01
 -3.32288795e+03  3.73092300e+03  9.20000000e-02  1.61070000e+01
 -3.32288795e+03  3.73092300e+03  9.20000000e-02  1.61070000e+01
 -3.32288795e+03  3.73092300e+03  9.20000000e-02  1.61070000e+01
 -3.32288795e+03  3.73092300e+03  9.20000000e-02  1.61070000e+01
 -3.32288795e+03  3.73092300e+03  9.20000000e-02  1.61070000e+01
 -3.32288795e+03  3.73092300e+03  9.20000000e-02  1.61070000e+01
 -3.32288795e+03  3.73092300e+03  9.20000000e-02  1.61070000e+01
 -3.32288795e+03  3.73092300e+03  9.20000000e-02  1.61070000e+01
 -3.32288795e+03  3.73092300e+03  9.20000000e-02  1.61070000e+01
 -3.32707664e+03  3.73503000e+03  9.20000000e-02  1.58040000e+01
 -3.32707664e+03  3.73503000e+03  9.20000000e-02  1.58040000e+01
 -3.32707664e+03  3.73503000e+03  9.20000000e-02  1.58040000e+01
 -3.32707664e+03  3.73503000e+03  9.20000000e-02  1.58040000e+01
 -3.32707664e+03  3.73503000e+03  9.20000000e-02  1.58040000e+01
 -3.33238998e+03  3.73710300e+03  9.20000000e-02  1.56890000e+01
 -3.33238998e+03  3.73710300e+03  9.20000000e-02  1.56890000e+01
 -3.33238998e+03  3.73710300e+03  9.20000000e-02  1.56890000e+01
 -3.33238998e+03  3.73710300e+03  9.20000000e-02  1.56890000e+01
 -3.33238998e+03  3.73710300e+03  9.20000000e-02  1.56890000e+01
 -3.33238998e+03  3.73710300e+03  9.20000000e-02  1.56890000e+01
 -3.33238998e+03  3.73710300e+03  9.20000000e-02  1.56890000e+01
 -3.32205528e+03  3.73787200e+03  9.20000000e-02  1.55020000e+01
 -3.32162266e+03  3.73926700e+03  9.10000000e-02  1.54850000e+01
 -3.34065505e+03  3.73284500e+03  9.10000000e-02  1.56690000e+01
 -3.34065505e+03  3.73284500e+03  9.10000000e-02  1.56690000e+01
 -3.34065505e+03  3.73284500e+03  9.10000000e-02  1.56690000e+01
 -3.34065505e+03  3.73284500e+03  9.10000000e-02  1.56690000e+01
 -3.34192524e+03  3.73508200e+03  9.20000000e-02  1.53030000e+01
 -3.33848751e+03  3.73137500e+03  9.30000000e-02  1.53770000e+01
 -3.33848751e+03  3.73137500e+03  9.30000000e-02  1.53770000e+01
 -3.33848751e+03  3.73137500e+03  9.30000000e-02  1.53770000e+01
 -3.34628631e+03  3.73666000e+03  9.30000000e-02  1.54810000e+01
 -3.34628631e+03  3.73666000e+03  9.30000000e-02  1.54810000e+01
 -3.34628631e+03  3.73666000e+03  9.30000000e-02  1.54810000e+01
 -3.34628631e+03  3.73666000e+03  9.30000000e-02  1.54810000e+01
 -3.35244064e+03  3.73217400e+03  9.30000000e-02  1.59840000e+01
 -3.35244064e+03  3.73217400e+03  9.30000000e-02  1.59840000e+01
 -3.35368427e+03  3.72443300e+03  9.40000000e-02  1.63450000e+01
 -3.35368427e+03  3.72443300e+03  9.40000000e-02  1.63450000e+01
 -3.35368427e+03  3.72443300e+03  9.40000000e-02  1.63450000e+01
 -3.35368427e+03  3.72443300e+03  9.40000000e-02  1.63450000e+01
 -3.34912500e+03  3.72365500e+03  9.40000000e-02  1.62620000e+01
 -3.34912500e+03  3.72365500e+03  9.40000000e-02  1.62620000e+01
 -3.34912500e+03  3.72365500e+03  9.40000000e-02  1.62620000e+01
 -3.36838650e+03  3.73433400e+03  9.40000000e-02  1.59960000e+01
 -3.36838650e+03  3.73433400e+03  9.40000000e-02  1.59960000e+01
 -3.36838650e+03  3.73433400e+03  9.40000000e-02  1.59960000e+01
 -3.39321563e+03  3.74806000e+03  9.30000000e-02  1.59400000e+01
 -3.39977238e+03  3.74500000e+03  8.80000000e-02  1.60610000e+01
 -3.39977238e+03  3.74500000e+03  8.80000000e-02  1.60610000e+01
 -3.40555271e+03  3.74225500e+03  8.50000000e-02  1.58200000e+01
 -3.40555271e+03  3.74225500e+03  8.50000000e-02  1.58200000e+01
 -3.40555271e+03  3.74225500e+03  8.50000000e-02  1.58200000e+01
 -3.40555271e+03  3.74225500e+03  8.50000000e-02  1.58200000e+01
 -3.40555271e+03  3.74225500e+03  8.50000000e-02  1.58200000e+01
 -3.40555271e+03  3.74225500e+03  8.50000000e-02  1.58200000e+01
 -3.40555271e+03  3.74225500e+03  8.50000000e-02  1.58200000e+01
 -3.40555271e+03  3.74225500e+03  8.50000000e-02  1.58200000e+01
 -3.40555271e+03  3.74225500e+03  8.50000000e-02  1.58200000e+01
 -3.40555271e+03  3.74225500e+03  8.50000000e-02  1.58200000e+01
 -3.40555271e+03  3.74225500e+03  8.50000000e-02  1.58200000e+01
 -3.44268920e+03  3.72874300e+03  8.80000000e-02  1.61840000e+01
 -3.44268920e+03  3.72874300e+03  8.80000000e-02  1.61840000e+01
 -3.44190707e+03  3.72920800e+03  8.70000000e-02  1.57850000e+01
 -3.44190707e+03  3.72920800e+03  8.70000000e-02  1.57850000e+01
 -3.44190707e+03  3.72920800e+03  8.70000000e-02  1.57850000e+01
 -3.44190707e+03  3.72920800e+03  8.70000000e-02  1.57850000e+01
 -3.45537817e+03  3.73531500e+03  8.40000000e-02  1.56450000e+01
 -3.45537817e+03  3.73531500e+03  8.40000000e-02  1.56450000e+01
 -3.45537817e+03  3.73531500e+03  8.40000000e-02  1.56450000e+01
 -3.45537817e+03  3.73531500e+03  8.40000000e-02  1.56450000e+01
 -3.45537817e+03  3.73531500e+03  8.40000000e-02  1.56450000e+01
 -3.45537817e+03  3.73531500e+03  8.40000000e-02  1.56450000e+01
 -3.45537817e+03  3.73531500e+03  8.40000000e-02  1.56450000e+01
 -3.47128650e+03  3.73508800e+03  8.30000000e-02  1.56810000e+01
 -3.47128650e+03  3.73508800e+03  8.30000000e-02  1.56810000e+01
 -3.47128650e+03  3.73508800e+03  8.30000000e-02  1.56810000e+01
 -3.47920477e+03  3.74340100e+03  8.30000000e-02  1.56470000e+01
 -3.47920477e+03  3.74340100e+03  8.30000000e-02  1.56470000e+01
 -3.47920477e+03  3.74340100e+03  8.30000000e-02  1.56470000e+01
 -3.47920477e+03  3.74340100e+03  8.30000000e-02  1.56470000e+01
 -3.47920477e+03  3.74340100e+03  8.30000000e-02  1.56470000e+01
 -3.47920477e+03  3.74340100e+03  8.30000000e-02  1.56470000e+01
 -3.47920477e+03  3.74340100e+03  8.30000000e-02  1.56470000e+01
 -3.47920477e+03  3.74340100e+03  8.30000000e-02  1.56470000e+01
 -3.47920477e+03  3.74340100e+03  8.30000000e-02  1.56470000e+01
 -3.48330254e+03  3.74260000e+03  8.40000000e-02  1.55910000e+01
 -3.48330254e+03  3.74260000e+03  8.40000000e-02  1.55910000e+01
 -3.48330254e+03  3.74260000e+03  8.40000000e-02  1.55910000e+01
 -3.48330254e+03  3.74260000e+03  8.40000000e-02  1.55910000e+01
 -3.48330254e+03  3.74260000e+03  8.40000000e-02  1.55910000e+01
 -3.48330254e+03  3.74260000e+03  8.40000000e-02  1.55910000e+01
 -3.48330254e+03  3.74260000e+03  8.40000000e-02  1.55910000e+01
 -3.48330254e+03  3.74260000e+03  8.40000000e-02  1.55910000e+01
 -3.48330254e+03  3.74260000e+03  8.40000000e-02  1.55910000e+01
 -3.48330254e+03  3.74260000e+03  8.40000000e-02  1.55910000e+01
 -3.48330254e+03  3.74260000e+03  8.40000000e-02  1.55910000e+01
 -3.48330254e+03  3.74260000e+03  8.40000000e-02  1.55910000e+01
 -3.48330254e+03  3.74260000e+03  8.40000000e-02  1.55910000e+01
 -3.48330254e+03  3.74260000e+03  8.40000000e-02  1.55910000e+01
 -3.48330254e+03  3.74260000e+03  8.40000000e-02  1.55910000e+01
 -3.48330254e+03  3.74260000e+03  8.40000000e-02  1.55910000e+01
 -3.48330254e+03  3.74260000e+03  8.40000000e-02  1.55910000e+01
 -3.48330254e+03  3.74260000e+03  8.40000000e-02  1.55910000e+01
 -3.48330254e+03  3.74260000e+03  8.40000000e-02  1.55910000e+01
 -3.48330254e+03  3.74260000e+03  8.40000000e-02  1.55910000e+01
 -3.48330254e+03  3.74260000e+03  8.40000000e-02  1.55910000e+01
 -3.48330254e+03  3.74260000e+03  8.40000000e-02  1.55910000e+01
 -3.48330254e+03  3.74260000e+03  8.40000000e-02  1.55910000e+01
 -3.48330254e+03  3.74260000e+03  8.40000000e-02  1.55910000e+01
 -3.48330254e+03  3.74260000e+03  8.40000000e-02  1.55910000e+01
 -3.48330254e+03  3.74260000e+03  8.40000000e-02  1.55910000e+01
 -3.48330254e+03  3.74260000e+03  8.40000000e-02  1.55910000e+01
 -3.48330254e+03  3.74260000e+03  8.40000000e-02  1.55910000e+01
 -3.48330254e+03  3.74260000e+03  8.40000000e-02  1.55910000e+01
 -3.48330254e+03  3.74260000e+03  8.40000000e-02  1.55910000e+01
 -3.48330254e+03  3.74260000e+03  8.40000000e-02  1.55910000e+01
 -3.48330254e+03  3.74260000e+03  8.40000000e-02  1.55910000e+01
 -3.48333439e+03  3.75042500e+03  8.50000000e-02  1.56860000e+01
 -3.48333439e+03  3.75042500e+03  8.50000000e-02  1.56860000e+01
 -3.48333439e+03  3.75042500e+03  8.50000000e-02  1.56860000e+01
 -3.48043001e+03  3.76130800e+03  8.90000000e-02  1.53690000e+01
 -3.48043001e+03  3.76130800e+03  8.90000000e-02  1.53690000e+01
 -3.47632978e+03  3.74746200e+03  8.80000000e-02  1.55770000e+01
 -3.47632978e+03  3.74746200e+03  8.80000000e-02  1.55770000e+01
 -3.47632978e+03  3.74746200e+03  8.80000000e-02  1.55770000e+01
 -3.47632978e+03  3.74746200e+03  8.80000000e-02  1.55770000e+01
 -3.49724500e+03  3.75468100e+03  8.70000000e-02  1.57870000e+01
 -3.49724500e+03  3.75468100e+03  8.70000000e-02  1.57870000e+01
 -3.49724500e+03  3.75468100e+03  8.70000000e-02  1.57870000e+01
 -3.49724500e+03  3.75468100e+03  8.70000000e-02  1.57870000e+01
 -3.49724500e+03  3.75468100e+03  8.70000000e-02  1.57870000e+01
 -3.49724500e+03  3.75468100e+03  8.70000000e-02  1.57870000e+01
 -3.49724500e+03  3.75468100e+03  8.70000000e-02  1.57870000e+01
 -3.49724500e+03  3.75468100e+03  8.70000000e-02  1.57870000e+01
 -3.49724500e+03  3.75468100e+03  8.70000000e-02  1.57870000e+01
 -3.50325425e+03  3.75383700e+03  8.70000000e-02  1.57720000e+01
 -3.50325425e+03  3.75383700e+03  8.70000000e-02  1.57720000e+01
 -3.51497760e+03  3.75346800e+03  8.70000000e-02  1.58420000e+01
 -3.51497760e+03  3.75346800e+03  8.70000000e-02  1.58420000e+01
 -3.51860007e+03  3.76674200e+03  8.60000000e-02  1.56070000e+01
 -3.51860007e+03  3.76674200e+03  8.60000000e-02  1.56070000e+01
 -3.51860007e+03  3.76674200e+03  8.60000000e-02  1.56070000e+01
 -3.51860007e+03  3.76674200e+03  8.60000000e-02  1.56070000e+01
 -3.51860007e+03  3.76674200e+03  8.60000000e-02  1.56070000e+01
 -3.51860007e+03  3.76674200e+03  8.60000000e-02  1.56070000e+01
 -3.51860007e+03  3.76674200e+03  8.60000000e-02  1.56070000e+01
 -3.51860007e+03  3.76674200e+03  8.60000000e-02  1.56070000e+01
 -3.51897400e+03  3.77331300e+03  8.50000000e-02  1.54570000e+01
 -3.51897400e+03  3.77331300e+03  8.50000000e-02  1.54570000e+01
 -3.51897400e+03  3.77331300e+03  8.50000000e-02  1.54570000e+01
 -3.51897400e+03  3.77331300e+03  8.50000000e-02  1.54570000e+01
 -3.51897400e+03  3.77331300e+03  8.50000000e-02  1.54570000e+01
 -3.52765676e+03  3.77110700e+03  8.40000000e-02  1.52620000e+01
 -3.52765676e+03  3.77110700e+03  8.40000000e-02  1.52620000e+01
 -3.54728859e+03  3.77658700e+03  8.60000000e-02  1.54170000e+01
 -3.54728859e+03  3.77658700e+03  8.60000000e-02  1.54170000e+01
 -3.54728859e+03  3.77658700e+03  8.60000000e-02  1.54170000e+01
 -3.54728859e+03  3.77658700e+03  8.60000000e-02  1.54170000e+01
 -3.54728859e+03  3.77658700e+03  8.60000000e-02  1.54170000e+01
 -3.54730050e+03  3.77433800e+03  8.60000000e-02  1.54250000e+01
 -3.54730050e+03  3.77433800e+03  8.60000000e-02  1.54250000e+01
 -3.54730050e+03  3.77433800e+03  8.60000000e-02  1.54250000e+01
 -3.54730050e+03  3.77433800e+03  8.60000000e-02  1.54250000e+01
 -3.54730050e+03  3.77433800e+03  8.60000000e-02  1.54250000e+01
 -3.54730050e+03  3.77433800e+03  8.60000000e-02  1.54250000e+01
 -3.54730050e+03  3.77433800e+03  8.60000000e-02  1.54250000e+01
 -3.54730050e+03  3.77433800e+03  8.60000000e-02  1.54250000e+01
 -3.54730050e+03  3.77433800e+03  8.60000000e-02  1.54250000e+01
 -3.54730050e+03  3.77433800e+03  8.60000000e-02  1.54250000e+01
 -3.54730050e+03  3.77433800e+03  8.60000000e-02  1.54250000e+01
 -3.54730050e+03  3.77433800e+03  8.60000000e-02  1.54250000e+01
 -3.54730050e+03  3.77433800e+03  8.60000000e-02  1.54250000e+01
 -3.54730050e+03  3.77433800e+03  8.60000000e-02  1.54250000e+01
 -3.54730050e+03  3.77433800e+03  8.60000000e-02  1.54250000e+01
 -3.54756905e+03  3.77392700e+03  8.70000000e-02  1.55740000e+01
 -3.54756905e+03  3.77392700e+03  8.70000000e-02  1.55740000e+01
 -3.54756905e+03  3.77392700e+03  8.70000000e-02  1.55740000e+01
 -3.54756905e+03  3.77392700e+03  8.70000000e-02  1.55740000e+01
 -3.54756905e+03  3.77392700e+03  8.70000000e-02  1.55740000e+01
 -3.54756905e+03  3.77392700e+03  8.70000000e-02  1.55740000e+01
 -3.54756905e+03  3.77392700e+03  8.70000000e-02  1.55740000e+01
 -3.54756905e+03  3.77392700e+03  8.70000000e-02  1.55740000e+01
 -3.55953268e+03  3.77186200e+03  8.80000000e-02  1.54420000e+01
 -3.55953268e+03  3.77186200e+03  8.80000000e-02  1.54420000e+01
 -3.55953268e+03  3.77186200e+03  8.80000000e-02  1.54420000e+01
 -3.56494588e+03  3.78355900e+03  8.50000000e-02  1.53310000e+01
 -3.56494588e+03  3.78355900e+03  8.50000000e-02  1.53310000e+01
 -3.56494588e+03  3.78355900e+03  8.50000000e-02  1.53310000e+01
 -3.56494588e+03  3.78355900e+03  8.50000000e-02  1.53310000e+01
 -3.56494588e+03  3.78355900e+03  8.50000000e-02  1.53310000e+01
 -3.56494588e+03  3.78355900e+03  8.50000000e-02  1.53310000e+01
 -3.56494588e+03  3.78355900e+03  8.50000000e-02  1.53310000e+01
 -3.56494588e+03  3.78355900e+03  8.50000000e-02  1.53310000e+01
 -3.56494588e+03  3.78355900e+03  8.50000000e-02  1.53310000e+01
 -3.56494588e+03  3.78355900e+03  8.50000000e-02  1.53310000e+01
 -3.56494588e+03  3.78355900e+03  8.50000000e-02  1.53310000e+01
 -3.56494588e+03  3.78355900e+03  8.50000000e-02  1.53310000e+01
 -3.56494588e+03  3.78355900e+03  8.50000000e-02  1.53310000e+01
 -3.56494588e+03  3.78355900e+03  8.50000000e-02  1.53310000e+01
 -3.56494588e+03  3.78355900e+03  8.50000000e-02  1.53310000e+01
 -3.56494588e+03  3.78355900e+03  8.50000000e-02  1.53310000e+01
 -3.56494588e+03  3.78355900e+03  8.50000000e-02  1.53310000e+01
 -3.56494588e+03  3.78355900e+03  8.50000000e-02  1.53310000e+01
 -3.56494588e+03  3.78355900e+03  8.50000000e-02  1.53310000e+01
 -3.56494588e+03  3.78355900e+03  8.50000000e-02  1.53310000e+01
 -3.56494588e+03  3.78355900e+03  8.50000000e-02  1.53310000e+01
 -3.56494588e+03  3.78355900e+03  8.50000000e-02  1.53310000e+01
 -3.56494588e+03  3.78355900e+03  8.50000000e-02  1.53310000e+01
 -3.56494588e+03  3.78355900e+03  8.50000000e-02  1.53310000e+01
 -3.56494588e+03  3.78355900e+03  8.50000000e-02  1.53310000e+01
 -3.56494588e+03  3.78355900e+03  8.50000000e-02  1.53310000e+01
 -3.56494588e+03  3.78355900e+03  8.50000000e-02  1.53310000e+01
 -3.56494588e+03  3.78355900e+03  8.50000000e-02  1.53310000e+01
 -3.56502278e+03  3.76805900e+03  8.60000000e-02  1.55650000e+01
 -3.56502278e+03  3.76805900e+03  8.60000000e-02  1.55650000e+01
 -3.56502278e+03  3.76805900e+03  8.60000000e-02  1.55650000e+01
 -3.56548774e+03  3.77680300e+03  8.50000000e-02  1.52830000e+01
 -3.56548774e+03  3.77680300e+03  8.50000000e-02  1.52830000e+01
 -3.56548774e+03  3.77680300e+03  8.50000000e-02  1.52830000e+01
 -3.56548774e+03  3.77680300e+03  8.50000000e-02  1.52830000e+01
 -3.56548774e+03  3.77680300e+03  8.50000000e-02  1.52830000e+01
 -3.56548774e+03  3.77680300e+03  8.50000000e-02  1.52830000e+01
 -3.56548774e+03  3.77680300e+03  8.50000000e-02  1.52830000e+01
 -3.56548774e+03  3.77680300e+03  8.50000000e-02  1.52830000e+01
 -3.56548774e+03  3.77680300e+03  8.50000000e-02  1.52830000e+01
 -3.56851161e+03  3.77888900e+03  8.50000000e-02  1.52790000e+01
 -3.56851161e+03  3.77888900e+03  8.50000000e-02  1.52790000e+01
 -3.56851161e+03  3.77888900e+03  8.50000000e-02  1.52790000e+01
 -3.56846821e+03  3.77964600e+03  8.50000000e-02  1.52590000e+01
 -3.57112537e+03  3.78451000e+03  8.40000000e-02  1.51430000e+01
 -3.57112537e+03  3.78451000e+03  8.40000000e-02  1.51430000e+01
 -3.57112537e+03  3.78451000e+03  8.40000000e-02  1.51430000e+01
 -3.57112537e+03  3.78451000e+03  8.40000000e-02  1.51430000e+01
 -3.57257935e+03  3.78734200e+03  8.40000000e-02  1.51430000e+01
 -3.57257935e+03  3.78734200e+03  8.40000000e-02  1.51430000e+01
 -3.57315483e+03  3.78779600e+03  8.40000000e-02  1.51030000e+01
 -3.57423147e+03  3.78658500e+03  8.40000000e-02  1.50590000e+01
 -3.57423147e+03  3.78658500e+03  8.40000000e-02  1.50590000e+01
 -3.57423147e+03  3.78658500e+03  8.40000000e-02  1.50590000e+01
 -3.57423147e+03  3.78658500e+03  8.40000000e-02  1.50590000e+01
 -3.57770405e+03  3.78889800e+03  8.40000000e-02  1.50590000e+01
 -3.57770405e+03  3.78889800e+03  8.40000000e-02  1.50590000e+01
 -3.57770405e+03  3.78889800e+03  8.40000000e-02  1.50590000e+01
 -3.57770405e+03  3.78889800e+03  8.40000000e-02  1.50590000e+01
 -3.57975783e+03  3.78746100e+03  8.40000000e-02  1.50680000e+01
 -3.57975783e+03  3.78746100e+03  8.40000000e-02  1.50680000e+01
 -3.58183985e+03  3.78978500e+03  8.40000000e-02  1.49560000e+01
 -3.58384020e+03  3.79045400e+03  8.40000000e-02  1.49560000e+01
 -3.58384020e+03  3.79045400e+03  8.40000000e-02  1.49560000e+01
 -3.58384020e+03  3.79045400e+03  8.40000000e-02  1.49560000e+01
 -3.58384020e+03  3.79045400e+03  8.40000000e-02  1.49560000e+01
 -3.58441072e+03  3.79539400e+03  8.40000000e-02  1.48830000e+01
 -3.59008854e+03  3.79823800e+03  8.40000000e-02  1.49110000e+01
 -3.59008854e+03  3.79823800e+03  8.40000000e-02  1.49110000e+01
 -3.59196111e+03  3.79988100e+03  8.40000000e-02  1.49100000e+01
 -3.59196111e+03  3.79988100e+03  8.40000000e-02  1.49100000e+01
 -3.59196111e+03  3.79988100e+03  8.40000000e-02  1.49100000e+01
 -3.59253309e+03  3.80490800e+03  8.40000000e-02  1.47510000e+01
 -3.59253309e+03  3.80490800e+03  8.40000000e-02  1.47510000e+01
 -3.59253309e+03  3.80490800e+03  8.40000000e-02  1.47510000e+01
 -3.59275937e+03  3.80633500e+03  8.40000000e-02  1.47250000e+01
 -3.59275937e+03  3.80633500e+03  8.40000000e-02  1.47250000e+01
 -3.59275937e+03  3.80633500e+03  8.40000000e-02  1.47250000e+01
 -3.59355686e+03  3.80447600e+03  8.40000000e-02  1.47270000e+01
 -3.59357451e+03  3.80304900e+03  8.40000000e-02  1.47620000e+01
 -3.59357451e+03  3.80304900e+03  8.40000000e-02  1.47620000e+01
 -3.59357451e+03  3.80304900e+03  8.40000000e-02  1.47620000e+01
 -3.59363111e+03  3.80446400e+03  8.40000000e-02  1.47620000e+01
 -3.59883231e+03  3.80588000e+03  8.40000000e-02  1.47620000e+01
 -3.59883231e+03  3.80588000e+03  8.40000000e-02  1.47620000e+01
 -3.60000475e+03  3.80555600e+03  8.40000000e-02  1.47850000e+01
 -3.60000475e+03  3.80555600e+03  8.40000000e-02  1.47850000e+01
 -3.60000475e+03  3.80555600e+03  8.40000000e-02  1.47850000e+01
 -3.59797172e+03  3.80310300e+03  8.40000000e-02  1.48520000e+01
 -3.59797172e+03  3.80310300e+03  8.40000000e-02  1.48520000e+01
 -3.59797172e+03  3.80310300e+03  8.40000000e-02  1.48520000e+01
 -3.59797172e+03  3.80310300e+03  8.40000000e-02  1.48520000e+01
 -3.59818128e+03  3.80310300e+03  8.50000000e-02  1.48570000e+01
 -3.59933149e+03  3.80376200e+03  8.50000000e-02  1.48570000e+01
 -3.59901894e+03  3.80486400e+03  8.40000000e-02  1.48560000e+01
 -3.59901894e+03  3.80486400e+03  8.40000000e-02  1.48560000e+01
 -3.59987536e+03  3.80640900e+03  8.40000000e-02  1.48450000e+01
 -3.59987536e+03  3.80640900e+03  8.40000000e-02  1.48450000e+01
 -3.59987536e+03  3.80640900e+03  8.40000000e-02  1.48450000e+01
 -3.59987536e+03  3.80640900e+03  8.40000000e-02  1.48450000e+01
 -3.59987536e+03  3.80640900e+03  8.40000000e-02  1.48450000e+01
 -3.59987536e+03  3.80640900e+03  8.40000000e-02  1.48450000e+01
 -3.60852142e+03  3.80617100e+03  8.40000000e-02  1.48640000e+01
 -3.60835159e+03  3.80518700e+03  8.40000000e-02  1.48680000e+01
 -3.60921659e+03  3.80608400e+03  8.40000000e-02  1.49250000e+01
 -3.62003868e+03  3.80422400e+03  8.40000000e-02  1.49770000e+01
 -3.62003121e+03  3.80400800e+03  8.40000000e-02  1.49780000e+01
 -3.62003121e+03  3.80400800e+03  8.40000000e-02  1.49780000e+01
 -3.62003121e+03  3.80400800e+03  8.40000000e-02  1.49780000e+01
 -3.62356448e+03  3.80289600e+03  8.40000000e-02  1.49890000e+01
 -3.62360899e+03  3.80199900e+03  8.40000000e-02  1.50660000e+01
 -3.62392228e+03  3.80266900e+03  8.40000000e-02  1.48330000e+01
 -3.62392228e+03  3.80266900e+03  8.40000000e-02  1.48330000e+01
 -3.62280456e+03  3.80221500e+03  8.40000000e-02  1.47350000e+01
 -3.62357340e+03  3.80439900e+03  8.40000000e-02  1.46970000e+01
 -3.62505929e+03  3.80395600e+03  8.40000000e-02  1.47170000e+01
 -3.62505929e+03  3.80395600e+03  8.40000000e-02  1.47170000e+01
 -3.62621923e+03  3.80372900e+03  8.40000000e-02  1.47120000e+01
 -3.62621923e+03  3.80372900e+03  8.40000000e-02  1.47120000e+01
 -3.62621923e+03  3.80372900e+03  8.40000000e-02  1.47120000e+01
 -3.62621923e+03  3.80372900e+03  8.40000000e-02  1.47120000e+01
 -3.62605228e+03  3.80404300e+03  8.40000000e-02  1.47200000e+01
 -3.62605228e+03  3.80404300e+03  8.40000000e-02  1.47200000e+01
 -3.62605228e+03  3.80404300e+03  8.40000000e-02  1.47200000e+01
 -3.62605228e+03  3.80404300e+03  8.40000000e-02  1.47200000e+01
 -3.62605228e+03  3.80404300e+03  8.40000000e-02  1.47200000e+01
 -3.62605228e+03  3.80404300e+03  8.40000000e-02  1.47200000e+01
 -3.62746551e+03  3.80525400e+03  8.40000000e-02  1.47190000e+01
 -3.62746551e+03  3.80525400e+03  8.40000000e-02  1.47190000e+01
 -3.62764937e+03  3.80643200e+03  8.40000000e-02  1.47610000e+01
 -3.62764937e+03  3.80643200e+03  8.40000000e-02  1.47610000e+01
 -3.62982633e+03  3.80621600e+03  8.40000000e-02  1.48450000e+01
 -3.62997663e+03  3.80667000e+03  8.40000000e-02  1.48200000e+01
 -3.62997663e+03  3.80667000e+03  8.40000000e-02  1.48200000e+01
 -3.62997663e+03  3.80667000e+03  8.40000000e-02  1.48200000e+01
 -3.62997663e+03  3.80667000e+03  8.40000000e-02  1.48200000e+01
 -3.63097827e+03  3.80665900e+03  8.40000000e-02  1.49930000e+01
 -3.63097827e+03  3.80665900e+03  8.40000000e-02  1.49930000e+01
 -3.63030576e+03  3.80202200e+03  8.40000000e-02  1.51700000e+01
 -3.63030576e+03  3.80202200e+03  8.40000000e-02  1.51700000e+01
 -3.63030576e+03  3.80202200e+03  8.40000000e-02  1.51700000e+01
 -3.63030576e+03  3.80202200e+03  8.40000000e-02  1.51700000e+01
 -3.63030576e+03  3.80202200e+03  8.40000000e-02  1.51700000e+01
 -3.63030576e+03  3.80202200e+03  8.40000000e-02  1.51700000e+01
 -3.63067321e+03  3.80223900e+03  8.40000000e-02  1.51620000e+01
 -3.63067321e+03  3.80223900e+03  8.40000000e-02  1.51620000e+01
 -3.63067321e+03  3.80223900e+03  8.40000000e-02  1.51620000e+01
 -3.62974194e+03  3.79993600e+03  8.40000000e-02  1.51990000e+01
 -3.62966100e+03  3.80233600e+03  8.40000000e-02  1.51430000e+01
 -3.65011986e+03  3.80397900e+03  8.50000000e-02  1.51750000e+01
 -3.65022588e+03  3.80629200e+03  8.50000000e-02  1.51640000e+01
 -3.65022588e+03  3.80629200e+03  8.50000000e-02  1.51640000e+01
 -3.65835203e+03  3.80643200e+03  8.50000000e-02  1.51630000e+01
 -3.65835203e+03  3.80643200e+03  8.50000000e-02  1.51630000e+01
 -3.65835203e+03  3.80643200e+03  8.50000000e-02  1.51630000e+01
 -3.65835203e+03  3.80643200e+03  8.50000000e-02  1.51630000e+01
 -3.65840555e+03  3.80502700e+03  8.70000000e-02  1.51670000e+01
 -3.65840555e+03  3.80502700e+03  8.70000000e-02  1.51670000e+01
 -3.65840555e+03  3.80502700e+03  8.70000000e-02  1.51670000e+01
 -3.65960149e+03  3.80623800e+03  8.70000000e-02  1.51690000e+01
 -3.65960149e+03  3.80623800e+03  8.70000000e-02  1.51690000e+01
 -3.65960149e+03  3.80623800e+03  8.70000000e-02  1.51690000e+01
 -3.65960149e+03  3.80623800e+03  8.70000000e-02  1.51690000e+01
 -3.65960149e+03  3.80623800e+03  8.70000000e-02  1.51690000e+01
 -3.65960149e+03  3.80623800e+03  8.70000000e-02  1.51690000e+01
 -3.66405986e+03  3.80550200e+03  8.70000000e-02  1.52370000e+01
 -3.66405986e+03  3.80550200e+03  8.70000000e-02  1.52370000e+01
 -3.66405986e+03  3.80550200e+03  8.70000000e-02  1.52370000e+01
 -3.66405986e+03  3.80550200e+03  8.70000000e-02  1.52370000e+01
 -3.66405986e+03  3.80550200e+03  8.70000000e-02  1.52370000e+01
 -3.66405986e+03  3.80550200e+03  8.70000000e-02  1.52370000e+01
 -3.66405986e+03  3.80550200e+03  8.70000000e-02  1.52370000e+01
 -3.66389555e+03  3.80497200e+03  8.70000000e-02  1.52400000e+01
 -3.66453994e+03  3.80728500e+03  8.70000000e-02  1.51980000e+01
 -3.66453994e+03  3.80728500e+03  8.70000000e-02  1.51980000e+01
 -3.66678018e+03  3.80675500e+03  8.70000000e-02  1.52360000e+01
 -3.66678018e+03  3.80675500e+03  8.70000000e-02  1.52360000e+01
 -3.66678018e+03  3.80675500e+03  8.70000000e-02  1.52360000e+01
 -3.66678018e+03  3.80675500e+03  8.70000000e-02  1.52360000e+01
 -3.66658666e+03  3.80653900e+03  8.70000000e-02  1.52360000e+01
 -3.66658666e+03  3.80653900e+03  8.70000000e-02  1.52360000e+01
 -3.66642741e+03  3.80511200e+03  8.70000000e-02  1.52360000e+01
 -3.66892975e+03  3.80706900e+03  8.70000000e-02  1.52190000e+01
 -3.66892975e+03  3.80706900e+03  8.70000000e-02  1.52190000e+01
 -3.66892975e+03  3.80706900e+03  8.70000000e-02  1.52190000e+01
 -3.66892975e+03  3.80706900e+03  8.70000000e-02  1.52190000e+01
 -3.66892975e+03  3.80706900e+03  8.70000000e-02  1.52190000e+01
 -3.66892975e+03  3.80706900e+03  8.70000000e-02  1.52190000e+01
 -3.66892975e+03  3.80706900e+03  8.70000000e-02  1.52190000e+01
 -3.66892975e+03  3.80706900e+03  8.70000000e-02  1.52190000e+01
 -3.66892975e+03  3.80706900e+03  8.70000000e-02  1.52190000e+01
 -3.66892975e+03  3.80706900e+03  8.70000000e-02  1.52190000e+01
 -3.67197476e+03  3.80750100e+03  8.80000000e-02  1.52620000e+01
 -3.67197476e+03  3.80750100e+03  8.80000000e-02  1.52620000e+01
 -3.67197476e+03  3.80750100e+03  8.80000000e-02  1.52620000e+01
 -3.67197476e+03  3.80750100e+03  8.80000000e-02  1.52620000e+01
 -3.67197476e+03  3.80750100e+03  8.80000000e-02  1.52620000e+01
 -3.67197476e+03  3.80750100e+03  8.80000000e-02  1.52620000e+01
 -3.67197476e+03  3.80750100e+03  8.80000000e-02  1.52620000e+01
 -3.67197476e+03  3.80750100e+03  8.80000000e-02  1.52620000e+01
 -3.67197476e+03  3.80750100e+03  8.80000000e-02  1.52620000e+01
 -3.67184578e+03  3.80683100e+03  8.80000000e-02  1.52150000e+01
 -3.67184578e+03  3.80683100e+03  8.80000000e-02  1.52150000e+01
 -3.67184578e+03  3.80683100e+03  8.80000000e-02  1.52150000e+01
 -3.67184578e+03  3.80683100e+03  8.80000000e-02  1.52150000e+01
 -3.67172990e+03  3.80540400e+03  8.80000000e-02  1.52490000e+01
 -3.67172990e+03  3.80540400e+03  8.80000000e-02  1.52490000e+01
 -3.67172990e+03  3.80540400e+03  8.80000000e-02  1.52490000e+01
 -3.67290344e+03  3.80616100e+03  8.80000000e-02  1.52620000e+01
 -3.67290344e+03  3.80616100e+03  8.80000000e-02  1.52620000e+01
 -3.67307878e+03  3.80684100e+03  8.80000000e-02  1.52620000e+01
 -3.67318676e+03  3.80585700e+03  8.70000000e-02  1.52830000e+01
 -3.67318676e+03  3.80585700e+03  8.70000000e-02  1.52830000e+01
 -3.67325560e+03  3.80608400e+03  8.70000000e-02  1.52260000e+01
 -3.67325560e+03  3.80608400e+03  8.70000000e-02  1.52260000e+01
 -3.67478486e+03  3.80622400e+03  8.70000000e-02  1.51180000e+01
 -3.68360090e+03  3.80711000e+03  8.70000000e-02  1.51040000e+01
 -3.68260723e+03  3.80501400e+03  8.70000000e-02  1.51450000e+01
 -3.68260723e+03  3.80501400e+03  8.70000000e-02  1.51450000e+01
 -3.68538844e+03  3.80569400e+03  8.70000000e-02  1.51370000e+01
 -3.68873447e+03  3.80622500e+03  8.70000000e-02  1.51250000e+01
 -3.68873447e+03  3.80622500e+03  8.70000000e-02  1.51250000e+01
 -3.68873447e+03  3.80622500e+03  8.70000000e-02  1.51250000e+01
 -3.68873447e+03  3.80622500e+03  8.70000000e-02  1.51250000e+01
 -3.68873447e+03  3.80622500e+03  8.70000000e-02  1.51250000e+01
 -3.68873447e+03  3.80622500e+03  8.70000000e-02  1.51250000e+01
 -3.69185808e+03  3.80645100e+03  8.70000000e-02  1.51440000e+01
 -3.69185808e+03  3.80645100e+03  8.70000000e-02  1.51440000e+01
 -3.69185808e+03  3.80645100e+03  8.70000000e-02  1.51440000e+01
 -3.69273914e+03  3.80578100e+03  8.70000000e-02  1.51290000e+01
 -3.69273914e+03  3.80578100e+03  8.70000000e-02  1.51290000e+01
 -3.69273914e+03  3.80578100e+03  8.70000000e-02  1.51290000e+01
 -3.69273914e+03  3.80578100e+03  8.70000000e-02  1.51290000e+01
 -3.69273914e+03  3.80578100e+03  8.70000000e-02  1.51290000e+01
 -3.69315185e+03  3.80719800e+03  8.70000000e-02  1.51550000e+01
 -3.69315185e+03  3.80719800e+03  8.70000000e-02  1.51550000e+01
 -3.69315185e+03  3.80719800e+03  8.70000000e-02  1.51550000e+01
 -3.69315185e+03  3.80719800e+03  8.70000000e-02  1.51550000e+01
 -3.69315185e+03  3.80719800e+03  8.70000000e-02  1.51550000e+01
 -3.69315185e+03  3.80719800e+03  8.70000000e-02  1.51550000e+01
 -3.69315185e+03  3.80719800e+03  8.70000000e-02  1.51550000e+01
 -3.69315185e+03  3.80719800e+03  8.70000000e-02  1.51550000e+01
 -3.69315185e+03  3.80719800e+03  8.70000000e-02  1.51550000e+01
 -3.69315185e+03  3.80719800e+03  8.70000000e-02  1.51550000e+01
 -3.69315185e+03  3.80719800e+03  8.70000000e-02  1.51550000e+01
 -3.69315185e+03  3.80719800e+03  8.70000000e-02  1.51550000e+01
 -3.69315185e+03  3.80719800e+03  8.70000000e-02  1.51550000e+01
 -3.69315185e+03  3.80719800e+03  8.70000000e-02  1.51550000e+01
 -3.69315185e+03  3.80719800e+03  8.70000000e-02  1.51550000e+01
 -3.69315185e+03  3.80719800e+03  8.70000000e-02  1.51550000e+01
 -3.69315185e+03  3.80719800e+03  8.70000000e-02  1.51550000e+01
 -3.69315185e+03  3.80719800e+03  8.70000000e-02  1.51550000e+01
 -3.69315185e+03  3.80719800e+03  8.70000000e-02  1.51550000e+01
 -3.69315185e+03  3.80719800e+03  8.70000000e-02  1.51550000e+01
 -3.69315185e+03  3.80719800e+03  8.70000000e-02  1.51550000e+01
 -3.69315185e+03  3.80719800e+03  8.70000000e-02  1.51550000e+01
 -3.69315185e+03  3.80719800e+03  8.70000000e-02  1.51550000e+01
 -3.69409928e+03  3.80646200e+03  8.70000000e-02  1.51860000e+01
 -3.69409928e+03  3.80646200e+03  8.70000000e-02  1.51860000e+01
 -3.69409928e+03  3.80646200e+03  8.70000000e-02  1.51860000e+01
 -3.69409928e+03  3.80646200e+03  8.70000000e-02  1.51860000e+01
 -3.69409928e+03  3.80646200e+03  8.70000000e-02  1.51860000e+01
 -3.69409928e+03  3.80646200e+03  8.70000000e-02  1.51860000e+01
 -3.69409928e+03  3.80646200e+03  8.70000000e-02  1.51860000e+01
 -3.69409928e+03  3.80646200e+03  8.70000000e-02  1.51860000e+01
 -3.69409928e+03  3.80646200e+03  8.70000000e-02  1.51860000e+01
 -3.69409928e+03  3.80646200e+03  8.70000000e-02  1.51860000e+01
 -3.69409928e+03  3.80646200e+03  8.70000000e-02  1.51860000e+01
 -3.69435741e+03  3.80712100e+03  8.70000000e-02  1.51900000e+01
 -3.69435741e+03  3.80712100e+03  8.70000000e-02  1.51900000e+01
 -3.69929224e+03  3.80545700e+03  8.70000000e-02  1.52680000e+01
 -3.69929224e+03  3.80545700e+03  8.70000000e-02  1.52680000e+01
 -3.69929224e+03  3.80545700e+03  8.70000000e-02  1.52680000e+01
 -3.69926462e+03  3.80425700e+03  8.80000000e-02  1.52780000e+01
 -3.69926462e+03  3.80425700e+03  8.80000000e-02  1.52780000e+01
 -3.69982424e+03  3.80711000e+03  8.80000000e-02  1.51770000e+01
 -3.69982424e+03  3.80711000e+03  8.80000000e-02  1.51770000e+01
 -3.70117201e+03  3.80733800e+03  8.80000000e-02  1.51770000e+01
 -3.70343573e+03  3.80614900e+03  8.80000000e-02  1.52110000e+01
 -3.70343573e+03  3.80614900e+03  8.80000000e-02  1.52110000e+01
 -3.70434029e+03  3.80561900e+03  8.80000000e-02  1.52590000e+01
 -3.70434029e+03  3.80561900e+03  8.80000000e-02  1.52590000e+01
 -3.70434029e+03  3.80561900e+03  8.80000000e-02  1.52590000e+01
 -3.70518398e+03  3.80366100e+03  8.80000000e-02  1.53340000e+01
 -3.70518398e+03  3.80366100e+03  8.80000000e-02  1.53340000e+01
 -3.70713454e+03  3.80396500e+03  8.80000000e-02  1.53130000e+01
 -3.70731504e+03  3.80540200e+03  8.80000000e-02  1.52840000e+01
 -3.70731504e+03  3.80540200e+03  8.80000000e-02  1.52840000e+01
 -3.70731504e+03  3.80540200e+03  8.80000000e-02  1.52840000e+01
 -3.70731504e+03  3.80540200e+03  8.80000000e-02  1.52840000e+01
 -3.70971446e+03  3.80704500e+03  8.80000000e-02  1.52840000e+01
 -3.70971446e+03  3.80704500e+03  8.80000000e-02  1.52840000e+01
 -3.70971446e+03  3.80704500e+03  8.80000000e-02  1.52840000e+01
 -3.70971446e+03  3.80704500e+03  8.80000000e-02  1.52840000e+01
 -3.70971446e+03  3.80704500e+03  8.80000000e-02  1.52840000e+01
 -3.70971446e+03  3.80704500e+03  8.80000000e-02  1.52840000e+01
 -3.70971446e+03  3.80704500e+03  8.80000000e-02  1.52840000e+01
 -3.70971446e+03  3.80704500e+03  8.80000000e-02  1.52840000e+01
 -3.70971446e+03  3.80704500e+03  8.80000000e-02  1.52840000e+01
 -3.70971446e+03  3.80704500e+03  8.80000000e-02  1.52840000e+01
 -3.71645844e+03  3.80516500e+03  8.80000000e-02  1.52840000e+01
 -3.73288318e+03  3.80771500e+03  8.80000000e-02  1.52850000e+01
 -3.73288318e+03  3.80771500e+03  8.80000000e-02  1.52850000e+01
 -3.73288318e+03  3.80771500e+03  8.80000000e-02  1.52850000e+01
 -3.73288318e+03  3.80771500e+03  8.80000000e-02  1.52850000e+01
 -3.73288318e+03  3.80771500e+03  8.80000000e-02  1.52850000e+01
 -3.73288318e+03  3.80771500e+03  8.80000000e-02  1.52850000e+01
 -3.73585953e+03  3.80487200e+03  8.90000000e-02  1.53120000e+01
 -3.73585953e+03  3.80487200e+03  8.90000000e-02  1.53120000e+01
 -3.73585953e+03  3.80487200e+03  8.90000000e-02  1.53120000e+01
 -3.73585953e+03  3.80487200e+03  8.90000000e-02  1.53120000e+01
 -3.73694282e+03  3.80539200e+03  8.90000000e-02  1.52780000e+01
 -3.73700017e+03  3.80614900e+03  9.00000000e-02  1.52800000e+01
 -3.73700017e+03  3.80614900e+03  9.00000000e-02  1.52800000e+01
 -3.73700017e+03  3.80614900e+03  9.00000000e-02  1.52800000e+01
 -3.73700017e+03  3.80614900e+03  9.00000000e-02  1.52800000e+01
 -3.73749368e+03  3.80582400e+03  9.00000000e-02  1.52980000e+01
 -3.73744938e+03  3.80635400e+03  9.00000000e-02  1.53310000e+01
 -3.73744938e+03  3.80635400e+03  9.00000000e-02  1.53310000e+01
 -3.73744938e+03  3.80635400e+03  9.00000000e-02  1.53310000e+01
 -3.73744938e+03  3.80635400e+03  9.00000000e-02  1.53310000e+01
 -3.74087702e+03  3.80426800e+03  9.00000000e-02  1.53510000e+01
 -3.74134590e+03  3.80492700e+03  9.00000000e-02  1.53460000e+01
 -3.74134590e+03  3.80492700e+03  9.00000000e-02  1.53460000e+01
 -3.74134590e+03  3.80492700e+03  9.00000000e-02  1.53460000e+01
 -3.74134590e+03  3.80492700e+03  9.00000000e-02  1.53460000e+01
 -3.74134590e+03  3.80492700e+03  9.00000000e-02  1.53460000e+01
 -3.74134129e+03  3.80314400e+03  9.00000000e-02  1.53810000e+01
 -3.74460650e+03  3.80621400e+03  9.00000000e-02  1.53730000e+01
 -3.74460650e+03  3.80621400e+03  9.00000000e-02  1.53730000e+01
 -3.74746522e+03  3.80718700e+03  9.00000000e-02  1.53700000e+01
 -3.74744026e+03  3.80574900e+03  9.00000000e-02  1.54170000e+01
 -3.74744026e+03  3.80574900e+03  9.00000000e-02  1.54170000e+01
 -3.74744026e+03  3.80574900e+03  9.00000000e-02  1.54170000e+01
 -3.74744026e+03  3.80574900e+03  9.00000000e-02  1.54170000e+01
 -3.74744026e+03  3.80574900e+03  9.00000000e-02  1.54170000e+01
 -3.74744026e+03  3.80574900e+03  9.00000000e-02  1.54170000e+01
 -3.74744026e+03  3.80574900e+03  9.00000000e-02  1.54170000e+01
 -3.75040305e+03  3.80753200e+03  9.00000000e-02  1.53850000e+01