-1.56455120e+03  2.57626700e+03  8.80000000e-02  2.93540000e+01
 -2.01257079e+03  2.95219200e+03  8.90000000e-02  2.42840000e+01
 -2.27467934e+03  3.19756500e+03  8.90000000e-02  2.07280000e+01
 -2.37453398e+03  3.31753000e+03  9.00000000e-02  1.84170000e+01
 -2.51056421e+03  3.40599600e+03  8.90000000e-02  1.74810000e+01
 -2.57372241e+03  3.46709300e+03  9.10000000e-02  1.68690000e+01
 -2.64583744e+03  3.50435600e+03  1.08000000e-01  1.62280000e+01
 -2.72178048e+03  3.53826500e+03  1.06000000e-01  1.64560000e+01
 -2.80162434e+03  3.59642900e+03  1.07000000e-01  1.59900000e+01
 -2.82776835e+03  3.61350200e+03  9.80000000e-02  1.59440000e+01
 -2.85126737e+03  3.61126200e+03  9.90000000e-02  1.60930000e+01
 -2.85126737e+03  3.61126200e+03  9.90000000e-02  1.60930000e+01
 -2.85126737e+03  3.61126200e+03  9.90000000e-02  1.60930000e+01
 -2.85126737e+03  3.61126200e+03  9.90000000e-02  1.60930000e+01
 -2.85031523e+03  3.60346700e+03  9.80000000e-02  1.59740000e+01
 -2.84470381e+03  3.63039400e+03  9.70000000e-02  1.59730000e+01
 -2.85539043e+03  3.62285100e+03  8.50000000e-02  1.55310000e+01
 -2.84809665e+03  3.58545200e+03  8.50000000e-02  1.67940000e+01
 -2.88170187e+03  3.61065200e+03  8.90000000e-02  1.67770000e+01
 -2.88170187e+03  3.61065200e+03  8.90000000e-02  1.67770000e+01
 -2.90059982e+03  3.62288200e+03  9.90000000e-02  1.69990000e+01
 -2.91217677e+03  3.61390600e+03  8.80000000e-02  1.61240000e+01
 -2.90668740e+03  3.64090900e+03  1.17000000e-01  1.56360000e+01
 -2.89453936e+03  3.64756400e+03  1.14000000e-01  1.58480000e+01
 -2.86297853e+03  3.62497800e+03  1.17000000e-01  1.63320000e+01
 -2.91091698e+03  3.64323700e+03  9.80000000e-02  1.58840000e+01
 -2.94107988e+03  3.65738700e+03  9.80000000e-02  1.65820000e+01
 -2.94107988e+03  3.65738700e+03  9.80000000e-02  1.65820000e+01
 -2.93918945e+03  3.66244600e+03  9.20000000e-02  1.60290000e+01
 -2.90601600e+03  3.66260000e+03  9.70000000e-02  1.58330000e+01
 -2.90807311e+03  3.66063700e+03  9.60000000e-02  1.60400000e+01
 -2.88349559e+03  3.65291600e+03  9.70000000e-02  1.59970000e+01
 -2.88139649e+03  3.65723900e+03  8.60000000e-02  1.63260000e+01
 -2.91446681e+03  3.64554600e+03  8.50000000e-02  1.64160000e+01
 -2.95651794e+03  3.63202500e+03  8.50000000e-02  1.66740000e+01
 -2.98578227e+03  3.64645400e+03  8.70000000e-02  1.63780000e+01
 -2.99078959e+03  3.63612900e+03  9.40000000e-02  1.62800000e+01
 -3.04338571e+03  3.63802800e+03  9.30000000e-02  1.57540000e+01
 -2.99844681e+03  3.62361900e+03  9.40000000e-02  1.58730000e+01
 -2.96111633e+03  3.65044900e+03  1.09000000e-01  1.53660000e+01
 -3.02013663e+03  3.66931600e+03  1.10000000e-01  1.49720000e+01
 -3.14565954e+03  3.67313800e+03  1.10000000e-01  1.55520000e+01
 -3.14565954e+03  3.67313800e+03  1.10000000e-01  1.55520000e+01
 -3.14565954e+03  3.67313800e+03  1.10000000e-01  1.55520000e+01
 -3.16278320e+03  3.69651400e+03  1.11000000e-01  1.58230000e+01
 -3.16278320e+03  3.69651400e+03  1.11000000e-01  1.58230000e+01
 -3.16278320e+03  3.69651400e+03  1.11000000e-01  1.58230000e+01
 -3.16278320e+03  3.69651400e+03  1.11000000e-01  1.58230000e+01
 -3.16278320e+03  3.69651400e+03  1.11000000e-01  1.58230000e+01
 -3.10621016e+03  3.66725400e+03  1.17000000e-01  1.62630000e+01
 -3.10393237e+03  3.67722600e+03  1.17000000e-01  1.59830000e+01
 -3.10678444e+03  3.66601200e+03  9.20000000e-02  1.54930000e+01
 -3.10678444e+03  3.66601200e+03  9.20000000e-02  1.54930000e+01
 -3.11804161e+03  3.67390200e+03  9.40000000e-02  1.56230000e+01
 -3.10494651e+03  3.67992800e+03  1.03000000e-01  1.57030000e+01
 -3.10494651e+03  3.67992800e+03  1.03000000e-01  1.57030000e+01
 -3.13415775e+03  3.68976700e+03  9.30000000e-02  1.64460000e+01
 -3.03383964e+03  3.70703700e+03  1.08000000e-01  1.57190000e+01
 -3.03383964e+03  3.70703700e+03  1.08000000e-01  1.57190000e+01
 -3.03937307e+03  3.67890300e+03  1.09000000e-01  1.57490000e+01
 -3.03937307e+03  3.67890300e+03  1.09000000e-01  1.57490000e+01
 -3.04216737e+03  3.66482000e+03  1.08000000e-01  1.61030000e+01
 -3.04216737e+03  3.66482000e+03  1.08000000e-01  1.61030000e+01
 -3.01809682e+03  3.65222300e+03  9.80000000e-02  1.58670000e+01
 -3.01809682e+03  3.65222300e+03  9.80000000e-02  1.58670000e+01
 -3.01809682e+03  3.65222300e+03  9.80000000e-02  1.58670000e+01
 -3.03580784e+03  3.66282700e+03  8.70000000e-02  1.57040000e+01
 -3.03767025e+03  3.65367000e+03  8.50000000e-02  1.59170000e+01
 -3.00219101e+03  3.64517700e+03  8.80000000e-02  1.60060000e+01
 -3.04380036e+03  3.67143600e+03  8.70000000e-02  1.58470000e+01
 -3.05292772e+03  3.68214700e+03  8.50000000e-02  1.56700000e+01
 -3.05292772e+03  3.68214700e+03  8.50000000e-02  1.56700000e+01
 -3.03112596e+03  3.67414800e+03  8.70000000e-02  1.55790000e+01
 -3.04151720e+03  3.68017900e+03  8.60000000e-02  1.55450000e+01
 -3.02540995e+03  3.66555700e+03  8.70000000e-02  1.58830000e+01
 -3.04050736e+03  3.66631500e+03  8.60000000e-02  1.58900000e+01
 -3.06180750e+03  3.67435700e+03  8.60000000e-02  1.60790000e+01
 -3.06180750e+03  3.67435700e+03  8.60000000e-02  1.60790000e+01
 -3.07084793e+03  3.67514500e+03  8.60000000e-02  1.61080000e+01
 -3.07254170e+03  3.67131800e+03  8.80000000e-02  1.60300000e+01
 -3.07254170e+03  3.67131800e+03  8.80000000e-02  1.60300000e+01
 -3.08532271e+03  3.67540700e+03  8.60000000e-02  1.61000000e+01
 -3.10844504e+03  3.68151400e+03  8.60000000e-02  1.61370000e+01
 -3.10741176e+03  3.67645700e+03  8.70000000e-02  1.63160000e+01
 -3.09477232e+03  3.67163600e+03  8.80000000e-02  1.62610000e+01
 -3.08271233e+03  3.67953800e+03  8.70000000e-02  1.60310000e+01
 -3.08271233e+03  3.67953800e+03  8.70000000e-02  1.60310000e+01
 -3.07946948e+03  3.68389300e+03  9.00000000e-02  1.60780000e+01
 -3.07946948e+03  3.68389300e+03  9.00000000e-02  1.60780000e+01
 -3.07811254e+03  3.67752800e+03  9.00000000e-02  1.61920000e+01
 -3.07811254e+03  3.67752800e+03  9.00000000e-02  1.61920000e+01
 -3.08164189e+03  3.67859900e+03  9.00000000e-02  1.63080000e+01
 -3.07505261e+03  3.67419000e+03  9.00000000e-02  1.61580000e+01
 -3.07505261e+03  3.67419000e+03  9.00000000e-02  1.61580000e+01
 -3.08896258e+03  3.67531400e+03  9.00000000e-02  1.63580000e+01
 -3.08896258e+03  3.67531400e+03  9.00000000e-02  1.63580000e+01
 -3.08209285e+03  3.65928500e+03  9.50000000e-02  1.66240000e+01
 -3.05885457e+03  3.65595600e+03  9.60000000e-02  1.65120000e+01
 -3.05885457e+03  3.65595600e+03  9.60000000e-02  1.65120000e+01
 -3.06268798e+03  3.65976900e+03  9.70000000e-02  1.65390000e+01
 -3.06389603e+03  3.66516100e+03  9.80000000e-02  1.65710000e+01
 -3.06389603e+03  3.66516100e+03  9.80000000e-02  1.65710000e+01
 -3.09764939e+03  3.66939600e+03  9.90000000e-02  1.64020000e+01
 -3.08464653e+03  3.66615300e+03  1.00000000e-01  1.64420000e+01
 -3.07688890e+03  3.66974200e+03  9.80000000e-02  1.63690000e+01
 -3.07688890e+03  3.66974200e+03  9.80000000e-02  1.63690000e+01
 -3.08921068e+03  3.67335200e+03  9.40000000e-02  1.64990000e+01
 -3.08197335e+03  3.67248700e+03  9.40000000e-02  1.63390000e+01
 -3.08197335e+03  3.67248700e+03  9.40000000e-02  1.63390000e+01
 -3.08197335e+03  3.67248700e+03  9.40000000e-02  1.63390000e+01
 -3.08983412e+03  3.66961300e+03  9.30000000e-02  1.63620000e+01
 -3.08841064e+03  3.67272900e+03  9.30000000e-02  1.64340000e+01
 -3.08841064e+03  3.67272900e+03  9.30000000e-02  1.64340000e+01
 -3.08841064e+03  3.67272900e+03  9.30000000e-02  1.64340000e+01
 -3.13641109e+03  3.68450900e+03  9.30000000e-02  1.62590000e+01
 -3.14286624e+03  3.70001000e+03  9.20000000e-02  1.60980000e+01
 -3.15589489e+03  3.70108000e+03  9.30000000e-02  1.61320000e+01
 -3.15010154e+03  3.69338500e+03  9.40000000e-02  1.63520000e+01
 -3.14985087e+03  3.69287500e+03  9.40000000e-02  1.64010000e+01
 -3.14368984e+03  3.69462600e+03  9.30000000e-02  1.61960000e+01
 -3.16628263e+03  3.70458000e+03  9.10000000e-02  1.59150000e+01
 -3.15318236e+03  3.70025800e+03  9.10000000e-02  1.61300000e+01
 -3.16654077e+03  3.70157800e+03  9.10000000e-02  1.61940000e+01
 -3.16761785e+03  3.70908900e+03  9.10000000e-02  1.59110000e+01
 -3.16761785e+03  3.70908900e+03  9.10000000e-02  1.59110000e+01
 -3.16761785e+03  3.70908900e+03  9.10000000e-02  1.59110000e+01
 -3.17898854e+03  3.70624600e+03  9.20000000e-02  1.57920000e+01
 -3.18323172e+03  3.70724800e+03  9.30000000e-02  1.58540000e+01
 -3.17664855e+03  3.70242700e+03  9.50000000e-02  1.60210000e+01
 -3.14921324e+03  3.69339200e+03  9.40000000e-02  1.61140000e+01
 -3.15442025e+03  3.69194500e+03  9.40000000e-02  1.59330000e+01
 -3.15332933e+03  3.68158100e+03  9.40000000e-02  1.63400000e+01
 -3.15438333e+03  3.68389500e+03  1.01000000e-01  1.65030000e+01
 -3.17981306e+03  3.69635600e+03  1.00000000e-01  1.64280000e+01
 -3.19070874e+03  3.69625900e+03  9.40000000e-02  1.62670000e+01
 -3.19070874e+03  3.69625900e+03  9.40000000e-02  1.62670000e+01
 -3.19682702e+03  3.69343000e+03  9.40000000e-02  1.62160000e+01
 -3.20091333e+03  3.70508200e+03  9.40000000e-02  1.60130000e+01
 -3.20459244e+03  3.70594600e+03  9.70000000e-02  1.58930000e+01
 -3.20459244e+03  3.70594600e+03  9.70000000e-02  1.58930000e+01
 -3.20793834e+03  3.71423900e+03  9.50000000e-02  1.58370000e+01
 -3.21366028e+03  3.71413200e+03  9.60000000e-02  1.59910000e+01
 -3.21843891e+03  3.70938700e+03  9.60000000e-02  1.58990000e+01
 -3.21612171e+03  3.71489900e+03  9.50000000e-02  1.58030000e+01
 -3.22543900e+03  3.72447600e+03  1.01000000e-01  1.56880000e+01
 -3.21820199e+03  3.71829200e+03  9.50000000e-02  1.57620000e+01
 -3.21820199e+03  3.71829200e+03  9.50000000e-02  1.57620000e+01
 -3.21820199e+03  3.71829200e+03  9.50000000e-02  1.57620000e+01
 -3.21820199e+03  3.71829200e+03  9.50000000e-02  1.57620000e+01
 -3.22495690e+03  3.72458300e+03  9.40000000e-02  1.56880000e+01
 -3.22495690e+03  3.72458300e+03  9.40000000e-02  1.56880000e+01
 -3.22495690e+03  3.72458300e+03  9.40000000e-02  1.56880000e+01
 -3.19197433e+03  3.72101600e+03  9.60000000e-02  1.55230000e+01
 -3.18889992e+03  3.72652800e+03  9.60000000e-02  1.52480000e+01
 -3.20176456e+03  3.72866600e+03  9.80000000e-02  1.52280000e+01
 -3.20176456e+03  3.72866600e+03  9.80000000e-02  1.52280000e+01
 -3.21088654e+03  3.72463400e+03  9.90000000e-02  1.56990000e+01
 -3.20792134e+03  3.71858100e+03  9.90000000e-02  1.58900000e+01
 -3.20142914e+03  3.72684900e+03  9.20000000e-02  1.55040000e+01
 -3.24423348e+03  3.72633000e+03  9.30000000e-02  1.56970000e+01
 -3.24422116e+03  3.73031800e+03  9.00000000e-02  1.57190000e+01
 -3.24422116e+03  3.73031800e+03  9.00000000e-02  1.57190000e+01
 -3.24422116e+03  3.73031800e+03  9.00000000e-02  1.57190000e+01
 -3.23104288e+03  3.72375600e+03  9.10000000e-02  1.56730000e+01
 -3.23766145e+03  3.72431800e+03  9.10000000e-02  1.58590000e+01
 -3.23766145e+03  3.72431800e+03  9.10000000e-02  1.58590000e+01
 -3.25049929e+03  3.71823000e+03  8.90000000e-02  1.60170000e+01
 -3.27075668e+03  3.72043500e+03  8.90000000e-02  1.59080000e+01
 -3.27075668e+03  3.72043500e+03  8.90000000e-02  1.59080000e+01
 -3.24301207e+03  3.70379000e+03  9.00000000e-02  1.62580000e+01
 -3.24301207e+03  3.70379000e+03  9.00000000e-02  1.62580000e+01
 -3.24301207e+03  3.70379000e+03  9.00000000e-02  1.62580000e+01
 -3.24081417e+03  3.69996400e+03  8.90000000e-02  1.61410000e+01
 -3.23875445e+03  3.69085300e+03  8.80000000e-02  1.60180000e+01
 -3.23875445e+03  3.69085300e+03  8.80000000e-02  1.60180000e+01
 -3.23875445e+03  3.69085300e+03  8.80000000e-02  1.60180000e+01
 -3.24828825e+03  3.68788000e+03  9.00000000e-02  1.63090000e+01
 -3.25857218e+03  3.69522700e+03  8.90000000e-02  1.62250000e+01
 -3.25857218e+03  3.69522700e+03  8.90000000e-02  1.62250000e+01
 -3.26016079e+03  3.70290100e+03  8.80000000e-02  1.59390000e+01
 -3.26988664e+03  3.70401400e+03  8.90000000e-02  1.61220000e+01
 -3.26678909e+03  3.71066100e+03  9.00000000e-02  1.62300000e+01
 -3.27334073e+03  3.71179600e+03  8.90000000e-02  1.57850000e+01
 -3.27334073e+03  3.71179600e+03  8.90000000e-02  1.57850000e+01
 -3.27334073e+03  3.71179600e+03  8.90000000e-02  1.57850000e+01
 -3.25929051e+03  3.70260700e+03  8.90000000e-02  1.57800000e+01
 -3.25224032e+03  3.70270500e+03  9.80000000e-02  1.57010000e+01
 -3.25224032e+03  3.70270500e+03  9.80000000e-02  1.57010000e+01
 -3.24847497e+03  3.70602300e+03  9.80000000e-02  1.56490000e+01
 -3.24847497e+03  3.70602300e+03  9.80000000e-02  1.56490000e+01
 -3.26036332e+03  3.70895300e+03  1.08000000e-01  1.55570000e+01
 -3.25213167e+03  3.69165700e+03  1.07000000e-01  1.58630000e+01
 -3.25213167e+03  3.69165700e+03  1.07000000e-01  1.58630000e+01
 -3.26495114e+03  3.69618700e+03  1.08000000e-01  1.58980000e+01
 -3.26495114e+03  3.69618700e+03  1.08000000e-01  1.58980000e+01
 -3.26203404e+03  3.70610900e+03  1.12000000e-01  1.56630000e+01
 -3.26203404e+03  3.70610900e+03  1.12000000e-01  1.56630000e+01
 -3.25574982e+03  3.71467900e+03  9.80000000e-02  1.51840000e+01
 -3.25574982e+03  3.71467900e+03  9.80000000e-02  1.51840000e+01
 -3.25574982e+03  3.71467900e+03  9.80000000e-02  1.51840000e+01
 -3.26061100e+03  3.71372900e+03  1.03000000e-01  1.53820000e+01
 -3.26061100e+03  3.71372900e+03  1.03000000e-01  1.53820000e+01
 -3.24545130e+03  3.71074600e+03  1.03000000e-01  1.55460000e+01
 -3.24545130e+03  3.71074600e+03  1.03000000e-01  1.55460000e+01
 -3.24545130e+03  3.71074600e+03  1.03000000e-01  1.55460000e+01
 -3.24545130e+03  3.71074600e+03  1.03000000e-01  1.55460000e+01
 -3.24545130e+03  3.71074600e+03  1.03000000e-01  1.55460000e+01
 -3.24536878e+03  3.70171800e+03  1.05000000e-01  1.58390000e+01
 -3.27575953e+03  3.70865700e+03  1.04000000e-01  1.57870000e+01
 -3.27575953e+03  3.70865700e+03  1.04000000e-01  1.57870000e+01
 -3.27854968e+03  3.70398600e+03  1.03000000e-01  1.58980000e+01
 -3.28043870e+03  3.70691300e+03  9.90000000e-02  1.58500000e+01
 -3.28043870e+03  3.70691300e+03  9.90000000e-02  1.58500000e+01
 -3.27259648e+03  3.71298600e+03  9.90000000e-02  1.57160000e+01
 -3.26601638e+03  3.70518100e+03  9.80000000e-02  1.57350000e+01
 -3.26601638e+03  3.70518100e+03  9.80000000e-02  1.57350000e+01
 -3.26601638e+03  3.70518100e+03  9.80000000e-02  1.57350000e+01
 -3.26601638e+03  3.70518100e+03  9.80000000e-02  1.57350000e+01
 -3.26247916e+03  3.70804400e+03  9.80000000e-02  1.56550000e+01
 -3.27611382e+03  3.71095300e+03  9.90000000e-02  1.58730000e+01
 -3.27611382e+03  3.71095300e+03  9.90000000e-02  1.58730000e+01
 -3.27611382e+03  3.71095300e+03  9.90000000e-02  1.58730000e+01
 -3.27344036e+03  3.70868300e+03  9.90000000e-02  1.58380000e+01
 -3.27344036e+03  3.70868300e+03  9.90000000e-02  1.58380000e+01
 -3.27344036e+03  3.70868300e+03  9.90000000e-02  1.58380000e+01
 -3.28387573e+03  3.71458500e+03  9.90000000e-02  1.57500000e+01
 -3.28387573e+03  3.71458500e+03  9.90000000e-02  1.57500000e+01
 -3.28617540e+03  3.72159000e+03  9.90000000e-02  1.55260000e+01
 -3.24510546e+03  3.70294500e+03  1.09000000e-01  1.60350000e+01
 -3.20231723e+03  3.68862100e+03  1.09000000e-01  1.59580000e+01
 -3.21585730e+03  3.68196300e+03  1.13000000e-01  1.59700000e+01
 -3.21983133e+03  3.69279400e+03  1.14000000e-01  1.59250000e+01
 -3.21983133e+03  3.69279400e+03  1.14000000e-01  1.59250000e+01
 -3.22712499e+03  3.69473000e+03  1.16000000e-01  1.58140000e+01
 -3.22712499e+03  3.69473000e+03  1.16000000e-01  1.58140000e+01
 -3.22712499e+03  3.69473000e+03  1.16000000e-01  1.58140000e+01
 -3.22758810e+03  3.69074200e+03  1.16000000e-01  1.59620000e+01
 -3.22758810e+03  3.69074200e+03  1.16000000e-01  1.59620000e+01
 -3.22758810e+03  3.69074200e+03  1.16000000e-01  1.59620000e+01
 -3.22939621e+03  3.67983700e+03  1.13000000e-01  1.62510000e+01
 -3.23780585e+03  3.68967300e+03  1.13000000e-01  1.63670000e+01
 -3.23902985e+03  3.68098600e+03  1.08000000e-01  1.64840000e+01
 -3.23902985e+03  3.68098600e+03  1.08000000e-01  1.64840000e+01
 -3.23902985e+03  3.68098600e+03  1.08000000e-01  1.64840000e+01
 -3.23246796e+03  3.68216200e+03  9.20000000e-02  1.63740000e+01
 -3.23246796e+03  3.68216200e+03  9.20000000e-02  1.63740000e+01
 -3.23246796e+03  3.68216200e+03  9.20000000e-02  1.63740000e+01
 -3.23246796e+03  3.68216200e+03  9.20000000e-02  1.63740000e+01
 -3.23246796e+03  3.68216200e+03  9.20000000e-02  1.63740000e+01
 -3.23498977e+03  3.68337300e+03  9.30000000e-02  1.64840000e+01
 -3.23498977e+03  3.68337300e+03  9.30000000e-02  1.64840000e+01
 -3.23498977e+03  3.68337300e+03  9.30000000e-02  1.64840000e+01
 -3.23445088e+03  3.67877000e+03  9.20000000e-02  1.65320000e+01
 -3.22430916e+03  3.68179700e+03  8.90000000e-02  1.67440000e+01
 -3.22430916e+03  3.68179700e+03  8.90000000e-02  1.67440000e+01
 -3.22430916e+03  3.68179700e+03  8.90000000e-02  1.67440000e+01
 -3.22419464e+03  3.68572300e+03  9.00000000e-02  1.68030000e+01
 -3.23416439e+03  3.69494100e+03  8.70000000e-02  1.63680000e+01
 -3.23416439e+03  3.69494100e+03  8.70000000e-02  1.63680000e+01
 -3.23416439e+03  3.69494100e+03  8.70000000e-02  1.63680000e+01
 -3.23416439e+03  3.69494100e+03  8.70000000e-02  1.63680000e+01
 -3.23019963e+03  3.69965300e+03  8.50000000e-02  1.62080000e+01
 -3.22826050e+03  3.68809800e+03  8.40000000e-02  1.63910000e+01
 -3.22826050e+03  3.68809800e+03  8.40000000e-02  1.63910000e+01
 -3.22826050e+03  3.68809800e+03  8.40000000e-02  1.63910000e+01
 -3.23813932e+03  3.68801100e+03  8.40000000e-02  1.61070000e+01
 -3.23813932e+03  3.68801100e+03  8.40000000e-02  1.61070000e+01
 -3.23813932e+03  3.68801100e+03  8.40000000e-02  1.61070000e+01
 -3.23813932e+03  3.68801100e+03  8.40000000e-02  1.61070000e+01
 -3.23813932e+03  3.68801100e+03  8.40000000e-02  1.61070000e+01
 -3.24192027e+03  3.68275900e+03  8.40000000e-02  1.62900000e+01
 -3.24005956e+03  3.68467300e+03  8.40000000e-02  1.64350000e+01
 -3.24005956e+03  3.68467300e+03  8.40000000e-02  1.64350000e+01
 -3.24005956e+03  3.68467300e+03  8.40000000e-02  1.64350000e+01
 -3.24005956e+03  3.68467300e+03  8.40000000e-02  1.64350000e+01
 -3.24005956e+03  3.68467300e+03  8.40000000e-02  1.64350000e+01
 -3.24005956e+03  3.68467300e+03  8.40000000e-02  1.64350000e+01
 -3.24005956e+03  3.68467300e+03  8.40000000e-02  1.64350000e+01
 -3.24005956e+03  3.68467300e+03  8.40000000e-02  1.64350000e+01
 -3.24434325e+03  3.68573200e+03  8.30000000e-02  1.62860000e+01
 -3.25004469e+03  3.69353600e+03  8.30000000e-02  1.61670000e+01
 -3.24667896e+03  3.69279900e+03  8.30000000e-02  1.60550000e+01
 -3.24667896e+03  3.69279900e+03  8.30000000e-02  1.60550000e+01
 -3.24667896e+03  3.69279900e+03  8.30000000e-02  1.60550000e+01
 -3.24667896e+03  3.69279900e+03  8.30000000e-02  1.60550000e+01
 -3.24667896e+03  3.69279900e+03  8.30000000e-02  1.60550000e+01
 -3.24180623e+03  3.68959800e+03  8.30000000e-02  1.61580000e+01
 -3.24180623e+03  3.68959800e+03  8.30000000e-02  1.61580000e+01
 -3.23971115e+03  3.68711100e+03  8.30000000e-02  1.61330000e+01
 -3.23779025e+03  3.68506700e+03  8.40000000e-02  1.61080000e+01
 -3.23779025e+03  3.68506700e+03  8.40000000e-02  1.61080000e+01
 -3.26373418e+03  3.69550900e+03  8.40000000e-02  1.61160000e+01
 -3.26373418e+03  3.69550900e+03  8.40000000e-02  1.61160000e+01
 -3.26373418e+03  3.69550900e+03  8.40000000e-02  1.61160000e+01
 -3.26373418e+03  3.69550900e+03  8.40000000e-02  1.61160000e+01
 -3.24517545e+03  3.68872200e+03  8.40000000e-02  1.62110000e+01
 -3.24517545e+03  3.68872200e+03  8.40000000e-02  1.62110000e+01
 -3.24517545e+03  3.68872200e+03  8.40000000e-02  1.62110000e+01
 -3.24958972e+03  3.69164000e+03  8.40000000e-02  1.61220000e+01
 -3.24668991e+03  3.68421300e+03  8.40000000e-02  1.62490000e+01
 -3.24668991e+03  3.68421300e+03  8.40000000e-02  1.62490000e+01
 -3.24668991e+03  3.68421300e+03  8.40000000e-02  1.62490000e+01
 -3.24668991e+03  3.68421300e+03  8.40000000e-02  1.62490000e+01
 -3.24668991e+03  3.68421300e+03  8.40000000e-02  1.62490000e+01
 -3.26088964e+03  3.68802800e+03  8.40000000e-02  1.62140000e+01
 -3.26297823e+03  3.68716600e+03  8.60000000e-02  1.62700000e+01
 -3.26297823e+03  3.68716600e+03  8.60000000e-02  1.62700000e+01
 -3.26297823e+03  3.68716600e+03  8.60000000e-02  1.62700000e+01
 -3.24428869e+03  3.68275700e+03  8.60000000e-02  1.64610000e+01
 -3.26362256e+03  3.69315800e+03  8.50000000e-02  1.62580000e+01
 -3.26960480e+03  3.69728800e+03  8.50000000e-02  1.63000000e+01
 -3.26960480e+03  3.69728800e+03  8.50000000e-02  1.63000000e+01
 -3.26573819e+03  3.69920300e+03  8.60000000e-02  1.59930000e+01
 -3.26573819e+03  3.69920300e+03  8.60000000e-02  1.59930000e+01
 -3.28229877e+03  3.70300800e+03  8.40000000e-02  1.60550000e+01
 -3.28229877e+03  3.70300800e+03  8.40000000e-02  1.60550000e+01
 -3.28569470e+03  3.69483600e+03  8.40000000e-02  1.67190000e+01
 -3.29053448e+03  3.70476800e+03  8.30000000e-02  1.64620000e+01
 -3.29053448e+03  3.70476800e+03  8.30000000e-02  1.64620000e+01
 -3.29053448e+03  3.70476800e+03  8.30000000e-02  1.64620000e+01
 -3.29053448e+03  3.70476800e+03  8.30000000e-02  1.64620000e+01
 -3.29053448e+03  3.70476800e+03  8.30000000e-02  1.64620000e+01
 -3.29053448e+03  3.70476800e+03  8.30000000e-02  1.64620000e+01
 -3.29053448e+03  3.70476800e+03  8.30000000e-02  1.64620000e+01
 -3.29010298e+03  3.72527200e+03  8.40000000e-02  1.60570000e+01
 -3.28465971e+03  3.72590900e+03  8.50000000e-02  1.58610000e+01
 -3.29333857e+03  3.73148500e+03  8.70000000e-02  1.58920000e+01
 -3.28652107e+03  3.73303200e+03  8.70000000e-02  1.57560000e+01
 -3.28652107e+03  3.73303200e+03  8.70000000e-02  1.57560000e+01
 -3.28652107e+03  3.73303200e+03  8.70000000e-02  1.57560000e+01
 -3.28652107e+03  3.73303200e+03  8.70000000e-02  1.57560000e+01
 -3.28652107e+03  3.73303200e+03  8.70000000e-02  1.57560000e+01
 -3.28652107e+03  3.73303200e+03  8.70000000e-02  1.57560000e+01
 -3.28443201e+03  3.73039400e+03  8.80000000e-02  1.60920000e+01
 -3.30295099e+03  3.73255700e+03  8.80000000e-02  1.62190000e+01
 -3.30295099e+03  3.73255700e+03  8.80000000e-02  1.62190000e+01
 -3.30295099e+03  3.73255700e+03  8.80000000e-02  1.62190000e+01
 -3.30295099e+03  3.73255700e+03  8.80000000e-02  1.62190000e+01
 -3.30817236e+03  3.73303300e+03  8.80000000e-02  1.64120000e+01
 -3.32160721e+03  3.72871100e+03  8.90000000e-02  1.66010000e+01
 -3.32160721e+03  3.72871100e+03  8.90000000e-02  1.66010000e+01
 -3.32160721e+03  3.72871100e+03  8.90000000e-02  1.66010000e+01
 -3.32355707e+03  3.73306700e+03  8.80000000e-02  1.66590000e+01
 -3.32355707e+03  3.73306700e+03  8.80000000e-02  1.66590000e+01
 -3.32355707e+03  3.73306700e+03  8.80000000e-02  1.66590000e+01
 -3.32355707e+03  3.73306700e+03  8.80000000e-02  1.66590000e+01
 -3.32355707e+03  3.73306700e+03  8.80000000e-02  1.66590000e+01
 -3.32355707e+03  3.73306700e+03  8.80000000e-02  1.66590000e+01
 -3.32355707e+03  3.73306700e+03  8.80000000e-02  1.66590000e+01
 -3.33482365e+03  3.72534800e+03  8.80000000e-02  1.68190000e+01
 -3.34201506e+03  3.72714100e+03  9.30000000e-02  1.66320000e+01
 -3.34201506e+03  3.72714100e+03  9.30000000e-02  1.66320000e+01
 -3.34201506e+03  3.72714100e+03  9.30000000e-02  1.66320000e+01
 -3.34201506e+03  3.72714100e+03  9.30000000e-02  1.66320000e+01
 -3.36129476e+03  3.72837100e+03  9.20000000e-02  1.64230000e+01
 -3.36129476e+03  3.72837100e+03  9.20000000e-02  1.64230000e+01
 -3.36129476e+03  3.72837100e+03  9.20000000e-02  1.64230000e+01
 -3.36448187e+03  3.72594000e+03  9.00000000e-02  1.59880000e+01
 -3.36448187e+03  3.72594000e+03  9.00000000e-02  1.59880000e+01
 -3.36448187e+03  3.72594000e+03  9.00000000e-02  1.59880000e+01
 -3.36448187e+03  3.72594000e+03  9.00000000e-02  1.59880000e+01
 -3.36448187e+03  3.72594000e+03  9.00000000e-02  1.59880000e+01
 -3.36448187e+03  3.72594000e+03  9.00000000e-02  1.59880000e+01
 -3.35836538e+03  3.72299900e+03  9.10000000e-02  1.58990000e+01
 -3.35836538e+03  3.72299900e+03  9.10000000e-02  1.58990000e+01
 -3.36250391e+03  3.73367000e+03  8.90000000e-02  1.53700000e+01
 -3.36692037e+03  3.72553100e+03  8.80000000e-02  1.55770000e+01
 -3.38262429e+03  3.71994200e+03  8.90000000e-02  1.57190000e+01
 -3.38262429e+03  3.71994200e+03  8.90000000e-02  1.57190000e+01
 -3.38262429e+03  3.71994200e+03  8.90000000e-02  1.57190000e+01
 -3.38262429e+03  3.71994200e+03  8.90000000e-02  1.57190000e+01
 -3.41211826e+03  3.71816000e+03  9.00000000e-02  1.58770000e+01
 -3.41866761e+03  3.71680800e+03  8.80000000e-02  1.58500000e+01
 -3.42221893e+03  3.72383300e+03  8.80000000e-02  1.59010000e+01
 -3.42221893e+03  3.72383300e+03  8.80000000e-02  1.59010000e+01
 -3.42221893e+03  3.72383300e+03  8.80000000e-02  1.59010000e+01
 -3.42678753e+03  3.72424200e+03  8.60000000e-02  1.54970000e+01
 -3.42678753e+03  3.72424200e+03  8.60000000e-02  1.54970000e+01
 -3.42678753e+03  3.72424200e+03  8.60000000e-02  1.54970000e+01
 -3.42678753e+03  3.72424200e+03  8.60000000e-02  1.54970000e+01
 -3.42678753e+03  3.72424200e+03  8.60000000e-02  1.54970000e+01
 -3.42678753e+03  3.72424200e+03  8.60000000e-02  1.54970000e+01
 -3.42678753e+03  3.72424200e+03  8.60000000e-02  1.54970000e+01
 -3.43063301e+03  3.73328900e+03  8.60000000e-02  1.51990000e+01
 -3.43063301e+03  3.73328900e+03  8.60000000e-02  1.51990000e+01
 -3.43063301e+03  3.73328900e+03  8.60000000e-02  1.51990000e+01
 -3.43947891e+03  3.73942900e+03  8.50000000e-02  1.51450000e+01
 -3.43947891e+03  3.73942900e+03  8.50000000e-02  1.51450000e+01
 -3.43947891e+03  3.73942900e+03  8.50000000e-02  1.51450000e+01
 -3.44285511e+03  3.73734400e+03  8.50000000e-02  1.52560000e+01
 -3.44285511e+03  3.73734400e+03  8.50000000e-02  1.52560000e+01
 -3.46718587e+03  3.74229500e+03  8.50000000e-02  1.54580000e+01
 -3.46718587e+03  3.74229500e+03  8.50000000e-02  1.54580000e+01
 -3.46718587e+03  3.74229500e+03  8.50000000e-02  1.54580000e+01
 -3.46718587e+03  3.74229500e+03  8.50000000e-02  1.54580000e+01
 -3.46718587e+03  3.74229500e+03  8.50000000e-02  1.54580000e+01
 -3.46718587e+03  3.74229500e+03  8.50000000e-02  1.54580000e+01
 -3.46355862e+03  3.73816500e+03  8.50000000e-02  1.54110000e+01
 -3.45919067e+03  3.73453500e+03  8.50000000e-02  1.56480000e+01
 -3.45919067e+03  3.73453500e+03  8.50000000e-02  1.56480000e+01
 -3.45919067e+03  3.73453500e+03  8.50000000e-02  1.56480000e+01
 -3.45919067e+03  3.73453500e+03  8.50000000e-02  1.56480000e+01
 -3.45919067e+03  3.73453500e+03  8.50000000e-02  1.56480000e+01
 -3.45919067e+03  3.73453500e+03  8.50000000e-02  1.56480000e+01
 -3.45919067e+03  3.73453500e+03  8.50000000e-02  1.56480000e+01
 -3.45919067e+03  3.73453500e+03  8.50000000e-02  1.56480000e+01
 -3.45919067e+03  3.73453500e+03  8.50000000e-02  1.56480000e+01
 -3.46193245e+03  3.73129200e+03  8.80000000e-02  1.59450000e+01
 -3.46193245e+03  3.73129200e+03  8.80000000e-02  1.59450000e+01
 -3.46193245e+03  3.73129200e+03  8.80000000e-02  1.59450000e+01
 -3.46193245e+03  3.73129200e+03  8.80000000e-02  1.59450000e+01
 -3.46193245e+03  3.73129200e+03  8.80000000e-02  1.59450000e+01
 -3.46193245e+03  3.73129200e+03  8.80000000e-02  1.59450000e+01
 -3.46193245e+03  3.73129200e+03  8.80000000e-02  1.59450000e+01
 -3.46193245e+03  3.73129200e+03  8.80000000e-02  1.59450000e+01
 -3.46193245e+03  3.73129200e+03  8.80000000e-02  1.59450000e+01
 -3.46193245e+03  3.73129200e+03  8.80000000e-02  1.59450000e+01
 -3.46193245e+03  3.73129200e+03  8.80000000e-02  1.59450000e+01
 -3.46193245e+03  3.73129200e+03  8.80000000e-02  1.59450000e+01
 -3.46193245e+03  3.73129200e+03  8.80000000e-02  1.59450000e+01
 -3.46193245e+03  3.73129200e+03  8.80000000e-02  1.59450000e+01
 -3.46817452e+03  3.73659700e+03  8.70000000e-02  1.58790000e+01
 -3.46817452e+03  3.73659700e+03  8.70000000e-02  1.58790000e+01
 -3.46817452e+03  3.73659700e+03  8.70000000e-02  1.58790000e+01
 -3.46817452e+03  3.73659700e+03  8.70000000e-02  1.58790000e+01
 -3.46817452e+03  3.73659700e+03  8.70000000e-02  1.58790000e+01
 -3.46817452e+03  3.73659700e+03  8.70000000e-02  1.58790000e+01
 -3.46817452e+03  3.73659700e+03  8.70000000e-02  1.58790000e+01
 -3.46817452e+03  3.73659700e+03  8.70000000e-02  1.58790000e+01
 -3.46817452e+03  3.73659700e+03  8.70000000e-02  1.58790000e+01
 -3.46817452e+03  3.73659700e+03  8.70000000e-02  1.58790000e+01
 -3.46817452e+03  3.73659700e+03  8.70000000e-02  1.58790000e+01
 -3.46817452e+03  3.73659700e+03  8.70000000e-02  1.58790000e+01
 -3.46817452e+03  3.73659700e+03  8.70000000e-02  1.58790000e+01
 -3.46817452e+03  3.73659700e+03  8.70000000e-02  1.58790000e+01
 -3.46817452e+03  3.73659700e+03  8.70000000e-02  1.58790000e+01
 -3.47112511e+03  3.72998200e+03  8.80000000e-02  1.60170000e+01
 -3.47112511e+03  3.72998200e+03  8.80000000e-02  1.60170000e+01
 -3.47112511e+03  3.72998200e+03  8.80000000e-02  1.60170000e+01
 -3.47112511e+03  3.72998200e+03  8.80000000e-02  1.60170000e+01
 -3.47112511e+03  3.72998200e+03  8.80000000e-02  1.60170000e+01
 -3.47112511e+03  3.72998200e+03  8.80000000e-02  1.60170000e+01
 -3.47112511e+03  3.72998200e+03  8.80000000e-02  1.60170000e+01
 -3.47112511e+03  3.72998200e+03  8.80000000e-02  1.60170000e+01
 -3.47112511e+03  3.72998200e+03  8.80000000e-02  1.60170000e+01
 -3.47112511e+03  3.72998200e+03  8.80000000e-02  1.60170000e+01
 -3.47112511e+03  3.72998200e+03  8.80000000e-02  1.60170000e+01
 -3.47112511e+03  3.72998200e+03  8.80000000e-02  1.60170000e+01
 -3.47112511e+03  3.72998200e+03  8.80000000e-02  1.60170000e+01
 -3.47112511e+03  3.72998200e+03  8.80000000e-02  1.60170000e+01
 -3.47112511e+03  3.72998200e+03  8.80000000e-02  1.60170000e+01
 -3.46934777e+03  3.73690900e+03  8.70000000e-02  1.56810000e+01
 -3.46672742e+03  3.73880000e+03  8.90000000e-02  1.55240000e+01
 -3.46672742e+03  3.73880000e+03  8.90000000e-02  1.55240000e+01
 -3.46672742e+03  3.73880000e+03  8.90000000e-02  1.55240000e+01
 -3.46672742e+03  3.73880000e+03  8.90000000e-02  1.55240000e+01
 -3.46672742e+03  3.73880000e+03  8.90000000e-02  1.55240000e+01
 -3.46672742e+03  3.73880000e+03  8.90000000e-02  1.55240000e+01
 -3.46672742e+03  3.73880000e+03  8.90000000e-02  1.55240000e+01
 -3.46672742e+03  3.73880000e+03  8.90000000e-02  1.55240000e+01
 -3.47044086e+03  3.74169600e+03  8.90000000e-02  1.55240000e+01
 -3.47044086e+03  3.74169600e+03  8.90000000e-02  1.55240000e+01
 -3.47044086e+03  3.74169600e+03  8.90000000e-02  1.55240000e+01
 -3.47044086e+03  3.74169600e+03  8.90000000e-02  1.55240000e+01
 -3.47044086e+03  3.74169600e+03  8.90000000e-02  1.55240000e+01
 -3.47044086e+03  3.74169600e+03  8.90000000e-02  1.55240000e+01
 -3.47044086e+03  3.74169600e+03  8.90000000e-02  1.55240000e+01
 -3.47044086e+03  3.74169600e+03  8.90000000e-02  1.55240000e+01
 -3.47044086e+03  3.74169600e+03  8.90000000e-02  1.55240000e+01
 -3.47044086e+03  3.74169600e+03  8.90000000e-02  1.55240000e+01
 -3.47044086e+03  3.74169600e+03  8.90000000e-02  1.55240000e+01
 -3.47044086e+03  3.74169600e+03  8.90000000e-02  1.55240000e+01
 -3.47044086e+03  3.74169600e+03  8.90000000e-02  1.55240000e+01
 -3.47044086e+03  3.74169600e+03  8.90000000e-02  1.55240000e+01
 -3.47044086e+03  3.74169600e+03  8.90000000e-02  1.55240000e+01
 -3.47044086e+03  3.74169600e+03  8.90000000e-02  1.55240000e+01
 -3.47044086e+03  3.74169600e+03  8.90000000e-02  1.55240000e+01
 -3.47044086e+03  3.74169600e+03  8.90000000e-02  1.55240000e+01
 -3.47044086e+03  3.74169600e+03  8.90000000e-02  1.55240000e+01
 -3.47393081e+03  3.74380600e+03  8.90000000e-02  1.54930000e+01
 -3.47393081e+03  3.74380600e+03  8.90000000e-02  1.54930000e+01
 -3.47393081e+03  3.74380600e+03  8.90000000e-02  1.54930000e+01
 -3.47393081e+03  3.74380600e+03  8.90000000e-02  1.54930000e+01
 -3.47393081e+03  3.74380600e+03  8.90000000e-02  1.54930000e+01
 -3.47393081e+03  3.74380600e+03  8.90000000e-02  1.54930000e+01
 -3.47393081e+03  3.74380600e+03  8.90000000e-02  1.54930000e+01
 -3.47393081e+03  3.74380600e+03  8.90000000e-02  1.54930000e+01
 -3.47393081e+03  3.74380600e+03  8.90000000e-02  1.54930000e+01
 -3.47393081e+03  3.74380600e+03  8.90000000e-02  1.54930000e+01
 -3.47393081e+03  3.74380600e+03  8.90000000e-02  1.54930000e+01
 -3.47393081e+03  3.74380600e+03  8.90000000e-02  1.54930000e+01
 -3.47393081e+03  3.74380600e+03  8.90000000e-02  1.54930000e+01
 -3.47393081e+03  3.74380600e+03  8.90000000e-02  1.54930000e+01
 -3.47393081e+03  3.74380600e+03  8.90000000e-02  1.54930000e+01
 -3.47393081e+03  3.74380600e+03  8.90000000e-02  1.54930000e+01
 -3.47393081e+03  3.74380600e+03  8.90000000e-02  1.54930000e+01
 -3.47270320e+03  3.75314600e+03  8.70000000e-02  1.53300000e+01
 -3.47270320e+03  3.75314600e+03  8.70000000e-02  1.53300000e+01
 -3.47251331e+03  3.75415100e+03  8.70000000e-02  1.54190000e+01
 -3.47251331e+03  3.75415100e+03  8.70000000e-02  1.54190000e+01
 -3.47251331e+03  3.75415100e+03  8.70000000e-02  1.54190000e+01
 -3.47251331e+03  3.75415100e+03  8.70000000e-02  1.54190000e+01
 -3.47251331e+03  3.75415100e+03  8.70000000e-02  1.54190000e+01
 -3.47251331e+03  3.75415100e+03  8.70000000e-02  1.54190000e+01
 -3.47251331e+03  3.75415100e+03  8.70000000e-02  1.54190000e+01
 -3.47251331e+03  3.75415100e+03  8.70000000e-02  1.54190000e+01
 -3.47251331e+03  3.75415100e+03  8.70000000e-02  1.54190000e+01
 -3.47840991e+03  3.75439900e+03  8.70000000e-02  1.56240000e+01
 -3.47840991e+03  3.75439900e+03  8.70000000e-02  1.56240000e+01
 -3.47840991e+03  3.75439900e+03  8.70000000e-02  1.56240000e+01
 -3.47840991e+03  3.75439900e+03  8.70000000e-02  1.56240000e+01
 -3.47840991e+03  3.75439900e+03  8.70000000e-02  1.56240000e+01
 -3.47840991e+03  3.75439900e+03  8.70000000e-02  1.56240000e+01
 -3.47840991e+03  3.75439900e+03  8.70000000e-02  1.56240000e+01
 -3.47840991e+03  3.75439900e+03  8.70000000e-02  1.56240000e+01
 -3.47840991e+03  3.75439900e+03  8.70000000e-02  1.56240000e+01
 -3.47840991e+03  3.75439900e+03  8.70000000e-02  1.56240000e+01
 -3.47840991e+03  3.75439900e+03  8.70000000e-02  1.56240000e+01
 -3.48467791e+03  3.74913400e+03  8.90000000e-02  1.61360000e+01
 -3.48467791e+03  3.74913400e+03  8.90000000e-02  1.61360000e+01
 -3.48467791e+03  3.74913400e+03  8.90000000e-02  1.61360000e+01
 -3.48467791e+03  3.74913400e+03  8.90000000e-02  1.61360000e+01
 -3.48467791e+03  3.74913400e+03  8.90000000e-02  1.61360000e+01
 -3.48467791e+03  3.74913400e+03  8.90000000e-02  1.61360000e+01
 -3.48467791e+03  3.74913400e+03  8.90000000e-02  1.61360000e+01
 -3.49980398e+03  3.75081900e+03  8.70000000e-02  1.60120000e+01
 -3.49980398e+03  3.75081900e+03  8.70000000e-02  1.60120000e+01
 -3.49980398e+03  3.75081900e+03  8.70000000e-02  1.60120000e+01
 -3.49980398e+03  3.75081900e+03  8.70000000e-02  1.60120000e+01
 -3.49980398e+03  3.75081900e+03  8.70000000e-02  1.60120000e+01
 -3.49980398e+03  3.75081900e+03  8.70000000e-02  1.60120000e+01
 -3.49980398e+03  3.75081900e+03  8.70000000e-02  1.60120000e+01
 -3.49980398e+03  3.75081900e+03  8.70000000e-02  1.60120000e+01
 -3.50496391e+03  3.74993400e+03  8.70000000e-02  1.60170000e+01
 -3.50496391e+03  3.74993400e+03  8.70000000e-02  1.60170000e+01
 -3.50846952e+03  3.75225700e+03  8.70000000e-02  1.60170000e+01
 -3.50846952e+03  3.75225700e+03  8.70000000e-02  1.60170000e+01
 -3.50883535e+03  3.75226800e+03  8.80000000e-02  1.60320000e+01
 -3.50774706e+03  3.75213900e+03  8.80000000e-02  1.60320000e+01
 -3.50774706e+03  3.75213900e+03  8.80000000e-02  1.60320000e+01
 -3.50774706e+03  3.75213900e+03  8.80000000e-02  1.60320000e+01
 -3.50812480e+03  3.75565200e+03  8.50000000e-02  1.58390000e+01
 -3.51114694e+03  3.75597700e+03  8.50000000e-02  1.58600000e+01
 -3.51114694e+03  3.75597700e+03  8.50000000e-02  1.58600000e+01
 -3.51371432e+03  3.75477700e+03  8.50000000e-02  1.58600000e+01
 -3.51371432e+03  3.75477700e+03  8.50000000e-02  1.58600000e+01
 -3.51326916e+03  3.75565200e+03  8.50000000e-02  1.58520000e+01
 -3.51287195e+03  3.75421500e+03  8.50000000e-02  1.58610000e+01
 -3.51287195e+03  3.75421500e+03  8.50000000e-02  1.58610000e+01
 -3.51287195e+03  3.75421500e+03  8.50000000e-02  1.58610000e+01
 -3.51287195e+03  3.75421500e+03  8.50000000e-02  1.58610000e+01
 -3.51287195e+03  3.75421500e+03  8.50000000e-02  1.58610000e+01
 -3.52086409e+03  3.75137200e+03  8.50000000e-02  1.60280000e+01
 -3.52086409e+03  3.75137200e+03  8.50000000e-02  1.60280000e+01
 -3.52086409e+03  3.75137200e+03  8.50000000e-02  1.60280000e+01
 -3.52086409e+03  3.75137200e+03  8.50000000e-02  1.60280000e+01
 -3.52805123e+03  3.75338200e+03  8.50000000e-02  1.58840000e+01
 -3.52789182e+03  3.75315500e+03  8.50000000e-02  1.58360000e+01
 -3.52789182e+03  3.75315500e+03  8.50000000e-02  1.58360000e+01
 -3.52726423e+03  3.75458200e+03  8.50000000e-02  1.57270000e+01
 -3.52726423e+03  3.75458200e+03  8.50000000e-02  1.57270000e+01
 -3.52726423e+03  3.75458200e+03  8.50000000e-02  1.57270000e+01
 -3.52748925e+03  3.75502500e+03  8.50000000e-02  1.57290000e+01
 -3.52748925e+03  3.75502500e+03  8.50000000e-02  1.57290000e+01
 -3.52748925e+03  3.75502500e+03  8.50000000e-02  1.57290000e+01
 -3.52660933e+03  3.75787900e+03  8.50000000e-02  1.55900000e+01
 -3.52618235e+03  3.75865800e+03  8.50000000e-02  1.55780000e+01
 -3.52618235e+03  3.75865800e+03  8.50000000e-02  1.55780000e+01
 -3.52618235e+03  3.75865800e+03  8.50000000e-02  1.55780000e+01
 -3.52842345e+03  3.76142400e+03  8.50000000e-02  1.55780000e+01
 -3.52876256e+03  3.76111000e+03  8.50000000e-02  1.55970000e+01
 -3.52875988e+03  3.76253700e+03  8.50000000e-02  1.55190000e+01
 -3.52875988e+03  3.76253700e+03  8.50000000e-02  1.55190000e+01
 -3.52875988e+03  3.76253700e+03  8.50000000e-02  1.55190000e+01
 -3.52864800e+03  3.76209400e+03  8.50000000e-02  1.55180000e+01
 -3.52864800e+03  3.76209400e+03  8.50000000e-02  1.55180000e+01
 -3.53450662e+03  3.76418000e+03  8.50000000e-02  1.55180000e+01
 -3.54416822e+03  3.76440700e+03  8.50000000e-02  1.55990000e+01
 -3.54506261e+03  3.76680700e+03  8.40000000e-02  1.56550000e+01
 -3.54491453e+03  3.76539100e+03  8.50000000e-02  1.56740000e+01
 -3.54491453e+03  3.76539100e+03  8.50000000e-02  1.56740000e+01
 -3.54491453e+03  3.76539100e+03  8.50000000e-02  1.56740000e+01
 -3.54491453e+03  3.76539100e+03  8.50000000e-02  1.56740000e+01
 -3.54491453e+03  3.76539100e+03  8.50000000e-02  1.56740000e+01
 -3.54892185e+03  3.76373700e+03  8.50000000e-02  1.57530000e+01
 -3.54899633e+03  3.76396400e+03  8.50000000e-02  1.57550000e+01
 -3.54899633e+03  3.76396400e+03  8.50000000e-02  1.57550000e+01
 -3.54899712e+03  3.76583400e+03  8.50000000e-02  1.57550000e+01
 -3.54952675e+03  3.76650300e+03  8.50000000e-02  1.57550000e+01
 -3.54952675e+03  3.76650300e+03  8.50000000e-02  1.57550000e+01
 -3.54952675e+03  3.76650300e+03  8.50000000e-02  1.57550000e+01
 -3.55285614e+03  3.76836300e+03  8.50000000e-02  1.57590000e+01
 -3.55285614e+03  3.76836300e+03  8.50000000e-02  1.57590000e+01
 -3.55285614e+03  3.76836300e+03  8.50000000e-02  1.57590000e+01
 -3.55285614e+03  3.76836300e+03  8.50000000e-02  1.57590000e+01
 -3.55285614e+03  3.76836300e+03  8.50000000e-02  1.57590000e+01
 -3.55334356e+03  3.77046000e+03  8.40000000e-02  1.57430000e+01
 -3.55334356e+03  3.77046000e+03  8.40000000e-02  1.57430000e+01
 -3.55564582e+03  3.77089200e+03  8.60000000e-02  1.57480000e+01
 -3.55564582e+03  3.77089200e+03  8.60000000e-02  1.57480000e+01
 -3.55564582e+03  3.77089200e+03  8.60000000e-02  1.57480000e+01
 -3.55564582e+03  3.77089200e+03  8.60000000e-02  1.57480000e+01
 -3.55564582e+03  3.77089200e+03  8.60000000e-02  1.57480000e+01
 -3.55564582e+03  3.77089200e+03  8.60000000e-02  1.57480000e+01
 -3.55570901e+03  3.76956300e+03  8.60000000e-02  1.57740000e+01
 -3.55570901e+03  3.76956300e+03  8.60000000e-02  1.57740000e+01
 -3.55770697e+03  3.77233000e+03  8.60000000e-02  1.56360000e+01
 -3.56014142e+03  3.77090400e+03  8.60000000e-02  1.56420000e+01
 -3.56014142e+03  3.77090400e+03  8.60000000e-02  1.56420000e+01
 -3.56014142e+03  3.77090400e+03  8.60000000e-02  1.56420000e+01
 -3.56014142e+03  3.77090400e+03  8.60000000e-02  1.56420000e+01
 -3.56014142e+03  3.77090400e+03  8.60000000e-02  1.56420000e+01
 -3.56014142e+03  3.77090400e+03  8.60000000e-02  1.56420000e+01
 -3.56014142e+03  3.77090400e+03  8.60000000e-02  1.56420000e+01
 -3.56014142e+03  3.77090400e+03  8.60000000e-02  1.56420000e+01
 -3.56014142e+03  3.77090400e+03  8.60000000e-02  1.56420000e+01
 -3.56014142e+03  3.77090400e+03  8.60000000e-02  1.56420000e+01
 -3.56014142e+03  3.77090400e+03  8.60000000e-02  1.56420000e+01
 -3.56007960e+03  3.76926100e+03  8.60000000e-02  1.57170000e+01
 -3.56007960e+03  3.76926100e+03  8.60000000e-02  1.57170000e+01
 -3.56007960e+03  3.76926100e+03  8.60000000e-02  1.57170000e+01
 -3.56007960e+03  3.76926100e+03  8.60000000e-02  1.57170000e+01
 -3.56007960e+03  3.76926100e+03  8.60000000e-02  1.57170000e+01
 -3.56007960e+03  3.76926100e+03  8.60000000e-02  1.57170000e+01
 -3.56007960e+03  3.76926100e+03  8.60000000e-02  1.57170000e+01
 -3.56007960e+03  3.76926100e+03  8.60000000e-02  1.57170000e+01
 -3.56007960e+03  3.76926100e+03  8.60000000e-02  1.57170000e+01
 -3.56007960e+03  3.76926100e+03  8.60000000e-02  1.57170000e+01
 -3.56000643e+03  3.76860200e+03  8.60000000e-02  1.57180000e+01
 -3.56000643e+03  3.76860200e+03  8.60000000e-02  1.57180000e+01
 -3.55997122e+03  3.76914300e+03  8.60000000e-02  1.57190000e+01
 -3.55997122e+03  3.76914300e+03  8.60000000e-02  1.57190000e+01
 -3.56018652e+03  3.76781400e+03  8.60000000e-02  1.57270000e+01
 -3.56076564e+03  3.76729500e+03  8.60000000e-02  1.57480000e+01
 -3.56087397e+03  3.77014900e+03  8.60000000e-02  1.56120000e+01
 -3.56087397e+03  3.77014900e+03  8.60000000e-02  1.56120000e+01
 -3.56057825e+03  3.76894900e+03  8.60000000e-02  1.56120000e+01
 -3.56121415e+03  3.76849500e+03  8.60000000e-02  1.56160000e+01
 -3.56445444e+03  3.77239800e+03  8.60000000e-02  1.55110000e+01
 -3.56445444e+03  3.77239800e+03  8.60000000e-02  1.55110000e+01
 -3.56445444e+03  3.77239800e+03  8.60000000e-02  1.55110000e+01
 -3.56445444e+03  3.77239800e+03  8.60000000e-02  1.55110000e+01
 -3.56590688e+03  3.77097100e+03  8.60000000e-02  1.55600000e+01
 -3.56718409e+03  3.77261400e+03  8.60000000e-02  1.55600000e+01
 -3.56726201e+03  3.77327300e+03  8.60000000e-02  1.56080000e+01
 -3.57203542e+03  3.77393300e+03  8.60000000e-02  1.56230000e+01
 -3.57203542e+03  3.77393300e+03  8.60000000e-02  1.56230000e+01
 -3.57197158e+03  3.77579200e+03  8.60000000e-02  1.55460000e+01
 -3.57197158e+03  3.77579200e+03  8.60000000e-02  1.55460000e+01
 -3.57197158e+03  3.77579200e+03  8.60000000e-02  1.55460000e+01
 -3.57661554e+03  3.77721900e+03  8.60000000e-02  1.55290000e+01
 -3.57661554e+03  3.77721900e+03  8.60000000e-02  1.55290000e+01
 -3.57661554e+03  3.77721900e+03  8.60000000e-02  1.55290000e+01
 -3.57661554e+03  3.77721900e+03  8.60000000e-02  1.55290000e+01
 -3.57661554e+03  3.77721900e+03  8.60000000e-02  1.55290000e+01
 -3.57661554e+03  3.77721900e+03  8.60000000e-02  1.55290000e+01
 -3.57661554e+03  3.77721900e+03  8.60000000e-02  1.55290000e+01
 -3.57661554e+03  3.77721900e+03  8.60000000e-02  1.55290000e+01
 -3.57690624e+03  3.78095900e+03  8.60000000e-02  1.54520000e+01
 -3.57753981e+03  3.77930500e+03  8.60000000e-02  1.55470000e+01
 -3.57753981e+03  3.77930500e+03  8.60000000e-02  1.55470000e+01
 -3.58307940e+03  3.78140100e+03  8.60000000e-02  1.55260000e+01
 -3.58307940e+03  3.78140100e+03  8.60000000e-02  1.55260000e+01
 -3.58307940e+03  3.78140100e+03  8.60000000e-02  1.55260000e+01
 -3.58413262e+03  3.78273000e+03  8.60000000e-02  1.55120000e+01
 -3.58413262e+03  3.78273000e+03  8.60000000e-02  1.55120000e+01
 -3.58413262e+03  3.78273000e+03  8.60000000e-02  1.55120000e+01
 -3.58789758e+03  3.78340100e+03  8.60000000e-02  1.55120000e+01
 -3.58868795e+03  3.78691400e+03  8.70000000e-02  1.54480000e+01
 -3.59675370e+03  3.78406000e+03  8.70000000e-02  1.55180000e+01
 -3.59675370e+03  3.78406000e+03  8.70000000e-02  1.55180000e+01
 -3.59750161e+03  3.78615700e+03  8.70000000e-02  1.54940000e+01
 -3.59750161e+03  3.78615700e+03  8.70000000e-02  1.54940000e+01
 -3.59738025e+03  3.78339000e+03  8.70000000e-02  1.56600000e+01
 -3.59816696e+03  3.78569200e+03  8.70000000e-02  1.56690000e+01
 -3.59819608e+03  3.78613400e+03  8.60000000e-02  1.56390000e+01
 -3.60167117e+03  3.79040500e+03  8.70000000e-02  1.55280000e+01
 -3.60167117e+03  3.79040500e+03  8.70000000e-02  1.55280000e+01
 -3.60167117e+03  3.79040500e+03  8.70000000e-02  1.55280000e+01
 -3.60167117e+03  3.79040500e+03  8.70000000e-02  1.55280000e+01
 -3.60181382e+03  3.79149600e+03  8.70000000e-02  1.55200000e+01
 -3.60181382e+03  3.79149600e+03  8.70000000e-02  1.55200000e+01
 -3.60241289e+03  3.79292300e+03  8.70000000e-02  1.54950000e+01
 -3.60241289e+03  3.79292300e+03  8.70000000e-02  1.54950000e+01
 -3.60241289e+03  3.79292300e+03  8.70000000e-02  1.54950000e+01
 -3.60468266e+03  3.79262000e+03  8.70000000e-02  1.55080000e+01
 -3.60468266e+03  3.79262000e+03  8.70000000e-02  1.55080000e+01
 -3.60431841e+03  3.79307300e+03  8.70000000e-02  1.55040000e+01
 -3.60478469e+03  3.79515900e+03  8.70000000e-02  1.54900000e+01
 -3.60495131e+03  3.79604500e+03  8.70000000e-02  1.53790000e+01
 -3.60495131e+03  3.79604500e+03  8.70000000e-02  1.53790000e+01
 -3.60495131e+03  3.79604500e+03  8.70000000e-02  1.53790000e+01
 -3.60573534e+03  3.79671500e+03  8.70000000e-02  1.53820000e+01
 -3.60508491e+03  3.79320200e+03  8.70000000e-02  1.54860000e+01
 -3.60508491e+03  3.79320200e+03  8.70000000e-02  1.54860000e+01
 -3.60714079e+03  3.79514900e+03  8.70000000e-02  1.54840000e+01
 -3.60662419e+03  3.79163500e+03  8.70000000e-02  1.55360000e+01
 -3.61083123e+03  3.79162500e+03  8.70000000e-02  1.55480000e+01
 -3.61539121e+03  3.79162500e+03  8.70000000e-02  1.55430000e+01
 -3.62045974e+03  3.79326800e+03  8.70000000e-02  1.54810000e+01
 -3.62045974e+03  3.79326800e+03  8.70000000e-02  1.54810000e+01
 -3.62298973e+03  3.79349400e+03  8.70000000e-02  1.55560000e+01
 -3.63483982e+03  3.79550400e+03  8.70000000e-02  1.55650000e+01
 -3.63483982e+03  3.79550400e+03  8.70000000e-02  1.55650000e+01
 -3.63479346e+03  3.79286700e+03  8.70000000e-02  1.56100000e+01
 -3.63360081e+03  3.79198000e+03  8.70000000e-02  1.56140000e+01
 -3.63437468e+03  3.79152700e+03  8.70000000e-02  1.56140000e+01
 -3.63437468e+03  3.79152700e+03  8.70000000e-02  1.56140000e+01
 -3.63437468e+03  3.79152700e+03  8.70000000e-02  1.56140000e+01
 -3.63437468e+03  3.79152700e+03  8.70000000e-02  1.56140000e+01
 -3.63562554e+03  3.79376300e+03  8.60000000e-02  1.55660000e+01
 -3.63562554e+03  3.79376300e+03  8.60000000e-02  1.55660000e+01
 -3.63562554e+03  3.79376300e+03  8.60000000e-02  1.55660000e+01
 -3.63946462e+03  3.79233600e+03  8.60000000e-02  1.55600000e+01
 -3.63946462e+03  3.79233600e+03  8.60000000e-02  1.55600000e+01
 -3.63946462e+03  3.79233600e+03  8.60000000e-02  1.55600000e+01
 -3.63946462e+03  3.79233600e+03  8.60000000e-02  1.55600000e+01
 -3.63946462e+03  3.79233600e+03  8.60000000e-02  1.55600000e+01
 -3.63946462e+03  3.79233600e+03  8.60000000e-02  1.55600000e+01
 -3.63946462e+03  3.79233600e+03  8.60000000e-02  1.55600000e+01
 -3.63946462e+03  3.79233600e+03  8.60000000e-02  1.55600000e+01
 -3.63946462e+03  3.79233600e+03  8.60000000e-02  1.55600000e+01
 -3.63946462e+03  3.79233600e+03  8.60000000e-02  1.55600000e+01
 -3.63946462e+03  3.79233600e+03  8.60000000e-02  1.55600000e+01
 -3.64752377e+03  3.78970900e+03  8.70000000e-02  1.56610000e+01
 -3.64752377e+03  3.78970900e+03  8.70000000e-02  1.56610000e+01
 -3.65032647e+03  3.79180700e+03  8.70000000e-02  1.56490000e+01
 -3.65007756e+03  3.79158000e+03  8.70000000e-02  1.56220000e+01
 -3.65022041e+03  3.79399000e+03  8.60000000e-02  1.55700000e+01
 -3.65000855e+03  3.79333100e+03  8.60000000e-02  1.55910000e+01
 -3.65000855e+03  3.79333100e+03  8.60000000e-02  1.55910000e+01
 -3.65000855e+03  3.79333100e+03  8.60000000e-02  1.55910000e+01
 -3.65000855e+03  3.79333100e+03  8.60000000e-02  1.55910000e+01
 -3.65024661e+03  3.79444400e+03  8.60000000e-02  1.55910000e+01
 -3.65041533e+03  3.79190400e+03  8.70000000e-02  1.56680000e+01
 -3.65041533e+03  3.79190400e+03  8.70000000e-02  1.56680000e+01
 -3.65333044e+03  3.79445500e+03  8.70000000e-02  1.57560000e+01
 -3.65333044e+03  3.79445500e+03  8.70000000e-02  1.57560000e+01
 -3.65864516e+03  3.79542800e+03  8.70000000e-02  1.57540000e+01
 -3.65864516e+03  3.79542800e+03  8.70000000e-02  1.57540000e+01
 -3.65864516e+03  3.79542800e+03  8.70000000e-02  1.57540000e+01
 -3.65863629e+03  3.79520100e+03  8.70000000e-02  1.57540000e+01
 -3.65966774e+03  3.79960000e+03  8.70000000e-02  1.57190000e+01
 -3.66052600e+03  3.79805500e+03  8.70000000e-02  1.59010000e+01
 -3.66085658e+03  3.79917900e+03  8.70000000e-02  1.58630000e+01
 -3.66085658e+03  3.79917900e+03  8.70000000e-02  1.58630000e+01
 -3.66085658e+03  3.79917900e+03  8.70000000e-02  1.58630000e+01
 -3.66106870e+03  3.80029200e+03  8.70000000e-02  1.58530000e+01
 -3.66106870e+03  3.80029200e+03  8.70000000e-02  1.58530000e+01
 -3.66149830e+03  3.79864900e+03  8.70000000e-02  1.58750000e+01
 -3.66149830e+03  3.79864900e+03  8.70000000e-02  1.58750000e+01
 -3.66149830e+03  3.79864900e+03  8.70000000e-02  1.58750000e+01
 -3.66149830e+03  3.79864900e+03  8.70000000e-02  1.58750000e+01
 -3.66149830e+03  3.79864900e+03  8.70000000e-02  1.58750000e+01
 -3.66149830e+03  3.79864900e+03  8.70000000e-02  1.58750000e+01
 -3.66149830e+03  3.79864900e+03  8.70000000e-02  1.58750000e+01
 -3.66149830e+03  3.79864900e+03  8.70000000e-02  1.58750000e+01
 -3.66147048e+03  3.80007500e+03  8.50000000e-02  1.57440000e+01
 -3.66147048e+03  3.80007500e+03  8.50000000e-02  1.57440000e+01
 -3.66147048e+03  3.80007500e+03  8.50000000e-02  1.57440000e+01
 -3.66147048e+03  3.80007500e+03  8.50000000e-02  1.57440000e+01
 -3.66508776e+03  3.80350200e+03  8.50000000e-02  1.56900000e+01
 -3.66712752e+03  3.80469100e+03  8.50000000e-02  1.57580000e+01
 -3.66712752e+03  3.80469100e+03  8.50000000e-02  1.57580000e+01
 -3.66712752e+03  3.80469100e+03  8.50000000e-02  1.57580000e+01
 -3.66712752e+03  3.80469100e+03  8.50000000e-02  1.57580000e+01
 -3.66712752e+03  3.80469100e+03  8.50000000e-02  1.57580000e+01
 -3.66712752e+03  3.80469100e+03  8.50000000e-02  1.57580000e+01
 -3.66645110e+03  3.80326300e+03  8.50000000e-02  1.57560000e+01
 -3.66722818e+03  3.80139300e+03  8.50000000e-02  1.58370000e+01
 -3.66722818e+03  3.80139300e+03  8.50000000e-02  1.58370000e+01
 -3.66820704e+03  3.79952300e+03  8.50000000e-02  1.58370000e+01
 -3.66959196e+03  3.80229000e+03  8.40000000e-02  1.58000000e+01
 -3.66959196e+03  3.80229000e+03  8.40000000e-02  1.58000000e+01
 -3.66959196e+03  3.80229000e+03  8.40000000e-02  1.58000000e+01
 -3.66959196e+03  3.80229000e+03  8.40000000e-02  1.58000000e+01
 -3.66955248e+03  3.80184700e+03  8.40000000e-02  1.57890000e+01
 -3.66953264e+03  3.79952300e+03  8.40000000e-02  1.58290000e+01
 -3.66953264e+03  3.79952300e+03  8.40000000e-02  1.58290000e+01
 -3.66994297e+03  3.80095000e+03  8.40000000e-02  1.57500000e+01
 -3.67091600e+03  3.80028100e+03  8.50000000e-02  1.57540000e+01
 -3.67091600e+03  3.80028100e+03  8.50000000e-02  1.57540000e+01
 -3.67091600e+03  3.80028100e+03  8.50000000e-02  1.57540000e+01
 -3.67091600e+03  3.80028100e+03  8.50000000e-02  1.57540000e+01
 -3.67091600e+03  3.80028100e+03  8.50000000e-02  1.57540000e+01
 -3.67091600e+03  3.80028100e+03  8.50000000e-02  1.57540000e+01
 -3.67091600e+03  3.80028100e+03  8.50000000e-02  1.57540000e+01
 -3.67181120e+03  3.80259300e+03  8.50000000e-02  1.57380000e+01
 -3.67690159e+03  3.80459200e+03  8.40000000e-02  1.56040000e+01
 -3.67690159e+03  3.80459200e+03  8.40000000e-02  1.56040000e+01
 -3.67687735e+03  3.80690500e+03  8.30000000e-02  1.53380000e+01
 -3.67687735e+03  3.80690500e+03  8.30000000e-02  1.53380000e+01
 -3.67867649e+03  3.80502400e+03  8.30000000e-02  1.54340000e+01
 -3.67867649e+03  3.80502400e+03  8.30000000e-02  1.54340000e+01
 -3.67985452e+03  3.80546700e+03  8.40000000e-02  1.54270000e+01
 -3.67985452e+03  3.80546700e+03  8.40000000e-02  1.54270000e+01
 -3.68124206e+03  3.80368400e+03  8.40000000e-02  1.54400000e+01
 -3.68591174e+03  3.80532800e+03  8.40000000e-02  1.54090000e+01
 -3.68591174e+03  3.80532800e+03  8.40000000e-02  1.54090000e+01
 -3.68591174e+03  3.80532800e+03  8.40000000e-02  1.54090000e+01
 -3.68591174e+03  3.80532800e+03  8.40000000e-02  1.54090000e+01
 -3.68591174e+03  3.80532800e+03  8.40000000e-02  1.54090000e+01
 -3.68591174e+03  3.80532800e+03  8.40000000e-02  1.54090000e+01
 -3.68591174e+03  3.80532800e+03  8.40000000e-02  1.54090000e+01
 -3.68591174e+03  3.80532800e+03  8.40000000e-02  1.54090000e+01
 -3.68591174e+03  3.80532800e+03  8.40000000e-02  1.54090000e+01
 -3.68591174e+03  3.80532800e+03  8.40000000e-02  1.54090000e+01
 -3.68609381e+03  3.80554400e+03  8.30000000e-02  1.54160000e+01
 -3.68609381e+03  3.80554400e+03  8.30000000e-02  1.54160000e+01
 -3.68876606e+03  3.80598700e+03  8.30000000e-02  1.54220000e+01
 -3.68876606e+03  3.80598700e+03  8.30000000e-02  1.54220000e+01
 -3.69023393e+03  3.80598700e+03  8.30000000e-02  1.54220000e+01
 -3.69086959e+03  3.80651700e+03  8.30000000e-02  1.54190000e+01
 -3.69118912e+03  3.80674400e+03  8.30000000e-02  1.54210000e+01
 -3.69118912e+03  3.80674400e+03  8.30000000e-02  1.54210000e+01
 -3.69118912e+03  3.80674400e+03  8.30000000e-02  1.54210000e+01
 -3.69240345e+03  3.80598700e+03  8.30000000e-02  1.54330000e+01
 -3.69240345e+03  3.80598700e+03  8.30000000e-02  1.54330000e+01
 -3.69240345e+03  3.80598700e+03  8.30000000e-02  1.54330000e+01
 -3.69240345e+03  3.80598700e+03  8.30000000e-02  1.54330000e+01
 -3.69240345e+03  3.80598700e+03  8.30000000e-02  1.54330000e+01
 -3.69240345e+03  3.80598700e+03  8.30000000e-02  1.54330000e+01
 -3.69240345e+03  3.80598700e+03  8.30000000e-02  1.54330000e+01
 -3.69240345e+03  3.80598700e+03  8.30000000e-02  1.54330000e+01
 -3.69240345e+03  3.80598700e+03  8.30000000e-02  1.54330000e+01
 -3.69240345e+03  3.80598700e+03  8.30000000e-02  1.54330000e+01
 -3.69240345e+03  3.80598700e+03  8.30000000e-02  1.54330000e+01
 -3.69240345e+03  3.80598700e+03  8.30000000e-02  1.54330000e+01
 -3.69240345e+03  3.80598700e+03  8.30000000e-02  1.54330000e+01