-1.56455120e+03  2.57626700e+03  8.80000000e-02  2.93540000e+01
 -2.04446261e+03  2.97854500e+03  9.30000000e-02  2.22420000e+01
 -2.28223001e+03  3.20142300e+03  8.80000000e-02  1.95210000e+01
 -2.48413324e+03  3.36104300e+03  8.70000000e-02  1.73750000e+01
 -2.61438279e+03  3.43527000e+03  9.00000000e-02  1.72210000e+01
 -2.74724863e+03  3.50391400e+03  9.60000000e-02  1.65590000e+01
 -2.77358836e+03  3.53653000e+03  8.90000000e-02  1.62900000e+01
 -2.84812521e+03  3.57303800e+03  9.70000000e-02  1.62350000e+01
 -2.93855137e+03  3.58979400e+03  9.70000000e-02  1.61230000e+01
 -2.90474770e+03  3.57283000e+03  1.08000000e-01  1.59800000e+01
 -2.87352553e+03  3.58170200e+03  1.16000000e-01  1.63980000e+01
 -2.92176314e+03  3.61118000e+03  1.09000000e-01  1.64840000e+01
 -2.93634900e+03  3.60021400e+03  1.08000000e-01  1.68330000e+01
 -2.91830986e+03  3.60912800e+03  1.08000000e-01  1.60920000e+01
 -2.90100971e+03  3.62460200e+03  9.50000000e-02  1.59210000e+01
 -2.91819596e+03  3.64171300e+03  9.50000000e-02  1.57790000e+01
 -2.95628722e+03  3.64482400e+03  9.50000000e-02  1.58070000e+01
 -2.99912508e+03  3.66686800e+03  9.50000000e-02  1.58680000e+01
 -2.99979479e+03  3.63994200e+03  8.70000000e-02  1.66850000e+01
 -2.99979479e+03  3.63994200e+03  8.70000000e-02  1.66850000e+01
 -3.09835548e+03  3.68447000e+03  8.70000000e-02  1.62680000e+01
 -3.08363766e+03  3.68452900e+03  8.70000000e-02  1.57700000e+01
 -3.07771737e+03  3.70574700e+03  9.00000000e-02  1.51870000e+01
 -3.07771737e+03  3.70574700e+03  9.00000000e-02  1.51870000e+01
 -3.14075398e+03  3.70096900e+03  8.80000000e-02  1.55790000e+01
 -3.14196778e+03  3.72608800e+03  1.00000000e-01  1.55450000e+01
 -3.02757846e+03  3.68111000e+03  1.10000000e-01  1.59360000e+01
 -3.02757846e+03  3.68111000e+03  1.10000000e-01  1.59360000e+01
 -3.02757846e+03  3.68111000e+03  1.10000000e-01  1.59360000e+01
 -3.02757846e+03  3.68111000e+03  1.10000000e-01  1.59360000e+01
 -2.97495572e+03  3.67243900e+03  9.70000000e-02  1.58420000e+01
 -2.98263628e+03  3.65578400e+03  1.01000000e-01  1.57340000e+01
 -2.98263628e+03  3.65578400e+03  1.01000000e-01  1.57340000e+01
 -2.99659352e+03  3.64578900e+03  9.50000000e-02  1.57210000e+01
 -2.99659352e+03  3.64578900e+03  9.50000000e-02  1.57210000e+01
 -2.99790038e+03  3.65396100e+03  9.90000000e-02  1.49140000e+01
 -2.99790038e+03  3.65396100e+03  9.90000000e-02  1.49140000e+01
 -3.04056514e+03  3.66255700e+03  1.00000000e-01  1.51590000e+01
 -2.92302320e+03  3.64040300e+03  1.02000000e-01  1.55220000e+01
 -2.98984503e+03  3.62612900e+03  9.70000000e-02  1.66740000e+01
 -3.00454148e+03  3.62500000e+03  1.00000000e-01  1.67170000e+01
 -3.00094339e+03  3.61264400e+03  8.60000000e-02  1.67990000e+01
 -3.00094339e+03  3.61264400e+03  8.60000000e-02  1.67990000e+01
 -3.00094339e+03  3.61264400e+03  8.60000000e-02  1.67990000e+01
 -2.94278482e+03  3.60055400e+03  9.10000000e-02  1.65210000e+01
 -3.01867853e+03  3.60997000e+03  9.10000000e-02  1.67370000e+01
 -3.02142811e+03  3.63657900e+03  9.80000000e-02  1.67930000e+01
 -3.02142811e+03  3.63657900e+03  9.80000000e-02  1.67930000e+01
 -3.02093146e+03  3.62687900e+03  9.10000000e-02  1.68350000e+01
 -3.02093146e+03  3.62687900e+03  9.10000000e-02  1.68350000e+01
 -3.12016556e+03  3.65254100e+03  9.60000000e-02  1.64890000e+01
 -3.10385469e+03  3.64477700e+03  9.20000000e-02  1.63420000e+01
 -3.05992072e+03  3.65458900e+03  1.06000000e-01  1.67320000e+01
 -3.08834413e+03  3.67602000e+03  1.04000000e-01  1.62300000e+01
 -3.11372068e+03  3.69394500e+03  9.40000000e-02  1.60490000e+01
 -3.10976053e+03  3.70685900e+03  9.50000000e-02  1.57240000e+01
 -3.05003370e+03  3.68303700e+03  1.16000000e-01  1.61250000e+01
 -3.05360222e+03  3.68966400e+03  1.19000000e-01  1.61490000e+01
 -3.06580371e+03  3.67620900e+03  8.80000000e-02  1.58340000e+01
 -2.98600348e+03  3.67933600e+03  9.80000000e-02  1.55560000e+01
 -2.98600348e+03  3.67933600e+03  9.80000000e-02  1.55560000e+01
 -2.99109133e+03  3.65608200e+03  9.30000000e-02  1.59090000e+01
 -2.96472201e+03  3.63447000e+03  1.12000000e-01  1.62250000e+01
 -3.00586019e+03  3.68725700e+03  1.13000000e-01  1.51640000e+01
 -2.99746864e+03  3.68790500e+03  1.13000000e-01  1.50860000e+01
 -2.99761158e+03  3.68970000e+03  1.13000000e-01  1.51070000e+01
 -2.99761158e+03  3.68970000e+03  1.13000000e-01  1.51070000e+01
 -2.99761158e+03  3.68970000e+03  1.13000000e-01  1.51070000e+01
 -2.97983550e+03  3.68464300e+03  1.13000000e-01  1.51420000e+01
 -2.98900177e+03  3.68051500e+03  1.13000000e-01  1.50950000e+01
 -2.98900177e+03  3.68051500e+03  1.13000000e-01  1.50950000e+01
 -2.98900177e+03  3.68051500e+03  1.13000000e-01  1.50950000e+01
 -2.99554136e+03  3.68150000e+03  1.13000000e-01  1.48600000e+01
 -3.01067103e+03  3.67165300e+03  1.13000000e-01  1.50190000e+01
 -2.98469445e+03  3.67537200e+03  1.13000000e-01  1.52060000e+01
 -2.99938282e+03  3.68034300e+03  1.12000000e-01  1.52640000e+01
 -3.00444306e+03  3.67998600e+03  1.12000000e-01  1.52790000e+01
 -2.98062699e+03  3.66369700e+03  1.12000000e-01  1.55750000e+01
 -2.98006894e+03  3.67061800e+03  1.19000000e-01  1.54920000e+01
 -2.97011778e+03  3.67129900e+03  1.19000000e-01  1.51600000e+01
 -2.96422644e+03  3.67396900e+03  1.19000000e-01  1.51070000e+01
 -2.95472621e+03  3.66867200e+03  1.17000000e-01  1.53170000e+01
 -2.95472621e+03  3.66867200e+03  1.17000000e-01  1.53170000e+01
 -2.95557576e+03  3.67004500e+03  1.17000000e-01  1.51090000e+01
 -2.94190425e+03  3.65403500e+03  1.17000000e-01  1.53940000e+01
 -2.95636327e+03  3.65771300e+03  1.17000000e-01  1.56350000e+01
 -2.95636327e+03  3.65771300e+03  1.17000000e-01  1.56350000e+01
 -2.95636327e+03  3.65771300e+03  1.17000000e-01  1.56350000e+01
 -2.96755645e+03  3.66029500e+03  1.17000000e-01  1.54980000e+01
 -2.98734217e+03  3.66558800e+03  1.17000000e-01  1.51870000e+01
 -2.99984753e+03  3.66844100e+03  1.17000000e-01  1.51880000e+01
 -3.02928901e+03  3.66653700e+03  1.17000000e-01  1.55620000e+01
 -3.02928901e+03  3.66653700e+03  1.17000000e-01  1.55620000e+01
 -3.02262543e+03  3.67732300e+03  1.17000000e-01  1.52340000e+01
 -3.03014719e+03  3.68481500e+03  1.17000000e-01  1.48630000e+01
 -3.02740750e+03  3.67744300e+03  1.17000000e-01  1.50370000e+01
 -3.01468948e+03  3.69479500e+03  1.17000000e-01  1.46740000e+01
 -3.03480093e+03  3.70121400e+03  1.17000000e-01  1.44010000e+01
 -3.05749864e+03  3.69937500e+03  1.17000000e-01  1.44770000e+01
 -3.05749864e+03  3.69937500e+03  1.17000000e-01  1.44770000e+01
 -3.05749864e+03  3.69937500e+03  1.17000000e-01  1.44770000e+01
 -3.05749864e+03  3.69937500e+03  1.17000000e-01  1.44770000e+01
 -3.06051076e+03  3.69126800e+03  1.17000000e-01  1.46350000e+01
 -3.06051076e+03  3.69126800e+03  1.17000000e-01  1.46350000e+01
 -3.05362919e+03  3.68719400e+03  1.17000000e-01  1.49890000e+01
 -3.05874845e+03  3.68519500e+03  1.17000000e-01  1.51220000e+01
 -3.04330542e+03  3.67504600e+03  1.17000000e-01  1.51750000e+01
 -3.04330542e+03  3.67504600e+03  1.17000000e-01  1.51750000e+01
 -3.04330542e+03  3.67504600e+03  1.17000000e-01  1.51750000e+01
 -3.04330542e+03  3.67504600e+03  1.17000000e-01  1.51750000e+01
 -3.00834884e+03  3.66225900e+03  1.17000000e-01  1.52590000e+01
 -3.00834884e+03  3.66225900e+03  1.17000000e-01  1.52590000e+01
 -3.00834884e+03  3.66225900e+03  1.17000000e-01  1.52590000e+01
 -3.00012189e+03  3.66648300e+03  1.17000000e-01  1.54110000e+01
 -3.00929034e+03  3.66195400e+03  1.17000000e-01  1.57150000e+01
 -3.02191197e+03  3.65636400e+03  1.17000000e-01  1.61980000e+01
 -3.01256285e+03  3.65366000e+03  1.15000000e-01  1.63280000e+01
 -3.02294838e+03  3.66694400e+03  1.15000000e-01  1.60650000e+01
 -3.02161688e+03  3.67646900e+03  1.15000000e-01  1.58610000e+01
 -2.99688046e+03  3.66933400e+03  1.15000000e-01  1.59850000e+01
 -3.00563527e+03  3.67863300e+03  1.15000000e-01  1.59650000e+01
 -3.00563527e+03  3.67863300e+03  1.15000000e-01  1.59650000e+01
 -2.99402022e+03  3.67671000e+03  1.15000000e-01  1.58990000e+01
 -2.96659058e+03  3.67242200e+03  1.15000000e-01  1.60350000e+01
 -2.93873703e+03  3.65289900e+03  1.15000000e-01  1.61460000e+01
 -2.93873703e+03  3.65289900e+03  1.15000000e-01  1.61460000e+01
 -2.94396689e+03  3.64666000e+03  1.15000000e-01  1.63420000e+01
 -2.94396689e+03  3.64666000e+03  1.15000000e-01  1.63420000e+01
 -2.92419104e+03  3.63814300e+03  1.15000000e-01  1.62830000e+01
 -2.91936794e+03  3.63652300e+03  1.15000000e-01  1.63780000e+01
 -2.92001666e+03  3.63867200e+03  1.17000000e-01  1.62200000e+01
 -2.95033037e+03  3.65900400e+03  1.17000000e-01  1.58030000e+01
 -2.96562524e+03  3.66385700e+03  1.17000000e-01  1.56660000e+01
 -2.96292701e+03  3.66518700e+03  1.17000000e-01  1.58630000e+01
 -2.95496045e+03  3.65596300e+03  1.17000000e-01  1.55910000e+01
 -2.96972271e+03  3.64720700e+03  1.17000000e-01  1.57620000e+01
 -2.97349002e+03  3.64155500e+03  1.19000000e-01  1.60060000e+01
 -2.97349002e+03  3.64155500e+03  1.19000000e-01  1.60060000e+01
 -2.97011093e+03  3.64069000e+03  1.19000000e-01  1.60490000e+01
 -2.98455019e+03  3.63647500e+03  1.19000000e-01  1.62640000e+01
 -2.98703599e+03  3.63097200e+03  1.19000000e-01  1.63420000e+01
 -2.98703599e+03  3.63097200e+03  1.19000000e-01  1.63420000e+01
 -2.99249349e+03  3.62890600e+03  1.19000000e-01  1.65890000e+01
 -2.99249349e+03  3.62890600e+03  1.19000000e-01  1.65890000e+01
 -2.99249349e+03  3.62890600e+03  1.19000000e-01  1.65890000e+01
 -2.99921291e+03  3.63783400e+03  1.19000000e-01  1.62840000e+01
 -2.99583452e+03  3.64085200e+03  9.70000000e-02  1.62130000e+01
 -2.99583452e+03  3.64085200e+03  9.70000000e-02  1.62130000e+01
 -2.99583452e+03  3.64085200e+03  9.70000000e-02  1.62130000e+01
 -2.99679344e+03  3.64038600e+03  9.70000000e-02  1.62070000e+01
 -2.99679344e+03  3.64038600e+03  9.70000000e-02  1.62070000e+01
 -2.99679344e+03  3.64038600e+03  9.70000000e-02  1.62070000e+01
 -3.00481787e+03  3.63427200e+03  9.70000000e-02  1.62410000e+01
 -2.99318955e+03  3.62524700e+03  9.70000000e-02  1.64420000e+01
 -3.00177355e+03  3.62247800e+03  9.70000000e-02  1.65650000e+01
 -3.00627176e+03  3.61866100e+03  9.10000000e-02  1.66920000e+01
 -3.02096579e+03  3.61987000e+03  9.10000000e-02  1.68340000e+01
 -3.00961590e+03  3.62045200e+03  9.10000000e-02  1.68590000e+01
 -3.00961590e+03  3.62045200e+03  9.10000000e-02  1.68590000e+01
 -2.99836738e+03  3.62416100e+03  9.10000000e-02  1.66910000e+01
 -3.02122356e+03  3.62249600e+03  8.60000000e-02  1.67130000e+01
 -3.02686479e+03  3.63564100e+03  8.60000000e-02  1.65300000e+01
 -3.04737933e+03  3.63553400e+03  8.30000000e-02  1.66960000e+01
 -3.05189940e+03  3.63538200e+03  8.20000000e-02  1.65760000e+01
 -3.04536618e+03  3.63858100e+03  8.20000000e-02  1.64130000e+01
 -3.04646854e+03  3.64280500e+03  8.60000000e-02  1.63950000e+01
 -3.04646854e+03  3.64280500e+03  8.60000000e-02  1.63950000e+01
 -3.04816663e+03  3.64002800e+03  8.60000000e-02  1.64660000e+01
 -3.04731382e+03  3.63344500e+03  8.70000000e-02  1.65910000e+01
 -3.04731382e+03  3.63344500e+03  8.70000000e-02  1.65910000e+01
 -3.05797914e+03  3.63336900e+03  8.60000000e-02  1.63970000e+01
 -3.08080316e+03  3.63320700e+03  8.60000000e-02  1.65680000e+01
 -3.07955863e+03  3.63433000e+03  8.80000000e-02  1.64320000e+01
 -3.07955863e+03  3.63433000e+03  8.80000000e-02  1.64320000e+01
 -3.07955863e+03  3.63433000e+03  8.80000000e-02  1.64320000e+01
 -3.10469301e+03  3.63752900e+03  8.80000000e-02  1.65540000e+01
 -3.11396561e+03  3.63922600e+03  8.80000000e-02  1.68270000e+01
 -3.12438245e+03  3.65022000e+03  8.80000000e-02  1.68100000e+01
 -3.10554126e+03  3.64483600e+03  8.80000000e-02  1.68570000e+01
 -3.11712394e+03  3.64822100e+03  8.80000000e-02  1.68910000e+01
 -3.11712394e+03  3.64822100e+03  8.80000000e-02  1.68910000e+01
 -3.11977927e+03  3.63955300e+03  8.80000000e-02  1.71710000e+01
 -3.11081566e+03  3.64428800e+03  8.80000000e-02  1.70630000e+01
 -3.11081566e+03  3.64428800e+03  8.80000000e-02  1.70630000e+01
 -3.11081566e+03  3.64428800e+03  8.80000000e-02  1.70630000e+01
 -3.12657164e+03  3.65045000e+03  8.80000000e-02  1.69370000e+01
 -3.12409246e+03  3.64352100e+03  8.80000000e-02  1.68690000e+01
 -3.15861398e+03  3.65987400e+03  8.80000000e-02  1.65840000e+01
 -3.17571393e+03  3.66992800e+03  8.80000000e-02  1.63450000e+01
 -3.17325434e+03  3.68483400e+03  8.80000000e-02  1.64120000e+01
 -3.17325434e+03  3.68483400e+03  8.80000000e-02  1.64120000e+01
 -3.16850800e+03  3.68010000e+03  8.80000000e-02  1.64210000e+01
 -3.16850800e+03  3.68010000e+03  8.80000000e-02  1.64210000e+01
 -3.16905973e+03  3.67513900e+03  8.80000000e-02  1.66670000e+01
 -3.16217268e+03  3.67842500e+03  8.80000000e-02  1.67900000e+01
 -3.16217268e+03  3.67842500e+03  8.80000000e-02  1.67900000e+01
 -3.14272454e+03  3.66858800e+03  8.80000000e-02  1.68650000e+01
 -3.14272454e+03  3.66858800e+03  8.80000000e-02  1.68650000e+01
 -3.14272454e+03  3.66858800e+03  8.80000000e-02  1.68650000e+01
 -3.13117364e+03  3.67063200e+03  8.80000000e-02  1.67280000e+01
 -3.11716493e+03  3.67008000e+03  8.80000000e-02  1.65450000e+01
 -3.14242388e+03  3.67498900e+03  8.80000000e-02  1.64650000e+01
 -3.14242388e+03  3.67498900e+03  8.80000000e-02  1.64650000e+01
 -3.14988583e+03  3.68350300e+03  8.80000000e-02  1.63610000e+01
 -3.15648583e+03  3.67602300e+03  8.80000000e-02  1.64640000e+01
 -3.15648583e+03  3.67602300e+03  8.80000000e-02  1.64640000e+01
 -3.14493803e+03  3.68190500e+03  8.80000000e-02  1.64710000e+01
 -3.14493803e+03  3.68190500e+03  8.80000000e-02  1.64710000e+01
 -3.14493803e+03  3.68190500e+03  8.80000000e-02  1.64710000e+01
 -3.14493803e+03  3.68190500e+03  8.80000000e-02  1.64710000e+01
 -3.14594997e+03  3.68144000e+03  8.80000000e-02  1.66350000e+01
 -3.14594997e+03  3.68144000e+03  8.80000000e-02  1.66350000e+01
 -3.12927971e+03  3.68047800e+03  8.80000000e-02  1.68060000e+01
 -3.14391641e+03  3.69636700e+03  8.10000000e-02  1.67950000e+01
 -3.14391641e+03  3.69636700e+03  8.10000000e-02  1.67950000e+01
 -3.14391641e+03  3.69636700e+03  8.10000000e-02  1.67950000e+01
 -3.14391641e+03  3.69636700e+03  8.10000000e-02  1.67950000e+01
 -3.14391641e+03  3.69636700e+03  8.10000000e-02  1.67950000e+01
 -3.14391641e+03  3.69636700e+03  8.10000000e-02  1.67950000e+01
 -3.18017450e+03  3.70015900e+03  8.10000000e-02  1.68290000e+01
 -3.18017450e+03  3.70015900e+03  8.10000000e-02  1.68290000e+01
 -3.18017450e+03  3.70015900e+03  8.10000000e-02  1.68290000e+01
 -3.18933316e+03  3.69440900e+03  8.10000000e-02  1.68880000e+01
 -3.18933316e+03  3.69440900e+03  8.10000000e-02  1.68880000e+01
 -3.19882300e+03  3.69690500e+03  8.10000000e-02  1.68550000e+01
 -3.18958599e+03  3.69812800e+03  8.10000000e-02  1.67030000e+01
 -3.18958599e+03  3.69812800e+03  8.10000000e-02  1.67030000e+01
 -3.18958599e+03  3.69812800e+03  8.10000000e-02  1.67030000e+01
 -3.18958599e+03  3.69812800e+03  8.10000000e-02  1.67030000e+01
 -3.18958599e+03  3.69812800e+03  8.10000000e-02  1.67030000e+01
 -3.19980830e+03  3.70303400e+03  8.10000000e-02  1.66660000e+01
 -3.20205810e+03  3.71256800e+03  8.10000000e-02  1.65460000e+01
 -3.20205810e+03  3.71256800e+03  8.10000000e-02  1.65460000e+01
 -3.20205810e+03  3.71256800e+03  8.10000000e-02  1.65460000e+01
 -3.20205810e+03  3.71256800e+03  8.10000000e-02  1.65460000e+01
 -3.20968503e+03  3.71778900e+03  8.10000000e-02  1.60480000e+01
 -3.20968503e+03  3.71778900e+03  8.10000000e-02  1.60480000e+01
 -3.23171098e+03  3.73266500e+03  8.10000000e-02  1.58690000e+01
 -3.23171098e+03  3.73266500e+03  8.10000000e-02  1.58690000e+01
 -3.23772210e+03  3.73595100e+03  8.00000000e-02  1.55800000e+01
 -3.23772210e+03  3.73595100e+03  8.00000000e-02  1.55800000e+01
 -3.23772210e+03  3.73595100e+03  8.00000000e-02  1.55800000e+01
 -3.23772210e+03  3.73595100e+03  8.00000000e-02  1.55800000e+01
 -3.24059454e+03  3.74630500e+03  8.00000000e-02  1.53960000e+01
 -3.25835553e+03  3.75263800e+03  8.00000000e-02  1.53580000e+01
 -3.25787759e+03  3.74742800e+03  8.00000000e-02  1.53030000e+01
 -3.25787759e+03  3.74742800e+03  8.00000000e-02  1.53030000e+01
 -3.25787759e+03  3.74742800e+03  8.00000000e-02  1.53030000e+01
 -3.25787759e+03  3.74742800e+03  8.00000000e-02  1.53030000e+01
 -3.26034673e+03  3.73638200e+03  8.00000000e-02  1.54040000e+01
 -3.26074631e+03  3.73030900e+03  8.00000000e-02  1.52630000e+01
 -3.26074631e+03  3.73030900e+03  8.00000000e-02  1.52630000e+01
 -3.26266463e+03  3.72915100e+03  8.00000000e-02  1.50370000e+01
 -3.26266463e+03  3.72915100e+03  8.00000000e-02  1.50370000e+01
 -3.26701860e+03  3.72866600e+03  8.00000000e-02  1.52720000e+01
 -3.26636395e+03  3.73303400e+03  8.00000000e-02  1.52900000e+01
 -3.26555338e+03  3.73669800e+03  8.00000000e-02  1.51060000e+01
 -3.26555338e+03  3.73669800e+03  8.00000000e-02  1.51060000e+01
 -3.26831428e+03  3.73279700e+03  8.10000000e-02  1.50750000e+01
 -3.26876747e+03  3.73093800e+03  8.10000000e-02  1.51750000e+01
 -3.26876747e+03  3.73093800e+03  8.10000000e-02  1.51750000e+01
 -3.26730108e+03  3.72525000e+03  8.10000000e-02  1.53530000e+01
 -3.26730108e+03  3.72525000e+03  8.10000000e-02  1.53530000e+01
 -3.26730108e+03  3.72525000e+03  8.10000000e-02  1.53530000e+01
 -3.26730108e+03  3.72525000e+03  8.10000000e-02  1.53530000e+01
 -3.26730108e+03  3.72525000e+03  8.10000000e-02  1.53530000e+01
 -3.26730108e+03  3.72525000e+03  8.10000000e-02  1.53530000e+01
 -3.27087474e+03  3.73067500e+03  8.10000000e-02  1.53700000e+01
 -3.26660985e+03  3.71210400e+03  8.10000000e-02  1.56330000e+01
 -3.26660985e+03  3.71210400e+03  8.10000000e-02  1.56330000e+01
 -3.26660985e+03  3.71210400e+03  8.10000000e-02  1.56330000e+01
 -3.26660985e+03  3.71210400e+03  8.10000000e-02  1.56330000e+01
 -3.26660985e+03  3.71210400e+03  8.10000000e-02  1.56330000e+01
 -3.26660985e+03  3.71210400e+03  8.10000000e-02  1.56330000e+01
 -3.27317509e+03  3.70559700e+03  8.10000000e-02  1.58680000e+01
 -3.26866213e+03  3.70371900e+03  8.20000000e-02  1.56090000e+01
 -3.27686891e+03  3.69862900e+03  8.10000000e-02  1.60060000e+01
 -3.27686891e+03  3.69862900e+03  8.10000000e-02  1.60060000e+01
 -3.25382106e+03  3.68813500e+03  8.10000000e-02  1.61680000e+01
 -3.25382106e+03  3.68813500e+03  8.10000000e-02  1.61680000e+01
 -3.26126025e+03  3.69499700e+03  8.10000000e-02  1.59320000e+01
 -3.27570219e+03  3.69887700e+03  8.10000000e-02  1.60100000e+01
 -3.27570219e+03  3.69887700e+03  8.10000000e-02  1.60100000e+01
 -3.27570219e+03  3.69887700e+03  8.10000000e-02  1.60100000e+01
 -3.27570219e+03  3.69887700e+03  8.10000000e-02  1.60100000e+01
 -3.28377803e+03  3.69684400e+03  8.00000000e-02  1.62010000e+01
 -3.28377803e+03  3.69684400e+03  8.00000000e-02  1.62010000e+01
 -3.28932401e+03  3.69581900e+03  8.10000000e-02  1.63470000e+01
 -3.28932401e+03  3.69581900e+03  8.10000000e-02  1.63470000e+01
 -3.28932401e+03  3.69581900e+03  8.10000000e-02  1.63470000e+01
 -3.28932401e+03  3.69581900e+03  8.10000000e-02  1.63470000e+01
 -3.28932401e+03  3.69581900e+03  8.10000000e-02  1.63470000e+01
 -3.28932401e+03  3.69581900e+03  8.10000000e-02  1.63470000e+01
 -3.28932401e+03  3.69581900e+03  8.10000000e-02  1.63470000e+01
 -3.28953285e+03  3.70561200e+03  8.10000000e-02  1.62050000e+01
 -3.28953285e+03  3.70561200e+03  8.10000000e-02  1.62050000e+01
 -3.28953285e+03  3.70561200e+03  8.10000000e-02  1.62050000e+01
 -3.28776205e+03  3.71405400e+03  8.10000000e-02  1.60220000e+01
 -3.28776205e+03  3.71405400e+03  8.10000000e-02  1.60220000e+01
 -3.28776205e+03  3.71405400e+03  8.10000000e-02  1.60220000e+01
 -3.28776205e+03  3.71405400e+03  8.10000000e-02  1.60220000e+01
 -3.28776205e+03  3.71405400e+03  8.10000000e-02  1.60220000e+01
 -3.28776205e+03  3.71405400e+03  8.10000000e-02  1.60220000e+01
 -3.28568333e+03  3.71353500e+03  8.10000000e-02  1.62700000e+01
 -3.28568333e+03  3.71353500e+03  8.10000000e-02  1.62700000e+01
 -3.28568333e+03  3.71353500e+03  8.10000000e-02  1.62700000e+01
 -3.29159822e+03  3.71582700e+03  8.20000000e-02  1.64570000e+01
 -3.29159822e+03  3.71582700e+03  8.20000000e-02  1.64570000e+01
 -3.29159822e+03  3.71582700e+03  8.20000000e-02  1.64570000e+01
 -3.28201991e+03  3.71358000e+03  8.20000000e-02  1.63250000e+01
 -3.28201991e+03  3.71358000e+03  8.20000000e-02  1.63250000e+01
 -3.28260763e+03  3.71675700e+03  8.20000000e-02  1.60520000e+01
 -3.29966130e+03  3.72191100e+03  8.20000000e-02  1.60300000e+01
 -3.29658060e+03  3.71216400e+03  8.20000000e-02  1.62660000e+01
 -3.29658060e+03  3.71216400e+03  8.20000000e-02  1.62660000e+01
 -3.29658060e+03  3.71216400e+03  8.20000000e-02  1.62660000e+01
 -3.31548725e+03  3.71768500e+03  8.20000000e-02  1.62470000e+01
 -3.31548725e+03  3.71768500e+03  8.20000000e-02  1.62470000e+01
 -3.31548725e+03  3.71768500e+03  8.20000000e-02  1.62470000e+01
 -3.31548725e+03  3.71768500e+03  8.20000000e-02  1.62470000e+01
 -3.31548725e+03  3.71768500e+03  8.20000000e-02  1.62470000e+01
 -3.31548725e+03  3.71768500e+03  8.20000000e-02  1.62470000e+01
 -3.32129820e+03  3.71543600e+03  8.20000000e-02  1.63090000e+01
 -3.32129820e+03  3.71543600e+03  8.20000000e-02  1.63090000e+01
 -3.32129820e+03  3.71543600e+03  8.20000000e-02  1.63090000e+01
 -3.32129820e+03  3.71543600e+03  8.20000000e-02  1.63090000e+01
 -3.32129820e+03  3.71543600e+03  8.20000000e-02  1.63090000e+01
 -3.32129820e+03  3.71543600e+03  8.20000000e-02  1.63090000e+01
 -3.32129820e+03  3.71543600e+03  8.20000000e-02  1.63090000e+01
 -3.32129820e+03  3.71543600e+03  8.20000000e-02  1.63090000e+01
 -3.32129820e+03  3.71543600e+03  8.20000000e-02  1.63090000e+01
 -3.32129820e+03  3.71543600e+03  8.20000000e-02  1.63090000e+01
 -3.32129820e+03  3.71543600e+03  8.20000000e-02  1.63090000e+01
 -3.32129820e+03  3.71543600e+03  8.20000000e-02  1.63090000e+01
 -3.33964943e+03  3.72564000e+03  8.20000000e-02  1.61010000e+01
 -3.33964943e+03  3.72564000e+03  8.20000000e-02  1.61010000e+01
 -3.33964943e+03  3.72564000e+03  8.20000000e-02  1.61010000e+01
 -3.34455095e+03  3.73098900e+03  8.20000000e-02  1.62000000e+01
 -3.34455095e+03  3.73098900e+03  8.20000000e-02  1.62000000e+01
 -3.34455095e+03  3.73098900e+03  8.20000000e-02  1.62000000e+01
 -3.34455095e+03  3.73098900e+03  8.20000000e-02  1.62000000e+01
 -3.34455095e+03  3.73098900e+03  8.20000000e-02  1.62000000e+01
 -3.34455095e+03  3.73098900e+03  8.20000000e-02  1.62000000e+01
 -3.34455095e+03  3.73098900e+03  8.20000000e-02  1.62000000e+01
 -3.34455095e+03  3.73098900e+03  8.20000000e-02  1.62000000e+01
 -3.34897282e+03  3.72109600e+03  8.20000000e-02  1.63700000e+01
 -3.34897282e+03  3.72109600e+03  8.20000000e-02  1.63700000e+01
 -3.34897282e+03  3.72109600e+03  8.20000000e-02  1.63700000e+01
 -3.34897282e+03  3.72109600e+03  8.20000000e-02  1.63700000e+01
 -3.34897282e+03  3.72109600e+03  8.20000000e-02  1.63700000e+01
 -3.34897282e+03  3.72109600e+03  8.20000000e-02  1.63700000e+01
 -3.34897282e+03  3.72109600e+03  8.20000000e-02  1.63700000e+01
 -3.34897282e+03  3.72109600e+03  8.20000000e-02  1.63700000e+01
 -3.34897282e+03  3.72109600e+03  8.20000000e-02  1.63700000e+01
 -3.34897282e+03  3.72109600e+03  8.20000000e-02  1.63700000e+01
 -3.34892950e+03  3.72232700e+03  8.20000000e-02  1.62660000e+01
 -3.34892950e+03  3.72232700e+03  8.20000000e-02  1.62660000e+01
 -3.34892950e+03  3.72232700e+03  8.20000000e-02  1.62660000e+01
 -3.34892950e+03  3.72232700e+03  8.20000000e-02  1.62660000e+01
 -3.34892950e+03  3.72232700e+03  8.20000000e-02  1.62660000e+01
 -3.34892950e+03  3.72232700e+03  8.20000000e-02  1.62660000e+01
 -3.34892950e+03  3.72232700e+03  8.20000000e-02  1.62660000e+01
 -3.34556783e+03  3.71406800e+03  8.20000000e-02  1.62980000e+01
 -3.34556783e+03  3.71406800e+03  8.20000000e-02  1.62980000e+01
 -3.34591466e+03  3.71412400e+03  8.20000000e-02  1.64980000e+01
 -3.34820177e+03  3.71169100e+03  8.20000000e-02  1.64550000e+01
 -3.34817883e+03  3.71288100e+03  8.40000000e-02  1.62530000e+01
 -3.34817883e+03  3.71288100e+03  8.40000000e-02  1.62530000e+01
 -3.35850219e+03  3.71798300e+03  8.40000000e-02  1.64450000e+01
 -3.35850219e+03  3.71798300e+03  8.40000000e-02  1.64450000e+01
 -3.35850219e+03  3.71798300e+03  8.40000000e-02  1.64450000e+01
 -3.35850219e+03  3.71798300e+03  8.40000000e-02  1.64450000e+01
 -3.35850219e+03  3.71798300e+03  8.40000000e-02  1.64450000e+01
 -3.35850219e+03  3.71798300e+03  8.40000000e-02  1.64450000e+01
 -3.35850219e+03  3.71798300e+03  8.40000000e-02  1.64450000e+01
 -3.35916933e+03  3.71215800e+03  8.50000000e-02  1.65710000e+01
 -3.35916933e+03  3.71215800e+03  8.50000000e-02  1.65710000e+01
 -3.35916933e+03  3.71215800e+03  8.50000000e-02  1.65710000e+01
 -3.35916933e+03  3.71215800e+03  8.50000000e-02  1.65710000e+01
 -3.35916933e+03  3.71215800e+03  8.50000000e-02  1.65710000e+01
 -3.35916933e+03  3.71215800e+03  8.50000000e-02  1.65710000e+01
 -3.35916933e+03  3.71215800e+03  8.50000000e-02  1.65710000e+01
 -3.36574522e+03  3.71118700e+03  8.50000000e-02  1.67270000e+01
 -3.36574522e+03  3.71118700e+03  8.50000000e-02  1.67270000e+01
 -3.36574522e+03  3.71118700e+03  8.50000000e-02  1.67270000e+01
 -3.36574522e+03  3.71118700e+03  8.50000000e-02  1.67270000e+01
 -3.36574522e+03  3.71118700e+03  8.50000000e-02  1.67270000e+01
 -3.36824216e+03  3.71902400e+03  8.40000000e-02  1.65080000e+01
 -3.36824216e+03  3.71902400e+03  8.40000000e-02  1.65080000e+01
 -3.36824216e+03  3.71902400e+03  8.40000000e-02  1.65080000e+01
 -3.36824216e+03  3.71902400e+03  8.40000000e-02  1.65080000e+01
 -3.36824216e+03  3.71902400e+03  8.40000000e-02  1.65080000e+01
 -3.36572597e+03  3.71268000e+03  8.40000000e-02  1.67060000e+01
 -3.36572597e+03  3.71268000e+03  8.40000000e-02  1.67060000e+01
 -3.37303387e+03  3.71158900e+03  8.50000000e-02  1.68570000e+01
 -3.37303387e+03  3.71158900e+03  8.50000000e-02  1.68570000e+01
 -3.37303387e+03  3.71158900e+03  8.50000000e-02  1.68570000e+01
 -3.37303387e+03  3.71158900e+03  8.50000000e-02  1.68570000e+01
 -3.37303387e+03  3.71158900e+03  8.50000000e-02  1.68570000e+01
 -3.37303387e+03  3.71158900e+03  8.50000000e-02  1.68570000e+01
 -3.37303387e+03  3.71158900e+03  8.50000000e-02  1.68570000e+01
 -3.37303387e+03  3.71158900e+03  8.50000000e-02  1.68570000e+01
 -3.37359400e+03  3.70880100e+03  8.50000000e-02  1.70590000e+01
 -3.37359400e+03  3.70880100e+03  8.50000000e-02  1.70590000e+01
 -3.37096056e+03  3.71870400e+03  8.50000000e-02  1.68280000e+01
 -3.37096056e+03  3.71870400e+03  8.50000000e-02  1.68280000e+01
 -3.37096056e+03  3.71870400e+03  8.50000000e-02  1.68280000e+01
 -3.37096056e+03  3.71870400e+03  8.50000000e-02  1.68280000e+01
 -3.37096056e+03  3.71870400e+03  8.50000000e-02  1.68280000e+01
 -3.37096056e+03  3.71870400e+03  8.50000000e-02  1.68280000e+01
 -3.37096056e+03  3.71870400e+03  8.50000000e-02  1.68280000e+01
 -3.37096056e+03  3.71870400e+03  8.50000000e-02  1.68280000e+01
 -3.37096056e+03  3.71870400e+03  8.50000000e-02  1.68280000e+01
 -3.37096056e+03  3.71870400e+03  8.50000000e-02  1.68280000e+01
 -3.37096056e+03  3.71870400e+03  8.50000000e-02  1.68280000e+01
 -3.40165242e+03  3.72610700e+03  8.60000000e-02  1.67630000e+01
 -3.40165242e+03  3.72610700e+03  8.60000000e-02  1.67630000e+01
 -3.40165242e+03  3.72610700e+03  8.60000000e-02  1.67630000e+01
 -3.42738497e+03  3.73440700e+03  8.50000000e-02  1.65440000e+01
 -3.42738497e+03  3.73440700e+03  8.50000000e-02  1.65440000e+01
 -3.42738497e+03  3.73440700e+03  8.50000000e-02  1.65440000e+01
 -3.42738497e+03  3.73440700e+03  8.50000000e-02  1.65440000e+01
 -3.42738497e+03  3.73440700e+03  8.50000000e-02  1.65440000e+01
 -3.43912098e+03  3.73987600e+03  8.50000000e-02  1.64140000e+01
 -3.43912098e+03  3.73987600e+03  8.50000000e-02  1.64140000e+01
 -3.44621552e+03  3.74629700e+03  8.40000000e-02  1.61710000e+01
 -3.44621552e+03  3.74629700e+03  8.40000000e-02  1.61710000e+01
 -3.44018225e+03  3.73992900e+03  8.50000000e-02  1.63590000e+01
 -3.44018225e+03  3.73992900e+03  8.50000000e-02  1.63590000e+01
 -3.44018225e+03  3.73992900e+03  8.50000000e-02  1.63590000e+01
 -3.44018225e+03  3.73992900e+03  8.50000000e-02  1.63590000e+01
 -3.44018225e+03  3.73992900e+03  8.50000000e-02  1.63590000e+01
 -3.44018225e+03  3.73992900e+03  8.50000000e-02  1.63590000e+01
 -3.44018225e+03  3.73992900e+03  8.50000000e-02  1.63590000e+01
 -3.44018225e+03  3.73992900e+03  8.50000000e-02  1.63590000e+01
 -3.44051612e+03  3.74177700e+03  8.40000000e-02  1.64420000e+01
 -3.44051612e+03  3.74177700e+03  8.40000000e-02  1.64420000e+01
 -3.44436573e+03  3.74340800e+03  8.40000000e-02  1.61390000e+01
 -3.44436573e+03  3.74340800e+03  8.40000000e-02  1.61390000e+01
 -3.44436573e+03  3.74340800e+03  8.40000000e-02  1.61390000e+01
 -3.44436573e+03  3.74340800e+03  8.40000000e-02  1.61390000e+01
 -3.44436573e+03  3.74340800e+03  8.40000000e-02  1.61390000e+01
 -3.44642498e+03  3.74233700e+03  8.40000000e-02  1.59850000e+01
 -3.44642498e+03  3.74233700e+03  8.40000000e-02  1.59850000e+01
 -3.44642498e+03  3.74233700e+03  8.40000000e-02  1.59850000e+01
 -3.44642498e+03  3.74233700e+03  8.40000000e-02  1.59850000e+01
 -3.44642498e+03  3.74233700e+03  8.40000000e-02  1.59850000e+01
 -3.44642498e+03  3.74233700e+03  8.40000000e-02  1.59850000e+01
 -3.44642498e+03  3.74233700e+03  8.40000000e-02  1.59850000e+01
 -3.44642498e+03  3.74233700e+03  8.40000000e-02  1.59850000e+01
 -3.44642498e+03  3.74233700e+03  8.40000000e-02  1.59850000e+01
 -3.44642498e+03  3.74233700e+03  8.40000000e-02  1.59850000e+01
 -3.45028484e+03  3.74109600e+03  8.30000000e-02  1.59810000e+01
 -3.45028484e+03  3.74109600e+03  8.30000000e-02  1.59810000e+01
 -3.45028484e+03  3.74109600e+03  8.30000000e-02  1.59810000e+01
 -3.45028484e+03  3.74109600e+03  8.30000000e-02  1.59810000e+01
 -3.45028484e+03  3.74109600e+03  8.30000000e-02  1.59810000e+01
 -3.45028484e+03  3.74109600e+03  8.30000000e-02  1.59810000e+01
 -3.46208222e+03  3.73844700e+03  8.40000000e-02  1.63280000e+01
 -3.46965829e+03  3.73113900e+03  8.40000000e-02  1.64750000e+01
 -3.46965829e+03  3.73113900e+03  8.40000000e-02  1.64750000e+01
 -3.46965829e+03  3.73113900e+03  8.40000000e-02  1.64750000e+01
 -3.46567882e+03  3.72771000e+03  8.30000000e-02  1.62750000e+01
 -3.47852765e+03  3.72500600e+03  8.30000000e-02  1.60630000e+01
 -3.47852765e+03  3.72500600e+03  8.30000000e-02  1.60630000e+01
 -3.47852765e+03  3.72500600e+03  8.30000000e-02  1.60630000e+01
 -3.47852765e+03  3.72500600e+03  8.30000000e-02  1.60630000e+01
 -3.47852765e+03  3.72500600e+03  8.30000000e-02  1.60630000e+01
 -3.47852765e+03  3.72500600e+03  8.30000000e-02  1.60630000e+01
 -3.48026898e+03  3.72045400e+03  8.30000000e-02  1.60800000e+01
 -3.48026898e+03  3.72045400e+03  8.30000000e-02  1.60800000e+01
 -3.48026898e+03  3.72045400e+03  8.30000000e-02  1.60800000e+01
 -3.48026898e+03  3.72045400e+03  8.30000000e-02  1.60800000e+01
 -3.48015274e+03  3.71717900e+03  8.30000000e-02  1.59120000e+01
 -3.48803017e+03  3.72769600e+03  8.20000000e-02  1.55300000e+01
 -3.48803017e+03  3.72769600e+03  8.20000000e-02  1.55300000e+01
 -3.48803017e+03  3.72769600e+03  8.20000000e-02  1.55300000e+01
 -3.48803017e+03  3.72769600e+03  8.20000000e-02  1.55300000e+01
 -3.48803017e+03  3.72769600e+03  8.20000000e-02  1.55300000e+01
 -3.48803017e+03  3.72769600e+03  8.20000000e-02  1.55300000e+01
 -3.48803017e+03  3.72769600e+03  8.20000000e-02  1.55300000e+01
 -3.48803017e+03  3.72769600e+03  8.20000000e-02  1.55300000e+01
 -3.48803017e+03  3.72769600e+03  8.20000000e-02  1.55300000e+01
 -3.48803017e+03  3.72769600e+03  8.20000000e-02  1.55300000e+01
 -3.48803017e+03  3.72769600e+03  8.20000000e-02  1.55300000e+01
 -3.48803017e+03  3.72769600e+03  8.20000000e-02  1.55300000e+01
 -3.48803017e+03  3.72769600e+03  8.20000000e-02  1.55300000e+01
 -3.48803017e+03  3.72769600e+03  8.20000000e-02  1.55300000e+01
 -3.48803017e+03  3.72769600e+03  8.20000000e-02  1.55300000e+01
 -3.48803017e+03  3.72769600e+03  8.20000000e-02  1.55300000e+01
 -3.48803017e+03  3.72769600e+03  8.20000000e-02  1.55300000e+01
 -3.48803017e+03  3.72769600e+03  8.20000000e-02  1.55300000e+01
 -3.48803017e+03  3.72769600e+03  8.20000000e-02  1.55300000e+01
 -3.48803017e+03  3.72769600e+03  8.20000000e-02  1.55300000e+01
 -3.48803017e+03  3.72769600e+03  8.20000000e-02  1.55300000e+01
 -3.48803017e+03  3.72769600e+03  8.20000000e-02  1.55300000e+01
 -3.48803017e+03  3.72769600e+03  8.20000000e-02  1.55300000e+01
 -3.48803017e+03  3.72769600e+03  8.20000000e-02  1.55300000e+01
 -3.48803017e+03  3.72769600e+03  8.20000000e-02  1.55300000e+01
 -3.48719783e+03  3.72752300e+03  8.20000000e-02  1.56320000e+01
 -3.48719783e+03  3.72752300e+03  8.20000000e-02  1.56320000e+01
 -3.48719783e+03  3.72752300e+03  8.20000000e-02  1.56320000e+01
 -3.49348834e+03  3.72407300e+03  8.50000000e-02  1.58290000e+01
 -3.49787285e+03  3.72716300e+03  8.60000000e-02  1.60210000e+01
 -3.49787285e+03  3.72716300e+03  8.60000000e-02  1.60210000e+01
 -3.49787285e+03  3.72716300e+03  8.60000000e-02  1.60210000e+01
 -3.49787285e+03  3.72716300e+03  8.60000000e-02  1.60210000e+01
 -3.49787285e+03  3.72716300e+03  8.60000000e-02  1.60210000e+01
 -3.49787285e+03  3.72716300e+03  8.60000000e-02  1.60210000e+01
 -3.51300929e+03  3.72105600e+03  8.60000000e-02  1.63270000e+01
 -3.51300929e+03  3.72105600e+03  8.60000000e-02  1.63270000e+01
 -3.51670725e+03  3.73126100e+03  8.60000000e-02  1.60310000e+01
 -3.51670725e+03  3.73126100e+03  8.60000000e-02  1.60310000e+01
 -3.51670725e+03  3.73126100e+03  8.60000000e-02  1.60310000e+01
 -3.51770453e+03  3.73267600e+03  8.60000000e-02  1.60870000e+01
 -3.51770453e+03  3.73267600e+03  8.60000000e-02  1.60870000e+01
 -3.51770453e+03  3.73267600e+03  8.60000000e-02  1.60870000e+01
 -3.52155500e+03  3.73387700e+03  8.60000000e-02  1.60690000e+01
 -3.52309867e+03  3.73343400e+03  8.60000000e-02  1.60750000e+01
 -3.52309867e+03  3.73343400e+03  8.60000000e-02  1.60750000e+01
 -3.52308452e+03  3.73276400e+03  8.60000000e-02  1.61310000e+01
 -3.52621075e+03  3.73597400e+03  8.60000000e-02  1.59260000e+01
 -3.52834766e+03  3.73673100e+03  8.60000000e-02  1.60490000e+01
 -3.52834766e+03  3.73673100e+03  8.60000000e-02  1.60490000e+01
 -3.52834766e+03  3.73673100e+03  8.60000000e-02  1.60490000e+01
 -3.52991105e+03  3.73838500e+03  8.60000000e-02  1.60420000e+01
 -3.52991105e+03  3.73838500e+03  8.60000000e-02  1.60420000e+01
 -3.52991105e+03  3.73838500e+03  8.60000000e-02  1.60420000e+01
 -3.52991105e+03  3.73838500e+03  8.60000000e-02  1.60420000e+01
 -3.52991105e+03  3.73838500e+03  8.60000000e-02  1.60420000e+01
 -3.52991105e+03  3.73838500e+03  8.60000000e-02  1.60420000e+01
 -3.52963114e+03  3.74101200e+03  8.60000000e-02  1.59980000e+01
 -3.52963114e+03  3.74101200e+03  8.60000000e-02  1.59980000e+01
 -3.52893853e+03  3.74012600e+03  8.60000000e-02  1.59980000e+01
 -3.52893853e+03  3.74012600e+03  8.60000000e-02  1.59980000e+01
 -3.52893853e+03  3.74012600e+03  8.60000000e-02  1.59980000e+01
 -3.53209351e+03  3.74132600e+03  8.60000000e-02  1.59980000e+01
 -3.52945440e+03  3.73855900e+03  8.60000000e-02  1.61140000e+01
 -3.52945440e+03  3.73855900e+03  8.60000000e-02  1.61140000e+01
 -3.52945440e+03  3.73855900e+03  8.60000000e-02  1.61140000e+01
 -3.52945440e+03  3.73855900e+03  8.60000000e-02  1.61140000e+01
 -3.53215354e+03  3.73713200e+03  8.60000000e-02  1.61490000e+01
 -3.53215354e+03  3.73713200e+03  8.60000000e-02  1.61490000e+01
 -3.53215354e+03  3.73713200e+03  8.60000000e-02  1.61490000e+01
 -3.53215354e+03  3.73713200e+03  8.60000000e-02  1.61490000e+01
 -3.53215354e+03  3.73713200e+03  8.60000000e-02  1.61490000e+01
 -3.53219960e+03  3.73780200e+03  8.60000000e-02  1.61710000e+01
 -3.53219960e+03  3.73780200e+03  8.60000000e-02  1.61710000e+01
 -3.53219960e+03  3.73780200e+03  8.60000000e-02  1.61710000e+01
 -3.53219960e+03  3.73780200e+03  8.60000000e-02  1.61710000e+01
 -3.53219960e+03  3.73780200e+03  8.60000000e-02  1.61710000e+01
 -3.53207045e+03  3.73945600e+03  8.60000000e-02  1.61540000e+01
 -3.53207045e+03  3.73945600e+03  8.60000000e-02  1.61540000e+01
 -3.53207045e+03  3.73945600e+03  8.60000000e-02  1.61540000e+01
 -3.53207045e+03  3.73945600e+03  8.60000000e-02  1.61540000e+01
 -3.53249003e+03  3.73691600e+03  8.60000000e-02  1.62230000e+01
 -3.53479562e+03  3.73781300e+03  8.70000000e-02  1.61740000e+01
 -3.53479562e+03  3.73781300e+03  8.70000000e-02  1.61740000e+01
 -3.53897155e+03  3.73924000e+03  8.70000000e-02  1.61450000e+01
 -3.53897155e+03  3.73924000e+03  8.70000000e-02  1.61450000e+01
 -3.53897155e+03  3.73924000e+03  8.70000000e-02  1.61450000e+01
 -3.54145515e+03  3.73938000e+03  8.70000000e-02  1.61530000e+01
 -3.54145515e+03  3.73938000e+03  8.70000000e-02  1.61530000e+01
 -3.54145515e+03  3.73938000e+03  8.70000000e-02  1.61530000e+01
 -3.54145515e+03  3.73938000e+03  8.70000000e-02  1.61530000e+01
 -3.54919031e+03  3.74193000e+03  8.50000000e-02  1.61920000e+01
 -3.55460182e+03  3.74371400e+03  8.50000000e-02  1.61200000e+01
 -3.55574873e+03  3.74534600e+03  8.50000000e-02  1.61210000e+01
 -3.55574873e+03  3.74534600e+03  8.50000000e-02  1.61210000e+01
 -3.55582928e+03  3.74520600e+03  8.50000000e-02  1.61500000e+01
 -3.55582928e+03  3.74520600e+03  8.50000000e-02  1.61500000e+01
 -3.55582928e+03  3.74520600e+03  8.50000000e-02  1.61500000e+01
 -3.55582928e+03  3.74520600e+03  8.50000000e-02  1.61500000e+01
 -3.55583173e+03  3.74258900e+03  8.40000000e-02  1.62270000e+01
 -3.55514440e+03  3.74193000e+03  8.40000000e-02  1.62370000e+01
 -3.55750137e+03  3.74260000e+03  8.40000000e-02  1.62400000e+01
 -3.56018024e+03  3.74482600e+03  8.40000000e-02  1.62320000e+01
 -3.56018024e+03  3.74482600e+03  8.40000000e-02  1.62320000e+01
 -3.56018024e+03  3.74482600e+03  8.40000000e-02  1.62320000e+01
 -3.55886876e+03  3.74557200e+03  8.40000000e-02  1.62260000e+01
 -3.56688551e+03  3.74481500e+03  8.40000000e-02  1.62240000e+01
 -3.56688551e+03  3.74481500e+03  8.40000000e-02  1.62240000e+01
 -3.56693206e+03  3.74294400e+03  8.40000000e-02  1.63630000e+01
 -3.57152171e+03  3.74326900e+03  8.40000000e-02  1.64260000e+01
 -3.57152171e+03  3.74326900e+03  8.40000000e-02  1.64260000e+01
 -3.57152171e+03  3.74326900e+03  8.40000000e-02  1.64260000e+01
 -3.57152171e+03  3.74326900e+03  8.40000000e-02  1.64260000e+01
 -3.57152171e+03  3.74326900e+03  8.40000000e-02  1.64260000e+01
 -3.57463709e+03  3.74393900e+03  8.40000000e-02  1.64560000e+01
 -3.57425119e+03  3.74206900e+03  8.40000000e-02  1.64720000e+01
 -3.57425119e+03  3.74206900e+03  8.40000000e-02  1.64720000e+01
 -3.57629986e+03  3.74604600e+03  8.40000000e-02  1.63000000e+01
 -3.57629986e+03  3.74604600e+03  8.40000000e-02  1.63000000e+01
 -3.57629986e+03  3.74604600e+03  8.40000000e-02  1.63000000e+01
 -3.58299752e+03  3.74680300e+03  8.40000000e-02  1.63120000e+01
 -3.58299752e+03  3.74680300e+03  8.40000000e-02  1.63120000e+01
 -3.58299752e+03  3.74680300e+03  8.40000000e-02  1.63120000e+01
 -3.58299752e+03  3.74680300e+03  8.40000000e-02  1.63120000e+01
 -3.58299752e+03  3.74680300e+03  8.40000000e-02  1.63120000e+01
 -3.58318987e+03  3.74679200e+03  8.40000000e-02  1.63270000e+01
 -3.58223393e+03  3.74589600e+03  8.40000000e-02  1.63300000e+01
 -3.58501752e+03  3.74536600e+03  8.50000000e-02  1.63150000e+01
 -3.58501752e+03  3.74536600e+03  8.50000000e-02  1.63150000e+01
 -3.58844102e+03  3.74820900e+03  8.50000000e-02  1.63350000e+01
 -3.59438144e+03  3.74976500e+03  8.50000000e-02  1.63320000e+01
 -3.60124538e+03  3.74901900e+03  8.50000000e-02  1.63320000e+01
 -3.60347461e+03  3.74924600e+03  8.50000000e-02  1.63760000e+01
 -3.61808234e+03  3.75222800e+03  8.50000000e-02  1.63710000e+01
 -3.61808234e+03  3.75222800e+03  8.50000000e-02  1.63710000e+01
 -3.61808234e+03  3.75222800e+03  8.50000000e-02  1.63710000e+01
 -3.61808234e+03  3.75222800e+03  8.50000000e-02  1.63710000e+01
 -3.61808234e+03  3.75222800e+03  8.50000000e-02  1.63710000e+01
 -3.61853079e+03  3.75124400e+03  8.50000000e-02  1.64320000e+01
 -3.61853079e+03  3.75124400e+03  8.50000000e-02  1.64320000e+01
 -3.61845364e+03  3.75244400e+03  8.50000000e-02  1.63310000e+01
 -3.61845364e+03  3.75244400e+03  8.50000000e-02  1.63310000e+01
 -3.61845364e+03  3.75244400e+03  8.50000000e-02  1.63310000e+01
 -3.61845364e+03  3.75244400e+03  8.50000000e-02  1.63310000e+01
 -3.61845364e+03  3.75244400e+03  8.50000000e-02  1.63310000e+01
 -3.62068221e+03  3.75255300e+03  8.50000000e-02  1.63340000e+01
 -3.62068221e+03  3.75255300e+03  8.50000000e-02  1.63340000e+01
 -3.62068221e+03  3.75255300e+03  8.50000000e-02  1.63340000e+01
 -3.62120237e+03  3.75465000e+03  8.50000000e-02  1.62650000e+01
 -3.62120237e+03  3.75465000e+03  8.50000000e-02  1.62650000e+01
 -3.62208276e+03  3.75225000e+03  8.50000000e-02  1.63190000e+01
 -3.62208276e+03  3.75225000e+03  8.50000000e-02  1.63190000e+01
 -3.62208276e+03  3.75225000e+03  8.50000000e-02  1.63190000e+01
 -3.62286469e+03  3.75532000e+03  8.50000000e-02  1.61870000e+01
 -3.62286469e+03  3.75532000e+03  8.50000000e-02  1.61870000e+01
 -3.62542139e+03  3.75508200e+03  8.50000000e-02  1.62380000e+01
 -3.62542139e+03  3.75508200e+03  8.50000000e-02  1.62380000e+01
 -3.62548258e+03  3.75462900e+03  8.50000000e-02  1.62880000e+01
 -3.62524387e+03  3.75716800e+03  8.50000000e-02  1.61370000e+01
 -3.62485881e+03  3.75627200e+03  8.50000000e-02  1.61480000e+01
 -3.62485881e+03  3.75627200e+03  8.50000000e-02  1.61480000e+01
 -3.62539744e+03  3.75528800e+03  8.50000000e-02  1.61580000e+01
 -3.63083383e+03  3.75902800e+03  8.50000000e-02  1.61510000e+01
 -3.63111258e+03  3.75946000e+03  8.50000000e-02  1.61510000e+01
 -3.63081325e+03  3.75932000e+03  8.50000000e-02  1.61950000e+01
 -3.63081325e+03  3.75932000e+03  8.50000000e-02  1.61950000e+01
 -3.63528230e+03  3.75879000e+03  8.50000000e-02  1.62280000e+01
 -3.63528230e+03  3.75879000e+03  8.50000000e-02  1.62280000e+01
 -3.63528230e+03  3.75879000e+03  8.50000000e-02  1.62280000e+01
 -3.63528230e+03  3.75879000e+03  8.50000000e-02  1.62280000e+01
 -3.63528230e+03  3.75879000e+03  8.50000000e-02  1.62280000e+01
 -3.63528230e+03  3.75879000e+03  8.50000000e-02  1.62280000e+01
 -3.63528230e+03  3.75879000e+03  8.50000000e-02  1.62280000e+01
 -3.63893444e+03  3.75813000e+03  8.40000000e-02  1.62540000e+01
 -3.63893444e+03  3.75813000e+03  8.40000000e-02  1.62540000e+01
 -3.64031783e+03  3.75670300e+03  8.50000000e-02  1.62890000e+01
 -3.64031783e+03  3.75670300e+03  8.50000000e-02  1.62890000e+01
 -3.64031783e+03  3.75670300e+03  8.50000000e-02  1.62890000e+01
 -3.64031783e+03  3.75670300e+03  8.50000000e-02  1.62890000e+01
 -3.64031783e+03  3.75670300e+03  8.50000000e-02  1.62890000e+01
 -3.64031783e+03  3.75670300e+03  8.50000000e-02  1.62890000e+01
 -3.64478101e+03  3.76373000e+03  8.50000000e-02  1.61210000e+01
 -3.64989969e+03  3.76461600e+03  8.30000000e-02  1.61330000e+01
 -3.64989969e+03  3.76461600e+03  8.30000000e-02  1.61330000e+01
 -3.64989969e+03  3.76461600e+03  8.30000000e-02  1.61330000e+01
 -3.65183761e+03  3.76447600e+03  8.30000000e-02  1.61430000e+01
 -3.65183761e+03  3.76447600e+03  8.30000000e-02  1.61430000e+01
 -3.65225591e+03  3.76568600e+03  8.10000000e-02  1.61330000e+01
 -3.65225591e+03  3.76568600e+03  8.10000000e-02  1.61330000e+01
 -3.65225591e+03  3.76568600e+03  8.10000000e-02  1.61330000e+01
 -3.65225591e+03  3.76568600e+03  8.10000000e-02  1.61330000e+01
 -3.65216439e+03  3.76569700e+03  8.10000000e-02  1.61320000e+01
 -3.65216439e+03  3.76569700e+03  8.10000000e-02  1.61320000e+01
 -3.65216439e+03  3.76569700e+03  8.10000000e-02  1.61320000e+01
 -3.65216439e+03  3.76569700e+03  8.10000000e-02  1.61320000e+01
 -3.65216439e+03  3.76569700e+03  8.10000000e-02  1.61320000e+01
 -3.65216439e+03  3.76569700e+03  8.10000000e-02  1.61320000e+01
 -3.65413604e+03  3.76748000e+03  8.10000000e-02  1.61320000e+01
 -3.65413604e+03  3.76748000e+03  8.10000000e-02  1.61320000e+01
 -3.65413604e+03  3.76748000e+03  8.10000000e-02  1.61320000e+01
 -3.65521970e+03  3.76552300e+03  8.20000000e-02  1.61890000e+01
 -3.65605197e+03  3.76597600e+03  8.20000000e-02  1.61890000e+01
 -3.65948566e+03  3.76643000e+03  8.20000000e-02  1.61920000e+01
 -3.65948566e+03  3.76643000e+03  8.20000000e-02  1.61920000e+01
 -3.65948566e+03  3.76643000e+03  8.20000000e-02  1.61920000e+01
 -3.65948566e+03  3.76643000e+03  8.20000000e-02  1.61920000e+01
 -3.66119445e+03  3.76732700e+03  8.20000000e-02  1.61590000e+01
 -3.66157402e+03  3.76725000e+03  8.20000000e-02  1.60970000e+01
 -3.66157402e+03  3.76725000e+03  8.20000000e-02  1.60970000e+01
 -3.66172901e+03  3.76756500e+03  8.20000000e-02  1.60850000e+01
 -3.66172901e+03  3.76756500e+03  8.20000000e-02  1.60850000e+01
 -3.66386160e+03  3.76799700e+03  8.20000000e-02  1.61530000e+01
 -3.66386160e+03  3.76799700e+03  8.20000000e-02  1.61530000e+01
 -3.66386160e+03  3.76799700e+03  8.20000000e-02  1.61530000e+01
 -3.66461281e+03  3.76955300e+03  8.20000000e-02  1.61710000e+01
 -3.66461281e+03  3.76955300e+03  8.20000000e-02  1.61710000e+01
 -3.66461281e+03  3.76955300e+03  8.20000000e-02  1.61710000e+01
 -3.66461281e+03  3.76955300e+03  8.20000000e-02  1.61710000e+01
 -3.66488324e+03  3.76909900e+03  8.20000000e-02  1.62660000e+01
 -3.66701811e+03  3.77043900e+03  8.20000000e-02  1.62680000e+01
 -3.66701811e+03  3.77043900e+03  8.20000000e-02  1.62680000e+01
 -3.66701811e+03  3.77043900e+03  8.20000000e-02  1.62680000e+01
 -3.66747157e+03  3.77209300e+03  8.20000000e-02  1.62470000e+01
 -3.66747157e+03  3.77209300e+03  8.20000000e-02  1.62470000e+01
 -3.67069853e+03  3.77329300e+03  8.20000000e-02  1.63530000e+01
 -3.67069853e+03  3.77329300e+03  8.20000000e-02  1.63530000e+01
 -3.67582635e+03  3.77516300e+03  8.20000000e-02  1.62470000e+01
 -3.67621595e+03  3.77604900e+03  8.20000000e-02  1.62470000e+01
 -3.67679935e+03  3.77770300e+03  8.20000000e-02  1.61910000e+01
 -3.67679935e+03  3.77770300e+03  8.20000000e-02  1.61910000e+01
 -3.67679935e+03  3.77770300e+03  8.20000000e-02  1.61910000e+01
 -3.67679935e+03  3.77770300e+03  8.20000000e-02  1.61910000e+01
 -3.67679935e+03  3.77770300e+03  8.20000000e-02  1.61910000e+01
 -3.67679935e+03  3.77770300e+03  8.20000000e-02  1.61910000e+01
 -3.68051377e+03  3.78175700e+03  8.20000000e-02  1.60610000e+01
 -3.68051377e+03  3.78175700e+03  8.20000000e-02  1.60610000e+01
 -3.68058776e+03  3.78385300e+03  8.10000000e-02  1.60440000e+01
 -3.68058776e+03  3.78385300e+03  8.10000000e-02  1.60440000e+01
 -3.68058776e+03  3.78385300e+03  8.10000000e-02  1.60440000e+01
 -3.68058776e+03  3.78385300e+03  8.10000000e-02  1.60440000e+01
 -3.68058776e+03  3.78385300e+03  8.10000000e-02  1.60440000e+01
 -3.68058776e+03  3.78385300e+03  8.10000000e-02  1.60440000e+01
 -3.68058776e+03  3.78385300e+03  8.10000000e-02  1.60440000e+01
 -3.68058776e+03  3.78385300e+03  8.10000000e-02  1.60440000e+01
 -3.68668464e+03  3.78286900e+03  8.20000000e-02  1.60440000e+01
 -3.68668464e+03  3.78286900e+03  8.20000000e-02  1.60440000e+01
 -3.68683457e+03  3.78056800e+03  8.20000000e-02  1.61250000e+01
 -3.68683457e+03  3.78056800e+03  8.20000000e-02  1.61250000e+01
 -3.68724024e+03  3.77891300e+03  8.20000000e-02  1.62500000e+01
 -3.68724024e+03  3.77891300e+03  8.20000000e-02  1.62500000e+01
 -3.68724024e+03  3.77891300e+03  8.20000000e-02  1.62500000e+01
 -3.68716101e+03  3.77959400e+03  8.20000000e-02  1.61680000e+01
 -3.68716101e+03  3.77959400e+03  8.20000000e-02  1.61680000e+01
 -3.68716101e+03  3.77959400e+03  8.20000000e-02  1.61680000e+01
 -3.68716101e+03  3.77959400e+03  8.20000000e-02  1.61680000e+01
 -3.68716101e+03  3.77959400e+03  8.20000000e-02  1.61680000e+01
 -3.68841303e+03  3.78146400e+03  8.20000000e-02  1.61650000e+01
 -3.68841303e+03  3.78146400e+03  8.20000000e-02  1.61650000e+01
 -3.68918345e+03  3.78214500e+03  8.20000000e-02  1.61670000e+01
 -3.68918345e+03  3.78214500e+03  8.20000000e-02  1.61670000e+01
 -3.68918345e+03  3.78214500e+03  8.20000000e-02  1.61670000e+01
 -3.68953797e+03  3.78191800e+03  8.20000000e-02  1.61860000e+01
 -3.69212666e+03  3.78259900e+03  8.20000000e-02  1.61870000e+01
 -3.69212666e+03  3.78259900e+03  8.20000000e-02  1.61870000e+01
 -3.69392522e+03  3.78291300e+03  8.20000000e-02  1.61870000e+01
 -3.69392522e+03  3.78291300e+03  8.20000000e-02  1.61870000e+01
 -3.69392522e+03  3.78291300e+03  8.20000000e-02  1.61870000e+01
 -3.69456509e+03  3.78171200e+03  8.20000000e-02  1.63030000e+01
 -3.69576500e+03  3.78359300e+03  8.20000000e-02  1.62980000e+01
 -3.69576500e+03  3.78359300e+03  8.20000000e-02  1.62980000e+01
 -3.69596342e+03  3.78349500e+03  8.20000000e-02  1.62870000e+01
 -3.69596342e+03  3.78349500e+03  8.20000000e-02  1.62870000e+01
 -3.69693338e+03  3.78371100e+03  8.20000000e-02  1.62870000e+01
 -3.69765544e+03  3.78206800e+03  8.20000000e-02  1.62870000e+01
 -3.69765544e+03  3.78206800e+03  8.20000000e-02  1.62870000e+01
 -3.70486918e+03  3.78229500e+03  8.20000000e-02  1.62940000e+01
 -3.70486918e+03  3.78229500e+03  8.20000000e-02  1.62940000e+01
 -3.70649116e+03  3.78392700e+03  8.20000000e-02  1.63140000e+01
 -3.70934594e+03  3.78340800e+03  8.20000000e-02  1.63700000e+01
 -3.70934594e+03  3.78340800e+03  8.20000000e-02  1.63700000e+01
 -3.70939149e+03  3.78394900e+03  8.20000000e-02  1.64150000e+01
 -3.70939149e+03  3.78394900e+03  8.20000000e-02  1.64150000e+01
 -3.71591002e+03  3.78514900e+03  8.20000000e-02  1.65080000e+01
 -3.71591002e+03  3.78514900e+03  8.20000000e-02  1.65080000e+01
 -3.71725820e+03  3.78754900e+03  8.20000000e-02  1.64980000e+01
 -3.71725820e+03  3.78754900e+03  8.20000000e-02  1.64980000e+01
 -3.72011939e+03  3.78897600e+03  8.20000000e-02  1.65570000e+01
 -3.72045614e+03  3.79226200e+03  8.20000000e-02  1.64940000e+01
 -3.72619001e+03  3.79347300e+03  8.20000000e-02  1.64940000e+01
 -3.72857852e+03  3.79170100e+03  8.20000000e-02  1.65030000e+01
 -3.72857852e+03  3.79170100e+03  8.20000000e-02  1.65030000e+01
 -3.72857852e+03  3.79170100e+03  8.20000000e-02  1.65030000e+01
 -3.72857852e+03  3.79170100e+03  8.20000000e-02  1.65030000e+01
 -3.72857852e+03  3.79170100e+03  8.20000000e-02  1.65030000e+01
 -3.72857852e+03  3.79170100e+03  8.20000000e-02  1.65030000e+01
 -3.72857852e+03  3.79170100e+03  8.20000000e-02  1.65030000e+01
 -3.72857852e+03  3.79170100e+03  8.20000000e-02  1.65030000e+01
 -3.72859310e+03  3.79191700e+03  8.20000000e-02  1.65020000e+01
 -3.72859310e+03  3.79191700e+03  8.20000000e-02  1.65020000e+01
 -3.72859310e+03  3.79191700e+03  8.20000000e-02  1.65020000e+01
 -3.72859310e+03  3.79191700e+03  8.20000000e-02  1.65020000e+01
 -3.72897067e+03  3.79334400e+03  8.20000000e-02  1.64880000e+01
 -3.72909547e+03  3.79289000e+03  8.20000000e-02  1.64950000e+01
 -3.72979470e+03  3.79333300e+03  8.20000000e-02  1.64970000e+01
 -3.72979470e+03  3.79333300e+03  8.20000000e-02  1.64970000e+01
 -3.72979470e+03  3.79333300e+03  8.20000000e-02  1.64970000e+01
 -3.72979470e+03  3.79333300e+03  8.20000000e-02  1.64970000e+01
 -3.72979470e+03  3.79333300e+03  8.20000000e-02  1.64970000e+01
 -3.74416726e+03  3.79677000e+03  8.20000000e-02  1.64990000e+01
 -3.75318500e+03  3.79817500e+03  8.20000000e-02  1.64140000e+01
 -3.75318500e+03  3.79817500e+03  8.20000000e-02  1.64140000e+01
 -3.75318500e+03  3.79817500e+03  8.20000000e-02  1.64140000e+01
 -3.75318500e+03  3.79817500e+03  8.20000000e-02  1.64140000e+01
 -3.75318500e+03  3.79817500e+03  8.20000000e-02  1.64140000e+01
 -3.75318500e+03  3.79817500e+03  8.20000000e-02  1.64140000e+01
 -3.76161320e+03  3.80081300e+03  8.20000000e-02  1.63990000e+01
 -3.76161320e+03  3.80081300e+03  8.20000000e-02  1.63990000e+01
 -3.76161320e+03  3.80081300e+03  8.20000000e-02  1.63990000e+01
 -3.76478920e+03  3.80135400e+03  8.20000000e-02  1.64100000e+01
 -3.76478920e+03  3.80135400e+03  8.20000000e-02  1.64100000e+01
 -3.76478920e+03  3.80135400e+03  8.20000000e-02  1.64100000e+01
 -3.76478920e+03  3.80135400e+03  8.20000000e-02  1.64100000e+01
 -3.76478920e+03  3.80135400e+03  8.20000000e-02  1.64100000e+01
 -3.76478920e+03  3.80135400e+03  8.20000000e-02  1.64100000e+01
 -3.76478920e+03  3.80135400e+03  8.20000000e-02  1.64100000e+01
 -3.76478920e+03  3.80135400e+03  8.20000000e-02  1.64100000e+01
 -3.76507141e+03  3.80016500e+03  8.20000000e-02  1.65140000e+01
 -3.76847723e+03  3.80576400e+03  8.20000000e-02  1.64560000e+01
 -3.76847723e+03  3.80576400e+03  8.20000000e-02  1.64560000e+01
 -3.76847723e+03  3.80576400e+03  8.20000000e-02  1.64560000e+01
 -3.76847723e+03  3.80576400e+03  8.20000000e-02  1.64560000e+01
 -3.77012183e+03  3.80752500e+03  8.20000000e-02  1.64540000e+01
 -3.77012183e+03  3.80752500e+03  8.20000000e-02  1.64540000e+01
 -3.77012183e+03  3.80752500e+03  8.20000000e-02  1.64540000e+01
 -3.77012183e+03  3.80752500e+03  8.20000000e-02  1.64540000e+01
 -3.77052159e+03  3.80588200e+03  8.20000000e-02  1.64460000e+01
 -3.77052159e+03  3.80588200e+03  8.20000000e-02  1.64460000e+01
 -3.77052159e+03  3.80588200e+03  8.20000000e-02  1.64460000e+01
 -3.77085332e+03  3.80257400e+03  8.20000000e-02  1.64730000e+01