-1.56455120e+03  2.57626700e+03  8.80000000e-02  2.93540000e+01
 -1.95614462e+03  2.96859400e+03  8.90000000e-02  2.28320000e+01
 -2.21882054e+03  3.20488900e+03  8.50000000e-02  1.98310000e+01
 -2.47928004e+03  3.33917800e+03  8.40000000e-02  1.84390000e+01
 -2.71344722e+03  3.45552400e+03  8.40000000e-02  1.78590000e+01
 -2.81798748e+03  3.50549700e+03  8.30000000e-02  1.81960000e+01
 -2.79841490e+03  3.54536100e+03  9.30000000e-02  1.72160000e+01
 -2.77439091e+03  3.55662000e+03  1.02000000e-01  1.70530000e+01
 -2.79311588e+03  3.57488500e+03  8.50000000e-02  1.62180000e+01
 -2.80366137e+03  3.58022400e+03  9.20000000e-02  1.63420000e+01
 -2.83393551e+03  3.59395800e+03  8.30000000e-02  1.62160000e+01
 -2.88835852e+03  3.63577000e+03  8.50000000e-02  1.61430000e+01
 -2.94251516e+03  3.66572500e+03  8.40000000e-02  1.54650000e+01
 -3.07811720e+03  3.69054500e+03  8.80000000e-02  1.53800000e+01
 -3.07811720e+03  3.69054500e+03  8.80000000e-02  1.53800000e+01
 -3.07811720e+03  3.69054500e+03  8.80000000e-02  1.53800000e+01
 -3.07811720e+03  3.69054500e+03  8.80000000e-02  1.53800000e+01
 -3.08507684e+03  3.69632500e+03  8.80000000e-02  1.48600000e+01
 -3.12545197e+03  3.66791300e+03  9.90000000e-02  1.54560000e+01
 -3.12545197e+03  3.66791300e+03  9.90000000e-02  1.54560000e+01
 -3.10630570e+03  3.68706600e+03  9.90000000e-02  1.49670000e+01
 -3.10630570e+03  3.68706600e+03  9.90000000e-02  1.49670000e+01
 -3.12314102e+03  3.67670200e+03  9.80000000e-02  1.59870000e+01
 -3.12314102e+03  3.67670200e+03  9.80000000e-02  1.59870000e+01
 -3.08935159e+03  3.67819200e+03  8.80000000e-02  1.58910000e+01
 -3.06173988e+03  3.65760300e+03  1.08000000e-01  1.67220000e+01
 -3.13338227e+03  3.68542400e+03  1.09000000e-01  1.60370000e+01
 -3.17613469e+03  3.71285700e+03  1.18000000e-01  1.53450000e+01
 -3.17613469e+03  3.71285700e+03  1.18000000e-01  1.53450000e+01
 -3.17613469e+03  3.71285700e+03  1.18000000e-01  1.53450000e+01
 -3.17613469e+03  3.71285700e+03  1.18000000e-01  1.53450000e+01
 -3.17613469e+03  3.71285700e+03  1.18000000e-01  1.53450000e+01
 -3.17613469e+03  3.71285700e+03  1.18000000e-01  1.53450000e+01
 -3.17613469e+03  3.71285700e+03  1.18000000e-01  1.53450000e+01
 -3.15450664e+03  3.69508100e+03  8.60000000e-02  1.56240000e+01
 -3.17692727e+03  3.69044200e+03  8.90000000e-02  1.53300000e+01
 -3.17692727e+03  3.69044200e+03  8.90000000e-02  1.53300000e+01
 -3.17692727e+03  3.69044200e+03  8.90000000e-02  1.53300000e+01
 -3.17692727e+03  3.69044200e+03  8.90000000e-02  1.53300000e+01
 -3.16750600e+03  3.66618100e+03  9.40000000e-02  1.68240000e+01
 -3.16750600e+03  3.66618100e+03  9.40000000e-02  1.68240000e+01
 -3.16750600e+03  3.66618100e+03  9.40000000e-02  1.68240000e+01
 -3.16750600e+03  3.66618100e+03  9.40000000e-02  1.68240000e+01
 -3.16112909e+03  3.66215600e+03  9.10000000e-02  1.69490000e+01
 -3.16112909e+03  3.66215600e+03  9.10000000e-02  1.69490000e+01
 -3.16112909e+03  3.66215600e+03  9.10000000e-02  1.69490000e+01
 -3.16112909e+03  3.66215600e+03  9.10000000e-02  1.69490000e+01
 -3.16112909e+03  3.66215600e+03  9.10000000e-02  1.69490000e+01
 -3.12592689e+03  3.66418400e+03  9.10000000e-02  1.70690000e+01
 -3.11527330e+03  3.66292300e+03  8.50000000e-02  1.65720000e+01
 -3.08476219e+03  3.64482300e+03  8.60000000e-02  1.62590000e+01
 -3.08476219e+03  3.64482300e+03  8.60000000e-02  1.62590000e+01
 -3.12122268e+03  3.63943800e+03  9.20000000e-02  1.63250000e+01
 -3.12122268e+03  3.63943800e+03  9.20000000e-02  1.63250000e+01
 -3.08250900e+03  3.63748300e+03  9.20000000e-02  1.66180000e+01
 -3.08250900e+03  3.63748300e+03  9.20000000e-02  1.66180000e+01
 -3.08250900e+03  3.63748300e+03  9.20000000e-02  1.66180000e+01
 -3.12203157e+03  3.65298800e+03  8.40000000e-02  1.63460000e+01
 -3.06506926e+03  3.65279700e+03  1.12000000e-01  1.57080000e+01
 -3.12540435e+03  3.65299100e+03  1.14000000e-01  1.53870000e+01
 -3.12540435e+03  3.65299100e+03  1.14000000e-01  1.53870000e+01
 -3.12540435e+03  3.65299100e+03  1.14000000e-01  1.53870000e+01
 -3.12540435e+03  3.65299100e+03  1.14000000e-01  1.53870000e+01
 -3.08826501e+03  3.64411700e+03  1.14000000e-01  1.55140000e+01
 -3.06473840e+03  3.65579100e+03  1.12000000e-01  1.56300000e+01
 -3.06473840e+03  3.65579100e+03  1.12000000e-01  1.56300000e+01
 -3.02524904e+03  3.63063600e+03  1.10000000e-01  1.64820000e+01
 -3.13615811e+03  3.67913600e+03  1.09000000e-01  1.48120000e+01
 -3.11576028e+03  3.67914700e+03  9.50000000e-02  1.51520000e+01
 -3.09900028e+03  3.66001000e+03  9.50000000e-02  1.51760000e+01
 -3.15122359e+03  3.69138400e+03  9.50000000e-02  1.55480000e+01
 -3.15122359e+03  3.69138400e+03  9.50000000e-02  1.55480000e+01
 -3.12240226e+03  3.67099200e+03  9.50000000e-02  1.55950000e+01
 -3.09989544e+03  3.68353900e+03  9.50000000e-02  1.57980000e+01
 -3.13164208e+03  3.67813500e+03  8.60000000e-02  1.62850000e+01
 -3.13164208e+03  3.67813500e+03  8.60000000e-02  1.62850000e+01
 -3.09797378e+03  3.67465200e+03  8.40000000e-02  1.67780000e+01
 -3.08104974e+03  3.66150300e+03  1.01000000e-01  1.66050000e+01
 -3.16266941e+03  3.69588300e+03  1.02000000e-01  1.61920000e+01
 -3.10857630e+03  3.69191800e+03  9.00000000e-02  1.57080000e+01
 -3.10857630e+03  3.69191800e+03  9.00000000e-02  1.57080000e+01
 -3.10225314e+03  3.68263500e+03  9.00000000e-02  1.50870000e+01
 -3.10225314e+03  3.68263500e+03  9.00000000e-02  1.50870000e+01
 -3.08097382e+03  3.69451000e+03  8.20000000e-02  1.53710000e+01
 -3.05581603e+03  3.69164500e+03  8.60000000e-02  1.58630000e+01
 -3.00528804e+03  3.66069000e+03  8.60000000e-02  1.59060000e+01
 -3.00611472e+03  3.65854900e+03  8.50000000e-02  1.59630000e+01
 -3.00611472e+03  3.65854900e+03  8.50000000e-02  1.59630000e+01
 -3.00595191e+03  3.65013700e+03  8.50000000e-02  1.62840000e+01
 -3.01303409e+03  3.66109800e+03  8.50000000e-02  1.59540000e+01
 -3.01474653e+03  3.65500400e+03  8.50000000e-02  1.63340000e+01
 -3.01059556e+03  3.66840500e+03  8.50000000e-02  1.58820000e+01
 -3.02133258e+03  3.67435100e+03  8.50000000e-02  1.58620000e+01
 -3.02133258e+03  3.67435100e+03  8.50000000e-02  1.58620000e+01
 -3.03392927e+03  3.67922600e+03  8.50000000e-02  1.55080000e+01
 -3.03392927e+03  3.67922600e+03  8.50000000e-02  1.55080000e+01
 -3.04849563e+03  3.68022100e+03  8.50000000e-02  1.53550000e+01
 -3.05848170e+03  3.68351700e+03  8.50000000e-02  1.53970000e+01
 -3.07415323e+03  3.69366600e+03  8.50000000e-02  1.50940000e+01
 -3.06337106e+03  3.69232600e+03  8.50000000e-02  1.52100000e+01
 -3.07188120e+03  3.69192600e+03  8.50000000e-02  1.53460000e+01
 -3.08063499e+03  3.69955700e+03  8.50000000e-02  1.50690000e+01
 -3.06665106e+03  3.69407900e+03  8.50000000e-02  1.54430000e+01
 -3.06382044e+03  3.68947400e+03  8.50000000e-02  1.55060000e+01
 -3.07074754e+03  3.68561500e+03  8.50000000e-02  1.58300000e+01
 -3.07074754e+03  3.68561500e+03  8.50000000e-02  1.58300000e+01
 -3.05139814e+03  3.68426400e+03  8.50000000e-02  1.59220000e+01
 -3.03710104e+03  3.68780800e+03  8.50000000e-02  1.55770000e+01
 -3.05048086e+03  3.68843400e+03  8.50000000e-02  1.55340000e+01
 -3.07495534e+03  3.69616300e+03  8.50000000e-02  1.56110000e+01
 -3.07495534e+03  3.69616300e+03  8.50000000e-02  1.56110000e+01
 -3.07685354e+03  3.69581700e+03  8.50000000e-02  1.55420000e+01
 -3.07293054e+03  3.68948400e+03  8.50000000e-02  1.58810000e+01
 -3.06848414e+03  3.69656600e+03  8.50000000e-02  1.60100000e+01
 -3.07721162e+03  3.69556000e+03  8.50000000e-02  1.62370000e+01
 -3.07721162e+03  3.69556000e+03  8.50000000e-02  1.62370000e+01
 -3.11480257e+03  3.69288700e+03  8.50000000e-02  1.61300000e+01
 -3.15162031e+03  3.70051800e+03  8.50000000e-02  1.57570000e+01
 -3.17400753e+03  3.70450400e+03  8.50000000e-02  1.56310000e+01
 -3.17400753e+03  3.70450400e+03  8.50000000e-02  1.56310000e+01
 -3.16055516e+03  3.70023400e+03  8.50000000e-02  1.58610000e+01
 -3.17065181e+03  3.70562800e+03  8.50000000e-02  1.59960000e+01
 -3.16777841e+03  3.69685000e+03  8.40000000e-02  1.59920000e+01
 -3.19232761e+03  3.70699900e+03  8.40000000e-02  1.61100000e+01
 -3.19267462e+03  3.71108600e+03  8.40000000e-02  1.60990000e+01
 -3.19267462e+03  3.71108600e+03  8.40000000e-02  1.60990000e+01
 -3.19609674e+03  3.71689900e+03  8.40000000e-02  1.60240000e+01
 -3.19865267e+03  3.71423000e+03  8.40000000e-02  1.60430000e+01
 -3.21081166e+03  3.72794700e+03  8.50000000e-02  1.55800000e+01
 -3.21081166e+03  3.72794700e+03  8.50000000e-02  1.55800000e+01
 -3.18657906e+03  3.71281500e+03  9.90000000e-02  1.60070000e+01
 -3.14983622e+03  3.70980900e+03  9.90000000e-02  1.58020000e+01
 -3.13263162e+03  3.68695900e+03  9.90000000e-02  1.63300000e+01
 -3.15518743e+03  3.69453700e+03  9.90000000e-02  1.60160000e+01
 -3.14343898e+03  3.69278500e+03  9.90000000e-02  1.60340000e+01
 -3.14343898e+03  3.69278500e+03  9.90000000e-02  1.60340000e+01
 -3.14464398e+03  3.68484000e+03  1.00000000e-01  1.62140000e+01
 -3.13555755e+03  3.67794300e+03  1.00000000e-01  1.62030000e+01
 -3.15189876e+03  3.67899300e+03  1.00000000e-01  1.60960000e+01
 -3.15189876e+03  3.67899300e+03  1.00000000e-01  1.60960000e+01
 -3.15189876e+03  3.67899300e+03  1.00000000e-01  1.60960000e+01
 -3.14415536e+03  3.67067200e+03  1.00000000e-01  1.60500000e+01
 -3.14694120e+03  3.66934300e+03  1.00000000e-01  1.61970000e+01
 -3.12847474e+03  3.66306400e+03  1.00000000e-01  1.61520000e+01
 -3.15760478e+03  3.67560200e+03  1.00000000e-01  1.60540000e+01
 -3.16927485e+03  3.68064900e+03  1.00000000e-01  1.61290000e+01
 -3.16927485e+03  3.68064900e+03  1.00000000e-01  1.61290000e+01
 -3.16927485e+03  3.68064900e+03  1.00000000e-01  1.61290000e+01
 -3.15065739e+03  3.67676900e+03  1.09000000e-01  1.62000000e+01
 -3.15065739e+03  3.67676900e+03  1.09000000e-01  1.62000000e+01
 -3.16963687e+03  3.69121200e+03  1.09000000e-01  1.62030000e+01
 -3.16963687e+03  3.69121200e+03  1.09000000e-01  1.62030000e+01
 -3.16963687e+03  3.69121200e+03  1.09000000e-01  1.62030000e+01
 -3.16848668e+03  3.69170800e+03  1.09000000e-01  1.61970000e+01
 -3.17787833e+03  3.68454300e+03  1.10000000e-01  1.64440000e+01
 -3.17870704e+03  3.68386200e+03  1.09000000e-01  1.62050000e+01
 -3.17870704e+03  3.68386200e+03  1.09000000e-01  1.62050000e+01
 -3.18183551e+03  3.68149700e+03  1.09000000e-01  1.62500000e+01
 -3.18183551e+03  3.68149700e+03  1.09000000e-01  1.62500000e+01
 -3.16712301e+03  3.68644800e+03  1.09000000e-01  1.62080000e+01
 -3.17366914e+03  3.69105100e+03  1.09000000e-01  1.61660000e+01
 -3.18779302e+03  3.68250100e+03  1.09000000e-01  1.66840000e+01
 -3.18779302e+03  3.68250100e+03  1.09000000e-01  1.66840000e+01
 -3.18779302e+03  3.68250100e+03  1.09000000e-01  1.66840000e+01
 -3.18757074e+03  3.68709500e+03  1.09000000e-01  1.67470000e+01
 -3.17315668e+03  3.67669600e+03  1.09000000e-01  1.65480000e+01
 -3.16873177e+03  3.67630600e+03  1.09000000e-01  1.64360000e+01
 -3.16873177e+03  3.67630600e+03  1.09000000e-01  1.64360000e+01
 -3.17208713e+03  3.68554800e+03  1.09000000e-01  1.60980000e+01
 -3.18492616e+03  3.69017500e+03  9.80000000e-02  1.59600000e+01
 -3.17777338e+03  3.67801200e+03  9.80000000e-02  1.62460000e+01
 -3.17777338e+03  3.67801200e+03  9.80000000e-02  1.62460000e+01
 -3.17626956e+03  3.68271500e+03  9.80000000e-02  1.61330000e+01
 -3.18823413e+03  3.69200200e+03  9.70000000e-02  1.58600000e+01
 -3.16150330e+03  3.68588300e+03  9.60000000e-02  1.59100000e+01
 -3.15115362e+03  3.67835100e+03  9.60000000e-02  1.59900000e+01
 -3.15999677e+03  3.68326900e+03  9.60000000e-02  1.61440000e+01
 -3.16215003e+03  3.68447100e+03  9.70000000e-02  1.62240000e+01
 -3.17908591e+03  3.69113000e+03  9.70000000e-02  1.61210000e+01
 -3.17908591e+03  3.69113000e+03  9.70000000e-02  1.61210000e+01
 -3.19265724e+03  3.69346500e+03  9.70000000e-02  1.60130000e+01
 -3.19265724e+03  3.69346500e+03  9.70000000e-02  1.60130000e+01
 -3.19265724e+03  3.69346500e+03  9.70000000e-02  1.60130000e+01
 -3.20743872e+03  3.69744200e+03  9.80000000e-02  1.60770000e+01
 -3.19380225e+03  3.68904100e+03  9.90000000e-02  1.63550000e+01
 -3.19380225e+03  3.68904100e+03  9.90000000e-02  1.63550000e+01
 -3.19380225e+03  3.68904100e+03  9.90000000e-02  1.63550000e+01
 -3.19439899e+03  3.69035800e+03  9.90000000e-02  1.64100000e+01
 -3.19439899e+03  3.69035800e+03  9.90000000e-02  1.64100000e+01
 -3.21322444e+03  3.69319000e+03  9.80000000e-02  1.64080000e+01
 -3.21322444e+03  3.69319000e+03  9.80000000e-02  1.64080000e+01
 -3.21322444e+03  3.69319000e+03  9.80000000e-02  1.64080000e+01
 -3.21322444e+03  3.69319000e+03  9.80000000e-02  1.64080000e+01
 -3.21322444e+03  3.69319000e+03  9.80000000e-02  1.64080000e+01
 -3.23111965e+03  3.69272500e+03  9.20000000e-02  1.64670000e+01
 -3.23111965e+03  3.69272500e+03  9.20000000e-02  1.64670000e+01
 -3.23111965e+03  3.69272500e+03  9.20000000e-02  1.64670000e+01
 -3.23111965e+03  3.69272500e+03  9.20000000e-02  1.64670000e+01
 -3.23111965e+03  3.69272500e+03  9.20000000e-02  1.64670000e+01
 -3.23111965e+03  3.69272500e+03  9.20000000e-02  1.64670000e+01
 -3.22613737e+03  3.69081400e+03  9.30000000e-02  1.63650000e+01
 -3.22613737e+03  3.69081400e+03  9.30000000e-02  1.63650000e+01
 -3.22613737e+03  3.69081400e+03  9.30000000e-02  1.63650000e+01
 -3.22613737e+03  3.69081400e+03  9.30000000e-02  1.63650000e+01
 -3.23013961e+03  3.69200400e+03  9.40000000e-02  1.62590000e+01
 -3.23844729e+03  3.69985200e+03  9.40000000e-02  1.61200000e+01
 -3.23844729e+03  3.69985200e+03  9.40000000e-02  1.61200000e+01
 -3.23844729e+03  3.69985200e+03  9.40000000e-02  1.61200000e+01
 -3.23395132e+03  3.70107300e+03  9.40000000e-02  1.61140000e+01
 -3.23640676e+03  3.69161300e+03  9.50000000e-02  1.62160000e+01
 -3.23803722e+03  3.68469500e+03  9.70000000e-02  1.66370000e+01
 -3.22847131e+03  3.68445800e+03  9.60000000e-02  1.64310000e+01
 -3.20781767e+03  3.68342000e+03  9.50000000e-02  1.62360000e+01
 -3.20781767e+03  3.68342000e+03  9.50000000e-02  1.62360000e+01
 -3.20410123e+03  3.67588700e+03  9.50000000e-02  1.62860000e+01
 -3.20166509e+03  3.67149900e+03  9.40000000e-02  1.62500000e+01
 -3.21971939e+03  3.66859000e+03  9.60000000e-02  1.63480000e+01
 -3.21931093e+03  3.66216000e+03  9.70000000e-02  1.65110000e+01
 -3.21931093e+03  3.66216000e+03  9.70000000e-02  1.65110000e+01
 -3.21931093e+03  3.66216000e+03  9.70000000e-02  1.65110000e+01
 -3.20053278e+03  3.66076400e+03  9.80000000e-02  1.62530000e+01
 -3.21531339e+03  3.65966200e+03  9.90000000e-02  1.62780000e+01
 -3.21488137e+03  3.65942400e+03  9.10000000e-02  1.63680000e+01
 -3.22318098e+03  3.67355100e+03  8.80000000e-02  1.60460000e+01
 -3.22318098e+03  3.67355100e+03  8.80000000e-02  1.60460000e+01
 -3.21528704e+03  3.67685100e+03  8.60000000e-02  1.60290000e+01
 -3.21528704e+03  3.67685100e+03  8.60000000e-02  1.60290000e+01
 -3.21122557e+03  3.67239800e+03  8.60000000e-02  1.59580000e+01
 -3.19325635e+03  3.66463700e+03  8.40000000e-02  1.61310000e+01
 -3.19325635e+03  3.66463700e+03  8.40000000e-02  1.61310000e+01
 -3.19325635e+03  3.66463700e+03  8.40000000e-02  1.61310000e+01
 -3.18478583e+03  3.67391200e+03  8.50000000e-02  1.58330000e+01
 -3.18478583e+03  3.67391200e+03  8.50000000e-02  1.58330000e+01
 -3.16210134e+03  3.66952400e+03  8.50000000e-02  1.57300000e+01
 -3.16210134e+03  3.66952400e+03  8.50000000e-02  1.57300000e+01
 -3.16010693e+03  3.66396800e+03  8.50000000e-02  1.58720000e+01
 -3.17208244e+03  3.66989200e+03  8.50000000e-02  1.56570000e+01
 -3.17208244e+03  3.66989200e+03  8.50000000e-02  1.56570000e+01
 -3.17286788e+03  3.67916700e+03  8.60000000e-02  1.56850000e+01
 -3.16775376e+03  3.67531900e+03  8.60000000e-02  1.56110000e+01
 -3.16775376e+03  3.67531900e+03  8.60000000e-02  1.56110000e+01
 -3.19146068e+03  3.67952400e+03  8.60000000e-02  1.58650000e+01
 -3.19146068e+03  3.67952400e+03  8.60000000e-02  1.58650000e+01
 -3.19571947e+03  3.68101600e+03  9.30000000e-02  1.59130000e+01
 -3.19571947e+03  3.68101600e+03  9.30000000e-02  1.59130000e+01
 -3.20702927e+03  3.67910100e+03  9.10000000e-02  1.57490000e+01
 -3.21902082e+03  3.67880800e+03  9.00000000e-02  1.54940000e+01
 -3.21812914e+03  3.68118700e+03  9.00000000e-02  1.57810000e+01
 -3.21844357e+03  3.68047400e+03  9.60000000e-02  1.57730000e+01
 -3.21844357e+03  3.68047400e+03  9.60000000e-02  1.57730000e+01
 -3.21927742e+03  3.68531800e+03  9.90000000e-02  1.56540000e+01
 -3.21927742e+03  3.68531800e+03  9.90000000e-02  1.56540000e+01
 -3.21927742e+03  3.68531800e+03  9.90000000e-02  1.56540000e+01
 -3.21927742e+03  3.68531800e+03  9.90000000e-02  1.56540000e+01
 -3.24200972e+03  3.69487400e+03  9.30000000e-02  1.57940000e+01
 -3.24060124e+03  3.68689700e+03  9.30000000e-02  1.61790000e+01
 -3.24577065e+03  3.68972700e+03  9.20000000e-02  1.63890000e+01
 -3.24577065e+03  3.68972700e+03  9.20000000e-02  1.63890000e+01
 -3.25388533e+03  3.68620400e+03  9.40000000e-02  1.65270000e+01
 -3.25388533e+03  3.68620400e+03  9.40000000e-02  1.65270000e+01
 -3.25388533e+03  3.68620400e+03  9.40000000e-02  1.65270000e+01
 -3.25388533e+03  3.68620400e+03  9.40000000e-02  1.65270000e+01
 -3.25747038e+03  3.69805000e+03  9.20000000e-02  1.63570000e+01
 -3.25995413e+03  3.70134700e+03  9.20000000e-02  1.63090000e+01
 -3.24966554e+03  3.69261100e+03  9.20000000e-02  1.66470000e+01
 -3.25510861e+03  3.68932500e+03  9.20000000e-02  1.66200000e+01
 -3.25510861e+03  3.68932500e+03  9.20000000e-02  1.66200000e+01
 -3.25510861e+03  3.68932500e+03  9.20000000e-02  1.66200000e+01
 -3.25510861e+03  3.68932500e+03  9.20000000e-02  1.66200000e+01
 -3.25510861e+03  3.68932500e+03  9.20000000e-02  1.66200000e+01
 -3.27729942e+03  3.69105600e+03  9.20000000e-02  1.66110000e+01
 -3.31362192e+03  3.70006000e+03  9.10000000e-02  1.64920000e+01
 -3.31362192e+03  3.70006000e+03  9.10000000e-02  1.64920000e+01
 -3.31362192e+03  3.70006000e+03  9.10000000e-02  1.64920000e+01
 -3.31362192e+03  3.70006000e+03  9.10000000e-02  1.64920000e+01
 -3.31362192e+03  3.70006000e+03  9.10000000e-02  1.64920000e+01
 -3.31362192e+03  3.70006000e+03  9.10000000e-02  1.64920000e+01
 -3.31362192e+03  3.70006000e+03  9.10000000e-02  1.64920000e+01
 -3.31362192e+03  3.70006000e+03  9.10000000e-02  1.64920000e+01
 -3.31362192e+03  3.70006000e+03  9.10000000e-02  1.64920000e+01
 -3.31362192e+03  3.70006000e+03  9.10000000e-02  1.64920000e+01
 -3.31186895e+03  3.69440700e+03  9.30000000e-02  1.65890000e+01
 -3.31186895e+03  3.69440700e+03  9.30000000e-02  1.65890000e+01
 -3.31186895e+03  3.69440700e+03  9.30000000e-02  1.65890000e+01
 -3.31988523e+03  3.69514200e+03  9.60000000e-02  1.63770000e+01
 -3.33223449e+03  3.70121600e+03  9.50000000e-02  1.61700000e+01
 -3.35575354e+03  3.70440400e+03  9.40000000e-02  1.61780000e+01
 -3.35575354e+03  3.70440400e+03  9.40000000e-02  1.61780000e+01
 -3.35478922e+03  3.70851300e+03  9.00000000e-02  1.62780000e+01
 -3.34912525e+03  3.69834400e+03  9.10000000e-02  1.63330000e+01
 -3.35405598e+03  3.70436600e+03  9.20000000e-02  1.62770000e+01
 -3.35405598e+03  3.70436600e+03  9.20000000e-02  1.62770000e+01
 -3.35405598e+03  3.70436600e+03  9.20000000e-02  1.62770000e+01
 -3.35405598e+03  3.70436600e+03  9.20000000e-02  1.62770000e+01
 -3.35405598e+03  3.70436600e+03  9.20000000e-02  1.62770000e+01
 -3.36106517e+03  3.70340500e+03  9.10000000e-02  1.63260000e+01
 -3.36106517e+03  3.70340500e+03  9.10000000e-02  1.63260000e+01
 -3.36106517e+03  3.70340500e+03  9.10000000e-02  1.63260000e+01
 -3.36106517e+03  3.70340500e+03  9.10000000e-02  1.63260000e+01
 -3.36106517e+03  3.70340500e+03  9.10000000e-02  1.63260000e+01
 -3.36106517e+03  3.70340500e+03  9.10000000e-02  1.63260000e+01
 -3.36518804e+03  3.71100400e+03  8.50000000e-02  1.62680000e+01
 -3.38537219e+03  3.71758800e+03  8.50000000e-02  1.64070000e+01
 -3.38537219e+03  3.71758800e+03  8.50000000e-02  1.64070000e+01
 -3.38537219e+03  3.71758800e+03  8.50000000e-02  1.64070000e+01
 -3.38537219e+03  3.71758800e+03  8.50000000e-02  1.64070000e+01
 -3.38537219e+03  3.71758800e+03  8.50000000e-02  1.64070000e+01
 -3.38537219e+03  3.71758800e+03  8.50000000e-02  1.64070000e+01
 -3.41694143e+03  3.72211600e+03  8.50000000e-02  1.63710000e+01
 -3.41694143e+03  3.72211600e+03  8.50000000e-02  1.63710000e+01
 -3.40582891e+03  3.70683200e+03  8.30000000e-02  1.67210000e+01
 -3.40294003e+03  3.71570600e+03  8.30000000e-02  1.66320000e+01
 -3.40442510e+03  3.70901600e+03  8.30000000e-02  1.66500000e+01
 -3.40880775e+03  3.70464500e+03  8.20000000e-02  1.65890000e+01
 -3.40880775e+03  3.70464500e+03  8.20000000e-02  1.65890000e+01
 -3.40880775e+03  3.70464500e+03  8.20000000e-02  1.65890000e+01
 -3.40880775e+03  3.70464500e+03  8.20000000e-02  1.65890000e+01
 -3.40880775e+03  3.70464500e+03  8.20000000e-02  1.65890000e+01
 -3.40880775e+03  3.70464500e+03  8.20000000e-02  1.65890000e+01
 -3.40880775e+03  3.70464500e+03  8.20000000e-02  1.65890000e+01
 -3.40880775e+03  3.70464500e+03  8.20000000e-02  1.65890000e+01
 -3.40880775e+03  3.70464500e+03  8.20000000e-02  1.65890000e+01
 -3.40880775e+03  3.70464500e+03  8.20000000e-02  1.65890000e+01
 -3.40880775e+03  3.70464500e+03  8.20000000e-02  1.65890000e+01
 -3.40880775e+03  3.70464500e+03  8.20000000e-02  1.65890000e+01
 -3.40880775e+03  3.70464500e+03  8.20000000e-02  1.65890000e+01
 -3.40880775e+03  3.70464500e+03  8.20000000e-02  1.65890000e+01
 -3.40880775e+03  3.70464500e+03  8.20000000e-02  1.65890000e+01
 -3.40880775e+03  3.70464500e+03  8.20000000e-02  1.65890000e+01
 -3.39941355e+03  3.70866700e+03  8.20000000e-02  1.64970000e+01
 -3.39941355e+03  3.70866700e+03  8.20000000e-02  1.64970000e+01
 -3.39941355e+03  3.70866700e+03  8.20000000e-02  1.64970000e+01
 -3.39941355e+03  3.70866700e+03  8.20000000e-02  1.64970000e+01
 -3.40755542e+03  3.70279700e+03  8.30000000e-02  1.68450000e+01
 -3.40755542e+03  3.70279700e+03  8.30000000e-02  1.68450000e+01
 -3.41347319e+03  3.71409100e+03  8.40000000e-02  1.66420000e+01
 -3.42058030e+03  3.71868600e+03  8.40000000e-02  1.65240000e+01
 -3.42058030e+03  3.71868600e+03  8.40000000e-02  1.65240000e+01
 -3.42058030e+03  3.71868600e+03  8.40000000e-02  1.65240000e+01
 -3.42058030e+03  3.71868600e+03  8.40000000e-02  1.65240000e+01
 -3.42058030e+03  3.71868600e+03  8.40000000e-02  1.65240000e+01
 -3.42058030e+03  3.71868600e+03  8.40000000e-02  1.65240000e+01
 -3.42171566e+03  3.71718300e+03  8.30000000e-02  1.65490000e+01
 -3.42707111e+03  3.73583900e+03  8.20000000e-02  1.64050000e+01
 -3.42707111e+03  3.73583900e+03  8.20000000e-02  1.64050000e+01
 -3.42707111e+03  3.73583900e+03  8.20000000e-02  1.64050000e+01
 -3.42707111e+03  3.73583900e+03  8.20000000e-02  1.64050000e+01
 -3.42808381e+03  3.73958900e+03  8.20000000e-02  1.61580000e+01
 -3.42808381e+03  3.73958900e+03  8.20000000e-02  1.61580000e+01
 -3.42808381e+03  3.73958900e+03  8.20000000e-02  1.61580000e+01
 -3.42808381e+03  3.73958900e+03  8.20000000e-02  1.61580000e+01
 -3.42808381e+03  3.73958900e+03  8.20000000e-02  1.61580000e+01
 -3.42808381e+03  3.73958900e+03  8.20000000e-02  1.61580000e+01
 -3.42808381e+03  3.73958900e+03  8.20000000e-02  1.61580000e+01
 -3.42808381e+03  3.73958900e+03  8.20000000e-02  1.61580000e+01
 -3.42808381e+03  3.73958900e+03  8.20000000e-02  1.61580000e+01
 -3.43985013e+03  3.74533900e+03  8.20000000e-02  1.61480000e+01
 -3.43985013e+03  3.74533900e+03  8.20000000e-02  1.61480000e+01
 -3.43985013e+03  3.74533900e+03  8.20000000e-02  1.61480000e+01
 -3.43985013e+03  3.74533900e+03  8.20000000e-02  1.61480000e+01
 -3.45030863e+03  3.74966100e+03  8.20000000e-02  1.63780000e+01
 -3.45030863e+03  3.74966100e+03  8.20000000e-02  1.63780000e+01
 -3.45030863e+03  3.74966100e+03  8.20000000e-02  1.63780000e+01
 -3.45030863e+03  3.74966100e+03  8.20000000e-02  1.63780000e+01
 -3.45030863e+03  3.74966100e+03  8.20000000e-02  1.63780000e+01
 -3.45317234e+03  3.73863500e+03  8.20000000e-02  1.67700000e+01
 -3.44988128e+03  3.73214900e+03  8.30000000e-02  1.73740000e+01
 -3.44988128e+03  3.73214900e+03  8.30000000e-02  1.73740000e+01
 -3.44988128e+03  3.73214900e+03  8.30000000e-02  1.73740000e+01
 -3.44988128e+03  3.73214900e+03  8.30000000e-02  1.73740000e+01
 -3.44988128e+03  3.73214900e+03  8.30000000e-02  1.73740000e+01
 -3.46615136e+03  3.72424900e+03  8.50000000e-02  1.74540000e+01
 -3.46615136e+03  3.72424900e+03  8.50000000e-02  1.74540000e+01
 -3.46615136e+03  3.72424900e+03  8.50000000e-02  1.74540000e+01
 -3.46615136e+03  3.72424900e+03  8.50000000e-02  1.74540000e+01
 -3.46615136e+03  3.72424900e+03  8.50000000e-02  1.74540000e+01
 -3.46615136e+03  3.72424900e+03  8.50000000e-02  1.74540000e+01
 -3.46615136e+03  3.72424900e+03  8.50000000e-02  1.74540000e+01
 -3.46615136e+03  3.72424900e+03  8.50000000e-02  1.74540000e+01
 -3.48109788e+03  3.72446300e+03  8.50000000e-02  1.73660000e+01
 -3.48057068e+03  3.72178400e+03  8.50000000e-02  1.75960000e+01
 -3.48057068e+03  3.72178400e+03  8.50000000e-02  1.75960000e+01
 -3.48057068e+03  3.72178400e+03  8.50000000e-02  1.75960000e+01
 -3.48057068e+03  3.72178400e+03  8.50000000e-02  1.75960000e+01
 -3.48057068e+03  3.72178400e+03  8.50000000e-02  1.75960000e+01
 -3.48057068e+03  3.72178400e+03  8.50000000e-02  1.75960000e+01
 -3.47850812e+03  3.72103700e+03  8.50000000e-02  1.74520000e+01
 -3.47850812e+03  3.72103700e+03  8.50000000e-02  1.74520000e+01
 -3.47850812e+03  3.72103700e+03  8.50000000e-02  1.74520000e+01
 -3.47850812e+03  3.72103700e+03  8.50000000e-02  1.74520000e+01
 -3.47850812e+03  3.72103700e+03  8.50000000e-02  1.74520000e+01
 -3.47850812e+03  3.72103700e+03  8.50000000e-02  1.74520000e+01
 -3.47850812e+03  3.72103700e+03  8.50000000e-02  1.74520000e+01
 -3.48331095e+03  3.72206300e+03  8.50000000e-02  1.76110000e+01
 -3.48331095e+03  3.72206300e+03  8.50000000e-02  1.76110000e+01
 -3.48331095e+03  3.72206300e+03  8.50000000e-02  1.76110000e+01
 -3.48331095e+03  3.72206300e+03  8.50000000e-02  1.76110000e+01
 -3.48331095e+03  3.72206300e+03  8.50000000e-02  1.76110000e+01
 -3.48331095e+03  3.72206300e+03  8.50000000e-02  1.76110000e+01
 -3.48331095e+03  3.72206300e+03  8.50000000e-02  1.76110000e+01
 -3.48331095e+03  3.72206300e+03  8.50000000e-02  1.76110000e+01
 -3.48331095e+03  3.72206300e+03  8.50000000e-02  1.76110000e+01
 -3.48331095e+03  3.72206300e+03  8.50000000e-02  1.76110000e+01
 -3.48331095e+03  3.72206300e+03  8.50000000e-02  1.76110000e+01
 -3.48331095e+03  3.72206300e+03  8.50000000e-02  1.76110000e+01
 -3.48331095e+03  3.72206300e+03  8.50000000e-02  1.76110000e+01
 -3.48331095e+03  3.72206300e+03  8.50000000e-02  1.76110000e+01
 -3.48331095e+03  3.72206300e+03  8.50000000e-02  1.76110000e+01
 -3.48331095e+03  3.72206300e+03  8.50000000e-02  1.76110000e+01
 -3.48331095e+03  3.72206300e+03  8.50000000e-02  1.76110000e+01
 -3.48331095e+03  3.72206300e+03  8.50000000e-02  1.76110000e+01
 -3.48331095e+03  3.72206300e+03  8.50000000e-02  1.76110000e+01
 -3.48331095e+03  3.72206300e+03  8.50000000e-02  1.76110000e+01
 -3.48331095e+03  3.72206300e+03  8.50000000e-02  1.76110000e+01
 -3.48331095e+03  3.72206300e+03  8.50000000e-02  1.76110000e+01
 -3.48331095e+03  3.72206300e+03  8.50000000e-02  1.76110000e+01
 -3.48331095e+03  3.72206300e+03  8.50000000e-02  1.76110000e+01
 -3.48026113e+03  3.72337200e+03  8.50000000e-02  1.76650000e+01
 -3.48026113e+03  3.72337200e+03  8.50000000e-02  1.76650000e+01
 -3.48026113e+03  3.72337200e+03  8.50000000e-02  1.76650000e+01
 -3.48026113e+03  3.72337200e+03  8.50000000e-02  1.76650000e+01
 -3.47520094e+03  3.72345700e+03  8.50000000e-02  1.75580000e+01
 -3.47520094e+03  3.72345700e+03  8.50000000e-02  1.75580000e+01
 -3.47520094e+03  3.72345700e+03  8.50000000e-02  1.75580000e+01
 -3.47520094e+03  3.72345700e+03  8.50000000e-02  1.75580000e+01
 -3.47520094e+03  3.72345700e+03  8.50000000e-02  1.75580000e+01
 -3.47520094e+03  3.72345700e+03  8.50000000e-02  1.75580000e+01
 -3.47520094e+03  3.72345700e+03  8.50000000e-02  1.75580000e+01
 -3.47520094e+03  3.72345700e+03  8.50000000e-02  1.75580000e+01
 -3.47520094e+03  3.72345700e+03  8.50000000e-02  1.75580000e+01
 -3.47520094e+03  3.72345700e+03  8.50000000e-02  1.75580000e+01
 -3.47520094e+03  3.72345700e+03  8.50000000e-02  1.75580000e+01
 -3.47520094e+03  3.72345700e+03  8.50000000e-02  1.75580000e+01
 -3.47520094e+03  3.72345700e+03  8.50000000e-02  1.75580000e+01
 -3.48991780e+03  3.72352900e+03  8.40000000e-02  1.75680000e+01
 -3.48991780e+03  3.72352900e+03  8.40000000e-02  1.75680000e+01
 -3.48991780e+03  3.72352900e+03  8.40000000e-02  1.75680000e+01
 -3.48991780e+03  3.72352900e+03  8.40000000e-02  1.75680000e+01
 -3.49433808e+03  3.72900800e+03  8.40000000e-02  1.74290000e+01
 -3.49433808e+03  3.72900800e+03  8.40000000e-02  1.74290000e+01
 -3.49433808e+03  3.72900800e+03  8.40000000e-02  1.74290000e+01
 -3.50330346e+03  3.72048900e+03  8.40000000e-02  1.75630000e+01
 -3.51635264e+03  3.71445800e+03  8.40000000e-02  1.76310000e+01
 -3.51635264e+03  3.71445800e+03  8.40000000e-02  1.76310000e+01
 -3.51635264e+03  3.71445800e+03  8.40000000e-02  1.76310000e+01
 -3.51635264e+03  3.71445800e+03  8.40000000e-02  1.76310000e+01
 -3.51635264e+03  3.71445800e+03  8.40000000e-02  1.76310000e+01
 -3.51635264e+03  3.71445800e+03  8.40000000e-02  1.76310000e+01
 -3.51635264e+03  3.71445800e+03  8.40000000e-02  1.76310000e+01
 -3.51635264e+03  3.71445800e+03  8.40000000e-02  1.76310000e+01
 -3.51635264e+03  3.71445800e+03  8.40000000e-02  1.76310000e+01
 -3.51635264e+03  3.71445800e+03  8.40000000e-02  1.76310000e+01
 -3.51635264e+03  3.71445800e+03  8.40000000e-02  1.76310000e+01
 -3.51635264e+03  3.71445800e+03  8.40000000e-02  1.76310000e+01
 -3.51635264e+03  3.71445800e+03  8.40000000e-02  1.76310000e+01
 -3.52792175e+03  3.72261800e+03  8.40000000e-02  1.73990000e+01
 -3.53027906e+03  3.72932000e+03  9.00000000e-02  1.70640000e+01
 -3.53027906e+03  3.72932000e+03  9.00000000e-02  1.70640000e+01
 -3.53027906e+03  3.72932000e+03  9.00000000e-02  1.70640000e+01
 -3.53027906e+03  3.72932000e+03  9.00000000e-02  1.70640000e+01
 -3.53283867e+03  3.72366600e+03  9.00000000e-02  1.70530000e+01
 -3.53283867e+03  3.72366600e+03  9.00000000e-02  1.70530000e+01
 -3.53283867e+03  3.72366600e+03  9.00000000e-02  1.70530000e+01
 -3.53283867e+03  3.72366600e+03  9.00000000e-02  1.70530000e+01
 -3.53283867e+03  3.72366600e+03  9.00000000e-02  1.70530000e+01
 -3.53469092e+03  3.71596000e+03  9.00000000e-02  1.70990000e+01
 -3.53469092e+03  3.71596000e+03  9.00000000e-02  1.70990000e+01
 -3.53469092e+03  3.71596000e+03  9.00000000e-02  1.70990000e+01
 -3.53469092e+03  3.71596000e+03  9.00000000e-02  1.70990000e+01
 -3.53469092e+03  3.71596000e+03  9.00000000e-02  1.70990000e+01
 -3.53469092e+03  3.71596000e+03  9.00000000e-02  1.70990000e+01
 -3.53469092e+03  3.71596000e+03  9.00000000e-02  1.70990000e+01
 -3.53469092e+03  3.71596000e+03  9.00000000e-02  1.70990000e+01
 -3.53469092e+03  3.71596000e+03  9.00000000e-02  1.70990000e+01
 -3.53469092e+03  3.71596000e+03  9.00000000e-02  1.70990000e+01
 -3.53469092e+03  3.71596000e+03  9.00000000e-02  1.70990000e+01
 -3.54501408e+03  3.71757100e+03  9.00000000e-02  1.70590000e+01
 -3.54501408e+03  3.71757100e+03  9.00000000e-02  1.70590000e+01
 -3.54501408e+03  3.71757100e+03  9.00000000e-02  1.70590000e+01
 -3.54501408e+03  3.71757100e+03  9.00000000e-02  1.70590000e+01
 -3.54501408e+03  3.71757100e+03  9.00000000e-02  1.70590000e+01
 -3.54501408e+03  3.71757100e+03  9.00000000e-02  1.70590000e+01
 -3.54519317e+03  3.72010000e+03  9.00000000e-02  1.71380000e+01
 -3.55610602e+03  3.73212300e+03  9.00000000e-02  1.67670000e+01
 -3.55610602e+03  3.73212300e+03  9.00000000e-02  1.67670000e+01
 -3.55610602e+03  3.73212300e+03  9.00000000e-02  1.67670000e+01
 -3.55610602e+03  3.73212300e+03  9.00000000e-02  1.67670000e+01
 -3.55610602e+03  3.73212300e+03  9.00000000e-02  1.67670000e+01
 -3.55610602e+03  3.73212300e+03  9.00000000e-02  1.67670000e+01
 -3.55610602e+03  3.73212300e+03  9.00000000e-02  1.67670000e+01
 -3.55610602e+03  3.73212300e+03  9.00000000e-02  1.67670000e+01
 -3.55610602e+03  3.73212300e+03  9.00000000e-02  1.67670000e+01
 -3.55610602e+03  3.73212300e+03  9.00000000e-02  1.67670000e+01
 -3.55610602e+03  3.73212300e+03  9.00000000e-02  1.67670000e+01
 -3.55610602e+03  3.73212300e+03  9.00000000e-02  1.67670000e+01
 -3.55610602e+03  3.73212300e+03  9.00000000e-02  1.67670000e+01
 -3.55610602e+03  3.73212300e+03  9.00000000e-02  1.67670000e+01
 -3.55610602e+03  3.73212300e+03  9.00000000e-02  1.67670000e+01
 -3.55610602e+03  3.73212300e+03  9.00000000e-02  1.67670000e+01
 -3.55610602e+03  3.73212300e+03  9.00000000e-02  1.67670000e+01
 -3.55610602e+03  3.73212300e+03  9.00000000e-02  1.67670000e+01
 -3.55610602e+03  3.73212300e+03  9.00000000e-02  1.67670000e+01
 -3.55610602e+03  3.73212300e+03  9.00000000e-02  1.67670000e+01
 -3.55610602e+03  3.73212300e+03  9.00000000e-02  1.67670000e+01
 -3.55610602e+03  3.73212300e+03  9.00000000e-02  1.67670000e+01
 -3.55610602e+03  3.73212300e+03  9.00000000e-02  1.67670000e+01
 -3.55610602e+03  3.73212300e+03  9.00000000e-02  1.67670000e+01
 -3.55610602e+03  3.73212300e+03  9.00000000e-02  1.67670000e+01
 -3.55610602e+03  3.73212300e+03  9.00000000e-02  1.67670000e+01
 -3.55610602e+03  3.73212300e+03  9.00000000e-02  1.67670000e+01
 -3.55610602e+03  3.73212300e+03  9.00000000e-02  1.67670000e+01
 -3.55610602e+03  3.73212300e+03  9.00000000e-02  1.67670000e+01
 -3.55610602e+03  3.73212300e+03  9.00000000e-02  1.67670000e+01
 -3.55820462e+03  3.74489900e+03  9.20000000e-02  1.66630000e+01
 -3.55820462e+03  3.74489900e+03  9.20000000e-02  1.66630000e+01
 -3.55820462e+03  3.74489900e+03  9.20000000e-02  1.66630000e+01
 -3.55820462e+03  3.74489900e+03  9.20000000e-02  1.66630000e+01
 -3.55820462e+03  3.74489900e+03  9.20000000e-02  1.66630000e+01
 -3.55820462e+03  3.74489900e+03  9.20000000e-02  1.66630000e+01
 -3.55820462e+03  3.74489900e+03  9.20000000e-02  1.66630000e+01
 -3.55820462e+03  3.74489900e+03  9.20000000e-02  1.66630000e+01
 -3.55820462e+03  3.74489900e+03  9.20000000e-02  1.66630000e+01
 -3.55820462e+03  3.74489900e+03  9.20000000e-02  1.66630000e+01
 -3.55820462e+03  3.74489900e+03  9.20000000e-02  1.66630000e+01
 -3.55820462e+03  3.74489900e+03  9.20000000e-02  1.66630000e+01
 -3.55820462e+03  3.74489900e+03  9.20000000e-02  1.66630000e+01
 -3.55820462e+03  3.74489900e+03  9.20000000e-02  1.66630000e+01
 -3.55820462e+03  3.74489900e+03  9.20000000e-02  1.66630000e+01
 -3.55820462e+03  3.74489900e+03  9.20000000e-02  1.66630000e+01
 -3.55820462e+03  3.74489900e+03  9.20000000e-02  1.66630000e+01
 -3.55820462e+03  3.74489900e+03  9.20000000e-02  1.66630000e+01
 -3.55820462e+03  3.74489900e+03  9.20000000e-02  1.66630000e+01
 -3.55820462e+03  3.74489900e+03  9.20000000e-02  1.66630000e+01
 -3.55820462e+03  3.74489900e+03  9.20000000e-02  1.66630000e+01
 -3.55820462e+03  3.74489900e+03  9.20000000e-02  1.66630000e+01
 -3.55820462e+03  3.74489900e+03  9.20000000e-02  1.66630000e+01
 -3.55820462e+03  3.74489900e+03  9.20000000e-02  1.66630000e+01
 -3.55820462e+03  3.74489900e+03  9.20000000e-02  1.66630000e+01
 -3.55820462e+03  3.74489900e+03  9.20000000e-02  1.66630000e+01
 -3.55820462e+03  3.74489900e+03  9.20000000e-02  1.66630000e+01
 -3.55820462e+03  3.74489900e+03  9.20000000e-02  1.66630000e+01
 -3.55820462e+03  3.74489900e+03  9.20000000e-02  1.66630000e+01
 -3.56441668e+03  3.74655300e+03  9.20000000e-02  1.66040000e+01
 -3.56417809e+03  3.74732100e+03  9.20000000e-02  1.65860000e+01
 -3.56399054e+03  3.74606800e+03  9.20000000e-02  1.66190000e+01
 -3.56319553e+03  3.74540900e+03  9.20000000e-02  1.66220000e+01
 -3.56319553e+03  3.74540900e+03  9.20000000e-02  1.66220000e+01
 -3.56618235e+03  3.74616600e+03  9.20000000e-02  1.66760000e+01
 -3.56668471e+03  3.74596100e+03  9.20000000e-02  1.66780000e+01
 -3.57009780e+03  3.74698600e+03  9.20000000e-02  1.64580000e+01
 -3.57001313e+03  3.74444600e+03  9.20000000e-02  1.65750000e+01
 -3.57001313e+03  3.74444600e+03  9.20000000e-02  1.65750000e+01
 -3.57862208e+03  3.74390500e+03  9.20000000e-02  1.66090000e+01
 -3.57913490e+03  3.74240200e+03  9.20000000e-02  1.66110000e+01
 -3.57913490e+03  3.74240200e+03  9.20000000e-02  1.66110000e+01
 -3.58783374e+03  3.74022900e+03  9.20000000e-02  1.66220000e+01
 -3.58733095e+03  3.73837000e+03  9.20000000e-02  1.66410000e+01
 -3.58741756e+03  3.74022900e+03  9.20000000e-02  1.65980000e+01
 -3.58850893e+03  3.74135200e+03  9.20000000e-02  1.65960000e+01
 -3.59013618e+03  3.74397900e+03  9.20000000e-02  1.65380000e+01
 -3.59315552e+03  3.74683300e+03  9.20000000e-02  1.64430000e+01
 -3.59392211e+03  3.74682200e+03  9.20000000e-02  1.64790000e+01
 -3.59396922e+03  3.74726500e+03  9.20000000e-02  1.64430000e+01
 -3.59694219e+03  3.74823900e+03  9.20000000e-02  1.64140000e+01
 -3.59694219e+03  3.74823900e+03  9.20000000e-02  1.64140000e+01
 -3.59694219e+03  3.74823900e+03  9.20000000e-02  1.64140000e+01
 -3.60228972e+03  3.74935200e+03  9.20000000e-02  1.64140000e+01
 -3.60228972e+03  3.74935200e+03  9.20000000e-02  1.64140000e+01
 -3.60228972e+03  3.74935200e+03  9.20000000e-02  1.64140000e+01
 -3.61206815e+03  3.75144800e+03  9.20000000e-02  1.64010000e+01
 -3.61206815e+03  3.75144800e+03  9.20000000e-02  1.64010000e+01
 -3.61206815e+03  3.75144800e+03  9.20000000e-02  1.64010000e+01
 -3.61206815e+03  3.75144800e+03  9.20000000e-02  1.64010000e+01
 -3.61206492e+03  3.75241100e+03  9.20000000e-02  1.63920000e+01
 -3.61206492e+03  3.75241100e+03  9.20000000e-02  1.63920000e+01
 -3.61472591e+03  3.75361100e+03  9.20000000e-02  1.64640000e+01
 -3.61497332e+03  3.75307000e+03  9.20000000e-02  1.65260000e+01
 -3.61651140e+03  3.75171900e+03  9.20000000e-02  1.64450000e+01
 -3.61651140e+03  3.75171900e+03  9.20000000e-02  1.64450000e+01
 -3.61651140e+03  3.75171900e+03  9.20000000e-02  1.64450000e+01
 -3.61631173e+03  3.75060600e+03  9.20000000e-02  1.64730000e+01
 -3.61631173e+03  3.75060600e+03  9.20000000e-02  1.64730000e+01
 -3.61631173e+03  3.75060600e+03  9.20000000e-02  1.64730000e+01
 -3.61580910e+03  3.74796800e+03  9.20000000e-02  1.65800000e+01
 -3.61576366e+03  3.74774100e+03  9.20000000e-02  1.65750000e+01
 -3.61576366e+03  3.74774100e+03  9.20000000e-02  1.65750000e+01
 -3.62578799e+03  3.75028100e+03  9.20000000e-02  1.65960000e+01
 -3.62563259e+03  3.74982700e+03  9.20000000e-02  1.66010000e+01
 -3.62283167e+03  3.74915800e+03  9.20000000e-02  1.65930000e+01
 -3.62522386e+03  3.75021800e+03  9.20000000e-02  1.64750000e+01
 -3.62522386e+03  3.75021800e+03  9.20000000e-02  1.64750000e+01
 -3.62522386e+03  3.75021800e+03  9.20000000e-02  1.64750000e+01
 -3.62522386e+03  3.75021800e+03  9.20000000e-02  1.64750000e+01
 -3.62522386e+03  3.75021800e+03  9.20000000e-02  1.64750000e+01
 -3.62569114e+03  3.74880200e+03  9.20000000e-02  1.65560000e+01
 -3.62569114e+03  3.74880200e+03  9.20000000e-02  1.65560000e+01
 -3.62569114e+03  3.74880200e+03  9.20000000e-02  1.65560000e+01
 -3.62650879e+03  3.74858600e+03  9.20000000e-02  1.65340000e+01
 -3.62651911e+03  3.74925600e+03  9.20000000e-02  1.65370000e+01
 -3.62651911e+03  3.74925600e+03  9.20000000e-02  1.65370000e+01
 -3.62651911e+03  3.74925600e+03  9.20000000e-02  1.65370000e+01
 -3.62651911e+03  3.74925600e+03  9.20000000e-02  1.65370000e+01
 -3.62651911e+03  3.74925600e+03  9.20000000e-02  1.65370000e+01
 -3.62651911e+03  3.74925600e+03  9.20000000e-02  1.65370000e+01
 -3.63236597e+03  3.75111500e+03  9.20000000e-02  1.64710000e+01
 -3.63604774e+03  3.75321200e+03  9.20000000e-02  1.64500000e+01
 -3.63604774e+03  3.75321200e+03  9.20000000e-02  1.64500000e+01
 -3.63771609e+03  3.75485500e+03  9.20000000e-02  1.64500000e+01
 -3.63771609e+03  3.75485500e+03  9.20000000e-02  1.64500000e+01
 -3.64353958e+03  3.75417400e+03  9.20000000e-02  1.64600000e+01
 -3.64353958e+03  3.75417400e+03  9.20000000e-02  1.64600000e+01
 -3.64353958e+03  3.75417400e+03  9.20000000e-02  1.64600000e+01
 -3.64390216e+03  3.75429200e+03  9.20000000e-02  1.64230000e+01
 -3.64390216e+03  3.75429200e+03  9.20000000e-02  1.64230000e+01
 -3.64435393e+03  3.75616200e+03  9.20000000e-02  1.64200000e+01
 -3.64435393e+03  3.75616200e+03  9.20000000e-02  1.64200000e+01
 -3.64435393e+03  3.75616200e+03  9.20000000e-02  1.64200000e+01
 -3.64366523e+03  3.75549200e+03  9.20000000e-02  1.64300000e+01
 -3.64366523e+03  3.75549200e+03  9.20000000e-02  1.64300000e+01
 -3.65526256e+03  3.75856200e+03  9.20000000e-02  1.64270000e+01
 -3.65502602e+03  3.75856200e+03  9.20000000e-02  1.64550000e+01
 -3.65783636e+03  3.75998900e+03  9.20000000e-02  1.64820000e+01
 -3.65783636e+03  3.75998900e+03  9.20000000e-02  1.64820000e+01
 -3.65915041e+03  3.76274500e+03  9.20000000e-02  1.64030000e+01
 -3.65915041e+03  3.76274500e+03  9.20000000e-02  1.64030000e+01
 -3.65915041e+03  3.76274500e+03  9.20000000e-02  1.64030000e+01
 -3.65987981e+03  3.76759800e+03  9.20000000e-02  1.62320000e+01
 -3.66088092e+03  3.76825700e+03  9.20000000e-02  1.62150000e+01
 -3.66189595e+03  3.76892700e+03  9.20000000e-02  1.62150000e+01
 -3.66081875e+03  3.76794300e+03  9.20000000e-02  1.60780000e+01
 -3.66081875e+03  3.76794300e+03  9.20000000e-02  1.60780000e+01
 -3.66477846e+03  3.77168300e+03  9.30000000e-02  1.60620000e+01
 -3.66477846e+03  3.77168300e+03  9.30000000e-02  1.60620000e+01
 -3.66477846e+03  3.77168300e+03  9.30000000e-02  1.60620000e+01
 -3.66497686e+03  3.77189900e+03  9.30000000e-02  1.59320000e+01
 -3.66507844e+03  3.77049400e+03  9.30000000e-02  1.59460000e+01
 -3.66507844e+03  3.77049400e+03  9.30000000e-02  1.59460000e+01
 -3.66507844e+03  3.77049400e+03  9.30000000e-02  1.59460000e+01
 -3.66507844e+03  3.77049400e+03  9.30000000e-02  1.59460000e+01
 -3.67445116e+03  3.77115300e+03  9.30000000e-02  1.59260000e+01
 -3.67445116e+03  3.77115300e+03  9.30000000e-02  1.59260000e+01
 -3.67445116e+03  3.77115300e+03  9.30000000e-02  1.59260000e+01
 -3.67540667e+03  3.77062300e+03  9.30000000e-02  1.59260000e+01
 -3.67493532e+03  3.77085000e+03  9.30000000e-02  1.59200000e+01
 -3.67493532e+03  3.77085000e+03  9.30000000e-02  1.59200000e+01
 -3.68011382e+03  3.77502200e+03  9.30000000e-02  1.58910000e+01
 -3.68011382e+03  3.77502200e+03  9.30000000e-02  1.58910000e+01
 -3.68264676e+03  3.77688100e+03  9.30000000e-02  1.59310000e+01
 -3.68676426e+03  3.77599500e+03  9.30000000e-02  1.59420000e+01
 -3.68982077e+03  3.77676300e+03  9.30000000e-02  1.59440000e+01
 -3.68982077e+03  3.77676300e+03  9.30000000e-02  1.59440000e+01
 -3.68982077e+03  3.77676300e+03  9.30000000e-02  1.59440000e+01
 -3.68997379e+03  3.77586600e+03  9.30000000e-02  1.59690000e+01
 -3.68997379e+03  3.77586600e+03  9.30000000e-02  1.59690000e+01
 -3.69584190e+03  3.77421200e+03  9.40000000e-02  1.60140000e+01
 -3.69584190e+03  3.77421200e+03  9.40000000e-02  1.60140000e+01
 -3.69584190e+03  3.77421200e+03  9.40000000e-02  1.60140000e+01
 -3.69584190e+03  3.77421200e+03  9.40000000e-02  1.60140000e+01
 -3.69659273e+03  3.77618000e+03  9.40000000e-02  1.60070000e+01
 -3.69659273e+03  3.77618000e+03  9.40000000e-02  1.60070000e+01
 -3.69659273e+03  3.77618000e+03  9.40000000e-02  1.60070000e+01
 -3.69659273e+03  3.77618000e+03  9.40000000e-02  1.60070000e+01
 -3.69659273e+03  3.77618000e+03  9.40000000e-02  1.60070000e+01
 -3.69659273e+03  3.77618000e+03  9.40000000e-02  1.60070000e+01
 -3.69659273e+03  3.77618000e+03  9.40000000e-02  1.60070000e+01
 -3.69983996e+03  3.77452600e+03  9.40000000e-02  1.60200000e+01
 -3.69983996e+03  3.77452600e+03  9.40000000e-02  1.60200000e+01
 -3.69983996e+03  3.77452600e+03  9.40000000e-02  1.60200000e+01
 -3.69983996e+03  3.77452600e+03  9.40000000e-02  1.60200000e+01
 -3.70010619e+03  3.77475300e+03  9.40000000e-02  1.59990000e+01
 -3.70010619e+03  3.77475300e+03  9.40000000e-02  1.59990000e+01
 -3.70026625e+03  3.77608200e+03  9.40000000e-02  1.59710000e+01
 -3.70026625e+03  3.77608200e+03  9.40000000e-02  1.59710000e+01
 -3.70026625e+03  3.77608200e+03  9.40000000e-02  1.59710000e+01
 -3.70026625e+03  3.77608200e+03  9.40000000e-02  1.59710000e+01
 -3.70026625e+03  3.77608200e+03  9.40000000e-02  1.59710000e+01
 -3.70069994e+03  3.77697900e+03  9.40000000e-02  1.59660000e+01
 -3.70422253e+03  3.77720600e+03  9.40000000e-02  1.59980000e+01
 -3.70422253e+03  3.77720600e+03  9.40000000e-02  1.59980000e+01
 -3.70422253e+03  3.77720600e+03  9.40000000e-02  1.59980000e+01
 -3.70541338e+03  3.77817900e+03  9.40000000e-02  1.60120000e+01
 -3.70541338e+03  3.77817900e+03  9.40000000e-02  1.60120000e+01
 -3.70541338e+03  3.77817900e+03  9.40000000e-02  1.60120000e+01
 -3.70545217e+03  3.77838400e+03  9.40000000e-02  1.60080000e+01
 -3.70678976e+03  3.77981100e+03  9.40000000e-02  1.60060000e+01
 -3.70678976e+03  3.77981100e+03  9.40000000e-02  1.60060000e+01
 -3.70753457e+03  3.78047000e+03  9.40000000e-02  1.60580000e+01
 -3.70753457e+03  3.78047000e+03  9.40000000e-02  1.60580000e+01
 -3.70753457e+03  3.78047000e+03  9.40000000e-02  1.60580000e+01
 -3.70753457e+03  3.78047000e+03  9.40000000e-02  1.60580000e+01
 -3.70753457e+03  3.78047000e+03  9.40000000e-02  1.60580000e+01
 -3.70869771e+03  3.78225300e+03  9.40000000e-02  1.59550000e+01
 -3.70869771e+03  3.78225300e+03  9.40000000e-02  1.59550000e+01
 -3.70869771e+03  3.78225300e+03  9.40000000e-02  1.59550000e+01
 -3.70869771e+03  3.78225300e+03  9.40000000e-02  1.59550000e+01
 -3.71050866e+03  3.78115100e+03  9.40000000e-02  1.60020000e+01
 -3.71050866e+03  3.78115100e+03  9.40000000e-02  1.60020000e+01
 -3.71050866e+03  3.78115100e+03  9.40000000e-02  1.60020000e+01
 -3.71050866e+03  3.78115100e+03  9.40000000e-02  1.60020000e+01
 -3.71050866e+03  3.78115100e+03  9.40000000e-02  1.60020000e+01
 -3.71618310e+03  3.78016700e+03  9.40000000e-02  1.60610000e+01
 -3.71773109e+03  3.78336600e+03  9.30000000e-02  1.59790000e+01
 -3.71773109e+03  3.78336600e+03  9.30000000e-02  1.59790000e+01
 -3.71823159e+03  3.78807900e+03  9.30000000e-02  1.57710000e+01
 -3.71823159e+03  3.78807900e+03  9.30000000e-02  1.57710000e+01
 -3.71823159e+03  3.78807900e+03  9.30000000e-02  1.57710000e+01
 -3.71823159e+03  3.78807900e+03  9.30000000e-02  1.57710000e+01
 -3.71823159e+03  3.78807900e+03  9.30000000e-02  1.57710000e+01
 -3.71823159e+03  3.78807900e+03  9.30000000e-02  1.57710000e+01
 -3.71880613e+03  3.78853300e+03  9.30000000e-02  1.57710000e+01
 -3.71935954e+03  3.79314800e+03  9.30000000e-02  1.57550000e+01
 -3.71935954e+03  3.79314800e+03  9.30000000e-02  1.57550000e+01
 -3.72097831e+03  3.79448800e+03  9.30000000e-02  1.57490000e+01
 -3.72097831e+03  3.79448800e+03  9.30000000e-02  1.57490000e+01
 -3.72097831e+03  3.79448800e+03  9.30000000e-02  1.57490000e+01
 -3.72172871e+03  3.79307200e+03  9.30000000e-02  1.58310000e+01
 -3.72172871e+03  3.79307200e+03  9.30000000e-02  1.58310000e+01
 -3.72172871e+03  3.79307200e+03  9.30000000e-02  1.58310000e+01
 -3.73224256e+03  3.79724400e+03  9.30000000e-02  1.58290000e+01
 -3.73224256e+03  3.79724400e+03  9.30000000e-02  1.58290000e+01
 -3.73224256e+03  3.79724400e+03  9.30000000e-02  1.58290000e+01
 -3.73305185e+03  3.79781600e+03  9.30000000e-02  1.57450000e+01
 -3.73305185e+03  3.79781600e+03  9.30000000e-02  1.57450000e+01
 -3.74401119e+03  3.80254000e+03  9.30000000e-02  1.57280000e+01
 -3.74567078e+03  3.80312300e+03  9.30000000e-02  1.57210000e+01
 -3.74567078e+03  3.80312300e+03  9.30000000e-02  1.57210000e+01
 -3.74567078e+03  3.80312300e+03  9.30000000e-02  1.57210000e+01
 -3.74903925e+03  3.80423600e+03  9.40000000e-02  1.58010000e+01
 -3.74903925e+03  3.80423600e+03  9.40000000e-02  1.58010000e+01
 -3.74903925e+03  3.80423600e+03  9.40000000e-02  1.58010000e+01
 -3.74903925e+03  3.80423600e+03  9.40000000e-02  1.58010000e+01
 -3.75118874e+03  3.80469000e+03  9.40000000e-02  1.58010000e+01
 -3.75118874e+03  3.80469000e+03  9.40000000e-02  1.58010000e+01
 -3.75118874e+03  3.80469000e+03  9.40000000e-02  1.58010000e+01
 -3.75740620e+03  3.80491700e+03  9.40000000e-02  1.58560000e+01
 -3.75743646e+03  3.80417100e+03  9.40000000e-02  1.58950000e+01
 -3.75743646e+03  3.80417100e+03  9.40000000e-02  1.58950000e+01
 -3.75743646e+03  3.80417100e+03  9.40000000e-02  1.58950000e+01
 -3.76561963e+03  3.80417100e+03  9.40000000e-02  1.58940000e+01
 -3.76561963e+03  3.80417100e+03  9.40000000e-02  1.58940000e+01
 -3.76561963e+03  3.80417100e+03  9.40000000e-02  1.58940000e+01
 -3.76624436e+03  3.80416000e+03  9.40000000e-02  1.59040000e+01
 -3.76624436e+03  3.80416000e+03  9.40000000e-02  1.59040000e+01
 -3.77253837e+03  3.80682900e+03  9.40000000e-02  1.59010000e+01
 -3.77253837e+03  3.80682900e+03  9.40000000e-02  1.59010000e+01
 -3.77253837e+03  3.80682900e+03  9.40000000e-02  1.59010000e+01
 -3.77253837e+03  3.80682900e+03  9.40000000e-02  1.59010000e+01
 -3.77253837e+03  3.80682900e+03  9.40000000e-02  1.59010000e+01
 -3.77253837e+03  3.80682900e+03  9.40000000e-02  1.59010000e+01
 -3.77253837e+03  3.80682900e+03  9.40000000e-02  1.59010000e+01
 -3.77253837e+03  3.80682900e+03  9.40000000e-02  1.59010000e+01
 -3.77253837e+03  3.80682900e+03  9.40000000e-02  1.59010000e+01
 -3.77253837e+03  3.80682900e+03  9.40000000e-02  1.59010000e+01
 -3.77253837e+03  3.80682900e+03  9.40000000e-02  1.59010000e+01
 -3.77253837e+03  3.80682900e+03  9.40000000e-02  1.59010000e+01
 -3.77253837e+03  3.80682900e+03  9.40000000e-02  1.59010000e+01
 -3.77253837e+03  3.80682900e+03  9.40000000e-02  1.59010000e+01
 -3.77253837e+03  3.80682900e+03  9.40000000e-02  1.59010000e+01
 -3.77253837e+03  3.80682900e+03  9.40000000e-02  1.59010000e+01
 -3.77284823e+03  3.80629900e+03  9.40000000e-02  1.59280000e+01
 -3.77313407e+03  3.80651500e+03  9.40000000e-02  1.59330000e+01
 -3.77313407e+03  3.80651500e+03  9.40000000e-02  1.59330000e+01
 -3.77514375e+03  3.80652600e+03  9.40000000e-02  1.59330000e+01
 -3.77902320e+03  3.80772600e+03  9.30000000e-02  1.59330000e+01
 -3.77902320e+03  3.80772600e+03  9.30000000e-02  1.59330000e+01
 -3.77902320e+03  3.80772600e+03  9.30000000e-02  1.59330000e+01
 -3.77902320e+03  3.80772600e+03  9.30000000e-02  1.59330000e+01
 -3.77901491e+03  3.80772600e+03  9.30000000e-02  1.58790000e+01
 -3.77901491e+03  3.80772600e+03  9.30000000e-02  1.58790000e+01
 -3.77901491e+03  3.80772600e+03  9.30000000e-02  1.58790000e+01
 -3.77901491e+03  3.80772600e+03  9.30000000e-02  1.58790000e+01
 -3.77901491e+03  3.80772600e+03  9.30000000e-02  1.58790000e+01
 -3.77901491e+03  3.80772600e+03  9.30000000e-02  1.58790000e+01
 -3.77901491e+03  3.80772600e+03  9.30000000e-02  1.58790000e+01
 -3.77901491e+03  3.80772600e+03  9.30000000e-02  1.58790000e+01
 -3.77901491e+03  3.80772600e+03  9.30000000e-02  1.58790000e+01
 -3.78158434e+03  3.80652600e+03  9.30000000e-02  1.59050000e+01
 -3.78158434e+03  3.80652600e+03  9.30000000e-02  1.59050000e+01
 -3.78158434e+03  3.80652600e+03  9.30000000e-02  1.59050000e+01
 -3.78157212e+03  3.80720700e+03  9.30000000e-02  1.58980000e+01
 -3.78157212e+03  3.80720700e+03  9.30000000e-02  1.58980000e+01
 -3.78157212e+03  3.80720700e+03  9.30000000e-02  1.58980000e+01
 -3.78157212e+03  3.80720700e+03  9.30000000e-02  1.58980000e+01
 -3.78157212e+03  3.80720700e+03  9.30000000e-02  1.58980000e+01
 -3.78157212e+03  3.80720700e+03  9.30000000e-02  1.58980000e+01
 -3.78308990e+03  3.80742300e+03  9.40000000e-02  1.58780000e+01
 -3.78308990e+03  3.80742300e+03  9.40000000e-02  1.58780000e+01
 -3.78308990e+03  3.80742300e+03  9.40000000e-02  1.58780000e+01
 -3.78308990e+03  3.80742300e+03  9.40000000e-02  1.58780000e+01
 -3.78308990e+03  3.80742300e+03  9.40000000e-02  1.58780000e+01
 -3.78308990e+03  3.80742300e+03  9.40000000e-02  1.58780000e+01
 -3.78308990e+03  3.80742300e+03  9.40000000e-02  1.58780000e+01
 -3.78308990e+03  3.80742300e+03  9.40000000e-02  1.58780000e+01
 -3.78308990e+03  3.80742300e+03  9.40000000e-02  1.58780000e+01
 -3.78308990e+03  3.80742300e+03  9.40000000e-02  1.58780000e+01
 -3.78308990e+03  3.80742300e+03  9.40000000e-02  1.58780000e+01
 -3.78308990e+03  3.80742300e+03  9.40000000e-02  1.58780000e+01
 -3.78308990e+03  3.80742300e+03  9.40000000e-02  1.58780000e+01
 -3.78294459e+03  3.80719600e+03  9.40000000e-02  1.58800000e+01
 -3.78294459e+03  3.80719600e+03  9.40000000e-02  1.58800000e+01
 -3.78294459e+03  3.80719600e+03  9.40000000e-02  1.58800000e+01
 -3.78294459e+03  3.80719600e+03  9.40000000e-02  1.58800000e+01
 -3.78294459e+03  3.80719600e+03  9.40000000e-02  1.58800000e+01
 -3.78294459e+03  3.80719600e+03  9.40000000e-02  1.58800000e+01
 -3.78294459e+03  3.80719600e+03  9.40000000e-02  1.58800000e+01
 -3.78294459e+03  3.80719600e+03  9.40000000e-02  1.58800000e+01
 -3.78294459e+03  3.80719600e+03  9.40000000e-02  1.58800000e+01
 -3.78294459e+03  3.80719600e+03  9.40000000e-02  1.58800000e+01
 -3.78294459e+03  3.80719600e+03  9.40000000e-02  1.58800000e+01
 -3.78294459e+03  3.80719600e+03  9.40000000e-02  1.58800000e+01
 -3.78294459e+03  3.80719600e+03  9.40000000e-02  1.58800000e+01
 -3.78294459e+03  3.80719600e+03  9.40000000e-02  1.58800000e+01
 -3.78294459e+03  3.80719600e+03  9.40000000e-02  1.58800000e+01
 -3.78294459e+03  3.80719600e+03  9.40000000e-02  1.58800000e+01
 -3.78294459e+03  3.80719600e+03  9.40000000e-02  1.58800000e+01
 -3.78294459e+03  3.80719600e+03  9.40000000e-02  1.58800000e+01
 -3.78294459e+03  3.80719600e+03  9.40000000e-02  1.58800000e+01
 -3.78294459e+03  3.80719600e+03  9.40000000e-02  1.58800000e+01
 -3.78295054e+03  3.80719600e+03  9.40000000e-02  1.58860000e+01
 -3.78295054e+03  3.80719600e+03  9.40000000e-02  1.58860000e+01
 -3.78295054e+03  3.80719600e+03  9.40000000e-02  1.58860000e+01
 -3.78295054e+03  3.80719600e+03  9.40000000e-02  1.58860000e+01
 -3.78627972e+03  3.80442900e+03  9.40000000e-02  1.60450000e+01
 -3.78627972e+03  3.80442900e+03  9.40000000e-02  1.60450000e+01
 -3.78627972e+03  3.80442900e+03  9.40000000e-02  1.60450000e+01
 -3.78627972e+03  3.80442900e+03  9.40000000e-02  1.60450000e+01
 -3.78630330e+03  3.80322900e+03  9.40000000e-02  1.60450000e+01
 -3.78888755e+03  3.80442900e+03  9.40000000e-02  1.60300000e+01
 -3.79125000e+03  3.80353200e+03  9.40000000e-02  1.60350000e+01
 -3.79223318e+03  3.80494800e+03  9.40000000e-02  1.60120000e+01
 -3.79419962e+03  3.80771500e+03  9.40000000e-02  1.60550000e+01