-1.56455120e+03  2.57626700e+03  8.80000000e-02  2.93540000e+01
 -1.94455614e+03  2.95348400e+03  8.90000000e-02  2.33930000e+01
 -2.24752990e+03  3.19415400e+03  8.60000000e-02  2.04640000e+01
 -2.43673875e+03  3.31638000e+03  9.10000000e-02  1.92900000e+01
 -2.51065875e+03  3.41823700e+03  8.90000000e-02  1.77570000e+01
 -2.62873652e+03  3.47789100e+03  8.80000000e-02  1.72210000e+01
 -2.71193402e+03  3.53427500e+03  8.80000000e-02  1.70220000e+01
 -2.83667731e+03  3.55851500e+03  8.90000000e-02  1.66120000e+01
 -2.84095852e+03  3.58226900e+03  9.50000000e-02  1.65650000e+01
 -2.84724756e+03  3.57764200e+03  8.70000000e-02  1.70490000e+01
 -2.94303037e+03  3.61479600e+03  8.70000000e-02  1.64190000e+01
 -2.92688403e+03  3.61297500e+03  8.20000000e-02  1.58980000e+01
 -2.94304132e+03  3.64115900e+03  8.70000000e-02  1.52050000e+01
 -2.94304132e+03  3.64115900e+03  8.70000000e-02  1.52050000e+01
 -2.93207733e+03  3.64124100e+03  9.30000000e-02  1.54740000e+01
 -2.98718764e+03  3.66166300e+03  9.40000000e-02  1.51480000e+01
 -3.06095459e+03  3.67820800e+03  1.11000000e-01  1.52960000e+01
 -3.06932713e+03  3.65543200e+03  8.30000000e-02  1.62370000e+01
 -3.06932713e+03  3.65543200e+03  8.30000000e-02  1.62370000e+01
 -3.08185654e+03  3.64079000e+03  8.40000000e-02  1.67830000e+01
 -3.08185654e+03  3.64079000e+03  8.40000000e-02  1.67830000e+01
 -3.08043554e+03  3.64927100e+03  8.40000000e-02  1.68650000e+01
 -3.08043554e+03  3.64927100e+03  8.40000000e-02  1.68650000e+01
 -3.17226633e+03  3.64922600e+03  8.60000000e-02  1.75060000e+01
 -3.17226633e+03  3.64922600e+03  8.60000000e-02  1.75060000e+01
 -3.14162290e+03  3.66329000e+03  9.30000000e-02  1.60930000e+01
 -3.14235343e+03  3.65130000e+03  9.60000000e-02  1.68270000e+01
 -3.14235343e+03  3.65130000e+03  9.60000000e-02  1.68270000e+01
 -3.14235343e+03  3.65130000e+03  9.60000000e-02  1.68270000e+01
 -3.09634714e+03  3.64112900e+03  8.50000000e-02  1.66620000e+01
 -3.10905396e+03  3.65225400e+03  8.60000000e-02  1.60210000e+01
 -3.09478787e+03  3.66640700e+03  8.50000000e-02  1.56420000e+01
 -3.09478787e+03  3.66640700e+03  8.50000000e-02  1.56420000e+01
 -3.11428297e+03  3.67751300e+03  1.17000000e-01  1.60660000e+01
 -3.11428297e+03  3.67751300e+03  1.17000000e-01  1.60660000e+01
 -3.09513052e+03  3.64867900e+03  8.70000000e-02  1.67410000e+01
 -3.09513052e+03  3.64867900e+03  8.70000000e-02  1.67410000e+01
 -3.09513052e+03  3.64867900e+03  8.70000000e-02  1.67410000e+01
 -3.09513052e+03  3.64867900e+03  8.70000000e-02  1.67410000e+01
 -3.06735319e+03  3.66123700e+03  9.70000000e-02  1.66730000e+01
 -3.07552171e+03  3.68292600e+03  9.70000000e-02  1.62010000e+01
 -3.01807339e+03  3.63827500e+03  9.70000000e-02  1.60870000e+01
 -3.01807339e+03  3.63827500e+03  9.70000000e-02  1.60870000e+01
 -2.94812635e+03  3.63494600e+03  9.70000000e-02  1.64050000e+01
 -2.98981700e+03  3.66325700e+03  9.70000000e-02  1.59590000e+01
 -2.98981700e+03  3.66325700e+03  9.70000000e-02  1.59590000e+01
 -3.09555402e+03  3.70366200e+03  1.15000000e-01  1.54830000e+01
 -3.09555402e+03  3.70366200e+03  1.15000000e-01  1.54830000e+01
 -3.07357554e+03  3.68709200e+03  8.90000000e-02  1.54800000e+01
 -3.01197350e+03  3.66246000e+03  8.90000000e-02  1.56880000e+01
 -3.02755319e+03  3.66748700e+03  1.01000000e-01  1.56700000e+01
 -3.08060381e+03  3.68840000e+03  9.00000000e-02  1.55260000e+01
 -3.08060381e+03  3.68840000e+03  9.00000000e-02  1.55260000e+01
 -2.93313778e+03  3.65360000e+03  1.01000000e-01  1.54870000e+01
 -2.92918929e+03  3.64387000e+03  1.03000000e-01  1.62980000e+01
 -2.99141469e+03  3.65452600e+03  1.01000000e-01  1.58550000e+01
 -3.00610150e+03  3.68947900e+03  1.00000000e-01  1.54690000e+01
 -3.00013249e+03  3.63485300e+03  1.00000000e-01  1.62680000e+01
 -3.05156594e+03  3.64725600e+03  9.10000000e-02  1.61660000e+01
 -3.09095264e+03  3.65619500e+03  9.30000000e-02  1.67190000e+01
 -3.07940337e+03  3.65589700e+03  9.10000000e-02  1.58910000e+01
 -3.07940337e+03  3.65589700e+03  9.10000000e-02  1.58910000e+01
 -3.13967262e+03  3.65456700e+03  1.03000000e-01  1.65600000e+01
 -3.14359191e+03  3.65682700e+03  1.00000000e-01  1.73230000e+01
 -3.17147892e+03  3.69017500e+03  8.70000000e-02  1.60450000e+01
 -3.17147892e+03  3.69017500e+03  8.70000000e-02  1.60450000e+01
 -3.17147892e+03  3.69017500e+03  8.70000000e-02  1.60450000e+01
 -3.18881940e+03  3.69446600e+03  8.60000000e-02  1.65300000e+01
 -3.18881940e+03  3.69446600e+03  8.60000000e-02  1.65300000e+01
 -3.18881940e+03  3.69446600e+03  8.60000000e-02  1.65300000e+01
 -3.19353933e+03  3.68654400e+03  8.40000000e-02  1.68470000e+01
 -3.19353933e+03  3.68654400e+03  8.40000000e-02  1.68470000e+01
 -3.19353933e+03  3.68654400e+03  8.40000000e-02  1.68470000e+01
 -3.19353933e+03  3.68654400e+03  8.40000000e-02  1.68470000e+01
 -3.19353933e+03  3.68654400e+03  8.40000000e-02  1.68470000e+01
 -3.19353933e+03  3.68654400e+03  8.40000000e-02  1.68470000e+01
 -3.14153781e+03  3.68705100e+03  8.70000000e-02  1.63850000e+01
 -3.10950088e+03  3.68016700e+03  8.70000000e-02  1.62380000e+01
 -3.12513877e+03  3.68789600e+03  8.70000000e-02  1.62180000e+01
 -3.11752875e+03  3.67387600e+03  9.40000000e-02  1.65470000e+01
 -3.11752875e+03  3.67387600e+03  9.40000000e-02  1.65470000e+01
 -3.13891172e+03  3.67962500e+03  9.40000000e-02  1.65240000e+01
 -3.13494949e+03  3.68028400e+03  9.40000000e-02  1.63700000e+01
 -3.13167392e+03  3.67342100e+03  9.50000000e-02  1.63900000e+01
 -3.13167392e+03  3.67342100e+03  9.50000000e-02  1.63900000e+01
 -3.12408349e+03  3.67509600e+03  9.40000000e-02  1.63780000e+01
 -3.12408349e+03  3.67509600e+03  9.40000000e-02  1.63780000e+01
 -3.14960395e+03  3.68038100e+03  9.40000000e-02  1.61190000e+01
 -3.13588966e+03  3.68364500e+03  9.40000000e-02  1.59740000e+01
 -3.14473907e+03  3.67891100e+03  9.50000000e-02  1.60490000e+01
 -3.13229134e+03  3.67908500e+03  9.50000000e-02  1.60060000e+01
 -3.11631612e+03  3.67367100e+03  9.50000000e-02  1.59950000e+01
 -3.13415325e+03  3.67835300e+03  9.40000000e-02  1.59640000e+01
 -3.13826100e+03  3.67657100e+03  9.40000000e-02  1.62190000e+01
 -3.16626066e+03  3.68727100e+03  9.40000000e-02  1.62110000e+01
 -3.16484389e+03  3.68649300e+03  9.40000000e-02  1.62600000e+01
 -3.16484389e+03  3.68649300e+03  9.40000000e-02  1.62600000e+01
 -3.16397398e+03  3.67912200e+03  9.40000000e-02  1.67310000e+01
 -3.15931672e+03  3.67367500e+03  9.40000000e-02  1.70200000e+01
 -3.15456407e+03  3.66851900e+03  9.40000000e-02  1.71530000e+01
 -3.14279078e+03  3.66521100e+03  9.40000000e-02  1.70620000e+01
 -3.13087138e+03  3.67174900e+03  9.40000000e-02  1.68250000e+01
 -3.13087138e+03  3.67174900e+03  9.40000000e-02  1.68250000e+01
 -3.11892189e+03  3.67314500e+03  9.40000000e-02  1.68890000e+01
 -3.14035410e+03  3.68032200e+03  9.40000000e-02  1.67970000e+01
 -3.13513961e+03  3.68199700e+03  9.40000000e-02  1.67230000e+01
 -3.13513961e+03  3.68199700e+03  9.40000000e-02  1.67230000e+01
 -3.13513961e+03  3.68199700e+03  9.40000000e-02  1.67230000e+01
 -3.14467257e+03  3.68437600e+03  9.40000000e-02  1.68350000e+01
 -3.18473922e+03  3.70076400e+03  9.40000000e-02  1.66150000e+01
 -3.18633385e+03  3.70657900e+03  9.50000000e-02  1.65000000e+01
 -3.18633385e+03  3.70657900e+03  9.50000000e-02  1.65000000e+01
 -3.18633385e+03  3.70657900e+03  9.50000000e-02  1.65000000e+01
 -3.19053499e+03  3.70089500e+03  9.50000000e-02  1.66750000e+01
 -3.19049484e+03  3.70460100e+03  9.50000000e-02  1.66610000e+01
 -3.20442892e+03  3.70910800e+03  9.50000000e-02  1.65640000e+01
 -3.18344537e+03  3.69503500e+03  9.50000000e-02  1.65870000e+01
 -3.18344537e+03  3.69503500e+03  9.50000000e-02  1.65870000e+01
 -3.20728930e+03  3.70306600e+03  9.40000000e-02  1.63930000e+01
 -3.20206561e+03  3.70106700e+03  9.40000000e-02  1.64950000e+01
 -3.21002747e+03  3.69693500e+03  9.40000000e-02  1.63920000e+01
 -3.20515635e+03  3.68580200e+03  9.40000000e-02  1.65940000e+01
 -3.23892544e+03  3.68875500e+03  9.50000000e-02  1.66140000e+01
 -3.21451865e+03  3.69037700e+03  9.50000000e-02  1.65160000e+01
 -3.21451865e+03  3.69037700e+03  9.50000000e-02  1.65160000e+01
 -3.16684039e+03  3.68224900e+03  9.50000000e-02  1.65580000e+01
 -3.17021953e+03  3.69221600e+03  9.50000000e-02  1.63930000e+01
 -3.19599750e+03  3.69050800e+03  9.50000000e-02  1.65060000e+01
 -3.20240852e+03  3.70419400e+03  9.50000000e-02  1.63880000e+01
 -3.19270613e+03  3.70182600e+03  9.40000000e-02  1.65020000e+01
 -3.20722591e+03  3.69564200e+03  9.40000000e-02  1.66310000e+01
 -3.20460010e+03  3.69415000e+03  1.00000000e-01  1.65590000e+01
 -3.18785134e+03  3.69495900e+03  1.00000000e-01  1.65100000e+01
 -3.20034534e+03  3.68490600e+03  1.00000000e-01  1.65800000e+01
 -3.20034534e+03  3.68490600e+03  1.00000000e-01  1.65800000e+01
 -3.21120032e+03  3.69614700e+03  1.04000000e-01  1.63440000e+01
 -3.21120032e+03  3.69614700e+03  1.04000000e-01  1.63440000e+01
 -3.22648452e+03  3.69646000e+03  1.04000000e-01  1.64680000e+01
 -3.21062816e+03  3.69122700e+03  9.90000000e-02  1.63210000e+01
 -3.22549538e+03  3.69315000e+03  9.90000000e-02  1.64070000e+01
 -3.22021900e+03  3.68268700e+03  9.90000000e-02  1.66730000e+01
 -3.22021900e+03  3.68268700e+03  9.90000000e-02  1.66730000e+01
 -3.22021900e+03  3.68268700e+03  9.90000000e-02  1.66730000e+01
 -3.21533092e+03  3.68016900e+03  9.80000000e-02  1.65940000e+01
 -3.22508814e+03  3.67244100e+03  9.70000000e-02  1.68360000e+01
 -3.22508814e+03  3.67244100e+03  9.70000000e-02  1.68360000e+01
 -3.22508814e+03  3.67244100e+03  9.70000000e-02  1.68360000e+01
 -3.23000642e+03  3.67534000e+03  9.80000000e-02  1.69520000e+01
 -3.22770840e+03  3.68039900e+03  9.80000000e-02  1.69350000e+01
 -3.23047234e+03  3.67698400e+03  9.70000000e-02  1.73980000e+01
 -3.22923068e+03  3.68669300e+03  9.60000000e-02  1.73720000e+01
 -3.22248443e+03  3.68279200e+03  9.60000000e-02  1.72060000e+01
 -3.23920265e+03  3.70471400e+03  9.60000000e-02  1.67560000e+01
 -3.23920265e+03  3.70471400e+03  9.60000000e-02  1.67560000e+01
 -3.23920265e+03  3.70471400e+03  9.60000000e-02  1.67560000e+01
 -3.23920265e+03  3.70471400e+03  9.60000000e-02  1.67560000e+01
 -3.24854649e+03  3.70429500e+03  9.60000000e-02  1.67730000e+01
 -3.24854649e+03  3.70429500e+03  9.60000000e-02  1.67730000e+01
 -3.24854649e+03  3.70429500e+03  9.60000000e-02  1.67730000e+01
 -3.24854649e+03  3.70429500e+03  9.60000000e-02  1.67730000e+01
 -3.24854649e+03  3.70429500e+03  9.60000000e-02  1.67730000e+01
 -3.24854649e+03  3.70429500e+03  9.60000000e-02  1.67730000e+01
 -3.24854649e+03  3.70429500e+03  9.60000000e-02  1.67730000e+01
 -3.24854649e+03  3.70429500e+03  9.60000000e-02  1.67730000e+01
 -3.25406209e+03  3.71376500e+03  9.60000000e-02  1.64650000e+01
 -3.24399638e+03  3.71409900e+03  9.50000000e-02  1.66940000e+01
 -3.24399638e+03  3.71409900e+03  9.50000000e-02  1.66940000e+01
 -3.24399638e+03  3.71409900e+03  9.50000000e-02  1.66940000e+01
 -3.25858619e+03  3.71628300e+03  9.50000000e-02  1.66910000e+01
 -3.26099046e+03  3.71190400e+03  9.50000000e-02  1.64580000e+01
 -3.26099046e+03  3.71190400e+03  9.50000000e-02  1.64580000e+01
 -3.26775509e+03  3.70521300e+03  9.50000000e-02  1.65010000e+01
 -3.28261723e+03  3.70326700e+03  9.60000000e-02  1.66200000e+01
 -3.28261723e+03  3.70326700e+03  9.60000000e-02  1.66200000e+01
 -3.28261723e+03  3.70326700e+03  9.60000000e-02  1.66200000e+01
 -3.26883488e+03  3.70414100e+03  9.60000000e-02  1.62580000e+01
 -3.26883488e+03  3.70414100e+03  9.60000000e-02  1.62580000e+01
 -3.26739330e+03  3.71205300e+03  9.50000000e-02  1.59330000e+01
 -3.26697794e+03  3.71094200e+03  9.50000000e-02  1.60910000e+01
 -3.28060799e+03  3.71186000e+03  9.50000000e-02  1.60470000e+01
 -3.28060799e+03  3.71186000e+03  9.50000000e-02  1.60470000e+01
 -3.27097515e+03  3.70903100e+03  9.50000000e-02  1.58960000e+01
 -3.27097515e+03  3.70903100e+03  9.50000000e-02  1.58960000e+01
 -3.27997946e+03  3.70693400e+03  9.50000000e-02  1.59120000e+01
 -3.27907821e+03  3.70067600e+03  9.50000000e-02  1.59120000e+01
 -3.27158468e+03  3.69390100e+03  9.50000000e-02  1.60720000e+01
 -3.27158468e+03  3.69390100e+03  9.50000000e-02  1.60720000e+01
 -3.27822133e+03  3.69380300e+03  9.50000000e-02  1.61030000e+01
 -3.27822133e+03  3.69380300e+03  9.50000000e-02  1.61030000e+01
 -3.27822133e+03  3.69380300e+03  9.50000000e-02  1.61030000e+01
 -3.30363059e+03  3.69982400e+03  9.50000000e-02  1.60540000e+01
 -3.31570269e+03  3.68908800e+03  9.50000000e-02  1.61960000e+01
 -3.30376139e+03  3.68736000e+03  9.50000000e-02  1.58660000e+01
 -3.30376139e+03  3.68736000e+03  9.50000000e-02  1.58660000e+01
 -3.30376139e+03  3.68736000e+03  9.50000000e-02  1.58660000e+01
 -3.29814102e+03  3.68742500e+03  9.50000000e-02  1.59040000e+01
 -3.29814102e+03  3.68742500e+03  9.50000000e-02  1.59040000e+01
 -3.29814102e+03  3.68742500e+03  9.50000000e-02  1.59040000e+01
 -3.29584839e+03  3.68484100e+03  9.50000000e-02  1.58280000e+01
 -3.29584839e+03  3.68484100e+03  9.50000000e-02  1.58280000e+01
 -3.27712470e+03  3.68341500e+03  9.50000000e-02  1.57620000e+01
 -3.27712470e+03  3.68341500e+03  9.50000000e-02  1.57620000e+01
 -3.27712470e+03  3.68341500e+03  9.50000000e-02  1.57620000e+01
 -3.28485829e+03  3.68492900e+03  9.50000000e-02  1.60810000e+01
 -3.28539152e+03  3.68942800e+03  9.60000000e-02  1.61290000e+01
 -3.28539152e+03  3.68942800e+03  9.60000000e-02  1.61290000e+01
 -3.28539152e+03  3.68942800e+03  9.60000000e-02  1.61290000e+01
 -3.28539152e+03  3.68942800e+03  9.60000000e-02  1.61290000e+01
 -3.29467574e+03  3.68562200e+03  9.60000000e-02  1.62190000e+01
 -3.29467574e+03  3.68562200e+03  9.60000000e-02  1.62190000e+01
 -3.30507968e+03  3.69413800e+03  9.70000000e-02  1.61400000e+01
 -3.30507968e+03  3.69413800e+03  9.70000000e-02  1.61400000e+01
 -3.28341091e+03  3.68466500e+03  9.70000000e-02  1.62470000e+01
 -3.29850388e+03  3.69185100e+03  9.90000000e-02  1.61540000e+01
 -3.29850388e+03  3.69185100e+03  9.90000000e-02  1.61540000e+01
 -3.29252545e+03  3.69410000e+03  1.02000000e-01  1.62350000e+01
 -3.29252545e+03  3.69410000e+03  1.02000000e-01  1.62350000e+01
 -3.29252545e+03  3.69410000e+03  1.02000000e-01  1.62350000e+01
 -3.29910403e+03  3.69764600e+03  1.03000000e-01  1.62120000e+01
 -3.29910403e+03  3.69764600e+03  1.03000000e-01  1.62120000e+01
 -3.29910403e+03  3.69764600e+03  1.03000000e-01  1.62120000e+01
 -3.29910403e+03  3.69764600e+03  1.03000000e-01  1.62120000e+01
 -3.29910403e+03  3.69764600e+03  1.03000000e-01  1.62120000e+01
 -3.29910403e+03  3.69764600e+03  1.03000000e-01  1.62120000e+01
 -3.29354981e+03  3.70030500e+03  1.01000000e-01  1.60070000e+01
 -3.30189252e+03  3.69819500e+03  1.01000000e-01  1.60320000e+01
 -3.30189252e+03  3.69819500e+03  1.01000000e-01  1.60320000e+01
 -3.30124175e+03  3.69109200e+03  9.70000000e-02  1.60570000e+01
 -3.29774476e+03  3.69438900e+03  9.70000000e-02  1.60370000e+01
 -3.29774476e+03  3.69438900e+03  9.70000000e-02  1.60370000e+01
 -3.28633787e+03  3.69577000e+03  9.70000000e-02  1.60440000e+01
 -3.28633787e+03  3.69577000e+03  9.70000000e-02  1.60440000e+01
 -3.28633787e+03  3.69577000e+03  9.70000000e-02  1.60440000e+01
 -3.27497910e+03  3.68249900e+03  9.70000000e-02  1.62850000e+01
 -3.27651989e+03  3.67323500e+03  9.70000000e-02  1.64860000e+01
 -3.29066987e+03  3.67616300e+03  9.30000000e-02  1.66630000e+01
 -3.29389108e+03  3.68739400e+03  9.40000000e-02  1.63580000e+01
 -3.29048877e+03  3.69123200e+03  9.20000000e-02  1.62400000e+01
 -3.29048877e+03  3.69123200e+03  9.20000000e-02  1.62400000e+01
 -3.29048877e+03  3.69123200e+03  9.20000000e-02  1.62400000e+01
 -3.27293561e+03  3.69332700e+03  9.30000000e-02  1.59100000e+01
 -3.27293561e+03  3.69332700e+03  9.30000000e-02  1.59100000e+01
 -3.27402768e+03  3.70020100e+03  9.50000000e-02  1.58870000e+01
 -3.26669936e+03  3.69261300e+03  9.50000000e-02  1.61330000e+01
 -3.26669936e+03  3.69261300e+03  9.50000000e-02  1.61330000e+01
 -3.26669936e+03  3.69261300e+03  9.50000000e-02  1.61330000e+01
 -3.26669936e+03  3.69261300e+03  9.50000000e-02  1.61330000e+01
 -3.26669936e+03  3.69261300e+03  9.50000000e-02  1.61330000e+01
 -3.26669936e+03  3.69261300e+03  9.50000000e-02  1.61330000e+01
 -3.26669936e+03  3.69261300e+03  9.50000000e-02  1.61330000e+01
 -3.26669936e+03  3.69261300e+03  9.50000000e-02  1.61330000e+01
 -3.26669936e+03  3.69261300e+03  9.50000000e-02  1.61330000e+01
 -3.27344868e+03  3.69574600e+03  9.70000000e-02  1.62620000e+01
 -3.27344868e+03  3.69574600e+03  9.70000000e-02  1.62620000e+01
 -3.27344868e+03  3.69574600e+03  9.70000000e-02  1.62620000e+01
 -3.27344868e+03  3.69574600e+03  9.70000000e-02  1.62620000e+01
 -3.27614149e+03  3.69165800e+03  9.80000000e-02  1.64380000e+01
 -3.27614149e+03  3.69165800e+03  9.80000000e-02  1.64380000e+01
 -3.27614149e+03  3.69165800e+03  9.80000000e-02  1.64380000e+01
 -3.27614149e+03  3.69165800e+03  9.80000000e-02  1.64380000e+01
 -3.26084792e+03  3.68443800e+03  9.60000000e-02  1.66650000e+01
 -3.26084792e+03  3.68443800e+03  9.60000000e-02  1.66650000e+01
 -3.26084792e+03  3.68443800e+03  9.60000000e-02  1.66650000e+01
 -3.26084792e+03  3.68443800e+03  9.60000000e-02  1.66650000e+01
 -3.26084792e+03  3.68443800e+03  9.60000000e-02  1.66650000e+01
 -3.26084792e+03  3.68443800e+03  9.60000000e-02  1.66650000e+01
 -3.26472381e+03  3.68147700e+03  9.60000000e-02  1.65250000e+01
 -3.26754809e+03  3.68095800e+03  9.60000000e-02  1.64840000e+01
 -3.26754809e+03  3.68095800e+03  9.60000000e-02  1.64840000e+01
 -3.26754809e+03  3.68095800e+03  9.60000000e-02  1.64840000e+01
 -3.26754809e+03  3.68095800e+03  9.60000000e-02  1.64840000e+01
 -3.27053714e+03  3.68912800e+03  9.50000000e-02  1.64140000e+01
 -3.27796326e+03  3.68618700e+03  9.60000000e-02  1.66520000e+01
 -3.27796326e+03  3.68618700e+03  9.60000000e-02  1.66520000e+01
 -3.27796326e+03  3.68618700e+03  9.60000000e-02  1.66520000e+01
 -3.29044547e+03  3.69265300e+03  9.60000000e-02  1.64380000e+01
 -3.30784335e+03  3.68864400e+03  9.40000000e-02  1.61300000e+01
 -3.30784335e+03  3.68864400e+03  9.40000000e-02  1.61300000e+01
 -3.30587592e+03  3.68653600e+03  9.30000000e-02  1.61680000e+01
 -3.30587592e+03  3.68653600e+03  9.30000000e-02  1.61680000e+01
 -3.30587592e+03  3.68653600e+03  9.30000000e-02  1.61680000e+01
 -3.30587592e+03  3.68653600e+03  9.30000000e-02  1.61680000e+01
 -3.30587592e+03  3.68653600e+03  9.30000000e-02  1.61680000e+01
 -3.29125306e+03  3.68488200e+03  9.40000000e-02  1.61820000e+01
 -3.29666250e+03  3.69280700e+03  9.40000000e-02  1.61310000e+01
 -3.30432883e+03  3.69683700e+03  9.40000000e-02  1.60430000e+01
 -3.30432883e+03  3.69683700e+03  9.40000000e-02  1.60430000e+01
 -3.30432883e+03  3.69683700e+03  9.40000000e-02  1.60430000e+01
 -3.31270705e+03  3.69766900e+03  9.50000000e-02  1.60250000e+01
 -3.31270705e+03  3.69766900e+03  9.50000000e-02  1.60250000e+01
 -3.30493121e+03  3.68787600e+03  9.50000000e-02  1.60510000e+01
 -3.30493121e+03  3.68787600e+03  9.50000000e-02  1.60510000e+01
 -3.30265473e+03  3.68471000e+03  9.40000000e-02  1.59800000e+01
 -3.30265473e+03  3.68471000e+03  9.40000000e-02  1.59800000e+01
 -3.30265473e+03  3.68471000e+03  9.40000000e-02  1.59800000e+01
 -3.30265473e+03  3.68471000e+03  9.40000000e-02  1.59800000e+01
 -3.30265473e+03  3.68471000e+03  9.40000000e-02  1.59800000e+01
 -3.30265473e+03  3.68471000e+03  9.40000000e-02  1.59800000e+01
 -3.30647123e+03  3.69077300e+03  9.30000000e-02  1.60310000e+01
 -3.30647123e+03  3.69077300e+03  9.30000000e-02  1.60310000e+01
 -3.30647123e+03  3.69077300e+03  9.30000000e-02  1.60310000e+01
 -3.30594619e+03  3.68573400e+03  9.30000000e-02  1.61070000e+01
 -3.31062496e+03  3.68033000e+03  1.03000000e-01  1.64660000e+01
 -3.31062496e+03  3.68033000e+03  1.03000000e-01  1.64660000e+01
 -3.31062496e+03  3.68033000e+03  1.03000000e-01  1.64660000e+01
 -3.31168366e+03  3.68375600e+03  1.05000000e-01  1.63210000e+01
 -3.30944324e+03  3.69022000e+03  1.03000000e-01  1.62170000e+01
 -3.30944324e+03  3.69022000e+03  1.03000000e-01  1.62170000e+01
 -3.30944324e+03  3.69022000e+03  1.03000000e-01  1.62170000e+01
 -3.32656927e+03  3.68678300e+03  1.05000000e-01  1.64840000e+01
 -3.32604729e+03  3.69268600e+03  1.05000000e-01  1.59690000e+01
 -3.32604729e+03  3.69268600e+03  1.05000000e-01  1.59690000e+01
 -3.32604729e+03  3.69268600e+03  1.05000000e-01  1.59690000e+01
 -3.32604729e+03  3.69268600e+03  1.05000000e-01  1.59690000e+01
 -3.32604729e+03  3.69268600e+03  1.05000000e-01  1.59690000e+01
 -3.32604729e+03  3.69268600e+03  1.05000000e-01  1.59690000e+01
 -3.32604729e+03  3.69268600e+03  1.05000000e-01  1.59690000e+01
 -3.32604729e+03  3.69268600e+03  1.05000000e-01  1.59690000e+01
 -3.32604729e+03  3.69268600e+03  1.05000000e-01  1.59690000e+01
 -3.32959597e+03  3.69014500e+03  1.05000000e-01  1.60780000e+01
 -3.33453025e+03  3.69141000e+03  1.04000000e-01  1.61790000e+01
 -3.33453025e+03  3.69141000e+03  1.04000000e-01  1.61790000e+01
 -3.33453025e+03  3.69141000e+03  1.04000000e-01  1.61790000e+01
 -3.33453025e+03  3.69141000e+03  1.04000000e-01  1.61790000e+01
 -3.34094211e+03  3.68165000e+03  1.00000000e-01  1.66640000e+01
 -3.34094211e+03  3.68165000e+03  1.00000000e-01  1.66640000e+01
 -3.33518501e+03  3.66620100e+03  1.00000000e-01  1.68440000e+01
 -3.33518501e+03  3.66620100e+03  1.00000000e-01  1.68440000e+01
 -3.33518501e+03  3.66620100e+03  1.00000000e-01  1.68440000e+01
 -3.33518501e+03  3.66620100e+03  1.00000000e-01  1.68440000e+01
 -3.33518501e+03  3.66620100e+03  1.00000000e-01  1.68440000e+01
 -3.33518501e+03  3.66620100e+03  1.00000000e-01  1.68440000e+01
 -3.33518501e+03  3.66620100e+03  1.00000000e-01  1.68440000e+01
 -3.33802292e+03  3.67254600e+03  9.90000000e-02  1.68510000e+01
 -3.33802292e+03  3.67254600e+03  9.90000000e-02  1.68510000e+01
 -3.33802292e+03  3.67254600e+03  9.90000000e-02  1.68510000e+01
 -3.33772294e+03  3.66983200e+03  1.00000000e-01  1.66210000e+01
 -3.33772294e+03  3.66983200e+03  1.00000000e-01  1.66210000e+01
 -3.33772294e+03  3.66983200e+03  1.00000000e-01  1.66210000e+01
 -3.33068502e+03  3.67988200e+03  9.80000000e-02  1.64160000e+01
 -3.33942595e+03  3.68624000e+03  9.70000000e-02  1.63390000e+01
 -3.33942595e+03  3.68624000e+03  9.70000000e-02  1.63390000e+01
 -3.33942595e+03  3.68624000e+03  9.70000000e-02  1.63390000e+01
 -3.33942595e+03  3.68624000e+03  9.70000000e-02  1.63390000e+01
 -3.33942595e+03  3.68624000e+03  9.70000000e-02  1.63390000e+01
 -3.33942595e+03  3.68624000e+03  9.70000000e-02  1.63390000e+01
 -3.33942595e+03  3.68624000e+03  9.70000000e-02  1.63390000e+01
 -3.34547044e+03  3.69394700e+03  9.60000000e-02  1.60330000e+01
 -3.34547044e+03  3.69394700e+03  9.60000000e-02  1.60330000e+01
 -3.34547044e+03  3.69394700e+03  9.60000000e-02  1.60330000e+01
 -3.34059172e+03  3.68869400e+03  1.00000000e-01  1.61720000e+01
 -3.32899980e+03  3.68624200e+03  1.00000000e-01  1.62350000e+01
 -3.32899980e+03  3.68624200e+03  1.00000000e-01  1.62350000e+01
 -3.32899980e+03  3.68624200e+03  1.00000000e-01  1.62350000e+01
 -3.34030568e+03  3.69366500e+03  1.03000000e-01  1.63730000e+01
 -3.34030568e+03  3.69366500e+03  1.03000000e-01  1.63730000e+01
 -3.34030568e+03  3.69366500e+03  1.03000000e-01  1.63730000e+01
 -3.34030568e+03  3.69366500e+03  1.03000000e-01  1.63730000e+01
 -3.34030568e+03  3.69366500e+03  1.03000000e-01  1.63730000e+01
 -3.34030568e+03  3.69366500e+03  1.03000000e-01  1.63730000e+01
 -3.34926739e+03  3.69270300e+03  1.02000000e-01  1.64470000e+01
 -3.34926739e+03  3.69270300e+03  1.02000000e-01  1.64470000e+01
 -3.34926739e+03  3.69270300e+03  1.02000000e-01  1.64470000e+01
 -3.34926739e+03  3.69270300e+03  1.02000000e-01  1.64470000e+01
 -3.34926739e+03  3.69270300e+03  1.02000000e-01  1.64470000e+01
 -3.34926739e+03  3.69270300e+03  1.02000000e-01  1.64470000e+01
 -3.34926739e+03  3.69270300e+03  1.02000000e-01  1.64470000e+01
 -3.34940461e+03  3.69135100e+03  1.03000000e-01  1.64470000e+01
 -3.34940461e+03  3.69135100e+03  1.03000000e-01  1.64470000e+01
 -3.35172226e+03  3.70022600e+03  8.80000000e-02  1.61200000e+01
 -3.35172226e+03  3.70022600e+03  8.80000000e-02  1.61200000e+01
 -3.35172226e+03  3.70022600e+03  8.80000000e-02  1.61200000e+01
 -3.35172226e+03  3.70022600e+03  8.80000000e-02  1.61200000e+01
 -3.35172226e+03  3.70022600e+03  8.80000000e-02  1.61200000e+01
 -3.36007084e+03  3.69605400e+03  8.70000000e-02  1.62350000e+01
 -3.36007084e+03  3.69605400e+03  8.70000000e-02  1.62350000e+01
 -3.36007084e+03  3.69605400e+03  8.70000000e-02  1.62350000e+01
 -3.36007084e+03  3.69605400e+03  8.70000000e-02  1.62350000e+01
 -3.36007084e+03  3.69605400e+03  8.70000000e-02  1.62350000e+01
 -3.36007084e+03  3.69605400e+03  8.70000000e-02  1.62350000e+01
 -3.36283811e+03  3.68982800e+03  8.60000000e-02  1.61100000e+01
 -3.36283811e+03  3.68982800e+03  8.60000000e-02  1.61100000e+01
 -3.36283811e+03  3.68982800e+03  8.60000000e-02  1.61100000e+01
 -3.36283811e+03  3.68982800e+03  8.60000000e-02  1.61100000e+01
 -3.36283811e+03  3.68982800e+03  8.60000000e-02  1.61100000e+01
 -3.36283811e+03  3.68982800e+03  8.60000000e-02  1.61100000e+01
 -3.35218091e+03  3.69118900e+03  8.80000000e-02  1.60910000e+01
 -3.35218091e+03  3.69118900e+03  8.80000000e-02  1.60910000e+01
 -3.35218091e+03  3.69118900e+03  8.80000000e-02  1.60910000e+01
 -3.35218091e+03  3.69118900e+03  8.80000000e-02  1.60910000e+01
 -3.35218091e+03  3.69118900e+03  8.80000000e-02  1.60910000e+01
 -3.35968492e+03  3.69308000e+03  8.80000000e-02  1.62920000e+01
 -3.35968492e+03  3.69308000e+03  8.80000000e-02  1.62920000e+01
 -3.35968492e+03  3.69308000e+03  8.80000000e-02  1.62920000e+01
 -3.37710235e+03  3.70477800e+03  8.80000000e-02  1.60070000e+01
 -3.37710235e+03  3.70477800e+03  8.80000000e-02  1.60070000e+01
 -3.37710235e+03  3.70477800e+03  8.80000000e-02  1.60070000e+01
 -3.37710235e+03  3.70477800e+03  8.80000000e-02  1.60070000e+01
 -3.37710235e+03  3.70477800e+03  8.80000000e-02  1.60070000e+01
 -3.37710235e+03  3.70477800e+03  8.80000000e-02  1.60070000e+01
 -3.37710235e+03  3.70477800e+03  8.80000000e-02  1.60070000e+01
 -3.37710235e+03  3.70477800e+03  8.80000000e-02  1.60070000e+01
 -3.37710235e+03  3.70477800e+03  8.80000000e-02  1.60070000e+01
 -3.37710235e+03  3.70477800e+03  8.80000000e-02  1.60070000e+01
 -3.37710235e+03  3.70477800e+03  8.80000000e-02  1.60070000e+01
 -3.37710235e+03  3.70477800e+03  8.80000000e-02  1.60070000e+01
 -3.37710235e+03  3.70477800e+03  8.80000000e-02  1.60070000e+01
 -3.39339460e+03  3.71188100e+03  9.20000000e-02  1.56980000e+01
 -3.39339460e+03  3.71188100e+03  9.20000000e-02  1.56980000e+01
 -3.39339460e+03  3.71188100e+03  9.20000000e-02  1.56980000e+01
 -3.39339460e+03  3.71188100e+03  9.20000000e-02  1.56980000e+01
 -3.39339460e+03  3.71188100e+03  9.20000000e-02  1.56980000e+01
 -3.39622490e+03  3.71740400e+03  8.90000000e-02  1.56320000e+01
 -3.39622490e+03  3.71740400e+03  8.90000000e-02  1.56320000e+01
 -3.39622490e+03  3.71740400e+03  8.90000000e-02  1.56320000e+01
 -3.39622490e+03  3.71740400e+03  8.90000000e-02  1.56320000e+01
 -3.39622490e+03  3.71740400e+03  8.90000000e-02  1.56320000e+01
 -3.39622490e+03  3.71740400e+03  8.90000000e-02  1.56320000e+01
 -3.39622490e+03  3.71740400e+03  8.90000000e-02  1.56320000e+01
 -3.39622490e+03  3.71740400e+03  8.90000000e-02  1.56320000e+01
 -3.39622490e+03  3.71740400e+03  8.90000000e-02  1.56320000e+01
 -3.39622490e+03  3.71740400e+03  8.90000000e-02  1.56320000e+01
 -3.39622490e+03  3.71740400e+03  8.90000000e-02  1.56320000e+01
 -3.39622490e+03  3.71740400e+03  8.90000000e-02  1.56320000e+01
 -3.39231168e+03  3.71905900e+03  8.90000000e-02  1.56990000e+01
 -3.39231168e+03  3.71905900e+03  8.90000000e-02  1.56990000e+01
 -3.39231168e+03  3.71905900e+03  8.90000000e-02  1.56990000e+01
 -3.39937189e+03  3.72507000e+03  9.00000000e-02  1.56560000e+01
 -3.39937189e+03  3.72507000e+03  9.00000000e-02  1.56560000e+01
 -3.39937189e+03  3.72507000e+03  9.00000000e-02  1.56560000e+01
 -3.39937189e+03  3.72507000e+03  9.00000000e-02  1.56560000e+01
 -3.39937189e+03  3.72507000e+03  9.00000000e-02  1.56560000e+01
 -3.39937189e+03  3.72507000e+03  9.00000000e-02  1.56560000e+01
 -3.39099672e+03  3.72125200e+03  9.00000000e-02  1.57970000e+01
 -3.39099672e+03  3.72125200e+03  9.00000000e-02  1.57970000e+01
 -3.39099672e+03  3.72125200e+03  9.00000000e-02  1.57970000e+01
 -3.40445875e+03  3.71731500e+03  9.20000000e-02  1.58910000e+01
 -3.40445875e+03  3.71731500e+03  9.20000000e-02  1.58910000e+01
 -3.40445875e+03  3.71731500e+03  9.20000000e-02  1.58910000e+01
 -3.40445875e+03  3.71731500e+03  9.20000000e-02  1.58910000e+01
 -3.40445875e+03  3.71731500e+03  9.20000000e-02  1.58910000e+01
 -3.40445875e+03  3.71731500e+03  9.20000000e-02  1.58910000e+01
 -3.40445875e+03  3.71731500e+03  9.20000000e-02  1.58910000e+01
 -3.40866583e+03  3.71186500e+03  9.60000000e-02  1.63150000e+01
 -3.40866583e+03  3.71186500e+03  9.60000000e-02  1.63150000e+01
 -3.40866583e+03  3.71186500e+03  9.60000000e-02  1.63150000e+01
 -3.42388569e+03  3.72594800e+03  9.50000000e-02  1.59970000e+01
 -3.44808068e+03  3.73087500e+03  9.50000000e-02  1.58770000e+01
 -3.44808068e+03  3.73087500e+03  9.50000000e-02  1.58770000e+01
 -3.44808068e+03  3.73087500e+03  9.50000000e-02  1.58770000e+01
 -3.44808068e+03  3.73087500e+03  9.50000000e-02  1.58770000e+01
 -3.44808068e+03  3.73087500e+03  9.50000000e-02  1.58770000e+01
 -3.44808068e+03  3.73087500e+03  9.50000000e-02  1.58770000e+01
 -3.44808068e+03  3.73087500e+03  9.50000000e-02  1.58770000e+01
 -3.44808068e+03  3.73087500e+03  9.50000000e-02  1.58770000e+01
 -3.44771904e+03  3.72542900e+03  9.30000000e-02  1.61190000e+01
 -3.44771904e+03  3.72542900e+03  9.30000000e-02  1.61190000e+01
 -3.46280858e+03  3.73239200e+03  9.50000000e-02  1.60670000e+01
 -3.46280858e+03  3.73239200e+03  9.50000000e-02  1.60670000e+01
 -3.47117532e+03  3.72075000e+03  9.70000000e-02  1.62560000e+01
 -3.47117532e+03  3.72075000e+03  9.70000000e-02  1.62560000e+01
 -3.47117532e+03  3.72075000e+03  9.70000000e-02  1.62560000e+01
 -3.47117532e+03  3.72075000e+03  9.70000000e-02  1.62560000e+01
 -3.47117532e+03  3.72075000e+03  9.70000000e-02  1.62560000e+01
 -3.47117532e+03  3.72075000e+03  9.70000000e-02  1.62560000e+01
 -3.47117532e+03  3.72075000e+03  9.70000000e-02  1.62560000e+01
 -3.47117532e+03  3.72075000e+03  9.70000000e-02  1.62560000e+01
 -3.47117532e+03  3.72075000e+03  9.70000000e-02  1.62560000e+01
 -3.47319091e+03  3.72666200e+03  9.70000000e-02  1.59110000e+01
 -3.47319091e+03  3.72666200e+03  9.70000000e-02  1.59110000e+01
 -3.47319091e+03  3.72666200e+03  9.70000000e-02  1.59110000e+01
 -3.47319091e+03  3.72666200e+03  9.70000000e-02  1.59110000e+01
 -3.47319091e+03  3.72666200e+03  9.70000000e-02  1.59110000e+01
 -3.47319091e+03  3.72666200e+03  9.70000000e-02  1.59110000e+01
 -3.47319091e+03  3.72666200e+03  9.70000000e-02  1.59110000e+01
 -3.47319091e+03  3.72666200e+03  9.70000000e-02  1.59110000e+01
 -3.48244791e+03  3.72078000e+03  9.20000000e-02  1.61760000e+01
 -3.48244791e+03  3.72078000e+03  9.20000000e-02  1.61760000e+01
 -3.48244791e+03  3.72078000e+03  9.20000000e-02  1.61760000e+01
 -3.48244791e+03  3.72078000e+03  9.20000000e-02  1.61760000e+01
 -3.48378339e+03  3.71979800e+03  8.30000000e-02  1.62950000e+01
 -3.48829926e+03  3.72335500e+03  8.40000000e-02  1.62400000e+01
 -3.48829926e+03  3.72335500e+03  8.40000000e-02  1.62400000e+01
 -3.48829926e+03  3.72335500e+03  8.40000000e-02  1.62400000e+01
 -3.48829926e+03  3.72335500e+03  8.40000000e-02  1.62400000e+01
 -3.48829926e+03  3.72335500e+03  8.40000000e-02  1.62400000e+01
 -3.48829926e+03  3.72335500e+03  8.40000000e-02  1.62400000e+01
 -3.48829926e+03  3.72335500e+03  8.40000000e-02  1.62400000e+01
 -3.48829926e+03  3.72335500e+03  8.40000000e-02  1.62400000e+01
 -3.48829926e+03  3.72335500e+03  8.40000000e-02  1.62400000e+01
 -3.48924757e+03  3.71934300e+03  8.40000000e-02  1.62620000e+01
 -3.48924757e+03  3.71934300e+03  8.40000000e-02  1.62620000e+01
 -3.48924757e+03  3.71934300e+03  8.40000000e-02  1.62620000e+01
 -3.50457896e+03  3.72553600e+03  8.40000000e-02  1.60760000e+01
 -3.50457896e+03  3.72553600e+03  8.40000000e-02  1.60760000e+01
 -3.50457896e+03  3.72553600e+03  8.40000000e-02  1.60760000e+01
 -3.50457896e+03  3.72553600e+03  8.40000000e-02  1.60760000e+01
 -3.50457896e+03  3.72553600e+03  8.40000000e-02  1.60760000e+01
 -3.51626080e+03  3.72998100e+03  8.40000000e-02  1.60800000e+01
 -3.51626080e+03  3.72998100e+03  8.40000000e-02  1.60800000e+01
 -3.51626080e+03  3.72998100e+03  8.40000000e-02  1.60800000e+01
 -3.51626080e+03  3.72998100e+03  8.40000000e-02  1.60800000e+01
 -3.51626080e+03  3.72998100e+03  8.40000000e-02  1.60800000e+01
 -3.51626080e+03  3.72998100e+03  8.40000000e-02  1.60800000e+01
 -3.51626080e+03  3.72998100e+03  8.40000000e-02  1.60800000e+01
 -3.51626080e+03  3.72998100e+03  8.40000000e-02  1.60800000e+01
 -3.51626080e+03  3.72998100e+03  8.40000000e-02  1.60800000e+01
 -3.52927500e+03  3.72372200e+03  8.40000000e-02  1.62820000e+01
 -3.52927500e+03  3.72372200e+03  8.40000000e-02  1.62820000e+01
 -3.52927500e+03  3.72372200e+03  8.40000000e-02  1.62820000e+01
 -3.52927500e+03  3.72372200e+03  8.40000000e-02  1.62820000e+01
 -3.52927500e+03  3.72372200e+03  8.40000000e-02  1.62820000e+01
 -3.52927500e+03  3.72372200e+03  8.40000000e-02  1.62820000e+01
 -3.52927500e+03  3.72372200e+03  8.40000000e-02  1.62820000e+01
 -3.52927500e+03  3.72372200e+03  8.40000000e-02  1.62820000e+01
 -3.52927500e+03  3.72372200e+03  8.40000000e-02  1.62820000e+01
 -3.52927500e+03  3.72372200e+03  8.40000000e-02  1.62820000e+01
 -3.52927500e+03  3.72372200e+03  8.40000000e-02  1.62820000e+01
 -3.52927500e+03  3.72372200e+03  8.40000000e-02  1.62820000e+01
 -3.52219345e+03  3.73040300e+03  8.90000000e-02  1.62750000e+01
 -3.52219345e+03  3.73040300e+03  8.90000000e-02  1.62750000e+01
 -3.52219345e+03  3.73040300e+03  8.90000000e-02  1.62750000e+01
 -3.52219345e+03  3.73040300e+03  8.90000000e-02  1.62750000e+01
 -3.52219345e+03  3.73040300e+03  8.90000000e-02  1.62750000e+01
 -3.52219345e+03  3.73040300e+03  8.90000000e-02  1.62750000e+01
 -3.52219345e+03  3.73040300e+03  8.90000000e-02  1.62750000e+01
 -3.52219345e+03  3.73040300e+03  8.90000000e-02  1.62750000e+01
 -3.52219345e+03  3.73040300e+03  8.90000000e-02  1.62750000e+01
 -3.52219345e+03  3.73040300e+03  8.90000000e-02  1.62750000e+01
 -3.52219345e+03  3.73040300e+03  8.90000000e-02  1.62750000e+01
 -3.52219345e+03  3.73040300e+03  8.90000000e-02  1.62750000e+01
 -3.52219345e+03  3.73040300e+03  8.90000000e-02  1.62750000e+01
 -3.52792148e+03  3.73509400e+03  8.90000000e-02  1.61740000e+01
 -3.52792148e+03  3.73509400e+03  8.90000000e-02  1.61740000e+01
 -3.52792148e+03  3.73509400e+03  8.90000000e-02  1.61740000e+01
 -3.52792148e+03  3.73509400e+03  8.90000000e-02  1.61740000e+01
 -3.52792148e+03  3.73509400e+03  8.90000000e-02  1.61740000e+01
 -3.52792148e+03  3.73509400e+03  8.90000000e-02  1.61740000e+01
 -3.52792148e+03  3.73509400e+03  8.90000000e-02  1.61740000e+01
 -3.52792148e+03  3.73509400e+03  8.90000000e-02  1.61740000e+01
 -3.52792148e+03  3.73509400e+03  8.90000000e-02  1.61740000e+01
 -3.52792148e+03  3.73509400e+03  8.90000000e-02  1.61740000e+01
 -3.52792148e+03  3.73509400e+03  8.90000000e-02  1.61740000e+01
 -3.54598311e+03  3.73812900e+03  8.90000000e-02  1.61910000e+01
 -3.54598311e+03  3.73812900e+03  8.90000000e-02  1.61910000e+01
 -3.54598311e+03  3.73812900e+03  8.90000000e-02  1.61910000e+01
 -3.54711883e+03  3.73999900e+03  8.90000000e-02  1.61560000e+01
 -3.54711883e+03  3.73999900e+03  8.90000000e-02  1.61560000e+01
 -3.54711883e+03  3.73999900e+03  8.90000000e-02  1.61560000e+01
 -3.54731535e+03  3.73804200e+03  8.90000000e-02  1.62190000e+01
 -3.54854265e+03  3.73871200e+03  8.90000000e-02  1.61440000e+01
 -3.55014520e+03  3.74192200e+03  8.90000000e-02  1.60730000e+01
 -3.55439829e+03  3.74326100e+03  8.90000000e-02  1.60690000e+01
 -3.55439829e+03  3.74326100e+03  8.90000000e-02  1.60690000e+01
 -3.55446226e+03  3.74446100e+03  8.90000000e-02  1.60370000e+01
 -3.55446226e+03  3.74446100e+03  8.90000000e-02  1.60370000e+01
 -3.56075983e+03  3.74183400e+03  8.90000000e-02  1.61170000e+01
 -3.56139192e+03  3.74379100e+03  8.90000000e-02  1.60240000e+01
 -3.56139192e+03  3.74379100e+03  8.90000000e-02  1.60240000e+01
 -3.56139192e+03  3.74379100e+03  8.90000000e-02  1.60240000e+01
 -3.56139192e+03  3.74379100e+03  8.90000000e-02  1.60240000e+01
 -3.56139192e+03  3.74379100e+03  8.90000000e-02  1.60240000e+01
 -3.56139192e+03  3.74379100e+03  8.90000000e-02  1.60240000e+01
 -3.56436703e+03  3.74402900e+03  8.90000000e-02  1.58960000e+01
 -3.56480379e+03  3.74390100e+03  8.90000000e-02  1.59070000e+01
 -3.56480379e+03  3.74390100e+03  8.90000000e-02  1.59070000e+01
 -3.56480379e+03  3.74390100e+03  8.90000000e-02  1.59070000e+01
 -3.56480379e+03  3.74390100e+03  8.90000000e-02  1.59070000e+01
 -3.56482000e+03  3.74292700e+03  8.90000000e-02  1.59350000e+01
 -3.56556695e+03  3.74599700e+03  8.90000000e-02  1.58750000e+01
 -3.56556695e+03  3.74599700e+03  8.90000000e-02  1.58750000e+01
 -3.56556695e+03  3.74599700e+03  8.90000000e-02  1.58750000e+01
 -3.56716198e+03  3.74501300e+03  8.90000000e-02  1.58940000e+01
 -3.56682914e+03  3.74391100e+03  8.90000000e-02  1.59180000e+01
 -3.56682914e+03  3.74391100e+03  8.90000000e-02  1.59180000e+01
 -3.56682914e+03  3.74391100e+03  8.90000000e-02  1.59180000e+01
 -3.56682914e+03  3.74391100e+03  8.90000000e-02  1.59180000e+01
 -3.56927668e+03  3.74645100e+03  8.90000000e-02  1.59090000e+01
 -3.57057826e+03  3.74854800e+03  8.90000000e-02  1.58300000e+01
 -3.57088755e+03  3.74875300e+03  8.90000000e-02  1.58300000e+01
 -3.57406172e+03  3.74666700e+03  8.90000000e-02  1.60820000e+01
 -3.57534271e+03  3.74875300e+03  8.90000000e-02  1.60360000e+01
 -3.57534271e+03  3.74875300e+03  8.90000000e-02  1.60360000e+01
 -3.57534271e+03  3.74875300e+03  8.90000000e-02  1.60360000e+01
 -3.57625205e+03  3.75172500e+03  8.90000000e-02  1.59790000e+01
 -3.57664727e+03  3.75336800e+03  8.90000000e-02  1.59790000e+01
 -3.57664727e+03  3.75336800e+03  8.90000000e-02  1.59790000e+01
 -3.57730725e+03  3.75269800e+03  8.90000000e-02  1.59890000e+01
 -3.57703146e+03  3.75270900e+03  8.90000000e-02  1.59350000e+01
 -3.57636955e+03  3.75181200e+03  8.90000000e-02  1.59370000e+01
 -3.57636955e+03  3.75181200e+03  8.90000000e-02  1.59370000e+01
 -3.57624758e+03  3.75113200e+03  8.90000000e-02  1.59460000e+01
 -3.57624758e+03  3.75113200e+03  8.90000000e-02  1.59460000e+01
 -3.57815583e+03  3.75157500e+03  8.90000000e-02  1.59360000e+01
 -3.57815583e+03  3.75157500e+03  8.90000000e-02  1.59360000e+01
 -3.57815583e+03  3.75157500e+03  8.90000000e-02  1.59360000e+01
 -3.57815583e+03  3.75157500e+03  8.90000000e-02  1.59360000e+01
 -3.57836807e+03  3.75091500e+03  8.90000000e-02  1.59350000e+01
 -3.57817553e+03  3.75188900e+03  8.90000000e-02  1.59120000e+01
 -3.57848938e+03  3.75331500e+03  8.90000000e-02  1.59290000e+01
 -3.58702454e+03  3.75211500e+03  8.90000000e-02  1.60030000e+01
 -3.58961562e+03  3.75629800e+03  8.90000000e-02  1.59180000e+01
 -3.58944495e+03  3.75847100e+03  8.90000000e-02  1.58220000e+01
 -3.59186894e+03  3.75987700e+03  8.90000000e-02  1.58220000e+01
 -3.59186894e+03  3.75987700e+03  8.90000000e-02  1.58220000e+01
 -3.59186894e+03  3.75987700e+03  8.90000000e-02  1.58220000e+01
 -3.59530200e+03  3.76108800e+03  8.90000000e-02  1.58640000e+01
 -3.59459416e+03  3.76175800e+03  8.90000000e-02  1.58620000e+01
 -3.59846710e+03  3.76407100e+03  8.90000000e-02  1.58370000e+01
 -3.59931570e+03  3.76011500e+03  8.90000000e-02  1.59250000e+01
 -3.59931570e+03  3.76011500e+03  8.90000000e-02  1.59250000e+01
 -3.59931570e+03  3.76011500e+03  8.90000000e-02  1.59250000e+01
 -3.60089588e+03  3.76175800e+03  8.90000000e-02  1.59020000e+01
 -3.60068098e+03  3.76175800e+03  8.90000000e-02  1.59020000e+01
 -3.60068098e+03  3.76175800e+03  8.90000000e-02  1.59020000e+01
 -3.60068098e+03  3.76175800e+03  8.90000000e-02  1.59020000e+01
 -3.60068098e+03  3.76175800e+03  8.90000000e-02  1.59020000e+01
 -3.60068098e+03  3.76175800e+03  8.90000000e-02  1.59020000e+01
 -3.59979591e+03  3.76078500e+03  8.90000000e-02  1.59450000e+01
 -3.59979591e+03  3.76078500e+03  8.90000000e-02  1.59450000e+01
 -3.59979591e+03  3.76078500e+03  8.90000000e-02  1.59450000e+01
 -3.59979591e+03  3.76078500e+03  8.90000000e-02  1.59450000e+01
 -3.60002226e+03  3.75989900e+03  8.90000000e-02  1.60080000e+01
 -3.60016032e+03  3.75923900e+03  8.90000000e-02  1.60510000e+01
 -3.60118682e+03  3.76142300e+03  8.90000000e-02  1.60530000e+01
 -3.60159232e+03  3.76000700e+03  9.00000000e-02  1.59750000e+01
 -3.60159232e+03  3.76000700e+03  9.00000000e-02  1.59750000e+01
 -3.60159232e+03  3.76000700e+03  9.00000000e-02  1.59750000e+01
 -3.60159232e+03  3.76000700e+03  9.00000000e-02  1.59750000e+01
 -3.60159232e+03  3.76000700e+03  9.00000000e-02  1.59750000e+01
 -3.60159232e+03  3.76000700e+03  9.00000000e-02  1.59750000e+01
 -3.60159232e+03  3.76000700e+03  9.00000000e-02  1.59750000e+01
 -3.60158588e+03  3.76156300e+03  9.00000000e-02  1.59690000e+01
 -3.60251094e+03  3.76298900e+03  8.90000000e-02  1.59520000e+01
 -3.60251094e+03  3.76298900e+03  8.90000000e-02  1.59520000e+01
 -3.60228854e+03  3.76254600e+03  8.90000000e-02  1.59450000e+01
 -3.60436671e+03  3.76299000e+03  8.90000000e-02  1.59470000e+01
 -3.60547751e+03  3.76193000e+03  9.00000000e-02  1.59440000e+01
 -3.60660283e+03  3.76214600e+03  9.00000000e-02  1.59460000e+01
 -3.60660283e+03  3.76214600e+03  9.00000000e-02  1.59460000e+01
 -3.60660283e+03  3.76214600e+03  9.00000000e-02  1.59460000e+01
 -3.61208298e+03  3.76467500e+03  9.00000000e-02  1.59420000e+01
 -3.61208298e+03  3.76467500e+03  9.00000000e-02  1.59420000e+01
 -3.61208298e+03  3.76467500e+03  9.00000000e-02  1.59420000e+01
 -3.61208298e+03  3.76467500e+03  9.00000000e-02  1.59420000e+01
 -3.61358610e+03  3.76796100e+03  8.90000000e-02  1.59250000e+01
 -3.61358610e+03  3.76796100e+03  8.90000000e-02  1.59250000e+01
 -3.61358610e+03  3.76796100e+03  8.90000000e-02  1.59250000e+01
 -3.61748073e+03  3.76796100e+03  8.90000000e-02  1.59250000e+01
 -3.61748073e+03  3.76796100e+03  8.90000000e-02  1.59250000e+01
 -3.61748073e+03  3.76796100e+03  8.90000000e-02  1.59250000e+01
 -3.62656567e+03  3.76774500e+03  8.90000000e-02  1.59250000e+01
 -3.63118715e+03  3.76819900e+03  8.90000000e-02  1.60150000e+01
 -3.63240050e+03  3.76840400e+03  8.90000000e-02  1.60160000e+01
 -3.63301560e+03  3.76795000e+03  8.90000000e-02  1.60760000e+01
 -3.63301560e+03  3.76795000e+03  8.90000000e-02  1.60760000e+01
 -3.63301560e+03  3.76795000e+03  8.90000000e-02  1.60760000e+01
 -3.63301560e+03  3.76795000e+03  8.90000000e-02  1.60760000e+01
 -3.63301560e+03  3.76795000e+03  8.90000000e-02  1.60760000e+01
 -3.63408354e+03  3.76742000e+03  8.90000000e-02  1.61110000e+01
 -3.63408354e+03  3.76742000e+03  8.90000000e-02  1.61110000e+01
 -3.63408354e+03  3.76742000e+03  8.90000000e-02  1.61110000e+01
 -3.63408354e+03  3.76742000e+03  8.90000000e-02  1.61110000e+01
 -3.63408354e+03  3.76742000e+03  8.90000000e-02  1.61110000e+01
 -3.63408354e+03  3.76742000e+03  8.90000000e-02  1.61110000e+01
 -3.63408354e+03  3.76742000e+03  8.90000000e-02  1.61110000e+01
 -3.64141264e+03  3.77160300e+03  8.90000000e-02  1.61050000e+01
 -3.64141264e+03  3.77160300e+03  8.90000000e-02  1.61050000e+01
 -3.64167552e+03  3.77205700e+03  8.90000000e-02  1.61050000e+01
 -3.64167552e+03  3.77205700e+03  8.90000000e-02  1.61050000e+01
 -3.64167552e+03  3.77205700e+03  8.90000000e-02  1.61050000e+01
 -3.64167552e+03  3.77205700e+03  8.90000000e-02  1.61050000e+01
 -3.64360645e+03  3.77356000e+03  8.90000000e-02  1.61040000e+01
 -3.64404004e+03  3.77325700e+03  8.90000000e-02  1.61210000e+01
 -3.64404004e+03  3.77325700e+03  8.90000000e-02  1.61210000e+01
 -3.64801623e+03  3.77535300e+03  8.90000000e-02  1.61210000e+01
 -3.64801623e+03  3.77535300e+03  8.90000000e-02  1.61210000e+01
 -3.64946916e+03  3.77745000e+03  8.90000000e-02  1.61210000e+01
 -3.64937446e+03  3.76945100e+03  9.20000000e-02  1.63300000e+01
 -3.64906207e+03  3.76900800e+03  9.20000000e-02  1.62210000e+01
 -3.65255802e+03  3.76909500e+03  9.20000000e-02  1.62940000e+01
 -3.65245579e+03  3.76841500e+03  9.20000000e-02  1.62960000e+01
 -3.65245579e+03  3.76841500e+03  9.20000000e-02  1.62960000e+01
 -3.65456258e+03  3.77004700e+03  9.20000000e-02  1.62890000e+01
 -3.65456258e+03  3.77004700e+03  9.20000000e-02  1.62890000e+01
 -3.65536406e+03  3.77003600e+03  9.20000000e-02  1.63550000e+01
 -3.65536406e+03  3.77003600e+03  9.20000000e-02  1.63550000e+01
 -3.65536406e+03  3.77003600e+03  9.20000000e-02  1.63550000e+01
 -3.65781536e+03  3.77114900e+03  9.20000000e-02  1.63130000e+01
 -3.66583183e+03  3.77564700e+03  9.20000000e-02  1.62950000e+01
 -3.67947324e+03  3.77707400e+03  9.20000000e-02  1.62800000e+01
 -3.67947324e+03  3.77707400e+03  9.20000000e-02  1.62800000e+01
 -3.67947324e+03  3.77707400e+03  9.20000000e-02  1.62800000e+01
 -3.67947324e+03  3.77707400e+03  9.20000000e-02  1.62800000e+01
 -3.68894477e+03  3.77893300e+03  9.10000000e-02  1.62430000e+01
 -3.68894477e+03  3.77893300e+03  9.10000000e-02  1.62430000e+01
 -3.69082764e+03  3.77991700e+03  9.10000000e-02  1.62160000e+01
 -3.69101557e+03  3.77971100e+03  9.10000000e-02  1.62290000e+01
 -3.69101557e+03  3.77971100e+03  9.10000000e-02  1.62290000e+01
 -3.69089193e+03  3.77970000e+03  9.10000000e-02  1.62330000e+01
 -3.69337668e+03  3.78077100e+03  9.10000000e-02  1.62330000e+01
 -3.69337668e+03  3.78077100e+03  9.10000000e-02  1.62330000e+01
 -3.69337668e+03  3.78077100e+03  9.10000000e-02  1.62330000e+01
 -3.69896328e+03  3.78024100e+03  9.10000000e-02  1.62610000e+01
 -3.70770041e+03  3.78023000e+03  9.10000000e-02  1.62760000e+01
 -3.70809273e+03  3.77978800e+03  9.10000000e-02  1.62800000e+01
 -3.70843457e+03  3.77879300e+03  9.10000000e-02  1.62690000e+01
 -3.70843457e+03  3.77879300e+03  9.10000000e-02  1.62690000e+01
 -3.70843457e+03  3.77879300e+03  9.10000000e-02  1.62690000e+01
 -3.70942675e+03  3.77956100e+03  9.10000000e-02  1.62700000e+01
 -3.70973901e+03  3.78000400e+03  9.10000000e-02  1.62700000e+01
 -3.72090680e+03  3.78037100e+03  9.10000000e-02  1.65300000e+01
 -3.72096861e+03  3.78080300e+03  9.10000000e-02  1.64080000e+01
 -3.72096861e+03  3.78080300e+03  9.10000000e-02  1.64080000e+01
 -3.72096861e+03  3.78080300e+03  9.10000000e-02  1.64080000e+01
 -3.72096861e+03  3.78080300e+03  9.10000000e-02  1.64080000e+01
 -3.72096861e+03  3.78080300e+03  9.10000000e-02  1.64080000e+01
 -3.72096861e+03  3.78080300e+03  9.10000000e-02  1.64080000e+01
 -3.72096861e+03  3.78080300e+03  9.10000000e-02  1.64080000e+01
 -3.72096861e+03  3.78080300e+03  9.10000000e-02  1.64080000e+01
 -3.72103701e+03  3.78146200e+03  9.10000000e-02  1.63670000e+01
 -3.72376605e+03  3.78520200e+03  9.10000000e-02  1.63310000e+01
 -3.72481539e+03  3.78489900e+03  9.10000000e-02  1.62550000e+01
 -3.72481539e+03  3.78489900e+03  9.10000000e-02  1.62550000e+01
 -3.72478081e+03  3.78632600e+03  9.10000000e-02  1.62330000e+01
 -3.72478081e+03  3.78632600e+03  9.10000000e-02  1.62330000e+01
 -3.72478081e+03  3.78632600e+03  9.10000000e-02  1.62330000e+01
 -3.72478081e+03  3.78632600e+03  9.10000000e-02  1.62330000e+01
 -3.72441768e+03  3.78555800e+03  9.10000000e-02  1.62290000e+01
 -3.72766225e+03  3.78578500e+03  9.10000000e-02  1.62360000e+01
 -3.73398670e+03  3.78863900e+03  9.10000000e-02  1.62360000e+01
 -3.73398670e+03  3.78863900e+03  9.10000000e-02  1.62360000e+01
 -3.73510960e+03  3.79161200e+03  9.10000000e-02  1.62170000e+01
 -3.73510960e+03  3.79161200e+03  9.10000000e-02  1.62170000e+01
 -3.73555909e+03  3.79205400e+03  9.10000000e-02  1.62240000e+01
 -3.73555909e+03  3.79205400e+03  9.10000000e-02  1.62240000e+01
 -3.73792860e+03  3.79369700e+03  9.10000000e-02  1.61490000e+01
 -3.73792860e+03  3.79369700e+03  9.10000000e-02  1.61490000e+01
 -3.73792860e+03  3.79369700e+03  9.10000000e-02  1.61490000e+01
 -3.73792860e+03  3.79369700e+03  9.10000000e-02  1.61490000e+01
 -3.73792860e+03  3.79369700e+03  9.10000000e-02  1.61490000e+01
 -3.73792860e+03  3.79369700e+03  9.10000000e-02  1.61490000e+01
 -3.73792860e+03  3.79369700e+03  9.10000000e-02  1.61490000e+01
 -3.73792860e+03  3.79369700e+03  9.10000000e-02  1.61490000e+01
 -3.73792860e+03  3.79369700e+03  9.10000000e-02  1.61490000e+01
 -3.73792860e+03  3.79369700e+03  9.10000000e-02  1.61490000e+01
 -3.73835814e+03  3.79392400e+03  9.10000000e-02  1.61640000e+01
 -3.73835814e+03  3.79392400e+03  9.10000000e-02  1.61640000e+01
 -3.73835814e+03  3.79392400e+03  9.10000000e-02  1.61640000e+01
 -3.73858805e+03  3.79677800e+03  9.10000000e-02  1.60350000e+01
 -3.73858805e+03  3.79677800e+03  9.10000000e-02  1.60350000e+01
 -3.73858805e+03  3.79677800e+03  9.10000000e-02  1.60350000e+01
 -3.73858805e+03  3.79677800e+03  9.10000000e-02  1.60350000e+01
 -3.73989017e+03  3.79776200e+03  9.10000000e-02  1.60350000e+01
 -3.74303284e+03  3.79865900e+03  9.10000000e-02  1.60350000e+01
 -3.74303284e+03  3.79865900e+03  9.10000000e-02  1.60350000e+01
 -3.74408048e+03  3.80031300e+03  9.10000000e-02  1.60270000e+01
 -3.74408048e+03  3.80031300e+03  9.10000000e-02  1.60270000e+01
 -3.74791215e+03  3.80128600e+03  9.10000000e-02  1.60380000e+01
 -3.74853953e+03  3.79964300e+03  9.10000000e-02  1.60380000e+01
 -3.74853953e+03  3.79964300e+03  9.10000000e-02  1.60380000e+01
 -3.74952158e+03  3.80174000e+03  9.10000000e-02  1.60180000e+01
 -3.74952158e+03  3.80174000e+03  9.10000000e-02  1.60180000e+01
 -3.74952158e+03  3.80174000e+03  9.10000000e-02  1.60180000e+01
 -3.74952158e+03  3.80174000e+03  9.10000000e-02  1.60180000e+01
 -3.74952158e+03  3.80174000e+03  9.10000000e-02  1.60180000e+01
 -3.74973281e+03  3.80292900e+03  9.10000000e-02  1.59790000e+01
 -3.75771143e+03  3.80216100e+03  9.10000000e-02  1.59790000e+01
 -3.75915100e+03  3.80371700e+03  9.10000000e-02  1.59800000e+01
 -3.75915100e+03  3.80371700e+03  9.10000000e-02  1.59800000e+01
 -3.76337406e+03  3.80438700e+03  9.10000000e-02  1.59780000e+01
 -3.76406905e+03  3.80691600e+03  9.10000000e-02  1.58970000e+01
 -3.76406905e+03  3.80691600e+03  9.10000000e-02  1.58970000e+01
 -3.76406905e+03  3.80691600e+03  9.10000000e-02  1.58970000e+01
 -3.76406905e+03  3.80691600e+03  9.10000000e-02  1.58970000e+01
 -3.76406948e+03  3.80662400e+03  9.10000000e-02  1.58750000e+01
 -3.76406948e+03  3.80662400e+03  9.10000000e-02  1.58750000e+01
 -3.76406948e+03  3.80662400e+03  9.10000000e-02  1.58750000e+01
 -3.76406948e+03  3.80662400e+03  9.10000000e-02  1.58750000e+01
 -3.76406948e+03  3.80662400e+03  9.10000000e-02  1.58750000e+01
 -3.76406948e+03  3.80662400e+03  9.10000000e-02  1.58750000e+01
 -3.76624023e+03  3.80662400e+03  9.10000000e-02  1.59400000e+01
 -3.76624023e+03  3.80662400e+03  9.10000000e-02  1.59400000e+01
 -3.76608970e+03  3.80751000e+03  9.10000000e-02  1.59210000e+01
 -3.76608970e+03  3.80751000e+03  9.10000000e-02  1.59210000e+01
 -3.76608970e+03  3.80751000e+03  9.10000000e-02  1.59210000e+01
 -3.76608970e+03  3.80751000e+03  9.10000000e-02  1.59210000e+01
 -3.76608970e+03  3.80751000e+03  9.10000000e-02  1.59210000e+01
 -3.76608970e+03  3.80751000e+03  9.10000000e-02  1.59210000e+01
 -3.77042792e+03  3.80749900e+03  9.10000000e-02  1.59550000e+01
 -3.77042792e+03  3.80749900e+03  9.10000000e-02  1.59550000e+01
 -3.77042792e+03  3.80749900e+03  9.10000000e-02  1.59550000e+01
 -3.77042792e+03  3.80749900e+03  9.10000000e-02  1.59550000e+01
 -3.77042792e+03  3.80749900e+03  9.10000000e-02  1.59550000e+01
 -3.77042792e+03  3.80749900e+03  9.10000000e-02  1.59550000e+01
 -3.77042792e+03  3.80749900e+03  9.10000000e-02  1.59550000e+01
 -3.77042792e+03  3.80749900e+03  9.10000000e-02  1.59550000e+01
 -3.77042792e+03  3.80749900e+03  9.10000000e-02  1.59550000e+01
 -3.77042792e+03  3.80749900e+03  9.10000000e-02  1.59550000e+01
 -3.77042792e+03  3.80749900e+03  9.10000000e-02  1.59550000e+01
 -3.77042792e+03  3.80749900e+03  9.10000000e-02  1.59550000e+01
 -3.77042792e+03  3.80749900e+03  9.10000000e-02  1.59550000e+01
 -3.77042792e+03  3.80749900e+03  9.10000000e-02  1.59550000e+01
 -3.77042792e+03  3.80749900e+03  9.10000000e-02  1.59550000e+01
 -3.77042792e+03  3.80749900e+03  9.10000000e-02  1.59550000e+01
 -3.77042792e+03  3.80749900e+03  9.10000000e-02  1.59550000e+01
 -3.77042792e+03  3.80749900e+03  9.10000000e-02  1.59550000e+01
 -3.77042792e+03  3.80749900e+03  9.10000000e-02  1.59550000e+01
 -3.77042792e+03  3.80749900e+03  9.10000000e-02  1.59550000e+01
 -3.77042792e+03  3.80749900e+03  9.10000000e-02  1.59550000e+01
 -3.77069863e+03  3.80749900e+03  9.10000000e-02  1.59750000e+01
 -3.77069863e+03  3.80749900e+03  9.10000000e-02  1.59750000e+01
 -3.77069863e+03  3.80749900e+03  9.10000000e-02  1.59750000e+01
 -3.77069863e+03  3.80749900e+03  9.10000000e-02  1.59750000e+01
 -3.77074361e+03  3.80704500e+03  9.10000000e-02  1.60000000e+01
 -3.77074361e+03  3.80704500e+03  9.10000000e-02  1.60000000e+01
 -3.77074361e+03  3.80704500e+03  9.10000000e-02  1.60000000e+01
 -3.77074361e+03  3.80704500e+03  9.10000000e-02  1.60000000e+01
 -3.77074361e+03  3.80704500e+03  9.10000000e-02  1.60000000e+01
 -3.77345056e+03  3.80637500e+03  8.70000000e-02  1.59940000e+01
 -3.77345056e+03  3.80637500e+03  8.70000000e-02  1.59940000e+01
 -3.77345056e+03  3.80637500e+03  8.70000000e-02  1.59940000e+01
 -3.77345056e+03  3.80637500e+03  8.70000000e-02  1.59940000e+01
 -3.77334255e+03  3.80704500e+03  8.70000000e-02  1.59810000e+01
 -3.77334255e+03  3.80704500e+03  8.70000000e-02  1.59810000e+01
 -3.77334255e+03  3.80704500e+03  8.70000000e-02  1.59810000e+01
 -3.77334255e+03  3.80704500e+03  8.70000000e-02  1.59810000e+01
 -3.77334255e+03  3.80704500e+03  8.70000000e-02  1.59810000e+01
 -3.77334255e+03  3.80704500e+03  8.70000000e-02  1.59810000e+01
 -3.77334255e+03  3.80704500e+03  8.70000000e-02  1.59810000e+01
 -3.77334255e+03  3.80704500e+03  8.70000000e-02  1.59810000e+01
 -3.77334255e+03  3.80704500e+03  8.70000000e-02  1.59810000e+01
 -3.77334255e+03  3.80704500e+03  8.70000000e-02  1.59810000e+01
 -3.77379109e+03  3.80793100e+03  8.70000000e-02  1.59790000e+01
 -3.77622861e+03  3.80748800e+03  8.80000000e-02  1.60510000e+01
 -3.77622861e+03  3.80748800e+03  8.80000000e-02  1.60510000e+01
 -3.77685293e+03  3.80583400e+03  8.80000000e-02  1.61830000e+01
 -3.77685293e+03  3.80583400e+03  8.80000000e-02  1.61830000e+01
 -3.77685293e+03  3.80583400e+03  8.80000000e-02  1.61830000e+01
 -3.77685293e+03  3.80583400e+03  8.80000000e-02  1.61830000e+01
 -3.77722712e+03  3.80703400e+03  8.80000000e-02  1.61850000e+01