-1.56455120e+03  2.57626700e+03  8.80000000e-02  2.93540000e+01
 -1.99215102e+03  2.94652200e+03  8.50000000e-02  2.33410000e+01
 -2.27913189e+03  3.20709600e+03  9.60000000e-02  1.97870000e+01
 -2.44769667e+03  3.35037400e+03  9.50000000e-02  1.80990000e+01
 -2.56910714e+03  3.42338600e+03  9.90000000e-02  1.72390000e+01
 -2.66636177e+03  3.47821500e+03  1.00000000e-01  1.69920000e+01
 -2.76034044e+03  3.52865700e+03  9.70000000e-02  1.66680000e+01
 -2.86156914e+03  3.59971300e+03  8.20000000e-02  1.53330000e+01
 -2.87101193e+03  3.61194500e+03  8.10000000e-02  1.56660000e+01
 -2.91587404e+03  3.61232200e+03  8.10000000e-02  1.59260000e+01
 -2.91221310e+03  3.61885600e+03  9.80000000e-02  1.61250000e+01
 -2.88295804e+03  3.61946400e+03  9.80000000e-02  1.57780000e+01
 -2.92075126e+03  3.63064700e+03  8.90000000e-02  1.59120000e+01
 -2.90972187e+03  3.65619200e+03  8.90000000e-02  1.51030000e+01
 -2.91877450e+03  3.62520100e+03  8.80000000e-02  1.59640000e+01
 -2.91877450e+03  3.62520100e+03  8.80000000e-02  1.59640000e+01
 -2.96116395e+03  3.61810100e+03  8.70000000e-02  1.69030000e+01
 -2.99871830e+03  3.61815100e+03  8.70000000e-02  1.67400000e+01
 -2.96840112e+03  3.62325400e+03  8.60000000e-02  1.63290000e+01
 -2.92690463e+03  3.61253100e+03  9.00000000e-02  1.64570000e+01
 -2.91854616e+03  3.63814600e+03  9.20000000e-02  1.65100000e+01
 -2.95429637e+03  3.64645600e+03  8.30000000e-02  1.67940000e+01
 -2.95429637e+03  3.64645600e+03  8.30000000e-02  1.67940000e+01
 -2.99305965e+03  3.67245700e+03  8.20000000e-02  1.54850000e+01
 -3.04564432e+03  3.66693300e+03  8.20000000e-02  1.61820000e+01
 -3.04564432e+03  3.66693300e+03  8.20000000e-02  1.61820000e+01
 -3.04564432e+03  3.66693300e+03  8.20000000e-02  1.61820000e+01
 -3.04564432e+03  3.66693300e+03  8.20000000e-02  1.61820000e+01
 -3.04564432e+03  3.66693300e+03  8.20000000e-02  1.61820000e+01
 -3.04564432e+03  3.66693300e+03  8.20000000e-02  1.61820000e+01
 -3.04201080e+03  3.66628900e+03  8.30000000e-02  1.63130000e+01
 -3.02563603e+03  3.64655000e+03  8.30000000e-02  1.61900000e+01
 -3.02563603e+03  3.64655000e+03  8.30000000e-02  1.61900000e+01
 -3.03634587e+03  3.65263800e+03  8.90000000e-02  1.65070000e+01
 -3.07297061e+03  3.66811900e+03  9.40000000e-02  1.66000000e+01
 -3.08465761e+03  3.67115700e+03  9.50000000e-02  1.65180000e+01
 -3.06907523e+03  3.67301700e+03  9.90000000e-02  1.65350000e+01
 -3.05647632e+03  3.67794200e+03  9.80000000e-02  1.57820000e+01
 -3.08811879e+03  3.66892700e+03  9.70000000e-02  1.63110000e+01
 -3.08811879e+03  3.66892700e+03  9.70000000e-02  1.63110000e+01
 -2.96156269e+03  3.66891100e+03  9.40000000e-02  1.56330000e+01
 -2.96156269e+03  3.66891100e+03  9.40000000e-02  1.56330000e+01
 -2.96966599e+03  3.64818800e+03  9.10000000e-02  1.60980000e+01
 -2.98850576e+03  3.67390200e+03  9.20000000e-02  1.59330000e+01
 -3.08596038e+03  3.67720200e+03  9.50000000e-02  1.64040000e+01
 -3.08596038e+03  3.67720200e+03  9.50000000e-02  1.64040000e+01
 -3.08596038e+03  3.67720200e+03  9.50000000e-02  1.64040000e+01
 -3.08596038e+03  3.67720200e+03  9.50000000e-02  1.64040000e+01
 -3.07159488e+03  3.67112900e+03  9.30000000e-02  1.63660000e+01
 -3.07159488e+03  3.67112900e+03  9.30000000e-02  1.63660000e+01
 -3.07159488e+03  3.67112900e+03  9.30000000e-02  1.63660000e+01
 -3.07159488e+03  3.67112900e+03  9.30000000e-02  1.63660000e+01
 -3.03193313e+03  3.67422400e+03  8.60000000e-02  1.58520000e+01
 -3.03193313e+03  3.67422400e+03  8.60000000e-02  1.58520000e+01
 -3.04169921e+03  3.66530400e+03  8.80000000e-02  1.63630000e+01
 -3.03158655e+03  3.64763200e+03  8.50000000e-02  1.60680000e+01
 -3.03158655e+03  3.64763200e+03  8.50000000e-02  1.60680000e+01
 -3.03154245e+03  3.65836100e+03  9.80000000e-02  1.55000000e+01
 -3.03154245e+03  3.65836100e+03  9.80000000e-02  1.55000000e+01
 -3.03147823e+03  3.62914200e+03  9.20000000e-02  1.63590000e+01
 -3.05932348e+03  3.64500500e+03  8.40000000e-02  1.66170000e+01
 -2.99039084e+03  3.62473800e+03  8.10000000e-02  1.58940000e+01
 -3.04880700e+03  3.65874900e+03  8.40000000e-02  1.55940000e+01
 -3.06776312e+03  3.67647200e+03  8.40000000e-02  1.53700000e+01
 -3.06776312e+03  3.67647200e+03  8.40000000e-02  1.53700000e+01
 -3.06776312e+03  3.67647200e+03  8.40000000e-02  1.53700000e+01
 -3.06776312e+03  3.67647200e+03  8.40000000e-02  1.53700000e+01
 -3.06776312e+03  3.67647200e+03  8.40000000e-02  1.53700000e+01
 -3.04457080e+03  3.66159500e+03  8.50000000e-02  1.63140000e+01
 -3.04457080e+03  3.66159500e+03  8.50000000e-02  1.63140000e+01
 -3.04457080e+03  3.66159500e+03  8.50000000e-02  1.63140000e+01
 -3.03591926e+03  3.65976200e+03  8.50000000e-02  1.66100000e+01
 -3.04127001e+03  3.66362900e+03  8.90000000e-02  1.62900000e+01
 -3.04127001e+03  3.66362900e+03  8.90000000e-02  1.62900000e+01
 -3.04127001e+03  3.66362900e+03  8.90000000e-02  1.62900000e+01
 -3.09415344e+03  3.65630200e+03  9.30000000e-02  1.67620000e+01
 -3.05436109e+03  3.63039500e+03  9.30000000e-02  1.72690000e+01
 -3.05750093e+03  3.64724500e+03  9.80000000e-02  1.70810000e+01
 -3.05750093e+03  3.64724500e+03  9.80000000e-02  1.70810000e+01
 -3.04295338e+03  3.64339400e+03  1.02000000e-01  1.73170000e+01
 -3.04295338e+03  3.64339400e+03  1.02000000e-01  1.73170000e+01
 -3.02364783e+03  3.63569600e+03  1.02000000e-01  1.73340000e+01
 -3.01158485e+03  3.63089600e+03  1.02000000e-01  1.71080000e+01
 -3.04352549e+03  3.63900500e+03  1.03000000e-01  1.70810000e+01
 -3.06211678e+03  3.64930800e+03  1.03000000e-01  1.70640000e+01
 -3.05123699e+03  3.65272500e+03  1.07000000e-01  1.69030000e+01
 -3.04762822e+03  3.65731900e+03  1.06000000e-01  1.70050000e+01
 -3.05940753e+03  3.65470300e+03  1.06000000e-01  1.71700000e+01
 -3.05940753e+03  3.65470300e+03  1.06000000e-01  1.71700000e+01
 -3.07619388e+03  3.66490600e+03  1.06000000e-01  1.71260000e+01
 -3.07958071e+03  3.68174700e+03  1.06000000e-01  1.67680000e+01
 -3.09124286e+03  3.68871800e+03  1.06000000e-01  1.65200000e+01
 -3.08401536e+03  3.68802600e+03  1.06000000e-01  1.66770000e+01
 -3.08401536e+03  3.68802600e+03  1.06000000e-01  1.66770000e+01
 -3.08401536e+03  3.68802600e+03  1.06000000e-01  1.66770000e+01
 -3.08401536e+03  3.68802600e+03  1.06000000e-01  1.66770000e+01
 -3.07394439e+03  3.68849100e+03  1.06000000e-01  1.65200000e+01
 -3.11817205e+03  3.70605500e+03  1.06000000e-01  1.61630000e+01
 -3.11871184e+03  3.69666100e+03  1.06000000e-01  1.61870000e+01
 -3.14192045e+03  3.70821500e+03  1.06000000e-01  1.62310000e+01
 -3.11613783e+03  3.70164300e+03  1.06000000e-01  1.59060000e+01
 -3.14053796e+03  3.70612900e+03  1.06000000e-01  1.59320000e+01
 -3.14053796e+03  3.70612900e+03  1.06000000e-01  1.59320000e+01
 -3.12852582e+03  3.69651800e+03  1.06000000e-01  1.62240000e+01
 -3.14533621e+03  3.69467900e+03  1.06000000e-01  1.63860000e+01
 -3.13165986e+03  3.69331800e+03  1.06000000e-01  1.66130000e+01
 -3.09256400e+03  3.67683300e+03  1.06000000e-01  1.66710000e+01
 -3.09256400e+03  3.67683300e+03  1.06000000e-01  1.66710000e+01
 -3.09256400e+03  3.67683300e+03  1.06000000e-01  1.66710000e+01
 -3.09256400e+03  3.67683300e+03  1.06000000e-01  1.66710000e+01
 -3.09256400e+03  3.67683300e+03  1.06000000e-01  1.66710000e+01
 -3.08770216e+03  3.67445500e+03  9.70000000e-02  1.67290000e+01
 -3.09825480e+03  3.66560300e+03  9.70000000e-02  1.70890000e+01
 -3.10874368e+03  3.67392700e+03  9.70000000e-02  1.69750000e+01
 -3.12063510e+03  3.66893400e+03  9.70000000e-02  1.68680000e+01
 -3.12536670e+03  3.66947500e+03  9.70000000e-02  1.68290000e+01
 -3.12208444e+03  3.65794100e+03  9.70000000e-02  1.68280000e+01
 -3.14167336e+03  3.65896700e+03  9.70000000e-02  1.66130000e+01
 -3.16268651e+03  3.66785200e+03  8.40000000e-02  1.65060000e+01
 -3.18309871e+03  3.67672600e+03  8.40000000e-02  1.64200000e+01
 -3.19124518e+03  3.68231500e+03  8.50000000e-02  1.60910000e+01
 -3.17660115e+03  3.67653500e+03  8.50000000e-02  1.62280000e+01
 -3.17660115e+03  3.67653500e+03  8.50000000e-02  1.62280000e+01
 -3.19647212e+03  3.67670600e+03  8.50000000e-02  1.63590000e+01
 -3.19647212e+03  3.67670600e+03  8.50000000e-02  1.63590000e+01
 -3.19953846e+03  3.68714800e+03  8.50000000e-02  1.62220000e+01
 -3.17106028e+03  3.68015600e+03  8.50000000e-02  1.64170000e+01
 -3.17106028e+03  3.68015600e+03  8.50000000e-02  1.64170000e+01
 -3.17106028e+03  3.68015600e+03  8.50000000e-02  1.64170000e+01
 -3.17106028e+03  3.68015600e+03  8.50000000e-02  1.64170000e+01
 -3.17711755e+03  3.68334600e+03  8.60000000e-02  1.65300000e+01
 -3.17711755e+03  3.68334600e+03  8.60000000e-02  1.65300000e+01
 -3.19405104e+03  3.68856700e+03  8.70000000e-02  1.65010000e+01
 -3.20444507e+03  3.70470700e+03  8.70000000e-02  1.62990000e+01
 -3.18879356e+03  3.70296400e+03  8.70000000e-02  1.59760000e+01
 -3.20408397e+03  3.70712300e+03  8.70000000e-02  1.58960000e+01
 -3.20408397e+03  3.70712300e+03  8.70000000e-02  1.58960000e+01
 -3.19382273e+03  3.70656100e+03  8.60000000e-02  1.57530000e+01
 -3.19045717e+03  3.71848200e+03  8.60000000e-02  1.56100000e+01
 -3.19678412e+03  3.71551000e+03  8.70000000e-02  1.57890000e+01
 -3.19462768e+03  3.71197600e+03  8.70000000e-02  1.57020000e+01
 -3.18810015e+03  3.69698300e+03  9.00000000e-02  1.58830000e+01
 -3.18810015e+03  3.69698300e+03  9.00000000e-02  1.58830000e+01
 -3.18810015e+03  3.69698300e+03  9.00000000e-02  1.58830000e+01
 -3.19441621e+03  3.69641100e+03  9.00000000e-02  1.56340000e+01
 -3.16591636e+03  3.68946300e+03  8.90000000e-02  1.56180000e+01
 -3.15691736e+03  3.68776700e+03  8.80000000e-02  1.58820000e+01
 -3.15691736e+03  3.68776700e+03  8.80000000e-02  1.58820000e+01
 -3.15691736e+03  3.68776700e+03  8.80000000e-02  1.58820000e+01
 -3.13581140e+03  3.67960500e+03  8.70000000e-02  1.62450000e+01
 -3.12768453e+03  3.67054700e+03  8.70000000e-02  1.65970000e+01
 -3.10817720e+03  3.66682900e+03  8.70000000e-02  1.66050000e+01
 -3.11605705e+03  3.65910100e+03  8.70000000e-02  1.68160000e+01
 -3.12357048e+03  3.66306700e+03  8.70000000e-02  1.66210000e+01
 -3.12357048e+03  3.66306700e+03  8.70000000e-02  1.66210000e+01
 -3.12399268e+03  3.66633100e+03  8.70000000e-02  1.65240000e+01
 -3.14188452e+03  3.66719500e+03  8.70000000e-02  1.64920000e+01
 -3.14188452e+03  3.66719500e+03  8.70000000e-02  1.64920000e+01
 -3.15215750e+03  3.66518600e+03  8.70000000e-02  1.67450000e+01
 -3.15215750e+03  3.66518600e+03  8.70000000e-02  1.67450000e+01
 -3.14689464e+03  3.66771500e+03  8.70000000e-02  1.67990000e+01
 -3.14689464e+03  3.66771500e+03  8.70000000e-02  1.67990000e+01
 -3.14734213e+03  3.66054900e+03  8.70000000e-02  1.68250000e+01
 -3.16757646e+03  3.66028100e+03  8.70000000e-02  1.71090000e+01
 -3.16757646e+03  3.66028100e+03  8.70000000e-02  1.71090000e+01
 -3.16757646e+03  3.66028100e+03  8.70000000e-02  1.71090000e+01
 -3.16193585e+03  3.64899500e+03  8.70000000e-02  1.75410000e+01
 -3.16193585e+03  3.64899500e+03  8.70000000e-02  1.75410000e+01
 -3.16193585e+03  3.64899500e+03  8.70000000e-02  1.75410000e+01
 -3.15103900e+03  3.64721200e+03  8.70000000e-02  1.76510000e+01
 -3.14473430e+03  3.64180900e+03  8.80000000e-02  1.73830000e+01
 -3.14676396e+03  3.64714600e+03  8.70000000e-02  1.73040000e+01
 -3.15168477e+03  3.64519100e+03  8.70000000e-02  1.73840000e+01
 -3.15168477e+03  3.64519100e+03  8.70000000e-02  1.73840000e+01
 -3.12557027e+03  3.63575500e+03  8.70000000e-02  1.74390000e+01
 -3.15137223e+03  3.64093300e+03  8.70000000e-02  1.72830000e+01
 -3.16442165e+03  3.64987200e+03  8.60000000e-02  1.72850000e+01
 -3.16442165e+03  3.64987200e+03  8.60000000e-02  1.72850000e+01
 -3.16442165e+03  3.64987200e+03  8.60000000e-02  1.72850000e+01
 -3.18356232e+03  3.66154600e+03  8.60000000e-02  1.68080000e+01
 -3.15922295e+03  3.65362300e+03  8.70000000e-02  1.69060000e+01
 -3.15907742e+03  3.65505100e+03  8.70000000e-02  1.68890000e+01
 -3.14251741e+03  3.65699800e+03  8.70000000e-02  1.67170000e+01
 -3.14251741e+03  3.65699800e+03  8.70000000e-02  1.67170000e+01
 -3.14251741e+03  3.65699800e+03  8.70000000e-02  1.67170000e+01
 -3.14251741e+03  3.65699800e+03  8.70000000e-02  1.67170000e+01
 -3.13311872e+03  3.64950400e+03  8.70000000e-02  1.69820000e+01
 -3.14233506e+03  3.64458600e+03  8.70000000e-02  1.69370000e+01
 -3.14284378e+03  3.64795900e+03  8.70000000e-02  1.70480000e+01
 -3.15474308e+03  3.65149300e+03  9.00000000e-02  1.69960000e+01
 -3.15474308e+03  3.65149300e+03  9.00000000e-02  1.69960000e+01
 -3.15474308e+03  3.65149300e+03  9.00000000e-02  1.69960000e+01
 -3.15534274e+03  3.64956900e+03  8.80000000e-02  1.69600000e+01
 -3.15534274e+03  3.64956900e+03  8.80000000e-02  1.69600000e+01
 -3.16453175e+03  3.65600200e+03  8.70000000e-02  1.71610000e+01
 -3.18226863e+03  3.66621600e+03  8.70000000e-02  1.70820000e+01
 -3.17888069e+03  3.67343500e+03  8.90000000e-02  1.65800000e+01
 -3.16925657e+03  3.67326200e+03  8.90000000e-02  1.67530000e+01
 -3.17218039e+03  3.67527200e+03  8.90000000e-02  1.64150000e+01
 -3.20126763e+03  3.68404900e+03  8.90000000e-02  1.59120000e+01
 -3.19183868e+03  3.68133700e+03  8.90000000e-02  1.60020000e+01
 -3.16377777e+03  3.66970700e+03  8.90000000e-02  1.61440000e+01
 -3.16377777e+03  3.66970700e+03  8.90000000e-02  1.61440000e+01
 -3.17441391e+03  3.67461300e+03  9.20000000e-02  1.64230000e+01
 -3.17441391e+03  3.67461300e+03  9.20000000e-02  1.64230000e+01
 -3.17441391e+03  3.67461300e+03  9.20000000e-02  1.64230000e+01
 -3.17958701e+03  3.67528200e+03  9.30000000e-02  1.64280000e+01
 -3.17958701e+03  3.67528200e+03  9.30000000e-02  1.64280000e+01
 -3.19829626e+03  3.68153000e+03  9.40000000e-02  1.63120000e+01
 -3.19829626e+03  3.68153000e+03  9.40000000e-02  1.63120000e+01
 -3.19582551e+03  3.68037400e+03  9.30000000e-02  1.63880000e+01
 -3.19171480e+03  3.69126900e+03  8.90000000e-02  1.62880000e+01
 -3.20471572e+03  3.68910700e+03  9.00000000e-02  1.63840000e+01
 -3.20794207e+03  3.70045800e+03  8.90000000e-02  1.62760000e+01
 -3.20794207e+03  3.70045800e+03  8.90000000e-02  1.62760000e+01
 -3.19765990e+03  3.68867600e+03  8.60000000e-02  1.65050000e+01
 -3.20115119e+03  3.69167900e+03  8.60000000e-02  1.63390000e+01
 -3.20115119e+03  3.69167900e+03  8.60000000e-02  1.63390000e+01
 -3.21054485e+03  3.69744900e+03  8.60000000e-02  1.63260000e+01
 -3.21447418e+03  3.69241100e+03  8.60000000e-02  1.65580000e+01
 -3.21921408e+03  3.69457600e+03  8.60000000e-02  1.67410000e+01
 -3.22176611e+03  3.68849200e+03  8.60000000e-02  1.72140000e+01
 -3.22176611e+03  3.68849200e+03  8.60000000e-02  1.72140000e+01
 -3.22176611e+03  3.68849200e+03  8.60000000e-02  1.72140000e+01
 -3.22435550e+03  3.68763900e+03  8.60000000e-02  1.70570000e+01
 -3.22849739e+03  3.68573800e+03  8.70000000e-02  1.71260000e+01
 -3.20409783e+03  3.66493100e+03  8.90000000e-02  1.74250000e+01
 -3.19481067e+03  3.66189400e+03  8.80000000e-02  1.74310000e+01
 -3.18810088e+03  3.66835700e+03  8.80000000e-02  1.73310000e+01
 -3.18684403e+03  3.65885800e+03  8.80000000e-02  1.73350000e+01
 -3.19577779e+03  3.66965900e+03  8.80000000e-02  1.72860000e+01
 -3.19577779e+03  3.66965900e+03  8.80000000e-02  1.72860000e+01
 -3.19577779e+03  3.66965900e+03  8.80000000e-02  1.72860000e+01
 -3.20807417e+03  3.68513900e+03  8.70000000e-02  1.72650000e+01
 -3.20546621e+03  3.67559300e+03  8.80000000e-02  1.73110000e+01
 -3.20243759e+03  3.67391800e+03  8.70000000e-02  1.71260000e+01
 -3.20243759e+03  3.67391800e+03  8.70000000e-02  1.71260000e+01
 -3.20243759e+03  3.67391800e+03  8.70000000e-02  1.71260000e+01
 -3.18544223e+03  3.67071700e+03  8.60000000e-02  1.67940000e+01
 -3.18544223e+03  3.67071700e+03  8.60000000e-02  1.67940000e+01
 -3.18617903e+03  3.67911600e+03  8.60000000e-02  1.66770000e+01
 -3.18617903e+03  3.67911600e+03  8.60000000e-02  1.66770000e+01
 -3.18617903e+03  3.67911600e+03  8.60000000e-02  1.66770000e+01
 -3.18357295e+03  3.67346200e+03  8.70000000e-02  1.66730000e+01
 -3.18346787e+03  3.67630600e+03  8.70000000e-02  1.67450000e+01
 -3.18802710e+03  3.68373400e+03  8.60000000e-02  1.64550000e+01
 -3.18802710e+03  3.68373400e+03  8.60000000e-02  1.64550000e+01
 -3.18802710e+03  3.68373400e+03  8.60000000e-02  1.64550000e+01
 -3.18802710e+03  3.68373400e+03  8.60000000e-02  1.64550000e+01
 -3.19020583e+03  3.68524600e+03  8.70000000e-02  1.65160000e+01
 -3.18406412e+03  3.68348500e+03  8.60000000e-02  1.63560000e+01
 -3.18193086e+03  3.68883600e+03  8.60000000e-02  1.64070000e+01
 -3.17922178e+03  3.69916000e+03  8.60000000e-02  1.64070000e+01
 -3.18895145e+03  3.69936600e+03  8.70000000e-02  1.62860000e+01
 -3.18895145e+03  3.69936600e+03  8.70000000e-02  1.62860000e+01
 -3.19890766e+03  3.70741800e+03  8.60000000e-02  1.63310000e+01
 -3.19890766e+03  3.70741800e+03  8.60000000e-02  1.63310000e+01
 -3.19890766e+03  3.70741800e+03  8.60000000e-02  1.63310000e+01
 -3.20833780e+03  3.71441000e+03  8.50000000e-02  1.61850000e+01
 -3.20833780e+03  3.71441000e+03  8.50000000e-02  1.61850000e+01
 -3.20833780e+03  3.71441000e+03  8.50000000e-02  1.61850000e+01
 -3.20833780e+03  3.71441000e+03  8.50000000e-02  1.61850000e+01
 -3.20833780e+03  3.71441000e+03  8.50000000e-02  1.61850000e+01
 -3.20833780e+03  3.71441000e+03  8.50000000e-02  1.61850000e+01
 -3.20833780e+03  3.71441000e+03  8.50000000e-02  1.61850000e+01
 -3.20833780e+03  3.71441000e+03  8.50000000e-02  1.61850000e+01
 -3.20833780e+03  3.71441000e+03  8.50000000e-02  1.61850000e+01
 -3.20833780e+03  3.71441000e+03  8.50000000e-02  1.61850000e+01
 -3.20833780e+03  3.71441000e+03  8.50000000e-02  1.61850000e+01
 -3.21826538e+03  3.71182400e+03  8.60000000e-02  1.61410000e+01
 -3.21826538e+03  3.71182400e+03  8.60000000e-02  1.61410000e+01
 -3.21826538e+03  3.71182400e+03  8.60000000e-02  1.61410000e+01
 -3.21826538e+03  3.71182400e+03  8.60000000e-02  1.61410000e+01
 -3.22275966e+03  3.70131600e+03  8.60000000e-02  1.61930000e+01
 -3.22275966e+03  3.70131600e+03  8.60000000e-02  1.61930000e+01
 -3.22014339e+03  3.70391000e+03  8.30000000e-02  1.60470000e+01
 -3.21967719e+03  3.70149900e+03  8.30000000e-02  1.61340000e+01
 -3.23108559e+03  3.69705800e+03  8.40000000e-02  1.62300000e+01
 -3.24995104e+03  3.70255900e+03  8.50000000e-02  1.62330000e+01
 -3.24995104e+03  3.70255900e+03  8.50000000e-02  1.62330000e+01
 -3.26150616e+03  3.70973500e+03  8.50000000e-02  1.61740000e+01
 -3.26150616e+03  3.70973500e+03  8.50000000e-02  1.61740000e+01
 -3.26150616e+03  3.70973500e+03  8.50000000e-02  1.61740000e+01
 -3.26150616e+03  3.70973500e+03  8.50000000e-02  1.61740000e+01
 -3.26150616e+03  3.70973500e+03  8.50000000e-02  1.61740000e+01
 -3.26022830e+03  3.70915200e+03  8.50000000e-02  1.60690000e+01
 -3.25471016e+03  3.70500200e+03  8.50000000e-02  1.60380000e+01
 -3.25471016e+03  3.70500200e+03  8.50000000e-02  1.60380000e+01
 -3.25471016e+03  3.70500200e+03  8.50000000e-02  1.60380000e+01
 -3.25471016e+03  3.70500200e+03  8.50000000e-02  1.60380000e+01
 -3.24095343e+03  3.71014700e+03  8.70000000e-02  1.58960000e+01
 -3.24095343e+03  3.71014700e+03  8.70000000e-02  1.58960000e+01
 -3.23911314e+03  3.70088400e+03  8.80000000e-02  1.60010000e+01
 -3.23911314e+03  3.70088400e+03  8.80000000e-02  1.60010000e+01
 -3.23911314e+03  3.70088400e+03  8.80000000e-02  1.60010000e+01
 -3.23911314e+03  3.70088400e+03  8.80000000e-02  1.60010000e+01
 -3.23911314e+03  3.70088400e+03  8.80000000e-02  1.60010000e+01
 -3.23911314e+03  3.70088400e+03  8.80000000e-02  1.60010000e+01
 -3.23911314e+03  3.70088400e+03  8.80000000e-02  1.60010000e+01
 -3.22773071e+03  3.69885100e+03  8.70000000e-02  1.59490000e+01
 -3.22304412e+03  3.69285000e+03  8.90000000e-02  1.59610000e+01
 -3.22304412e+03  3.69285000e+03  8.90000000e-02  1.59610000e+01
 -3.24335027e+03  3.69602800e+03  8.90000000e-02  1.57680000e+01
 -3.24335027e+03  3.69602800e+03  8.90000000e-02  1.57680000e+01
 -3.24335027e+03  3.69602800e+03  8.90000000e-02  1.57680000e+01
 -3.23535394e+03  3.69611500e+03  9.00000000e-02  1.57800000e+01
 -3.23535394e+03  3.69611500e+03  9.00000000e-02  1.57800000e+01
 -3.23535394e+03  3.69611500e+03  9.00000000e-02  1.57800000e+01
 -3.23591636e+03  3.70056800e+03  8.70000000e-02  1.57930000e+01
 -3.23676647e+03  3.69425700e+03  9.20000000e-02  1.60180000e+01
 -3.23647942e+03  3.69843000e+03  8.80000000e-02  1.59000000e+01
 -3.22489414e+03  3.70462300e+03  8.70000000e-02  1.57830000e+01
 -3.22640107e+03  3.70660200e+03  8.90000000e-02  1.57790000e+01
 -3.22640107e+03  3.70660200e+03  8.90000000e-02  1.57790000e+01
 -3.22091146e+03  3.69710200e+03  8.40000000e-02  1.59630000e+01
 -3.22091146e+03  3.69710200e+03  8.40000000e-02  1.59630000e+01
 -3.22091146e+03  3.69710200e+03  8.40000000e-02  1.59630000e+01
 -3.22654326e+03  3.69134000e+03  8.50000000e-02  1.60000000e+01
 -3.24106919e+03  3.69366300e+03  8.50000000e-02  1.61030000e+01
 -3.24712939e+03  3.69317600e+03  8.40000000e-02  1.62600000e+01
 -3.24712939e+03  3.69317600e+03  8.40000000e-02  1.62600000e+01
 -3.24712939e+03  3.69317600e+03  8.40000000e-02  1.62600000e+01
 -3.24712939e+03  3.69317600e+03  8.40000000e-02  1.62600000e+01
 -3.24712939e+03  3.69317600e+03  8.40000000e-02  1.62600000e+01
 -3.24712939e+03  3.69317600e+03  8.40000000e-02  1.62600000e+01
 -3.25154519e+03  3.70302400e+03  8.40000000e-02  1.62000000e+01
 -3.25154519e+03  3.70302400e+03  8.40000000e-02  1.62000000e+01
 -3.24773539e+03  3.70670100e+03  8.40000000e-02  1.60950000e+01
 -3.24773539e+03  3.70670100e+03  8.40000000e-02  1.60950000e+01
 -3.26471769e+03  3.71542400e+03  8.30000000e-02  1.60250000e+01
 -3.26471769e+03  3.71542400e+03  8.30000000e-02  1.60250000e+01
 -3.26471769e+03  3.71542400e+03  8.30000000e-02  1.60250000e+01
 -3.26747119e+03  3.71080000e+03  8.30000000e-02  1.62930000e+01
 -3.27956395e+03  3.71360100e+03  8.40000000e-02  1.60280000e+01
 -3.28894166e+03  3.71353700e+03  8.40000000e-02  1.60740000e+01
 -3.29230632e+03  3.72152300e+03  8.40000000e-02  1.59820000e+01
 -3.29230632e+03  3.72152300e+03  8.40000000e-02  1.59820000e+01
 -3.29230632e+03  3.72152300e+03  8.40000000e-02  1.59820000e+01
 -3.29189054e+03  3.72224700e+03  1.09000000e-01  1.59230000e+01
 -3.29189054e+03  3.72224700e+03  1.09000000e-01  1.59230000e+01
 -3.29189054e+03  3.72224700e+03  1.09000000e-01  1.59230000e+01
 -3.29189054e+03  3.72224700e+03  1.09000000e-01  1.59230000e+01
 -3.29189054e+03  3.72224700e+03  1.09000000e-01  1.59230000e+01
 -3.29189054e+03  3.72224700e+03  1.09000000e-01  1.59230000e+01
 -3.31194743e+03  3.72684100e+03  1.09000000e-01  1.58660000e+01
 -3.31194743e+03  3.72684100e+03  1.09000000e-01  1.58660000e+01
 -3.31788276e+03  3.72070100e+03  1.09000000e-01  1.57630000e+01
 -3.31788276e+03  3.72070100e+03  1.09000000e-01  1.57630000e+01
 -3.32088447e+03  3.71734700e+03  1.09000000e-01  1.59680000e+01
 -3.32088447e+03  3.71734700e+03  1.09000000e-01  1.59680000e+01
 -3.32088447e+03  3.71734700e+03  1.09000000e-01  1.59680000e+01
 -3.32088447e+03  3.71734700e+03  1.09000000e-01  1.59680000e+01
 -3.32088447e+03  3.71734700e+03  1.09000000e-01  1.59680000e+01
 -3.32088447e+03  3.71734700e+03  1.09000000e-01  1.59680000e+01
 -3.32088447e+03  3.71734700e+03  1.09000000e-01  1.59680000e+01
 -3.31033848e+03  3.70547900e+03  1.09000000e-01  1.59300000e+01
 -3.30805526e+03  3.70404100e+03  1.09000000e-01  1.58530000e+01
 -3.31175380e+03  3.70417300e+03  1.09000000e-01  1.59960000e+01
 -3.31175380e+03  3.70417300e+03  1.09000000e-01  1.59960000e+01
 -3.31704238e+03  3.70332900e+03  1.09000000e-01  1.59970000e+01
 -3.32392024e+03  3.70680100e+03  1.09000000e-01  1.59850000e+01
 -3.32392024e+03  3.70680100e+03  1.09000000e-01  1.59850000e+01
 -3.32392024e+03  3.70680100e+03  1.09000000e-01  1.59850000e+01
 -3.32392024e+03  3.70680100e+03  1.09000000e-01  1.59850000e+01
 -3.33170737e+03  3.70667000e+03  1.09000000e-01  1.59700000e+01
 -3.33170737e+03  3.70667000e+03  1.09000000e-01  1.59700000e+01
 -3.33170737e+03  3.70667000e+03  1.09000000e-01  1.59700000e+01
 -3.33170737e+03  3.70667000e+03  1.09000000e-01  1.59700000e+01
 -3.33170737e+03  3.70667000e+03  1.09000000e-01  1.59700000e+01
 -3.33170737e+03  3.70667000e+03  1.09000000e-01  1.59700000e+01
 -3.33170737e+03  3.70667000e+03  1.09000000e-01  1.59700000e+01
 -3.33170737e+03  3.70667000e+03  1.09000000e-01  1.59700000e+01
 -3.33170737e+03  3.70667000e+03  1.09000000e-01  1.59700000e+01
 -3.33170737e+03  3.70667000e+03  1.09000000e-01  1.59700000e+01
 -3.33170737e+03  3.70667000e+03  1.09000000e-01  1.59700000e+01
 -3.34848593e+03  3.70669200e+03  1.09000000e-01  1.59500000e+01
 -3.34848593e+03  3.70669200e+03  1.09000000e-01  1.59500000e+01
 -3.34848593e+03  3.70669200e+03  1.09000000e-01  1.59500000e+01
 -3.34848593e+03  3.70669200e+03  1.09000000e-01  1.59500000e+01
 -3.34848593e+03  3.70669200e+03  1.09000000e-01  1.59500000e+01
 -3.34848593e+03  3.70669200e+03  1.09000000e-01  1.59500000e+01
 -3.34848593e+03  3.70669200e+03  1.09000000e-01  1.59500000e+01
 -3.36974993e+03  3.70732900e+03  1.09000000e-01  1.60310000e+01
 -3.36974993e+03  3.70732900e+03  1.09000000e-01  1.60310000e+01
 -3.37113914e+03  3.71296900e+03  8.60000000e-02  1.60470000e+01
 -3.37113914e+03  3.71296900e+03  8.60000000e-02  1.60470000e+01
 -3.37113914e+03  3.71296900e+03  8.60000000e-02  1.60470000e+01
 -3.37113914e+03  3.71296900e+03  8.60000000e-02  1.60470000e+01
 -3.37113914e+03  3.71296900e+03  8.60000000e-02  1.60470000e+01
 -3.36504726e+03  3.71222500e+03  8.80000000e-02  1.61590000e+01
 -3.36504726e+03  3.71222500e+03  8.80000000e-02  1.61590000e+01
 -3.36504726e+03  3.71222500e+03  8.80000000e-02  1.61590000e+01
 -3.36504726e+03  3.71222500e+03  8.80000000e-02  1.61590000e+01
 -3.36504726e+03  3.71222500e+03  8.80000000e-02  1.61590000e+01
 -3.36504726e+03  3.71222500e+03  8.80000000e-02  1.61590000e+01
 -3.36504726e+03  3.71222500e+03  8.80000000e-02  1.61590000e+01
 -3.36504726e+03  3.71222500e+03  8.80000000e-02  1.61590000e+01
 -3.36504726e+03  3.71222500e+03  8.80000000e-02  1.61590000e+01
 -3.36504726e+03  3.71222500e+03  8.80000000e-02  1.61590000e+01
 -3.36504726e+03  3.71222500e+03  8.80000000e-02  1.61590000e+01
 -3.36504726e+03  3.71222500e+03  8.80000000e-02  1.61590000e+01
 -3.36504726e+03  3.71222500e+03  8.80000000e-02  1.61590000e+01
 -3.37765272e+03  3.72307500e+03  8.80000000e-02  1.61600000e+01
 -3.37765272e+03  3.72307500e+03  8.80000000e-02  1.61600000e+01
 -3.37765272e+03  3.72307500e+03  8.80000000e-02  1.61600000e+01
 -3.37765272e+03  3.72307500e+03  8.80000000e-02  1.61600000e+01
 -3.40217807e+03  3.71920700e+03  8.70000000e-02  1.63650000e+01
 -3.40217807e+03  3.71920700e+03  8.70000000e-02  1.63650000e+01
 -3.40217807e+03  3.71920700e+03  8.70000000e-02  1.63650000e+01
 -3.40217807e+03  3.71920700e+03  8.70000000e-02  1.63650000e+01
 -3.40217807e+03  3.71920700e+03  8.70000000e-02  1.63650000e+01
 -3.40217807e+03  3.71920700e+03  8.70000000e-02  1.63650000e+01
 -3.40217807e+03  3.71920700e+03  8.70000000e-02  1.63650000e+01
 -3.40217807e+03  3.71920700e+03  8.70000000e-02  1.63650000e+01
 -3.40217807e+03  3.71920700e+03  8.70000000e-02  1.63650000e+01
 -3.40217807e+03  3.71920700e+03  8.70000000e-02  1.63650000e+01
 -3.40217807e+03  3.71920700e+03  8.70000000e-02  1.63650000e+01
 -3.40637988e+03  3.71809400e+03  8.70000000e-02  1.62320000e+01
 -3.40637988e+03  3.71809400e+03  8.70000000e-02  1.62320000e+01
 -3.40637988e+03  3.71809400e+03  8.70000000e-02  1.62320000e+01
 -3.40806436e+03  3.71959800e+03  8.80000000e-02  1.62140000e+01
 -3.40806436e+03  3.71959800e+03  8.80000000e-02  1.62140000e+01
 -3.40806436e+03  3.71959800e+03  8.80000000e-02  1.62140000e+01
 -3.40806436e+03  3.71959800e+03  8.80000000e-02  1.62140000e+01
 -3.40806436e+03  3.71959800e+03  8.80000000e-02  1.62140000e+01
 -3.40625343e+03  3.72004000e+03  8.80000000e-02  1.61690000e+01
 -3.40625343e+03  3.72004000e+03  8.80000000e-02  1.61690000e+01
 -3.41429633e+03  3.73410300e+03  8.80000000e-02  1.63710000e+01
 -3.41429633e+03  3.73410300e+03  8.80000000e-02  1.63710000e+01
 -3.41429633e+03  3.73410300e+03  8.80000000e-02  1.63710000e+01
 -3.41429633e+03  3.73410300e+03  8.80000000e-02  1.63710000e+01
 -3.41429633e+03  3.73410300e+03  8.80000000e-02  1.63710000e+01
 -3.41429633e+03  3.73410300e+03  8.80000000e-02  1.63710000e+01
 -3.41429633e+03  3.73410300e+03  8.80000000e-02  1.63710000e+01
 -3.41429633e+03  3.73410300e+03  8.80000000e-02  1.63710000e+01
 -3.41429633e+03  3.73410300e+03  8.80000000e-02  1.63710000e+01
 -3.41429633e+03  3.73410300e+03  8.80000000e-02  1.63710000e+01
 -3.43844175e+03  3.73470800e+03  8.50000000e-02  1.62310000e+01
 -3.44515973e+03  3.71970400e+03  8.60000000e-02  1.62800000e+01
 -3.44515973e+03  3.71970400e+03  8.60000000e-02  1.62800000e+01
 -3.44515973e+03  3.71970400e+03  8.60000000e-02  1.62800000e+01
 -3.45363240e+03  3.72305500e+03  8.50000000e-02  1.62960000e+01
 -3.45363240e+03  3.72305500e+03  8.50000000e-02  1.62960000e+01
 -3.45363240e+03  3.72305500e+03  8.50000000e-02  1.62960000e+01
 -3.45363240e+03  3.72305500e+03  8.50000000e-02  1.62960000e+01
 -3.45363240e+03  3.72305500e+03  8.50000000e-02  1.62960000e+01
 -3.45363240e+03  3.72305500e+03  8.50000000e-02  1.62960000e+01
 -3.45363240e+03  3.72305500e+03  8.50000000e-02  1.62960000e+01
 -3.46002480e+03  3.71380300e+03  8.70000000e-02  1.67240000e+01
 -3.46002480e+03  3.71380300e+03  8.70000000e-02  1.67240000e+01
 -3.46002480e+03  3.71380300e+03  8.70000000e-02  1.67240000e+01
 -3.46002480e+03  3.71380300e+03  8.70000000e-02  1.67240000e+01
 -3.46002480e+03  3.71380300e+03  8.70000000e-02  1.67240000e+01
 -3.46002480e+03  3.71380300e+03  8.70000000e-02  1.67240000e+01
 -3.46002480e+03  3.71380300e+03  8.70000000e-02  1.67240000e+01
 -3.46002480e+03  3.71380300e+03  8.70000000e-02  1.67240000e+01
 -3.46002480e+03  3.71380300e+03  8.70000000e-02  1.67240000e+01
 -3.46002480e+03  3.71380300e+03  8.70000000e-02  1.67240000e+01
 -3.46658620e+03  3.72742200e+03  8.60000000e-02  1.65910000e+01
 -3.46658620e+03  3.72742200e+03  8.60000000e-02  1.65910000e+01
 -3.46658620e+03  3.72742200e+03  8.60000000e-02  1.65910000e+01
 -3.46658620e+03  3.72742200e+03  8.60000000e-02  1.65910000e+01
 -3.46658620e+03  3.72742200e+03  8.60000000e-02  1.65910000e+01
 -3.46658620e+03  3.72742200e+03  8.60000000e-02  1.65910000e+01
 -3.46658620e+03  3.72742200e+03  8.60000000e-02  1.65910000e+01
 -3.46658620e+03  3.72742200e+03  8.60000000e-02  1.65910000e+01
 -3.47576174e+03  3.72585400e+03  8.80000000e-02  1.65980000e+01
 -3.47576174e+03  3.72585400e+03  8.80000000e-02  1.65980000e+01
 -3.47576174e+03  3.72585400e+03  8.80000000e-02  1.65980000e+01
 -3.47576174e+03  3.72585400e+03  8.80000000e-02  1.65980000e+01
 -3.47768036e+03  3.72422300e+03  8.80000000e-02  1.66190000e+01
 -3.47768036e+03  3.72422300e+03  8.80000000e-02  1.66190000e+01
 -3.47768036e+03  3.72422300e+03  8.80000000e-02  1.66190000e+01
 -3.47768036e+03  3.72422300e+03  8.80000000e-02  1.66190000e+01
 -3.47768036e+03  3.72422300e+03  8.80000000e-02  1.66190000e+01
 -3.47768036e+03  3.72422300e+03  8.80000000e-02  1.66190000e+01
 -3.47768036e+03  3.72422300e+03  8.80000000e-02  1.66190000e+01
 -3.47768036e+03  3.72422300e+03  8.80000000e-02  1.66190000e+01
 -3.47768036e+03  3.72422300e+03  8.80000000e-02  1.66190000e+01
 -3.47768036e+03  3.72422300e+03  8.80000000e-02  1.66190000e+01
 -3.47768036e+03  3.72422300e+03  8.80000000e-02  1.66190000e+01
 -3.47768036e+03  3.72422300e+03  8.80000000e-02  1.66190000e+01
 -3.47768036e+03  3.72422300e+03  8.80000000e-02  1.66190000e+01
 -3.47768036e+03  3.72422300e+03  8.80000000e-02  1.66190000e+01
 -3.47768036e+03  3.72422300e+03  8.80000000e-02  1.66190000e+01
 -3.47768036e+03  3.72422300e+03  8.80000000e-02  1.66190000e+01
 -3.47768036e+03  3.72422300e+03  8.80000000e-02  1.66190000e+01
 -3.47768036e+03  3.72422300e+03  8.80000000e-02  1.66190000e+01
 -3.47768036e+03  3.72422300e+03  8.80000000e-02  1.66190000e+01
 -3.47768036e+03  3.72422300e+03  8.80000000e-02  1.66190000e+01
 -3.47949415e+03  3.73086000e+03  8.60000000e-02  1.62380000e+01
 -3.47949415e+03  3.73086000e+03  8.60000000e-02  1.62380000e+01
 -3.47949415e+03  3.73086000e+03  8.60000000e-02  1.62380000e+01
 -3.47949415e+03  3.73086000e+03  8.60000000e-02  1.62380000e+01
 -3.47949415e+03  3.73086000e+03  8.60000000e-02  1.62380000e+01
 -3.47949415e+03  3.73086000e+03  8.60000000e-02  1.62380000e+01
 -3.47949415e+03  3.73086000e+03  8.60000000e-02  1.62380000e+01
 -3.47949415e+03  3.73086000e+03  8.60000000e-02  1.62380000e+01
 -3.47949415e+03  3.73086000e+03  8.60000000e-02  1.62380000e+01
 -3.47949415e+03  3.73086000e+03  8.60000000e-02  1.62380000e+01
 -3.48197277e+03  3.73314000e+03  8.50000000e-02  1.63680000e+01
 -3.48197277e+03  3.73314000e+03  8.50000000e-02  1.63680000e+01
 -3.48197277e+03  3.73314000e+03  8.50000000e-02  1.63680000e+01
 -3.48197277e+03  3.73314000e+03  8.50000000e-02  1.63680000e+01
 -3.48197277e+03  3.73314000e+03  8.50000000e-02  1.63680000e+01
 -3.48197277e+03  3.73314000e+03  8.50000000e-02  1.63680000e+01
 -3.48197277e+03  3.73314000e+03  8.50000000e-02  1.63680000e+01
 -3.48197277e+03  3.73314000e+03  8.50000000e-02  1.63680000e+01
 -3.48197277e+03  3.73314000e+03  8.50000000e-02  1.63680000e+01
 -3.48197277e+03  3.73314000e+03  8.50000000e-02  1.63680000e+01
 -3.48197277e+03  3.73314000e+03  8.50000000e-02  1.63680000e+01
 -3.48197277e+03  3.73314000e+03  8.50000000e-02  1.63680000e+01
 -3.48197277e+03  3.73314000e+03  8.50000000e-02  1.63680000e+01
 -3.48197277e+03  3.73314000e+03  8.50000000e-02  1.63680000e+01
 -3.48197277e+03  3.73314000e+03  8.50000000e-02  1.63680000e+01
 -3.48197277e+03  3.73314000e+03  8.50000000e-02  1.63680000e+01
 -3.48197277e+03  3.73314000e+03  8.50000000e-02  1.63680000e+01
 -3.48197277e+03  3.73314000e+03  8.50000000e-02  1.63680000e+01
 -3.48197277e+03  3.73314000e+03  8.50000000e-02  1.63680000e+01
 -3.48197277e+03  3.73314000e+03  8.50000000e-02  1.63680000e+01
 -3.48197277e+03  3.73314000e+03  8.50000000e-02  1.63680000e+01
 -3.48197277e+03  3.73314000e+03  8.50000000e-02  1.63680000e+01
 -3.48197277e+03  3.73314000e+03  8.50000000e-02  1.63680000e+01
 -3.48197277e+03  3.73314000e+03  8.50000000e-02  1.63680000e+01
 -3.48197277e+03  3.73314000e+03  8.50000000e-02  1.63680000e+01
 -3.48197277e+03  3.73314000e+03  8.50000000e-02  1.63680000e+01
 -3.48197277e+03  3.73314000e+03  8.50000000e-02  1.63680000e+01
 -3.48197277e+03  3.73314000e+03  8.50000000e-02  1.63680000e+01
 -3.48197277e+03  3.73314000e+03  8.50000000e-02  1.63680000e+01
 -3.48197277e+03  3.73314000e+03  8.50000000e-02  1.63680000e+01
 -3.48528535e+03  3.73305300e+03  8.50000000e-02  1.64600000e+01
 -3.48528535e+03  3.73305300e+03  8.50000000e-02  1.64600000e+01
 -3.48528535e+03  3.73305300e+03  8.50000000e-02  1.64600000e+01
 -3.48528535e+03  3.73305300e+03  8.50000000e-02  1.64600000e+01
 -3.48528535e+03  3.73305300e+03  8.50000000e-02  1.64600000e+01
 -3.48749759e+03  3.73812200e+03  8.60000000e-02  1.63150000e+01
 -3.48749759e+03  3.73812200e+03  8.60000000e-02  1.63150000e+01
 -3.48749759e+03  3.73812200e+03  8.60000000e-02  1.63150000e+01
 -3.48745131e+03  3.73572200e+03  8.60000000e-02  1.63900000e+01
 -3.48746887e+03  3.73572200e+03  8.70000000e-02  1.65020000e+01
 -3.48698962e+03  3.73526800e+03  8.70000000e-02  1.64300000e+01
 -3.48767721e+03  3.73428400e+03  8.70000000e-02  1.64870000e+01
 -3.48767721e+03  3.73428400e+03  8.70000000e-02  1.64870000e+01
 -3.48790298e+03  3.73219900e+03  8.70000000e-02  1.65240000e+01
 -3.48892123e+03  3.73385200e+03  8.70000000e-02  1.65060000e+01
 -3.48861723e+03  3.73198200e+03  8.70000000e-02  1.65270000e+01
 -3.48848528e+03  3.73077200e+03  8.70000000e-02  1.65110000e+01
 -3.48947889e+03  3.73145200e+03  8.70000000e-02  1.65110000e+01
 -3.48947889e+03  3.73145200e+03  8.70000000e-02  1.65110000e+01
 -3.49499169e+03  3.73354900e+03  8.70000000e-02  1.65170000e+01
 -3.49499169e+03  3.73354900e+03  8.70000000e-02  1.65170000e+01
 -3.49430812e+03  3.73047900e+03  8.70000000e-02  1.65450000e+01
 -3.49430812e+03  3.73047900e+03  8.70000000e-02  1.65450000e+01
 -3.49430812e+03  3.73047900e+03  8.70000000e-02  1.65450000e+01
 -3.49430812e+03  3.73047900e+03  8.70000000e-02  1.65450000e+01
 -3.49513773e+03  3.73269400e+03  8.70000000e-02  1.65060000e+01
 -3.49513773e+03  3.73269400e+03  8.70000000e-02  1.65060000e+01
 -3.49480750e+03  3.73171000e+03  8.70000000e-02  1.65190000e+01
 -3.49486302e+03  3.73359100e+03  8.70000000e-02  1.64730000e+01
 -3.49435188e+03  3.73179800e+03  8.80000000e-02  1.65100000e+01
 -3.49562715e+03  3.73225100e+03  8.80000000e-02  1.65090000e+01
 -3.49723974e+03  3.73381800e+03  8.80000000e-02  1.65070000e+01
 -3.49961075e+03  3.73599100e+03  8.80000000e-02  1.63460000e+01
 -3.49961075e+03  3.73599100e+03  8.80000000e-02  1.63460000e+01
 -3.49961075e+03  3.73599100e+03  8.80000000e-02  1.63460000e+01
 -3.49961075e+03  3.73599100e+03  8.80000000e-02  1.63460000e+01
 -3.49961075e+03  3.73599100e+03  8.80000000e-02  1.63460000e+01
 -3.49961075e+03  3.73599100e+03  8.80000000e-02  1.63460000e+01
 -3.49961075e+03  3.73599100e+03  8.80000000e-02  1.63460000e+01
 -3.49961075e+03  3.73599100e+03  8.80000000e-02  1.63460000e+01
 -3.49931399e+03  3.73577500e+03  8.80000000e-02  1.63420000e+01
 -3.49931399e+03  3.73577500e+03  8.80000000e-02  1.63420000e+01
 -3.50004693e+03  3.73553800e+03  8.80000000e-02  1.63420000e+01
 -3.50004693e+03  3.73553800e+03  8.80000000e-02  1.63420000e+01
 -3.50004693e+03  3.73553800e+03  8.80000000e-02  1.63420000e+01
 -3.50138870e+03  3.73456400e+03  8.80000000e-02  1.63790000e+01
 -3.50692572e+03  3.73701800e+03  8.80000000e-02  1.62450000e+01
 -3.50692572e+03  3.73701800e+03  8.80000000e-02  1.62450000e+01
 -3.50692572e+03  3.73701800e+03  8.80000000e-02  1.62450000e+01
 -3.50798461e+03  3.73799100e+03  8.80000000e-02  1.62450000e+01
 -3.51545494e+03  3.73753700e+03  8.80000000e-02  1.62430000e+01
 -3.51545494e+03  3.73753700e+03  8.80000000e-02  1.62430000e+01
 -3.51925839e+03  3.73678000e+03  8.80000000e-02  1.62140000e+01
 -3.52394142e+03  3.73669300e+03  8.80000000e-02  1.62080000e+01
 -3.52394142e+03  3.73669300e+03  8.80000000e-02  1.62080000e+01
 -3.52368061e+03  3.73318000e+03  8.80000000e-02  1.63360000e+01
 -3.53019273e+03  3.73669300e+03  8.80000000e-02  1.63360000e+01
 -3.53251481e+03  3.73767700e+03  8.80000000e-02  1.63340000e+01
 -3.53251481e+03  3.73767700e+03  8.80000000e-02  1.63340000e+01
 -3.53251481e+03  3.73767700e+03  8.80000000e-02  1.63340000e+01
 -3.53265979e+03  3.73924300e+03  8.80000000e-02  1.63100000e+01
 -3.53228337e+03  3.74142700e+03  8.80000000e-02  1.62020000e+01
 -3.53228337e+03  3.74142700e+03  8.80000000e-02  1.62020000e+01
 -3.53183366e+03  3.74121100e+03  8.80000000e-02  1.61990000e+01
 -3.53183366e+03  3.74121100e+03  8.80000000e-02  1.61990000e+01
 -3.53183366e+03  3.74121100e+03  8.80000000e-02  1.61990000e+01
 -3.53196394e+03  3.74188100e+03  8.80000000e-02  1.61880000e+01
 -3.53196394e+03  3.74188100e+03  8.80000000e-02  1.61880000e+01
 -3.53232704e+03  3.74069200e+03  8.80000000e-02  1.62830000e+01
 -3.53503677e+03  3.74158900e+03  8.70000000e-02  1.62410000e+01
 -3.53541573e+03  3.74390200e+03  8.80000000e-02  1.62280000e+01
 -3.53541573e+03  3.74390200e+03  8.80000000e-02  1.62280000e+01
 -3.53582407e+03  3.74137300e+03  8.80000000e-02  1.62740000e+01
 -3.53582407e+03  3.74137300e+03  8.80000000e-02  1.62740000e+01
 -3.53582407e+03  3.74137300e+03  8.80000000e-02  1.62740000e+01
 -3.53584267e+03  3.74071400e+03  8.80000000e-02  1.62760000e+01
 -3.53584267e+03  3.74071400e+03  8.80000000e-02  1.62760000e+01
 -3.53584267e+03  3.74071400e+03  8.80000000e-02  1.62760000e+01
 -3.53584267e+03  3.74071400e+03  8.80000000e-02  1.62760000e+01
 -3.53584267e+03  3.74071400e+03  8.80000000e-02  1.62760000e+01
 -3.53935547e+03  3.74422600e+03  8.80000000e-02  1.62300000e+01
 -3.53935547e+03  3.74422600e+03  8.80000000e-02  1.62300000e+01
 -3.53935547e+03  3.74422600e+03  8.80000000e-02  1.62300000e+01
 -3.53935547e+03  3.74422600e+03  8.80000000e-02  1.62300000e+01
 -3.53935547e+03  3.74422600e+03  8.80000000e-02  1.62300000e+01
 -3.53935547e+03  3.74422600e+03  8.80000000e-02  1.62300000e+01
 -3.53880777e+03  3.74335100e+03  8.80000000e-02  1.62530000e+01
 -3.53856493e+03  3.74028100e+03  8.80000000e-02  1.63330000e+01
 -3.53856493e+03  3.74028100e+03  8.80000000e-02  1.63330000e+01
 -3.53861704e+03  3.74072500e+03  8.80000000e-02  1.63350000e+01
 -3.53883694e+03  3.74193500e+03  8.90000000e-02  1.63950000e+01
 -3.54019581e+03  3.74260500e+03  8.90000000e-02  1.63940000e+01
 -3.54074458e+03  3.74259400e+03  8.90000000e-02  1.63940000e+01
 -3.54561216e+03  3.74602000e+03  8.90000000e-02  1.63890000e+01
 -3.54551607e+03  3.74602000e+03  8.90000000e-02  1.63760000e+01
 -3.55437095e+03  3.74624700e+03  8.90000000e-02  1.63830000e+01
 -3.55750539e+03  3.74677700e+03  8.90000000e-02  1.64150000e+01
 -3.55750539e+03  3.74677700e+03  8.90000000e-02  1.64150000e+01
 -3.55750539e+03  3.74677700e+03  8.90000000e-02  1.64150000e+01
 -3.55750539e+03  3.74677700e+03  8.90000000e-02  1.64150000e+01
 -3.55750539e+03  3.74677700e+03  8.90000000e-02  1.64150000e+01
 -3.55750539e+03  3.74677700e+03  8.90000000e-02  1.64150000e+01
 -3.55780924e+03  3.75020200e+03  8.90000000e-02  1.63680000e+01
 -3.55780924e+03  3.75020200e+03  8.90000000e-02  1.63680000e+01
 -3.55780924e+03  3.75020200e+03  8.90000000e-02  1.63680000e+01
 -3.55780924e+03  3.75020200e+03  8.90000000e-02  1.63680000e+01
 -3.55780924e+03  3.75020200e+03  8.90000000e-02  1.63680000e+01
 -3.55913791e+03  3.75207300e+03  9.00000000e-02  1.62880000e+01
 -3.55945109e+03  3.75044000e+03  9.10000000e-02  1.63680000e+01
 -3.55977540e+03  3.74812700e+03  9.20000000e-02  1.64480000e+01
 -3.55977540e+03  3.74812700e+03  9.20000000e-02  1.64480000e+01
 -3.55997841e+03  3.74888400e+03  9.20000000e-02  1.64480000e+01
 -3.55997841e+03  3.74888400e+03  9.20000000e-02  1.64480000e+01
 -3.55997841e+03  3.74888400e+03  9.20000000e-02  1.64480000e+01
 -3.55997841e+03  3.74888400e+03  9.20000000e-02  1.64480000e+01
 -3.55997841e+03  3.74888400e+03  9.20000000e-02  1.64480000e+01
 -3.56136003e+03  3.74942600e+03  9.20000000e-02  1.64190000e+01
 -3.56136003e+03  3.74942600e+03  9.20000000e-02  1.64190000e+01
 -3.56136003e+03  3.74942600e+03  9.20000000e-02  1.64190000e+01
 -3.56136003e+03  3.74942600e+03  9.20000000e-02  1.64190000e+01
 -3.56136003e+03  3.74942600e+03  9.20000000e-02  1.64190000e+01
 -3.56136003e+03  3.74942600e+03  9.20000000e-02  1.64190000e+01
 -3.56136003e+03  3.74942600e+03  9.20000000e-02  1.64190000e+01
 -3.56136003e+03  3.74942600e+03  9.20000000e-02  1.64190000e+01
 -3.56136003e+03  3.74942600e+03  9.20000000e-02  1.64190000e+01
 -3.56141547e+03  3.74986900e+03  9.10000000e-02  1.63960000e+01
 -3.56088311e+03  3.75106900e+03  9.20000000e-02  1.64220000e+01
 -3.56088311e+03  3.75106900e+03  9.20000000e-02  1.64220000e+01
 -3.56088311e+03  3.75106900e+03  9.20000000e-02  1.64220000e+01
 -3.56088311e+03  3.75106900e+03  9.20000000e-02  1.64220000e+01
 -3.56098390e+03  3.75105800e+03  9.20000000e-02  1.64100000e+01
 -3.56054144e+03  3.74830200e+03  9.00000000e-02  1.65530000e+01
 -3.56054144e+03  3.74830200e+03  9.00000000e-02  1.65530000e+01
 -3.56054144e+03  3.74830200e+03  9.00000000e-02  1.65530000e+01
 -3.56054144e+03  3.74830200e+03  9.00000000e-02  1.65530000e+01
 -3.56054144e+03  3.74830200e+03  9.00000000e-02  1.65530000e+01
 -3.56099242e+03  3.75061500e+03  8.90000000e-02  1.64860000e+01
 -3.56099242e+03  3.75061500e+03  8.90000000e-02  1.64860000e+01
 -3.56099242e+03  3.75061500e+03  8.90000000e-02  1.64860000e+01
 -3.56263995e+03  3.75345800e+03  8.90000000e-02  1.64760000e+01
 -3.56263995e+03  3.75345800e+03  8.90000000e-02  1.64760000e+01
 -3.56263995e+03  3.75345800e+03  8.90000000e-02  1.64760000e+01
 -3.56263995e+03  3.75345800e+03  8.90000000e-02  1.64760000e+01
 -3.56263995e+03  3.75345800e+03  8.90000000e-02  1.64760000e+01
 -3.56263995e+03  3.75345800e+03  8.90000000e-02  1.64760000e+01
 -3.56343587e+03  3.75303700e+03  8.90000000e-02  1.64890000e+01
 -3.56343587e+03  3.75303700e+03  8.90000000e-02  1.64890000e+01
 -3.56343587e+03  3.75303700e+03  8.90000000e-02  1.64890000e+01
 -3.56343587e+03  3.75303700e+03  8.90000000e-02  1.64890000e+01
 -3.56343587e+03  3.75303700e+03  8.90000000e-02  1.64890000e+01
 -3.56343587e+03  3.75303700e+03  8.90000000e-02  1.64890000e+01
 -3.56343587e+03  3.75303700e+03  8.90000000e-02  1.64890000e+01
 -3.56685337e+03  3.75289800e+03  8.90000000e-02  1.65820000e+01
 -3.56685337e+03  3.75289800e+03  8.90000000e-02  1.65820000e+01
 -3.57016492e+03  3.75521000e+03  8.90000000e-02  1.65850000e+01
 -3.57067477e+03  3.75521000e+03  8.90000000e-02  1.65840000e+01
 -3.57123653e+03  3.75466900e+03  8.90000000e-02  1.66680000e+01
 -3.57090685e+03  3.75369700e+03  8.90000000e-02  1.66650000e+01
 -3.57090685e+03  3.75369700e+03  8.90000000e-02  1.66650000e+01
 -3.57133909e+03  3.75324300e+03  8.90000000e-02  1.67210000e+01
 -3.57133909e+03  3.75324300e+03  8.90000000e-02  1.67210000e+01
 -3.57177124e+03  3.75377300e+03  8.90000000e-02  1.67300000e+01
 -3.57177124e+03  3.75377300e+03  8.90000000e-02  1.67300000e+01
 -3.57177124e+03  3.75377300e+03  8.90000000e-02  1.67300000e+01
 -3.57177124e+03  3.75377300e+03  8.90000000e-02  1.67300000e+01
 -3.57177124e+03  3.75377300e+03  8.90000000e-02  1.67300000e+01
 -3.57177124e+03  3.75377300e+03  8.90000000e-02  1.67300000e+01
 -3.57312141e+03  3.75144900e+03  8.90000000e-02  1.67760000e+01
 -3.57312141e+03  3.75144900e+03  8.90000000e-02  1.67760000e+01
 -3.58216842e+03  3.75301600e+03  8.90000000e-02  1.67640000e+01
 -3.58233647e+03  3.74883300e+03  9.00000000e-02  1.69320000e+01
 -3.58233647e+03  3.74883300e+03  9.00000000e-02  1.69320000e+01
 -3.58233647e+03  3.74883300e+03  9.00000000e-02  1.69320000e+01
 -3.58233647e+03  3.74883300e+03  9.00000000e-02  1.69320000e+01
 -3.58233647e+03  3.74883300e+03  9.00000000e-02  1.69320000e+01
 -3.58372735e+03  3.75158800e+03  9.00000000e-02  1.68780000e+01
 -3.58372735e+03  3.75158800e+03  9.00000000e-02  1.68780000e+01
 -3.58372735e+03  3.75158800e+03  9.00000000e-02  1.68780000e+01
 -3.58372735e+03  3.75158800e+03  9.00000000e-02  1.68780000e+01
 -3.58372735e+03  3.75158800e+03  9.00000000e-02  1.68780000e+01
 -3.58372735e+03  3.75158800e+03  9.00000000e-02  1.68780000e+01
 -3.58372735e+03  3.75158800e+03  9.00000000e-02  1.68780000e+01
 -3.58372735e+03  3.75158800e+03  9.00000000e-02  1.68780000e+01
 -3.58372735e+03  3.75158800e+03  9.00000000e-02  1.68780000e+01
 -3.58372735e+03  3.75158800e+03  9.00000000e-02  1.68780000e+01
 -3.58372735e+03  3.75158800e+03  9.00000000e-02  1.68780000e+01
 -3.58390344e+03  3.75578200e+03  9.10000000e-02  1.67140000e+01
 -3.58390344e+03  3.75578200e+03  9.10000000e-02  1.67140000e+01
 -3.58851924e+03  3.75621400e+03  9.00000000e-02  1.68960000e+01
 -3.58851924e+03  3.75621400e+03  9.00000000e-02  1.68960000e+01
 -3.58851924e+03  3.75621400e+03  9.00000000e-02  1.68960000e+01
 -3.58851924e+03  3.75621400e+03  9.00000000e-02  1.68960000e+01
 -3.58780146e+03  3.75269000e+03  9.00000000e-02  1.69660000e+01
 -3.58979344e+03  3.75103600e+03  9.00000000e-02  1.69970000e+01
 -3.59063678e+03  3.75036600e+03  9.00000000e-02  1.70520000e+01
 -3.59063678e+03  3.75036600e+03  9.00000000e-02  1.70520000e+01
 -3.59063678e+03  3.75036600e+03  9.00000000e-02  1.70520000e+01
 -3.59063678e+03  3.75036600e+03  9.00000000e-02  1.70520000e+01
 -3.59063089e+03  3.75089600e+03  9.00000000e-02  1.70480000e+01
 -3.59568105e+03  3.74978400e+03  9.00000000e-02  1.70480000e+01
 -3.59568105e+03  3.74978400e+03  9.00000000e-02  1.70480000e+01
 -3.59568105e+03  3.74978400e+03  9.00000000e-02  1.70480000e+01
 -3.59574710e+03  3.75098400e+03  9.00000000e-02  1.70480000e+01
 -3.59574710e+03  3.75098400e+03  9.00000000e-02  1.70480000e+01
 -3.60243131e+03  3.74902600e+03  9.00000000e-02  1.70810000e+01
 -3.60243131e+03  3.74902600e+03  9.00000000e-02  1.70810000e+01
 -3.60243131e+03  3.74902600e+03  9.00000000e-02  1.70810000e+01
 -3.60334431e+03  3.75133900e+03  9.00000000e-02  1.70240000e+01
 -3.60334431e+03  3.75133900e+03  9.00000000e-02  1.70240000e+01
 -3.60809361e+03  3.75366300e+03  9.00000000e-02  1.70240000e+01
 -3.60809361e+03  3.75366300e+03  9.00000000e-02  1.70240000e+01
 -3.60809361e+03  3.75366300e+03  9.00000000e-02  1.70240000e+01
 -3.60809361e+03  3.75366300e+03  9.00000000e-02  1.70240000e+01
 -3.61164606e+03  3.75330800e+03  8.60000000e-02  1.71580000e+01
 -3.61164606e+03  3.75330800e+03  8.60000000e-02  1.71580000e+01
 -3.61164606e+03  3.75330800e+03  8.60000000e-02  1.71580000e+01
 -3.61164606e+03  3.75330800e+03  8.60000000e-02  1.71580000e+01
 -3.61164606e+03  3.75330800e+03  8.60000000e-02  1.71580000e+01
 -3.61164606e+03  3.75330800e+03  8.60000000e-02  1.71580000e+01
 -3.61164606e+03  3.75330800e+03  8.60000000e-02  1.71580000e+01
 -3.61169153e+03  3.75285400e+03  9.30000000e-02  1.70430000e+01
 -3.61169153e+03  3.75285400e+03  9.30000000e-02  1.70430000e+01
 -3.61169153e+03  3.75285400e+03  9.30000000e-02  1.70430000e+01
 -3.61169153e+03  3.75285400e+03  9.30000000e-02  1.70430000e+01
 -3.61201584e+03  3.75307000e+03  9.30000000e-02  1.70430000e+01
 -3.61201584e+03  3.75307000e+03  9.30000000e-02  1.70430000e+01
 -3.61201584e+03  3.75307000e+03  9.30000000e-02  1.70430000e+01
 -3.61201584e+03  3.75307000e+03  9.30000000e-02  1.70430000e+01
 -3.61201584e+03  3.75307000e+03  9.30000000e-02  1.70430000e+01
 -3.61608691e+03  3.75285400e+03  8.80000000e-02  1.71430000e+01
 -3.61914647e+03  3.75232400e+03  8.80000000e-02  1.71420000e+01
 -3.61914647e+03  3.75232400e+03  8.80000000e-02  1.71420000e+01
 -3.61914647e+03  3.75232400e+03  8.80000000e-02  1.71420000e+01
 -3.61914647e+03  3.75232400e+03  8.80000000e-02  1.71420000e+01
 -3.61914647e+03  3.75232400e+03  8.80000000e-02  1.71420000e+01
 -3.61942909e+03  3.75277700e+03  8.70000000e-02  1.71110000e+01
 -3.61942909e+03  3.75277700e+03  8.70000000e-02  1.71110000e+01
 -3.61942909e+03  3.75277700e+03  8.70000000e-02  1.71110000e+01
 -3.61942909e+03  3.75277700e+03  8.70000000e-02  1.71110000e+01
 -3.61942909e+03  3.75277700e+03  8.70000000e-02  1.71110000e+01
 -3.61942909e+03  3.75277700e+03  8.70000000e-02  1.71110000e+01
 -3.61942909e+03  3.75277700e+03  8.70000000e-02  1.71110000e+01
 -3.61942909e+03  3.75277700e+03  8.70000000e-02  1.71110000e+01
 -3.61942909e+03  3.75277700e+03  8.70000000e-02  1.71110000e+01
 -3.61942909e+03  3.75277700e+03  8.70000000e-02  1.71110000e+01
 -3.61942909e+03  3.75277700e+03  8.70000000e-02  1.71110000e+01
 -3.61942909e+03  3.75277700e+03  8.70000000e-02  1.71110000e+01
 -3.61942909e+03  3.75277700e+03  8.70000000e-02  1.71110000e+01
 -3.61942909e+03  3.75277700e+03  8.70000000e-02  1.71110000e+01
 -3.61942909e+03  3.75277700e+03  8.70000000e-02  1.71110000e+01
 -3.62018950e+03  3.75366400e+03  8.70000000e-02  1.71080000e+01
 -3.62079022e+03  3.75433300e+03  8.70000000e-02  1.71060000e+01
 -3.62079022e+03  3.75433300e+03  8.70000000e-02  1.71060000e+01
 -3.62946349e+03  3.75532800e+03  8.70000000e-02  1.70970000e+01
 -3.62946349e+03  3.75532800e+03  8.70000000e-02  1.70970000e+01
 -3.62946349e+03  3.75532800e+03  8.70000000e-02  1.70970000e+01
 -3.62946349e+03  3.75532800e+03  8.70000000e-02  1.70970000e+01
 -3.62946349e+03  3.75532800e+03  8.70000000e-02  1.70970000e+01
 -3.62946349e+03  3.75532800e+03  8.70000000e-02  1.70970000e+01
 -3.62946349e+03  3.75532800e+03  8.70000000e-02  1.70970000e+01
 -3.62946349e+03  3.75532800e+03  8.70000000e-02  1.70970000e+01
 -3.63794569e+03  3.75390100e+03  8.70000000e-02  1.72240000e+01
 -3.63862678e+03  3.75546800e+03  8.70000000e-02  1.71480000e+01
 -3.63862678e+03  3.75546800e+03  8.70000000e-02  1.71480000e+01
 -3.64303261e+03  3.75547800e+03  8.70000000e-02  1.71490000e+01
 -3.64309872e+03  3.75614800e+03  8.60000000e-02  1.71570000e+01
 -3.64309872e+03  3.75614800e+03  8.60000000e-02  1.71570000e+01
 -3.65007442e+03  3.75868800e+03  8.60000000e-02  1.71520000e+01
 -3.65007442e+03  3.75868800e+03  8.60000000e-02  1.71520000e+01
 -3.65141234e+03  3.76175800e+03  8.60000000e-02  1.71360000e+01
 -3.65141234e+03  3.76175800e+03  8.60000000e-02  1.71360000e+01
 -3.65141234e+03  3.76175800e+03  8.60000000e-02  1.71360000e+01
 -3.65141234e+03  3.76175800e+03  8.60000000e-02  1.71360000e+01
 -3.65141234e+03  3.76175800e+03  8.60000000e-02  1.71360000e+01
 -3.65141234e+03  3.76175800e+03  8.60000000e-02  1.71360000e+01
 -3.65134500e+03  3.76199600e+03  8.60000000e-02  1.71200000e+01
 -3.65134500e+03  3.76199600e+03  8.60000000e-02  1.71200000e+01
 -3.65134500e+03  3.76199600e+03  8.60000000e-02  1.71200000e+01
 -3.65138910e+03  3.76276400e+03  8.70000000e-02  1.70680000e+01
 -3.65601045e+03  3.76319600e+03  8.60000000e-02  1.70610000e+01
 -3.65601045e+03  3.76319600e+03  8.60000000e-02  1.70610000e+01
 -3.65601045e+03  3.76319600e+03  8.60000000e-02  1.70610000e+01
 -3.65601045e+03  3.76319600e+03  8.60000000e-02  1.70610000e+01
 -3.65601045e+03  3.76319600e+03  8.60000000e-02  1.70610000e+01
 -3.65724290e+03  3.76506500e+03  8.60000000e-02  1.70570000e+01
 -3.65724290e+03  3.76506500e+03  8.60000000e-02  1.70570000e+01
 -3.65724290e+03  3.76506500e+03  8.60000000e-02  1.70570000e+01
 -3.65724290e+03  3.76506500e+03  8.60000000e-02  1.70570000e+01
 -3.65724290e+03  3.76506500e+03  8.60000000e-02  1.70570000e+01
 -3.65858528e+03  3.76364900e+03  8.60000000e-02  1.70590000e+01
 -3.65858430e+03  3.76483900e+03  8.60000000e-02  1.70630000e+01
 -3.65858430e+03  3.76483900e+03  8.60000000e-02  1.70630000e+01
 -3.65858430e+03  3.76483900e+03  8.60000000e-02  1.70630000e+01
 -3.65858430e+03  3.76483900e+03  8.60000000e-02  1.70630000e+01
 -3.65858430e+03  3.76483900e+03  8.60000000e-02  1.70630000e+01
 -3.65858430e+03  3.76483900e+03  8.60000000e-02  1.70630000e+01