-1.56455120e+03  2.57626700e+03  8.80000000e-02  2.93540000e+01
 -2.03593270e+03  2.95427800e+03  9.00000000e-02  2.44500000e+01
 -2.18831380e+03  3.16090400e+03  9.10000000e-02  2.10090000e+01
 -2.47169700e+03  3.34554900e+03  9.60000000e-02  1.80240000e+01
 -2.58931626e+03  3.43031000e+03  8.80000000e-02  1.73710000e+01
 -2.69399431e+03  3.49449300e+03  9.70000000e-02  1.68700000e+01
 -2.73136086e+03  3.51457000e+03  8.80000000e-02  1.62430000e+01
 -2.80599673e+03  3.53522400e+03  8.80000000e-02  1.68110000e+01
 -2.80599673e+03  3.53522400e+03  8.80000000e-02  1.68110000e+01
 -2.81604915e+03  3.53493900e+03  8.50000000e-02  1.72430000e+01
 -2.93065475e+03  3.56627000e+03  8.30000000e-02  1.73570000e+01
 -2.93939332e+03  3.59558400e+03  8.60000000e-02  1.66530000e+01
 -2.91848083e+03  3.59520600e+03  1.08000000e-01  1.67670000e+01
 -2.95370475e+03  3.61880700e+03  1.08000000e-01  1.64660000e+01
 -3.01910180e+03  3.66346800e+03  1.08000000e-01  1.59810000e+01
 -3.04996400e+03  3.66913600e+03  1.09000000e-01  1.66080000e+01
 -3.06149166e+03  3.68232600e+03  8.20000000e-02  1.55950000e+01
 -3.06149166e+03  3.68232600e+03  8.20000000e-02  1.55950000e+01
 -3.06149166e+03  3.68232600e+03  8.20000000e-02  1.55950000e+01
 -3.14662674e+03  3.68570400e+03  8.20000000e-02  1.56950000e+01
 -3.14662674e+03  3.68570400e+03  8.20000000e-02  1.56950000e+01
 -3.12610982e+03  3.69229800e+03  8.30000000e-02  1.50090000e+01
 -3.12610982e+03  3.69229800e+03  8.30000000e-02  1.50090000e+01
 -3.12930562e+03  3.72083400e+03  9.20000000e-02  1.50820000e+01
 -3.12930562e+03  3.72083400e+03  9.20000000e-02  1.50820000e+01
 -3.09623950e+03  3.71036700e+03  9.30000000e-02  1.59180000e+01
 -3.09623950e+03  3.71036700e+03  9.30000000e-02  1.59180000e+01
 -3.07035965e+03  3.69137400e+03  9.60000000e-02  1.59460000e+01
 -3.07035965e+03  3.69137400e+03  9.60000000e-02  1.59460000e+01
 -3.01736082e+03  3.66036500e+03  9.60000000e-02  1.59370000e+01
 -3.00474119e+03  3.64797100e+03  1.00000000e-01  1.62070000e+01
 -3.05755254e+03  3.67083300e+03  9.20000000e-02  1.62150000e+01
 -3.06739662e+03  3.66890800e+03  8.50000000e-02  1.70380000e+01
 -3.02709441e+03  3.64498400e+03  9.40000000e-02  1.70230000e+01
 -3.02650963e+03  3.67102300e+03  9.30000000e-02  1.63640000e+01
 -3.02650963e+03  3.67102300e+03  9.30000000e-02  1.63640000e+01
 -3.05600245e+03  3.68230400e+03  9.20000000e-02  1.58850000e+01
 -3.05600245e+03  3.68230400e+03  9.20000000e-02  1.58850000e+01
 -3.05600245e+03  3.68230400e+03  9.20000000e-02  1.58850000e+01
 -3.05600245e+03  3.68230400e+03  9.20000000e-02  1.58850000e+01
 -3.05600245e+03  3.68230400e+03  9.20000000e-02  1.58850000e+01
 -3.03750786e+03  3.68731300e+03  9.20000000e-02  1.52850000e+01
 -3.00920095e+03  3.66751100e+03  9.30000000e-02  1.58790000e+01
 -3.01307342e+03  3.65921300e+03  9.10000000e-02  1.65270000e+01
 -3.01307342e+03  3.65921300e+03  9.10000000e-02  1.65270000e+01
 -3.04624796e+03  3.66586000e+03  8.10000000e-02  1.63890000e+01
 -3.04429121e+03  3.65115600e+03  9.20000000e-02  1.65450000e+01
 -3.03903290e+03  3.62574300e+03  9.20000000e-02  1.67920000e+01
 -3.03718713e+03  3.61384100e+03  9.30000000e-02  1.64690000e+01
 -3.03718713e+03  3.61384100e+03  9.30000000e-02  1.64690000e+01
 -3.08438137e+03  3.66429600e+03  9.10000000e-02  1.56180000e+01
 -3.08438137e+03  3.66429600e+03  9.10000000e-02  1.56180000e+01
 -3.07641093e+03  3.69204900e+03  9.70000000e-02  1.57220000e+01
 -3.19112661e+03  3.70390700e+03  9.70000000e-02  1.53510000e+01
 -3.19112661e+03  3.70390700e+03  9.70000000e-02  1.53510000e+01
 -3.23890944e+03  3.71600000e+03  9.60000000e-02  1.52740000e+01
 -3.23890944e+03  3.71600000e+03  9.60000000e-02  1.52740000e+01
 -3.23890944e+03  3.71600000e+03  9.60000000e-02  1.52740000e+01
 -3.23890944e+03  3.71600000e+03  9.60000000e-02  1.52740000e+01
 -3.23890944e+03  3.71600000e+03  9.60000000e-02  1.52740000e+01
 -3.23890944e+03  3.71600000e+03  9.60000000e-02  1.52740000e+01
 -3.23890944e+03  3.71600000e+03  9.60000000e-02  1.52740000e+01
 -3.26603091e+03  3.74169900e+03  9.80000000e-02  1.50120000e+01
 -3.26603091e+03  3.74169900e+03  9.80000000e-02  1.50120000e+01
 -3.23711089e+03  3.70875400e+03  9.70000000e-02  1.57310000e+01
 -3.23711089e+03  3.70875400e+03  9.70000000e-02  1.57310000e+01
 -3.23711089e+03  3.70875400e+03  9.70000000e-02  1.57310000e+01
 -3.23711089e+03  3.70875400e+03  9.70000000e-02  1.57310000e+01
 -3.23711089e+03  3.70875400e+03  9.70000000e-02  1.57310000e+01
 -3.23711089e+03  3.70875400e+03  9.70000000e-02  1.57310000e+01
 -3.23711089e+03  3.70875400e+03  9.70000000e-02  1.57310000e+01
 -3.24490406e+03  3.69292600e+03  9.60000000e-02  1.59790000e+01
 -3.04530702e+03  3.67512900e+03  9.50000000e-02  1.56720000e+01
 -2.99820632e+03  3.65192400e+03  8.60000000e-02  1.67140000e+01
 -2.99820632e+03  3.65192400e+03  8.60000000e-02  1.67140000e+01
 -3.02068948e+03  3.65327000e+03  8.60000000e-02  1.66000000e+01
 -3.02068948e+03  3.65327000e+03  8.60000000e-02  1.66000000e+01
 -3.02068948e+03  3.65327000e+03  8.60000000e-02  1.66000000e+01
 -3.06517018e+03  3.67453900e+03  8.60000000e-02  1.65870000e+01
 -3.07710806e+03  3.69585800e+03  8.60000000e-02  1.53500000e+01
 -3.07710806e+03  3.69585800e+03  8.60000000e-02  1.53500000e+01
 -3.07710806e+03  3.69585800e+03  8.60000000e-02  1.53500000e+01
 -3.05658912e+03  3.67234300e+03  8.70000000e-02  1.59800000e+01
 -3.05658912e+03  3.67234300e+03  8.70000000e-02  1.59800000e+01
 -3.05658912e+03  3.67234300e+03  8.70000000e-02  1.59800000e+01
 -3.05658912e+03  3.67234300e+03  8.70000000e-02  1.59800000e+01
 -3.03247697e+03  3.66140700e+03  9.20000000e-02  1.56210000e+01
 -3.04551799e+03  3.67525000e+03  1.13000000e-01  1.48440000e+01
 -3.04551799e+03  3.67525000e+03  1.13000000e-01  1.48440000e+01
 -3.04551799e+03  3.67525000e+03  1.13000000e-01  1.48440000e+01
 -3.08436401e+03  3.64778300e+03  1.03000000e-01  1.60940000e+01
 -3.08436401e+03  3.64778300e+03  1.03000000e-01  1.60940000e+01
 -3.15512211e+03  3.65767000e+03  1.12000000e-01  1.54920000e+01
 -3.14984265e+03  3.65602800e+03  1.11000000e-01  1.55170000e+01
 -3.14984265e+03  3.65602800e+03  1.11000000e-01  1.55170000e+01
 -3.12440467e+03  3.65580100e+03  1.11000000e-01  1.55270000e+01
 -3.14318581e+03  3.65899300e+03  1.11000000e-01  1.53960000e+01
 -3.14451521e+03  3.65899500e+03  1.11000000e-01  1.56190000e+01
 -3.12520874e+03  3.66500500e+03  1.11000000e-01  1.54120000e+01
 -3.12520874e+03  3.66500500e+03  1.11000000e-01  1.54120000e+01
 -3.12520874e+03  3.66500500e+03  1.11000000e-01  1.54120000e+01
 -3.14078257e+03  3.65534200e+03  1.11000000e-01  1.57470000e+01
 -3.14331164e+03  3.65763500e+03  1.11000000e-01  1.58120000e+01
 -3.15495029e+03  3.64518300e+03  1.11000000e-01  1.60690000e+01
 -3.15828268e+03  3.65521400e+03  1.11000000e-01  1.59850000e+01
 -3.15828268e+03  3.65521400e+03  1.11000000e-01  1.59850000e+01
 -3.16316667e+03  3.65249300e+03  1.11000000e-01  1.60460000e+01
 -3.16316667e+03  3.65249300e+03  1.11000000e-01  1.60460000e+01
 -3.14960788e+03  3.65139000e+03  1.11000000e-01  1.60040000e+01
 -3.15730287e+03  3.64614800e+03  1.11000000e-01  1.64410000e+01
 -3.15730287e+03  3.64614800e+03  1.11000000e-01  1.64410000e+01
 -3.15747597e+03  3.64449600e+03  1.11000000e-01  1.65070000e+01
 -3.14912515e+03  3.65268000e+03  1.11000000e-01  1.63880000e+01
 -3.14604175e+03  3.65663700e+03  1.11000000e-01  1.62200000e+01
 -3.14604175e+03  3.65663700e+03  1.11000000e-01  1.62200000e+01
 -3.14606197e+03  3.65663800e+03  1.11000000e-01  1.62850000e+01
 -3.11645960e+03  3.65016400e+03  1.11000000e-01  1.65430000e+01
 -3.11645960e+03  3.65016400e+03  1.11000000e-01  1.65430000e+01
 -3.10708928e+03  3.64977600e+03  1.11000000e-01  1.64650000e+01
 -3.09218336e+03  3.64338900e+03  1.11000000e-01  1.64880000e+01
 -3.07768690e+03  3.63585500e+03  1.10000000e-01  1.66470000e+01
 -3.06388683e+03  3.63346600e+03  1.11000000e-01  1.66910000e+01
 -3.06388683e+03  3.63346600e+03  1.11000000e-01  1.66910000e+01
 -3.08457195e+03  3.64535600e+03  1.11000000e-01  1.63490000e+01
 -3.06940219e+03  3.64391800e+03  1.11000000e-01  1.64030000e+01
 -3.06578989e+03  3.64203700e+03  9.40000000e-02  1.63400000e+01
 -3.07322451e+03  3.64493300e+03  9.40000000e-02  1.62490000e+01
 -3.08847396e+03  3.65730800e+03  9.40000000e-02  1.59460000e+01
 -3.11286162e+03  3.65875400e+03  9.30000000e-02  1.57110000e+01
 -3.10382623e+03  3.65224900e+03  9.40000000e-02  1.60510000e+01
 -3.10382623e+03  3.65224900e+03  9.40000000e-02  1.60510000e+01
 -3.09980008e+03  3.64524600e+03  9.00000000e-02  1.63470000e+01
 -3.10842093e+03  3.64770000e+03  9.00000000e-02  1.64650000e+01
 -3.10842093e+03  3.64770000e+03  9.00000000e-02  1.64650000e+01
 -3.09402282e+03  3.63860200e+03  9.00000000e-02  1.66080000e+01
 -3.07659074e+03  3.63544700e+03  9.00000000e-02  1.67940000e+01
 -3.09894704e+03  3.64982400e+03  9.10000000e-02  1.64720000e+01
 -3.12439262e+03  3.64996400e+03  9.00000000e-02  1.64630000e+01
 -3.12439262e+03  3.64996400e+03  9.00000000e-02  1.64630000e+01
 -3.11521480e+03  3.63494900e+03  9.10000000e-02  1.65990000e+01
 -3.09055947e+03  3.62837700e+03  9.10000000e-02  1.66860000e+01
 -3.09055947e+03  3.62837700e+03  9.10000000e-02  1.66860000e+01
 -3.11411145e+03  3.62839800e+03  9.10000000e-02  1.68580000e+01
 -3.12148870e+03  3.63366100e+03  9.10000000e-02  1.68490000e+01
 -3.12558503e+03  3.63694700e+03  9.10000000e-02  1.67630000e+01
 -3.14328432e+03  3.64412400e+03  9.10000000e-02  1.68120000e+01
 -3.12717082e+03  3.65334500e+03  8.50000000e-02  1.65290000e+01
 -3.11840767e+03  3.65440500e+03  9.10000000e-02  1.64500000e+01
 -3.11840767e+03  3.65440500e+03  9.10000000e-02  1.64500000e+01
 -3.12463248e+03  3.66225200e+03  9.10000000e-02  1.61870000e+01
 -3.13202881e+03  3.65890000e+03  9.10000000e-02  1.62940000e+01
 -3.13202881e+03  3.65890000e+03  9.10000000e-02  1.62940000e+01
 -3.13202881e+03  3.65890000e+03  9.10000000e-02  1.62940000e+01
 -3.13202881e+03  3.65890000e+03  9.10000000e-02  1.62940000e+01
 -3.13718355e+03  3.65894400e+03  9.10000000e-02  1.61700000e+01
 -3.16147306e+03  3.65953800e+03  9.10000000e-02  1.62530000e+01
 -3.16147306e+03  3.65953800e+03  9.10000000e-02  1.62530000e+01
 -3.17889716e+03  3.66239000e+03  9.10000000e-02  1.60000000e+01
 -3.17889716e+03  3.66239000e+03  9.10000000e-02  1.60000000e+01
 -3.17865406e+03  3.66279000e+03  9.20000000e-02  1.57150000e+01
 -3.17771755e+03  3.65540800e+03  8.20000000e-02  1.59140000e+01
 -3.17267150e+03  3.65508400e+03  8.30000000e-02  1.59590000e+01
 -3.18923167e+03  3.65902900e+03  8.30000000e-02  1.59120000e+01
 -3.18923167e+03  3.65902900e+03  8.30000000e-02  1.59120000e+01
 -3.19365040e+03  3.66235700e+03  8.30000000e-02  1.58840000e+01
 -3.19365040e+03  3.66235700e+03  8.30000000e-02  1.58840000e+01
 -3.19939500e+03  3.66336100e+03  8.30000000e-02  1.61670000e+01
 -3.19518796e+03  3.65805500e+03  8.30000000e-02  1.61280000e+01
 -3.19518796e+03  3.65805500e+03  8.30000000e-02  1.61280000e+01
 -3.19575715e+03  3.66214100e+03  8.40000000e-02  1.60680000e+01
 -3.20139201e+03  3.65942700e+03  8.40000000e-02  1.60840000e+01
 -3.20139201e+03  3.65942700e+03  8.40000000e-02  1.60840000e+01
 -3.17103292e+03  3.64614300e+03  8.40000000e-02  1.64690000e+01
 -3.17103292e+03  3.64614300e+03  8.40000000e-02  1.64690000e+01
 -3.18005753e+03  3.63947500e+03  8.50000000e-02  1.67250000e+01
 -3.19288345e+03  3.65004500e+03  8.50000000e-02  1.66720000e+01
 -3.19566660e+03  3.66151400e+03  8.40000000e-02  1.63790000e+01
 -3.19566660e+03  3.66151400e+03  8.40000000e-02  1.63790000e+01
 -3.18370366e+03  3.66019500e+03  8.40000000e-02  1.65410000e+01
 -3.18370366e+03  3.66019500e+03  8.40000000e-02  1.65410000e+01
 -3.18633262e+03  3.66291900e+03  8.40000000e-02  1.65490000e+01
 -3.19713703e+03  3.66455200e+03  8.40000000e-02  1.65900000e+01
 -3.21211513e+03  3.65831200e+03  8.50000000e-02  1.69150000e+01
 -3.21241011e+03  3.66234200e+03  8.40000000e-02  1.69370000e+01
 -3.21241011e+03  3.66234200e+03  8.40000000e-02  1.69370000e+01
 -3.21241011e+03  3.66234200e+03  8.40000000e-02  1.69370000e+01
 -3.20438829e+03  3.66425300e+03  8.40000000e-02  1.68280000e+01
 -3.20109406e+03  3.66571200e+03  8.30000000e-02  1.67270000e+01
 -3.20635800e+03  3.66991800e+03  8.30000000e-02  1.65820000e+01
 -3.19460531e+03  3.65976900e+03  8.30000000e-02  1.67070000e+01
 -3.19460531e+03  3.65976900e+03  8.30000000e-02  1.67070000e+01
 -3.19838350e+03  3.65993000e+03  8.30000000e-02  1.67200000e+01
 -3.19838350e+03  3.65993000e+03  8.30000000e-02  1.67200000e+01
 -3.19838350e+03  3.65993000e+03  8.30000000e-02  1.67200000e+01
 -3.21862877e+03  3.66207100e+03  8.40000000e-02  1.68110000e+01
 -3.21800923e+03  3.65772500e+03  8.30000000e-02  1.69650000e+01
 -3.19576674e+03  3.65056900e+03  8.30000000e-02  1.70580000e+01
 -3.22748621e+03  3.67334300e+03  8.30000000e-02  1.66470000e+01
 -3.24139368e+03  3.67624900e+03  8.40000000e-02  1.68020000e+01
 -3.26107808e+03  3.68297200e+03  8.40000000e-02  1.67250000e+01
 -3.26107808e+03  3.68297200e+03  8.40000000e-02  1.67250000e+01
 -3.25347992e+03  3.68370900e+03  8.50000000e-02  1.70280000e+01
 -3.25347992e+03  3.68370900e+03  8.50000000e-02  1.70280000e+01
 -3.26823074e+03  3.69130600e+03  8.60000000e-02  1.71100000e+01
 -3.26823074e+03  3.69130600e+03  8.60000000e-02  1.71100000e+01
 -3.26823074e+03  3.69130600e+03  8.60000000e-02  1.71100000e+01
 -3.23411575e+03  3.68133200e+03  8.50000000e-02  1.68690000e+01
 -3.23411575e+03  3.68133200e+03  8.50000000e-02  1.68690000e+01
 -3.23303987e+03  3.67751800e+03  8.60000000e-02  1.67160000e+01
 -3.21889470e+03  3.66677400e+03  8.80000000e-02  1.67860000e+01
 -3.21889470e+03  3.66677400e+03  8.80000000e-02  1.67860000e+01
 -3.20600240e+03  3.66698000e+03  8.90000000e-02  1.66060000e+01
 -3.20600240e+03  3.66698000e+03  8.90000000e-02  1.66060000e+01
 -3.20600240e+03  3.66698000e+03  8.90000000e-02  1.66060000e+01
 -3.20600240e+03  3.66698000e+03  8.90000000e-02  1.66060000e+01
 -3.20600240e+03  3.66698000e+03  8.90000000e-02  1.66060000e+01
 -3.21383877e+03  3.66429000e+03  8.90000000e-02  1.66950000e+01
 -3.21383877e+03  3.66429000e+03  8.90000000e-02  1.66950000e+01
 -3.21383877e+03  3.66429000e+03  8.90000000e-02  1.66950000e+01
 -3.21383877e+03  3.66429000e+03  8.90000000e-02  1.66950000e+01
 -3.21324476e+03  3.66969300e+03  8.90000000e-02  1.67900000e+01
 -3.21324476e+03  3.66969300e+03  8.90000000e-02  1.67900000e+01
 -3.21098593e+03  3.67473100e+03  8.90000000e-02  1.64060000e+01
 -3.23857211e+03  3.68089200e+03  8.90000000e-02  1.64350000e+01
 -3.23992850e+03  3.68674100e+03  8.80000000e-02  1.64850000e+01
 -3.24430633e+03  3.68717300e+03  8.90000000e-02  1.63830000e+01
 -3.24430633e+03  3.68717300e+03  8.90000000e-02  1.63830000e+01
 -3.24430633e+03  3.68717300e+03  8.90000000e-02  1.63830000e+01
 -3.24430633e+03  3.68717300e+03  8.90000000e-02  1.63830000e+01
 -3.24430633e+03  3.68717300e+03  8.90000000e-02  1.63830000e+01
 -3.23947129e+03  3.68287200e+03  8.80000000e-02  1.65060000e+01
 -3.22118281e+03  3.67942200e+03  9.10000000e-02  1.68480000e+01
 -3.22118281e+03  3.67942200e+03  9.10000000e-02  1.68480000e+01
 -3.22833113e+03  3.67566000e+03  9.20000000e-02  1.70620000e+01
 -3.22833113e+03  3.67566000e+03  9.20000000e-02  1.70620000e+01
 -3.22833113e+03  3.67566000e+03  9.20000000e-02  1.70620000e+01
 -3.22900383e+03  3.67767300e+03  9.00000000e-02  1.70850000e+01
 -3.21999245e+03  3.68565100e+03  8.80000000e-02  1.66000000e+01
 -3.21681025e+03  3.68497000e+03  8.80000000e-02  1.66340000e+01
 -3.21194705e+03  3.68288400e+03  8.80000000e-02  1.66680000e+01
 -3.22743659e+03  3.68804200e+03  8.80000000e-02  1.66940000e+01
 -3.23587611e+03  3.69587900e+03  8.80000000e-02  1.65320000e+01
 -3.21729975e+03  3.69235500e+03  9.20000000e-02  1.67470000e+01
 -3.21729975e+03  3.69235500e+03  9.20000000e-02  1.67470000e+01
 -3.25673289e+03  3.71494500e+03  9.20000000e-02  1.65570000e+01
 -3.27208286e+03  3.71963500e+03  9.20000000e-02  1.66050000e+01
 -3.27208286e+03  3.71963500e+03  9.20000000e-02  1.66050000e+01
 -3.28775252e+03  3.71830500e+03  9.20000000e-02  1.66080000e+01
 -3.28775252e+03  3.71830500e+03  9.20000000e-02  1.66080000e+01
 -3.28775252e+03  3.71830500e+03  9.20000000e-02  1.66080000e+01
 -3.28775252e+03  3.71830500e+03  9.20000000e-02  1.66080000e+01
 -3.28775252e+03  3.71830500e+03  9.20000000e-02  1.66080000e+01
 -3.28775252e+03  3.71830500e+03  9.20000000e-02  1.66080000e+01
 -3.28775252e+03  3.71830500e+03  9.20000000e-02  1.66080000e+01
 -3.28775252e+03  3.71830500e+03  9.20000000e-02  1.66080000e+01
 -3.28565402e+03  3.70951700e+03  9.20000000e-02  1.67530000e+01
 -3.28565402e+03  3.70951700e+03  9.20000000e-02  1.67530000e+01
 -3.28565402e+03  3.70951700e+03  9.20000000e-02  1.67530000e+01
 -3.28349085e+03  3.70176600e+03  9.20000000e-02  1.66350000e+01
 -3.28349085e+03  3.70176600e+03  9.20000000e-02  1.66350000e+01
 -3.28554654e+03  3.70777600e+03  9.20000000e-02  1.65680000e+01
 -3.28554654e+03  3.70777600e+03  9.20000000e-02  1.65680000e+01
 -3.28526355e+03  3.70529900e+03  9.20000000e-02  1.65740000e+01
 -3.28522114e+03  3.69956100e+03  9.30000000e-02  1.62830000e+01
 -3.29140875e+03  3.69662100e+03  8.90000000e-02  1.63190000e+01
 -3.29140875e+03  3.69662100e+03  8.90000000e-02  1.63190000e+01
 -3.29441573e+03  3.69382100e+03  8.70000000e-02  1.62430000e+01
 -3.29441573e+03  3.69382100e+03  8.70000000e-02  1.62430000e+01
 -3.29441573e+03  3.69382100e+03  8.70000000e-02  1.62430000e+01
 -3.29441573e+03  3.69382100e+03  8.70000000e-02  1.62430000e+01
 -3.29214619e+03  3.70084700e+03  8.70000000e-02  1.61240000e+01
 -3.30203310e+03  3.69982200e+03  8.60000000e-02  1.60560000e+01
 -3.30203310e+03  3.69982200e+03  8.60000000e-02  1.60560000e+01
 -3.30203310e+03  3.69982200e+03  8.60000000e-02  1.60560000e+01
 -3.30203310e+03  3.69982200e+03  8.60000000e-02  1.60560000e+01
 -3.30203310e+03  3.69982200e+03  8.60000000e-02  1.60560000e+01
 -3.30203310e+03  3.69982200e+03  8.60000000e-02  1.60560000e+01
 -3.30203310e+03  3.69982200e+03  8.60000000e-02  1.60560000e+01
 -3.30203310e+03  3.69982200e+03  8.60000000e-02  1.60560000e+01
 -3.30156656e+03  3.70223400e+03  8.50000000e-02  1.58020000e+01
 -3.30156656e+03  3.70223400e+03  8.50000000e-02  1.58020000e+01
 -3.29856236e+03  3.70849400e+03  8.50000000e-02  1.57750000e+01
 -3.30171351e+03  3.70734600e+03  8.60000000e-02  1.59140000e+01
 -3.30171351e+03  3.70734600e+03  8.60000000e-02  1.59140000e+01
 -3.30171351e+03  3.70734600e+03  8.60000000e-02  1.59140000e+01
 -3.30171351e+03  3.70734600e+03  8.60000000e-02  1.59140000e+01
 -3.30171351e+03  3.70734600e+03  8.60000000e-02  1.59140000e+01
 -3.30650554e+03  3.70265500e+03  8.70000000e-02  1.59600000e+01
 -3.30650554e+03  3.70265500e+03  8.70000000e-02  1.59600000e+01
 -3.31105119e+03  3.69302200e+03  8.80000000e-02  1.60590000e+01
 -3.31105119e+03  3.69302200e+03  8.80000000e-02  1.60590000e+01
 -3.29729810e+03  3.69396200e+03  8.80000000e-02  1.60510000e+01
 -3.29729810e+03  3.69396200e+03  8.80000000e-02  1.60510000e+01
 -3.29729810e+03  3.69396200e+03  8.80000000e-02  1.60510000e+01
 -3.28948441e+03  3.68234200e+03  8.70000000e-02  1.60170000e+01
 -3.27885719e+03  3.68254800e+03  8.70000000e-02  1.60660000e+01
 -3.27885719e+03  3.68254800e+03  8.70000000e-02  1.60660000e+01
 -3.29686401e+03  3.69784400e+03  8.80000000e-02  1.57560000e+01
 -3.29850579e+03  3.68654900e+03  8.80000000e-02  1.59300000e+01
 -3.30962835e+03  3.69930300e+03  8.80000000e-02  1.57120000e+01
 -3.30962835e+03  3.69930300e+03  8.80000000e-02  1.57120000e+01
 -3.30962835e+03  3.69930300e+03  8.80000000e-02  1.57120000e+01
 -3.30962835e+03  3.69930300e+03  8.80000000e-02  1.57120000e+01
 -3.31359299e+03  3.69959600e+03  8.80000000e-02  1.56920000e+01
 -3.31359299e+03  3.69959600e+03  8.80000000e-02  1.56920000e+01
 -3.32679627e+03  3.71319100e+03  8.80000000e-02  1.56780000e+01
 -3.32679627e+03  3.71319100e+03  8.80000000e-02  1.56780000e+01
 -3.32921201e+03  3.70489900e+03  8.90000000e-02  1.58140000e+01
 -3.32465562e+03  3.69571100e+03  9.10000000e-02  1.58390000e+01
 -3.32465562e+03  3.69571100e+03  9.10000000e-02  1.58390000e+01
 -3.32465562e+03  3.69571100e+03  9.10000000e-02  1.58390000e+01
 -3.32465562e+03  3.69571100e+03  9.10000000e-02  1.58390000e+01
 -3.32465562e+03  3.69571100e+03  9.10000000e-02  1.58390000e+01
 -3.32465562e+03  3.69571100e+03  9.10000000e-02  1.58390000e+01
 -3.32465562e+03  3.69571100e+03  9.10000000e-02  1.58390000e+01
 -3.32465562e+03  3.69571100e+03  9.10000000e-02  1.58390000e+01
 -3.32465562e+03  3.69571100e+03  9.10000000e-02  1.58390000e+01
 -3.32465562e+03  3.69571100e+03  9.10000000e-02  1.58390000e+01
 -3.32465562e+03  3.69571100e+03  9.10000000e-02  1.58390000e+01
 -3.32465562e+03  3.69571100e+03  9.10000000e-02  1.58390000e+01
 -3.32465562e+03  3.69571100e+03  9.10000000e-02  1.58390000e+01
 -3.32465562e+03  3.69571100e+03  9.10000000e-02  1.58390000e+01
 -3.34505796e+03  3.69398000e+03  8.90000000e-02  1.57690000e+01
 -3.34677778e+03  3.68973100e+03  8.80000000e-02  1.57830000e+01
 -3.36143611e+03  3.69318900e+03  8.90000000e-02  1.57930000e+01
 -3.36143611e+03  3.69318900e+03  8.90000000e-02  1.57930000e+01
 -3.36143611e+03  3.69318900e+03  8.90000000e-02  1.57930000e+01
 -3.36143611e+03  3.69318900e+03  8.90000000e-02  1.57930000e+01
 -3.36143611e+03  3.69318900e+03  8.90000000e-02  1.57930000e+01
 -3.36143611e+03  3.69318900e+03  8.90000000e-02  1.57930000e+01
 -3.36143611e+03  3.69318900e+03  8.90000000e-02  1.57930000e+01
 -3.38376780e+03  3.70599700e+03  8.60000000e-02  1.59290000e+01
 -3.38376780e+03  3.70599700e+03  8.60000000e-02  1.59290000e+01
 -3.38376780e+03  3.70599700e+03  8.60000000e-02  1.59290000e+01
 -3.38376780e+03  3.70599700e+03  8.60000000e-02  1.59290000e+01
 -3.38376780e+03  3.70599700e+03  8.60000000e-02  1.59290000e+01
 -3.38376780e+03  3.70599700e+03  8.60000000e-02  1.59290000e+01
 -3.38376780e+03  3.70599700e+03  8.60000000e-02  1.59290000e+01
 -3.38376780e+03  3.70599700e+03  8.60000000e-02  1.59290000e+01
 -3.38376780e+03  3.70599700e+03  8.60000000e-02  1.59290000e+01
 -3.38376780e+03  3.70599700e+03  8.60000000e-02  1.59290000e+01
 -3.38376780e+03  3.70599700e+03  8.60000000e-02  1.59290000e+01
 -3.38376780e+03  3.70599700e+03  8.60000000e-02  1.59290000e+01
 -3.38376780e+03  3.70599700e+03  8.60000000e-02  1.59290000e+01
 -3.38376780e+03  3.70599700e+03  8.60000000e-02  1.59290000e+01
 -3.38376780e+03  3.70599700e+03  8.60000000e-02  1.59290000e+01
 -3.38376780e+03  3.70599700e+03  8.60000000e-02  1.59290000e+01
 -3.38376780e+03  3.70599700e+03  8.60000000e-02  1.59290000e+01
 -3.38376780e+03  3.70599700e+03  8.60000000e-02  1.59290000e+01
 -3.38376780e+03  3.70599700e+03  8.60000000e-02  1.59290000e+01
 -3.38376780e+03  3.70599700e+03  8.60000000e-02  1.59290000e+01
 -3.38376780e+03  3.70599700e+03  8.60000000e-02  1.59290000e+01
 -3.38326092e+03  3.70369200e+03  8.60000000e-02  1.60640000e+01
 -3.38326092e+03  3.70369200e+03  8.60000000e-02  1.60640000e+01
 -3.38326092e+03  3.70369200e+03  8.60000000e-02  1.60640000e+01
 -3.38326092e+03  3.70369200e+03  8.60000000e-02  1.60640000e+01
 -3.38326092e+03  3.70369200e+03  8.60000000e-02  1.60640000e+01
 -3.38326092e+03  3.70369200e+03  8.60000000e-02  1.60640000e+01
 -3.38326092e+03  3.70369200e+03  8.60000000e-02  1.60640000e+01
 -3.38326092e+03  3.70369200e+03  8.60000000e-02  1.60640000e+01
 -3.38326092e+03  3.70369200e+03  8.60000000e-02  1.60640000e+01
 -3.39067327e+03  3.70371100e+03  9.30000000e-02  1.60210000e+01
 -3.39067327e+03  3.70371100e+03  9.30000000e-02  1.60210000e+01
 -3.39067327e+03  3.70371100e+03  9.30000000e-02  1.60210000e+01
 -3.39067327e+03  3.70371100e+03  9.30000000e-02  1.60210000e+01
 -3.39841943e+03  3.71217400e+03  9.30000000e-02  1.60220000e+01
 -3.39841943e+03  3.71217400e+03  9.30000000e-02  1.60220000e+01
 -3.39841943e+03  3.71217400e+03  9.30000000e-02  1.60220000e+01
 -3.39841943e+03  3.71217400e+03  9.30000000e-02  1.60220000e+01
 -3.40335706e+03  3.71274800e+03  9.20000000e-02  1.60620000e+01
 -3.40335706e+03  3.71274800e+03  9.20000000e-02  1.60620000e+01
 -3.42162128e+03  3.71647500e+03  9.20000000e-02  1.61720000e+01
 -3.42162128e+03  3.71647500e+03  9.20000000e-02  1.61720000e+01
 -3.42162128e+03  3.71647500e+03  9.20000000e-02  1.61720000e+01
 -3.42162128e+03  3.71647500e+03  9.20000000e-02  1.61720000e+01
 -3.42162128e+03  3.71647500e+03  9.20000000e-02  1.61720000e+01
 -3.42094163e+03  3.71837800e+03  9.30000000e-02  1.61210000e+01
 -3.42094163e+03  3.71837800e+03  9.30000000e-02  1.61210000e+01
 -3.42094163e+03  3.71837800e+03  9.30000000e-02  1.61210000e+01
 -3.42094163e+03  3.71837800e+03  9.30000000e-02  1.61210000e+01
 -3.42094163e+03  3.71837800e+03  9.30000000e-02  1.61210000e+01
 -3.42094163e+03  3.71837800e+03  9.30000000e-02  1.61210000e+01
 -3.42094163e+03  3.71837800e+03  9.30000000e-02  1.61210000e+01
 -3.42094163e+03  3.71837800e+03  9.30000000e-02  1.61210000e+01
 -3.42094163e+03  3.71837800e+03  9.30000000e-02  1.61210000e+01
 -3.42094163e+03  3.71837800e+03  9.30000000e-02  1.61210000e+01
 -3.42094163e+03  3.71837800e+03  9.30000000e-02  1.61210000e+01
 -3.42094163e+03  3.71837800e+03  9.30000000e-02  1.61210000e+01
 -3.42616469e+03  3.72753500e+03  8.50000000e-02  1.58410000e+01
 -3.42616469e+03  3.72753500e+03  8.50000000e-02  1.58410000e+01
 -3.42616469e+03  3.72753500e+03  8.50000000e-02  1.58410000e+01
 -3.42616469e+03  3.72753500e+03  8.50000000e-02  1.58410000e+01
 -3.42616469e+03  3.72753500e+03  8.50000000e-02  1.58410000e+01
 -3.42616469e+03  3.72753500e+03  8.50000000e-02  1.58410000e+01
 -3.42616469e+03  3.72753500e+03  8.50000000e-02  1.58410000e+01
 -3.42616469e+03  3.72753500e+03  8.50000000e-02  1.58410000e+01
 -3.42616469e+03  3.72753500e+03  8.50000000e-02  1.58410000e+01
 -3.42616469e+03  3.72753500e+03  8.50000000e-02  1.58410000e+01
 -3.44700183e+03  3.73295100e+03  8.50000000e-02  1.59060000e+01
 -3.44700183e+03  3.73295100e+03  8.50000000e-02  1.59060000e+01
 -3.44700183e+03  3.73295100e+03  8.50000000e-02  1.59060000e+01
 -3.44700183e+03  3.73295100e+03  8.50000000e-02  1.59060000e+01
 -3.44700183e+03  3.73295100e+03  8.50000000e-02  1.59060000e+01
 -3.44700183e+03  3.73295100e+03  8.50000000e-02  1.59060000e+01
 -3.45617988e+03  3.73644300e+03  8.50000000e-02  1.58830000e+01
 -3.45617988e+03  3.73644300e+03  8.50000000e-02  1.58830000e+01
 -3.45617988e+03  3.73644300e+03  8.50000000e-02  1.58830000e+01
 -3.45617988e+03  3.73644300e+03  8.50000000e-02  1.58830000e+01
 -3.45617988e+03  3.73644300e+03  8.50000000e-02  1.58830000e+01
 -3.45617988e+03  3.73644300e+03  8.50000000e-02  1.58830000e+01
 -3.45617988e+03  3.73644300e+03  8.50000000e-02  1.58830000e+01
 -3.45617988e+03  3.73644300e+03  8.50000000e-02  1.58830000e+01
 -3.45617988e+03  3.73644300e+03  8.50000000e-02  1.58830000e+01
 -3.45617988e+03  3.73644300e+03  8.50000000e-02  1.58830000e+01
 -3.45617988e+03  3.73644300e+03  8.50000000e-02  1.58830000e+01
 -3.45617988e+03  3.73644300e+03  8.50000000e-02  1.58830000e+01
 -3.45617988e+03  3.73644300e+03  8.50000000e-02  1.58830000e+01
 -3.45617988e+03  3.73644300e+03  8.50000000e-02  1.58830000e+01
 -3.45617988e+03  3.73644300e+03  8.50000000e-02  1.58830000e+01
 -3.45617988e+03  3.73644300e+03  8.50000000e-02  1.58830000e+01
 -3.45617988e+03  3.73644300e+03  8.50000000e-02  1.58830000e+01
 -3.46973573e+03  3.73548100e+03  9.20000000e-02  1.59390000e+01
 -3.48567499e+03  3.73803100e+03  9.20000000e-02  1.60150000e+01
 -3.49008673e+03  3.73953400e+03  9.10000000e-02  1.58950000e+01
 -3.49807749e+03  3.74085000e+03  9.10000000e-02  1.58450000e+01
 -3.49807749e+03  3.74085000e+03  9.10000000e-02  1.58450000e+01
 -3.51748507e+03  3.74573800e+03  9.10000000e-02  1.56620000e+01
 -3.51748507e+03  3.74573800e+03  9.10000000e-02  1.56620000e+01
 -3.54686605e+03  3.74199600e+03  9.10000000e-02  1.58130000e+01
 -3.54686605e+03  3.74199600e+03  9.10000000e-02  1.58130000e+01
 -3.54686605e+03  3.74199600e+03  9.10000000e-02  1.58130000e+01
 -3.54686605e+03  3.74199600e+03  9.10000000e-02  1.58130000e+01
 -3.54686605e+03  3.74199600e+03  9.10000000e-02  1.58130000e+01
 -3.54993742e+03  3.73485100e+03  9.10000000e-02  1.58470000e+01
 -3.54993742e+03  3.73485100e+03  9.10000000e-02  1.58470000e+01
 -3.54993742e+03  3.73485100e+03  9.10000000e-02  1.58470000e+01
 -3.55356079e+03  3.73081700e+03  8.40000000e-02  1.59820000e+01
 -3.55356079e+03  3.73081700e+03  8.40000000e-02  1.59820000e+01
 -3.55356079e+03  3.73081700e+03  8.40000000e-02  1.59820000e+01
 -3.55356079e+03  3.73081700e+03  8.40000000e-02  1.59820000e+01
 -3.55356079e+03  3.73081700e+03  8.40000000e-02  1.59820000e+01
 -3.55356079e+03  3.73081700e+03  8.40000000e-02  1.59820000e+01
 -3.55356079e+03  3.73081700e+03  8.40000000e-02  1.59820000e+01
 -3.55356079e+03  3.73081700e+03  8.40000000e-02  1.59820000e+01
 -3.55356079e+03  3.73081700e+03  8.40000000e-02  1.59820000e+01
 -3.55356079e+03  3.73081700e+03  8.40000000e-02  1.59820000e+01
 -3.55356079e+03  3.73081700e+03  8.40000000e-02  1.59820000e+01
 -3.55356079e+03  3.73081700e+03  8.40000000e-02  1.59820000e+01
 -3.55356079e+03  3.73081700e+03  8.40000000e-02  1.59820000e+01
 -3.55356079e+03  3.73081700e+03  8.40000000e-02  1.59820000e+01
 -3.55356079e+03  3.73081700e+03  8.40000000e-02  1.59820000e+01
 -3.55356079e+03  3.73081700e+03  8.40000000e-02  1.59820000e+01
 -3.53455538e+03  3.72962800e+03  8.50000000e-02  1.56820000e+01
 -3.53455538e+03  3.72962800e+03  8.50000000e-02  1.56820000e+01
 -3.53455538e+03  3.72962800e+03  8.50000000e-02  1.56820000e+01
 -3.53455538e+03  3.72962800e+03  8.50000000e-02  1.56820000e+01
 -3.53455538e+03  3.72962800e+03  8.50000000e-02  1.56820000e+01
 -3.53455538e+03  3.72962800e+03  8.50000000e-02  1.56820000e+01
 -3.53455538e+03  3.72962800e+03  8.50000000e-02  1.56820000e+01
 -3.53455538e+03  3.72962800e+03  8.50000000e-02  1.56820000e+01
 -3.53455538e+03  3.72962800e+03  8.50000000e-02  1.56820000e+01
 -3.53455538e+03  3.72962800e+03  8.50000000e-02  1.56820000e+01
 -3.53551807e+03  3.73946200e+03  9.90000000e-02  1.55150000e+01
 -3.53551807e+03  3.73946200e+03  9.90000000e-02  1.55150000e+01
 -3.53551807e+03  3.73946200e+03  9.90000000e-02  1.55150000e+01
 -3.53551807e+03  3.73946200e+03  9.90000000e-02  1.55150000e+01
 -3.53551807e+03  3.73946200e+03  9.90000000e-02  1.55150000e+01
 -3.53551807e+03  3.73946200e+03  9.90000000e-02  1.55150000e+01
 -3.53551807e+03  3.73946200e+03  9.90000000e-02  1.55150000e+01
 -3.53551807e+03  3.73946200e+03  9.90000000e-02  1.55150000e+01
 -3.53755298e+03  3.74295300e+03  9.90000000e-02  1.53430000e+01
 -3.53755298e+03  3.74295300e+03  9.90000000e-02  1.53430000e+01
 -3.53755298e+03  3.74295300e+03  9.90000000e-02  1.53430000e+01
 -3.53755298e+03  3.74295300e+03  9.90000000e-02  1.53430000e+01
 -3.53755298e+03  3.74295300e+03  9.90000000e-02  1.53430000e+01
 -3.53755298e+03  3.74295300e+03  9.90000000e-02  1.53430000e+01
 -3.53755298e+03  3.74295300e+03  9.90000000e-02  1.53430000e+01
 -3.53755298e+03  3.74295300e+03  9.90000000e-02  1.53430000e+01
 -3.53755298e+03  3.74295300e+03  9.90000000e-02  1.53430000e+01
 -3.53755298e+03  3.74295300e+03  9.90000000e-02  1.53430000e+01
 -3.53755298e+03  3.74295300e+03  9.90000000e-02  1.53430000e+01
 -3.53755298e+03  3.74295300e+03  9.90000000e-02  1.53430000e+01
 -3.54476634e+03  3.73145400e+03  1.00000000e-01  1.55590000e+01
 -3.54476634e+03  3.73145400e+03  1.00000000e-01  1.55590000e+01
 -3.54476634e+03  3.73145400e+03  1.00000000e-01  1.55590000e+01
 -3.54476634e+03  3.73145400e+03  1.00000000e-01  1.55590000e+01
 -3.54476634e+03  3.73145400e+03  1.00000000e-01  1.55590000e+01
 -3.54476634e+03  3.73145400e+03  1.00000000e-01  1.55590000e+01
 -3.54476634e+03  3.73145400e+03  1.00000000e-01  1.55590000e+01
 -3.54900615e+03  3.73351600e+03  1.00000000e-01  1.55810000e+01
 -3.54900615e+03  3.73351600e+03  1.00000000e-01  1.55810000e+01
 -3.54900615e+03  3.73351600e+03  1.00000000e-01  1.55810000e+01
 -3.54900615e+03  3.73351600e+03  1.00000000e-01  1.55810000e+01
 -3.54900615e+03  3.73351600e+03  1.00000000e-01  1.55810000e+01
 -3.54900615e+03  3.73351600e+03  1.00000000e-01  1.55810000e+01
 -3.55161395e+03  3.73481400e+03  1.02000000e-01  1.56430000e+01
 -3.55161395e+03  3.73481400e+03  1.02000000e-01  1.56430000e+01
 -3.55161395e+03  3.73481400e+03  1.02000000e-01  1.56430000e+01
 -3.55161395e+03  3.73481400e+03  1.02000000e-01  1.56430000e+01
 -3.55161395e+03  3.73481400e+03  1.02000000e-01  1.56430000e+01
 -3.55161395e+03  3.73481400e+03  1.02000000e-01  1.56430000e+01
 -3.55161395e+03  3.73481400e+03  1.02000000e-01  1.56430000e+01
 -3.55161395e+03  3.73481400e+03  1.02000000e-01  1.56430000e+01
 -3.55161395e+03  3.73481400e+03  1.02000000e-01  1.56430000e+01
 -3.55161395e+03  3.73481400e+03  1.02000000e-01  1.56430000e+01
 -3.55161395e+03  3.73481400e+03  1.02000000e-01  1.56430000e+01
 -3.55161395e+03  3.73481400e+03  1.02000000e-01  1.56430000e+01
 -3.55161395e+03  3.73481400e+03  1.02000000e-01  1.56430000e+01
 -3.55161395e+03  3.73481400e+03  1.02000000e-01  1.56430000e+01
 -3.55161395e+03  3.73481400e+03  1.02000000e-01  1.56430000e+01
 -3.55161395e+03  3.73481400e+03  1.02000000e-01  1.56430000e+01
 -3.55161395e+03  3.73481400e+03  1.02000000e-01  1.56430000e+01
 -3.55161395e+03  3.73481400e+03  1.02000000e-01  1.56430000e+01
 -3.55161395e+03  3.73481400e+03  1.02000000e-01  1.56430000e+01
 -3.55161395e+03  3.73481400e+03  1.02000000e-01  1.56430000e+01
 -3.55161395e+03  3.73481400e+03  1.02000000e-01  1.56430000e+01
 -3.55161395e+03  3.73481400e+03  1.02000000e-01  1.56430000e+01
 -3.55161395e+03  3.73481400e+03  1.02000000e-01  1.56430000e+01
 -3.55161395e+03  3.73481400e+03  1.02000000e-01  1.56430000e+01
 -3.55037312e+03  3.73253300e+03  1.02000000e-01  1.60290000e+01
 -3.55037312e+03  3.73253300e+03  1.02000000e-01  1.60290000e+01
 -3.55037312e+03  3.73253300e+03  1.02000000e-01  1.60290000e+01
 -3.55037312e+03  3.73253300e+03  1.02000000e-01  1.60290000e+01
 -3.55037312e+03  3.73253300e+03  1.02000000e-01  1.60290000e+01
 -3.55037312e+03  3.73253300e+03  1.02000000e-01  1.60290000e+01
 -3.55037312e+03  3.73253300e+03  1.02000000e-01  1.60290000e+01
 -3.55037312e+03  3.73253300e+03  1.02000000e-01  1.60290000e+01
 -3.55037312e+03  3.73253300e+03  1.02000000e-01  1.60290000e+01
 -3.55037312e+03  3.73253300e+03  1.02000000e-01  1.60290000e+01
 -3.55037312e+03  3.73253300e+03  1.02000000e-01  1.60290000e+01
 -3.55037312e+03  3.73253300e+03  1.02000000e-01  1.60290000e+01
 -3.55037312e+03  3.73253300e+03  1.02000000e-01  1.60290000e+01
 -3.55037312e+03  3.73253300e+03  1.02000000e-01  1.60290000e+01
 -3.55037312e+03  3.73253300e+03  1.02000000e-01  1.60290000e+01
 -3.55037312e+03  3.73253300e+03  1.02000000e-01  1.60290000e+01
 -3.55037312e+03  3.73253300e+03  1.02000000e-01  1.60290000e+01
 -3.55111956e+03  3.72778900e+03  1.03000000e-01  1.61470000e+01
 -3.55111956e+03  3.72778900e+03  1.03000000e-01  1.61470000e+01
 -3.55111956e+03  3.72778900e+03  1.03000000e-01  1.61470000e+01
 -3.56390554e+03  3.73477000e+03  1.01000000e-01  1.59150000e+01
 -3.56390554e+03  3.73477000e+03  1.01000000e-01  1.59150000e+01
 -3.56390554e+03  3.73477000e+03  1.01000000e-01  1.59150000e+01
 -3.56390554e+03  3.73477000e+03  1.01000000e-01  1.59150000e+01
 -3.56390554e+03  3.73477000e+03  1.01000000e-01  1.59150000e+01
 -3.56390554e+03  3.73477000e+03  1.01000000e-01  1.59150000e+01
 -3.56390554e+03  3.73477000e+03  1.01000000e-01  1.59150000e+01
 -3.56390554e+03  3.73477000e+03  1.01000000e-01  1.59150000e+01
 -3.56390554e+03  3.73477000e+03  1.01000000e-01  1.59150000e+01
 -3.56390554e+03  3.73477000e+03  1.01000000e-01  1.59150000e+01
 -3.56390554e+03  3.73477000e+03  1.01000000e-01  1.59150000e+01
 -3.56390554e+03  3.73477000e+03  1.01000000e-01  1.59150000e+01
 -3.56390554e+03  3.73477000e+03  1.01000000e-01  1.59150000e+01
 -3.56390554e+03  3.73477000e+03  1.01000000e-01  1.59150000e+01
 -3.56390554e+03  3.73477000e+03  1.01000000e-01  1.59150000e+01
 -3.56390554e+03  3.73477000e+03  1.01000000e-01  1.59150000e+01
 -3.56390554e+03  3.73477000e+03  1.01000000e-01  1.59150000e+01
 -3.56390554e+03  3.73477000e+03  1.01000000e-01  1.59150000e+01
 -3.56430867e+03  3.73729900e+03  1.00000000e-01  1.58070000e+01
 -3.56543751e+03  3.73707200e+03  1.01000000e-01  1.58480000e+01
 -3.56543751e+03  3.73707200e+03  1.01000000e-01  1.58480000e+01
 -3.56543751e+03  3.73707200e+03  1.01000000e-01  1.58480000e+01
 -3.56543751e+03  3.73707200e+03  1.01000000e-01  1.58480000e+01
 -3.56543751e+03  3.73707200e+03  1.01000000e-01  1.58480000e+01
 -3.56543751e+03  3.73707200e+03  1.01000000e-01  1.58480000e+01
 -3.56543751e+03  3.73707200e+03  1.01000000e-01  1.58480000e+01
 -3.56543751e+03  3.73707200e+03  1.01000000e-01  1.58480000e+01
 -3.56543751e+03  3.73707200e+03  1.01000000e-01  1.58480000e+01
 -3.56543751e+03  3.73707200e+03  1.01000000e-01  1.58480000e+01
 -3.56543751e+03  3.73707200e+03  1.01000000e-01  1.58480000e+01
 -3.56838568e+03  3.73751500e+03  1.01000000e-01  1.58940000e+01
 -3.56838568e+03  3.73751500e+03  1.01000000e-01  1.58940000e+01
 -3.56838568e+03  3.73751500e+03  1.01000000e-01  1.58940000e+01
 -3.56838568e+03  3.73751500e+03  1.01000000e-01  1.58940000e+01
 -3.56947324e+03  3.73324500e+03  1.01000000e-01  1.59590000e+01
 -3.56947324e+03  3.73324500e+03  1.01000000e-01  1.59590000e+01
 -3.56947324e+03  3.73324500e+03  1.01000000e-01  1.59590000e+01
 -3.57324808e+03  3.73556900e+03  1.01000000e-01  1.58570000e+01
 -3.57324808e+03  3.73556900e+03  1.01000000e-01  1.58570000e+01
 -3.57324808e+03  3.73556900e+03  1.01000000e-01  1.58570000e+01
 -3.57592083e+03  3.73766600e+03  1.01000000e-01  1.58100000e+01
 -3.57592083e+03  3.73766600e+03  1.01000000e-01  1.58100000e+01
 -3.57592083e+03  3.73766600e+03  1.01000000e-01  1.58100000e+01
 -3.57592083e+03  3.73766600e+03  1.01000000e-01  1.58100000e+01
 -3.57885777e+03  3.73953600e+03  1.01000000e-01  1.58100000e+01
 -3.58155018e+03  3.74251900e+03  1.01000000e-01  1.58050000e+01
 -3.58606097e+03  3.74394500e+03  1.01000000e-01  1.58050000e+01
 -3.58582682e+03  3.74306000e+03  1.01000000e-01  1.58130000e+01
 -3.58586018e+03  3.74381700e+03  1.01000000e-01  1.57990000e+01
 -3.58923581e+03  3.74403300e+03  1.01000000e-01  1.58660000e+01
 -3.58934498e+03  3.74500600e+03  1.01000000e-01  1.58930000e+01
 -3.58934498e+03  3.74500600e+03  1.01000000e-01  1.58930000e+01
 -3.58934498e+03  3.74500600e+03  1.01000000e-01  1.58930000e+01
 -3.59147080e+03  3.74487700e+03  1.01000000e-01  1.60320000e+01
 -3.59256285e+03  3.74628200e+03  1.00000000e-01  1.59470000e+01
 -3.59256285e+03  3.74628200e+03  1.00000000e-01  1.59470000e+01
 -3.59296512e+03  3.74674700e+03  1.01000000e-01  1.59530000e+01
 -3.59284426e+03  3.74587100e+03  1.01000000e-01  1.60080000e+01
 -3.59284426e+03  3.74587100e+03  1.01000000e-01  1.60080000e+01
 -3.59284426e+03  3.74587100e+03  1.01000000e-01  1.60080000e+01
 -3.59284426e+03  3.74587100e+03  1.01000000e-01  1.60080000e+01
 -3.59284426e+03  3.74587100e+03  1.01000000e-01  1.60080000e+01
 -3.59284426e+03  3.74587100e+03  1.01000000e-01  1.60080000e+01
 -3.59237756e+03  3.74519100e+03  1.01000000e-01  1.60080000e+01
 -3.59529589e+03  3.74467200e+03  1.01000000e-01  1.60090000e+01
 -3.59721456e+03  3.74742800e+03  1.01000000e-01  1.59720000e+01
 -3.59800237e+03  3.74907100e+03  1.01000000e-01  1.60090000e+01
 -3.59784896e+03  3.74929800e+03  1.01000000e-01  1.60090000e+01
 -3.59889637e+03  3.75205400e+03  1.01000000e-01  1.59930000e+01
 -3.59889637e+03  3.75205400e+03  1.01000000e-01  1.59930000e+01
 -3.59889637e+03  3.75205400e+03  1.01000000e-01  1.59930000e+01
 -3.59854949e+03  3.75061600e+03  1.00000000e-01  1.60460000e+01
 -3.59827254e+03  3.74994600e+03  1.00000000e-01  1.60460000e+01
 -3.59995979e+03  3.74755600e+03  1.00000000e-01  1.62340000e+01
 -3.59978458e+03  3.74621600e+03  1.00000000e-01  1.63010000e+01
 -3.59985031e+03  3.74599000e+03  1.01000000e-01  1.63060000e+01
 -3.59977266e+03  3.74323400e+03  1.02000000e-01  1.64340000e+01
 -3.60085062e+03  3.74078100e+03  8.40000000e-02  1.64920000e+01
 -3.60147327e+03  3.74078000e+03  8.50000000e-02  1.65060000e+01
 -3.60383908e+03  3.74219600e+03  8.50000000e-02  1.65030000e+01
 -3.60383908e+03  3.74219600e+03  8.50000000e-02  1.65030000e+01
 -3.60307882e+03  3.73945100e+03  8.50000000e-02  1.65680000e+01
 -3.60307882e+03  3.73945100e+03  8.50000000e-02  1.65680000e+01
 -3.60307882e+03  3.73945100e+03  8.50000000e-02  1.65680000e+01
 -3.60307882e+03  3.73945100e+03  8.50000000e-02  1.65680000e+01
 -3.60307882e+03  3.73945100e+03  8.50000000e-02  1.65680000e+01
 -3.60307882e+03  3.73945100e+03  8.50000000e-02  1.65680000e+01
 -3.61159926e+03  3.74243400e+03  8.40000000e-02  1.65550000e+01
 -3.61159926e+03  3.74243400e+03  8.40000000e-02  1.65550000e+01
 -3.61159926e+03  3.74243400e+03  8.40000000e-02  1.65550000e+01
 -3.61426087e+03  3.74399000e+03  8.40000000e-02  1.65450000e+01
 -3.61466787e+03  3.74451000e+03  8.40000000e-02  1.65440000e+01
 -3.61466787e+03  3.74451000e+03  8.40000000e-02  1.65440000e+01
 -3.61466787e+03  3.74451000e+03  8.40000000e-02  1.65440000e+01
 -3.62408393e+03  3.74376400e+03  8.40000000e-02  1.65860000e+01
 -3.62408393e+03  3.74376400e+03  8.40000000e-02  1.65860000e+01
 -3.62491154e+03  3.74443400e+03  8.40000000e-02  1.65880000e+01
 -3.62520614e+03  3.74586100e+03  8.50000000e-02  1.65870000e+01
 -3.62514405e+03  3.74650900e+03  8.40000000e-02  1.65880000e+01
 -3.62511807e+03  3.74561200e+03  8.40000000e-02  1.66220000e+01
 -3.62718586e+03  3.74577300e+03  8.40000000e-02  1.66180000e+01
 -3.63163362e+03  3.74720000e+03  8.40000000e-02  1.66170000e+01
 -3.63163362e+03  3.74720000e+03  8.40000000e-02  1.66170000e+01
 -3.63163362e+03  3.74720000e+03  8.40000000e-02  1.66170000e+01
 -3.63171863e+03  3.74742700e+03  8.40000000e-02  1.66100000e+01
 -3.63176174e+03  3.74928600e+03  8.40000000e-02  1.65100000e+01
 -3.63176174e+03  3.74928600e+03  8.40000000e-02  1.65100000e+01
 -3.63176174e+03  3.74928600e+03  8.40000000e-02  1.65100000e+01
 -3.63176174e+03  3.74928600e+03  8.40000000e-02  1.65100000e+01
 -3.63177212e+03  3.74741600e+03  8.40000000e-02  1.65440000e+01
 -3.63164340e+03  3.74577300e+03  8.40000000e-02  1.65660000e+01
 -3.63164340e+03  3.74577300e+03  8.40000000e-02  1.65660000e+01
 -3.63231356e+03  3.74621600e+03  8.40000000e-02  1.65710000e+01
 -3.63231356e+03  3.74621600e+03  8.40000000e-02  1.65710000e+01
 -3.63220892e+03  3.74600000e+03  8.40000000e-02  1.65710000e+01
 -3.63903853e+03  3.74907000e+03  8.40000000e-02  1.66350000e+01
 -3.63928550e+03  3.74885400e+03  8.40000000e-02  1.66350000e+01
 -3.63928550e+03  3.74885400e+03  8.40000000e-02  1.66350000e+01
 -3.63928550e+03  3.74885400e+03  8.40000000e-02  1.66350000e+01
 -3.63928550e+03  3.74885400e+03  8.40000000e-02  1.66350000e+01
 -3.64138228e+03  3.74845300e+03  8.50000000e-02  1.66680000e+01
 -3.64138228e+03  3.74845300e+03  8.50000000e-02  1.66680000e+01
 -3.64130611e+03  3.74801000e+03  8.50000000e-02  1.66730000e+01
 -3.64393389e+03  3.74658300e+03  8.50000000e-02  1.67930000e+01
 -3.64419207e+03  3.74724300e+03  8.50000000e-02  1.67710000e+01
 -3.64419207e+03  3.74724300e+03  8.50000000e-02  1.67710000e+01
 -3.64419207e+03  3.74724300e+03  8.50000000e-02  1.67710000e+01
 -3.64423248e+03  3.74845300e+03  8.50000000e-02  1.67210000e+01
 -3.64584283e+03  3.74988000e+03  8.50000000e-02  1.67190000e+01
 -3.64853383e+03  3.75024700e+03  8.50000000e-02  1.67320000e+01
 -3.64853383e+03  3.75024700e+03  8.50000000e-02  1.67320000e+01
 -3.65327894e+03  3.75078800e+03  8.50000000e-02  1.68250000e+01
 -3.65327894e+03  3.75078800e+03  8.50000000e-02  1.68250000e+01
 -3.65327894e+03  3.75078800e+03  8.50000000e-02  1.68250000e+01
 -3.65798074e+03  3.75310100e+03  8.40000000e-02  1.67680000e+01
 -3.65869885e+03  3.75782500e+03  8.40000000e-02  1.67110000e+01
 -3.65883515e+03  3.75849500e+03  8.40000000e-02  1.66510000e+01
 -3.65883515e+03  3.75849500e+03  8.40000000e-02  1.66510000e+01
 -3.65883515e+03  3.75849500e+03  8.40000000e-02  1.66510000e+01
 -3.65883515e+03  3.75849500e+03  8.40000000e-02  1.66510000e+01
 -3.65883515e+03  3.75849500e+03  8.40000000e-02  1.66510000e+01
 -3.66121627e+03  3.75873300e+03  8.40000000e-02  1.66510000e+01
 -3.66076275e+03  3.75806300e+03  8.40000000e-02  1.65830000e+01
 -3.66161770e+03  3.75956600e+03  8.40000000e-02  1.65770000e+01
 -3.66490219e+03  3.76133800e+03  8.40000000e-02  1.65770000e+01
 -3.66490219e+03  3.76133800e+03  8.40000000e-02  1.65770000e+01
 -3.66680304e+03  3.76156500e+03  8.50000000e-02  1.66060000e+01
 -3.66680304e+03  3.76156500e+03  8.50000000e-02  1.66060000e+01
 -3.66745339e+03  3.76290500e+03  8.50000000e-02  1.65520000e+01
 -3.67094853e+03  3.76881800e+03  8.50000000e-02  1.65190000e+01
 -3.67094853e+03  3.76881800e+03  8.50000000e-02  1.65190000e+01
 -3.67109963e+03  3.76926100e+03  8.50000000e-02  1.64790000e+01
 -3.67109963e+03  3.76926100e+03  8.50000000e-02  1.64790000e+01
 -3.67603123e+03  3.76956500e+03  8.50000000e-02  1.64940000e+01
 -3.67603123e+03  3.76956500e+03  8.50000000e-02  1.64940000e+01
 -3.67603123e+03  3.76956500e+03  8.50000000e-02  1.64940000e+01
 -3.67640644e+03  3.77045100e+03  8.50000000e-02  1.65000000e+01
 -3.67640644e+03  3.77045100e+03  8.50000000e-02  1.65000000e+01
 -3.67640644e+03  3.77045100e+03  8.50000000e-02  1.65000000e+01
 -3.67664912e+03  3.77099200e+03  8.50000000e-02  1.64560000e+01
 -3.67653508e+03  3.76913200e+03  8.50000000e-02  1.64610000e+01
 -3.67693924e+03  3.77069900e+03  8.50000000e-02  1.64050000e+01
 -3.67693924e+03  3.77069900e+03  8.50000000e-02  1.64050000e+01
 -3.67693924e+03  3.77069900e+03  8.50000000e-02  1.64050000e+01
 -3.67693924e+03  3.77069900e+03  8.50000000e-02  1.64050000e+01
 -3.67693924e+03  3.77069900e+03  8.50000000e-02  1.64050000e+01
 -3.68018820e+03  3.77203900e+03  8.50000000e-02  1.65090000e+01
 -3.68018820e+03  3.77203900e+03  8.50000000e-02  1.65090000e+01
 -3.68018820e+03  3.77203900e+03  8.50000000e-02  1.65090000e+01
 -3.68013207e+03  3.77029800e+03  8.50000000e-02  1.66710000e+01
 -3.68013207e+03  3.77029800e+03  8.50000000e-02  1.66710000e+01
 -3.68013207e+03  3.77029800e+03  8.50000000e-02  1.66710000e+01
 -3.68021866e+03  3.76999500e+03  8.80000000e-02  1.65550000e+01
 -3.68018748e+03  3.76845000e+03  8.80000000e-02  1.65910000e+01
 -3.68859056e+03  3.77112900e+03  8.70000000e-02  1.65350000e+01
 -3.68859056e+03  3.77112900e+03  8.70000000e-02  1.65350000e+01
 -3.68859056e+03  3.77112900e+03  8.70000000e-02  1.65350000e+01
 -3.69069728e+03  3.76903200e+03  8.70000000e-02  1.65670000e+01
 -3.69069728e+03  3.76903200e+03  8.70000000e-02  1.65670000e+01
 -3.69069728e+03  3.76903200e+03  8.70000000e-02  1.65670000e+01
 -3.69038108e+03  3.76970200e+03  8.70000000e-02  1.65470000e+01
 -3.69038108e+03  3.76970200e+03  8.70000000e-02  1.65470000e+01
 -3.69252863e+03  3.77134500e+03  8.70000000e-02  1.65360000e+01
 -3.69739250e+03  3.77740800e+03  8.70000000e-02  1.64610000e+01
 -3.69739250e+03  3.77740800e+03  8.70000000e-02  1.64610000e+01
 -3.69739250e+03  3.77740800e+03  8.70000000e-02  1.64610000e+01
 -3.70040453e+03  3.77772200e+03  8.70000000e-02  1.64780000e+01
 -3.70040453e+03  3.77772200e+03  8.70000000e-02  1.64780000e+01
 -3.70079095e+03  3.77676000e+03  8.70000000e-02  1.64780000e+01
 -3.70079095e+03  3.77676000e+03  8.70000000e-02  1.64780000e+01
 -3.70091518e+03  3.77741900e+03  8.70000000e-02  1.64800000e+01
 -3.70249971e+03  3.77950500e+03  8.70000000e-02  1.63820000e+01
 -3.70249971e+03  3.77950500e+03  8.70000000e-02  1.63820000e+01
 -3.70263831e+03  3.77927900e+03  8.70000000e-02  1.61810000e+01
 -3.70290288e+03  3.77994900e+03  8.70000000e-02  1.61730000e+01
 -3.70290288e+03  3.77994900e+03  8.70000000e-02  1.61730000e+01
 -3.70290288e+03  3.77994900e+03  8.70000000e-02  1.61730000e+01
 -3.70282998e+03  3.78135400e+03  8.80000000e-02  1.61600000e+01
 -3.70623239e+03  3.78313700e+03  8.80000000e-02  1.60930000e+01
 -3.70623239e+03  3.78313700e+03  8.80000000e-02  1.60930000e+01
 -3.70623239e+03  3.78313700e+03  8.80000000e-02  1.60930000e+01
 -3.70623239e+03  3.78313700e+03  8.80000000e-02  1.60930000e+01
 -3.70623239e+03  3.78313700e+03  8.80000000e-02  1.60930000e+01
 -3.70731761e+03  3.78216400e+03  8.80000000e-02  1.60930000e+01
 -3.70672080e+03  3.78305000e+03  8.80000000e-02  1.60930000e+01
 -3.70673245e+03  3.78183900e+03  8.80000000e-02  1.61190000e+01
 -3.70673245e+03  3.78183900e+03  8.80000000e-02  1.61190000e+01
 -3.70673245e+03  3.78183900e+03  8.80000000e-02  1.61190000e+01
 -3.70777725e+03  3.78400200e+03  8.80000000e-02  1.61120000e+01
 -3.70777725e+03  3.78400200e+03  8.80000000e-02  1.61120000e+01
 -3.70777725e+03  3.78400200e+03  8.80000000e-02  1.61120000e+01
 -3.72173370e+03  3.78587200e+03  8.80000000e-02  1.61100000e+01
 -3.72173370e+03  3.78587200e+03  8.80000000e-02  1.61100000e+01
 -3.72164649e+03  3.78774200e+03  8.80000000e-02  1.60410000e+01
 -3.72154287e+03  3.78918000e+03  8.90000000e-02  1.58340000e+01
 -3.72154287e+03  3.78918000e+03  8.90000000e-02  1.58340000e+01
 -3.72245246e+03  3.78820700e+03  8.90000000e-02  1.58500000e+01
 -3.72223198e+03  3.78798000e+03  8.90000000e-02  1.58750000e+01
 -3.72336869e+03  3.78896400e+03  8.90000000e-02  1.58770000e+01
 -3.72492279e+03  3.78686700e+03  8.90000000e-02  1.58770000e+01
 -3.72492279e+03  3.78686700e+03  8.90000000e-02  1.58770000e+01
 -3.72492279e+03  3.78686700e+03  8.90000000e-02  1.58770000e+01
 -3.72492279e+03  3.78686700e+03  8.90000000e-02  1.58770000e+01
 -3.72492279e+03  3.78686700e+03  8.90000000e-02  1.58770000e+01
 -3.72492279e+03  3.78686700e+03  8.90000000e-02  1.58770000e+01
 -3.72492279e+03  3.78686700e+03  8.90000000e-02  1.58770000e+01
 -3.72619136e+03  3.78904000e+03  8.90000000e-02  1.58770000e+01
 -3.72683807e+03  3.78904000e+03  8.90000000e-02  1.58740000e+01
 -3.72683807e+03  3.78904000e+03  8.90000000e-02  1.58740000e+01
 -3.72971531e+03  3.78980800e+03  8.90000000e-02  1.57860000e+01
 -3.72971531e+03  3.78980800e+03  8.90000000e-02  1.57860000e+01
 -3.73064729e+03  3.79212000e+03  8.90000000e-02  1.57820000e+01
 -3.73064729e+03  3.79212000e+03  8.90000000e-02  1.57820000e+01
 -3.73064729e+03  3.79212000e+03  8.90000000e-02  1.57820000e+01
 -3.73064729e+03  3.79212000e+03  8.90000000e-02  1.57820000e+01
 -3.73094437e+03  3.79256300e+03  8.90000000e-02  1.57160000e+01
 -3.73094437e+03  3.79256300e+03  8.90000000e-02  1.57160000e+01
 -3.73094437e+03  3.79256300e+03  8.90000000e-02  1.57160000e+01
 -3.73198483e+03  3.79375200e+03  8.80000000e-02  1.58050000e+01
 -3.73198483e+03  3.79375200e+03  8.80000000e-02  1.58050000e+01
 -3.73198483e+03  3.79375200e+03  8.80000000e-02  1.58050000e+01
 -3.73198483e+03  3.79375200e+03  8.80000000e-02  1.58050000e+01
 -3.73465044e+03  3.79771900e+03  8.80000000e-02  1.57060000e+01
 -3.73465044e+03  3.79771900e+03  8.80000000e-02  1.57060000e+01
 -3.73681590e+03  3.79860500e+03  8.80000000e-02  1.57070000e+01
 -3.73709719e+03  3.80235600e+03  8.70000000e-02  1.56290000e+01
 -3.73709719e+03  3.80235600e+03  8.70000000e-02  1.56290000e+01
 -3.73709719e+03  3.80235600e+03  8.70000000e-02  1.56290000e+01
 -3.73950443e+03  3.80444200e+03  8.70000000e-02  1.56120000e+01
 -3.73950443e+03  3.80444200e+03  8.70000000e-02  1.56120000e+01
 -3.73959616e+03  3.80465800e+03  8.70000000e-02  1.56090000e+01
 -3.74452318e+03  3.80555500e+03  8.70000000e-02  1.56000000e+01
 -3.74452318e+03  3.80555500e+03  8.70000000e-02  1.56000000e+01
 -3.74452318e+03  3.80555500e+03  8.70000000e-02  1.56000000e+01
 -3.74470637e+03  3.80456000e+03  8.70000000e-02  1.56070000e+01
 -3.74521138e+03  3.80568400e+03  8.70000000e-02  1.55980000e+01
 -3.74897220e+03  3.80425700e+03  8.80000000e-02  1.56740000e+01
 -3.74897220e+03  3.80425700e+03  8.80000000e-02  1.56740000e+01
 -3.74897220e+03  3.80425700e+03  8.80000000e-02  1.56740000e+01
 -3.74954800e+03  3.80328300e+03  8.80000000e-02  1.57450000e+01
 -3.74954800e+03  3.80328300e+03  8.80000000e-02  1.57450000e+01
 -3.74954800e+03  3.80328300e+03  8.80000000e-02  1.57450000e+01
 -3.74954800e+03  3.80328300e+03  8.80000000e-02  1.57450000e+01
 -3.75182881e+03  3.80515300e+03  8.80000000e-02  1.57450000e+01
 -3.75195235e+03  3.80514300e+03  8.80000000e-02  1.57450000e+01
 -3.75195235e+03  3.80514300e+03  8.80000000e-02  1.57450000e+01
 -3.75195235e+03  3.80514300e+03  8.80000000e-02  1.57450000e+01
 -3.75287080e+03  3.80643000e+03  8.80000000e-02  1.57160000e+01
 -3.76173296e+03  3.80643000e+03  8.80000000e-02  1.57180000e+01
 -3.76173296e+03  3.80643000e+03  8.80000000e-02  1.57180000e+01
 -3.76173296e+03  3.80643000e+03  8.80000000e-02  1.57180000e+01
 -3.76173296e+03  3.80643000e+03  8.80000000e-02  1.57180000e+01
 -3.76320317e+03  3.80588900e+03  8.80000000e-02  1.57150000e+01
 -3.76323047e+03  3.80643000e+03  8.80000000e-02  1.57150000e+01
 -3.76323047e+03  3.80643000e+03  8.80000000e-02  1.57150000e+01
 -3.76323047e+03  3.80643000e+03  8.80000000e-02  1.57150000e+01
 -3.76323047e+03  3.80643000e+03  8.80000000e-02  1.57150000e+01
 -3.76323047e+03  3.80643000e+03  8.80000000e-02  1.57150000e+01
 -3.76323047e+03  3.80643000e+03  8.80000000e-02  1.57150000e+01
 -3.76323047e+03  3.80643000e+03  8.80000000e-02  1.57150000e+01
 -3.76323047e+03  3.80643000e+03  8.80000000e-02  1.57150000e+01
 -3.76412813e+03  3.80688300e+03  8.80000000e-02  1.57180000e+01
 -3.76412813e+03  3.80688300e+03  8.80000000e-02  1.57180000e+01
 -3.76412813e+03  3.80688300e+03  8.80000000e-02  1.57180000e+01
 -3.76412813e+03  3.80688300e+03  8.80000000e-02  1.57180000e+01
 -3.76412813e+03  3.80688300e+03  8.80000000e-02  1.57180000e+01
 -3.76412813e+03  3.80688300e+03  8.80000000e-02  1.57180000e+01
 -3.76412813e+03  3.80688300e+03  8.80000000e-02  1.57180000e+01
 -3.76412813e+03  3.80688300e+03  8.80000000e-02  1.57180000e+01
 -3.76412813e+03  3.80688300e+03  8.80000000e-02  1.57180000e+01
 -3.76683460e+03  3.80635300e+03  8.80000000e-02  1.57180000e+01
 -3.76683460e+03  3.80635300e+03  8.80000000e-02  1.57180000e+01
 -3.76683460e+03  3.80635300e+03  8.80000000e-02  1.57180000e+01
 -3.76683460e+03  3.80635300e+03  8.80000000e-02  1.57180000e+01
 -3.76683460e+03  3.80635300e+03  8.80000000e-02  1.57180000e+01
 -3.76683460e+03  3.80635300e+03  8.80000000e-02  1.57180000e+01
 -3.77173764e+03  3.80711100e+03  8.80000000e-02  1.57230000e+01
 -3.77173764e+03  3.80711100e+03  8.80000000e-02  1.57230000e+01
 -3.77173764e+03  3.80711100e+03  8.80000000e-02  1.57230000e+01
 -3.77173764e+03  3.80711100e+03  8.80000000e-02  1.57230000e+01
 -3.77173764e+03  3.80711100e+03  8.80000000e-02  1.57230000e+01
 -3.77233679e+03  3.80697100e+03  8.80000000e-02  1.57870000e+01
 -3.77235382e+03  3.80720900e+03  8.80000000e-02  1.57870000e+01
 -3.77235382e+03  3.80720900e+03  8.80000000e-02  1.57870000e+01
 -3.77235382e+03  3.80720900e+03  8.80000000e-02  1.57870000e+01
 -3.77235382e+03  3.80720900e+03  8.80000000e-02  1.57870000e+01
 -3.77235382e+03  3.80720900e+03  8.80000000e-02  1.57870000e+01
 -3.77235382e+03  3.80720900e+03  8.80000000e-02  1.57870000e+01
 -3.77235382e+03  3.80720900e+03  8.80000000e-02  1.57870000e+01
 -3.77235382e+03  3.80720900e+03  8.80000000e-02  1.57870000e+01
 -3.77235382e+03  3.80720900e+03  8.80000000e-02  1.57870000e+01
 -3.77235382e+03  3.80720900e+03  8.80000000e-02  1.57870000e+01
 -3.77235382e+03  3.80720900e+03  8.80000000e-02  1.57870000e+01
 -3.77235382e+03  3.80720900e+03  8.80000000e-02  1.57870000e+01
 -3.77235382e+03  3.80720900e+03  8.80000000e-02  1.57870000e+01
 -3.77235382e+03  3.80720900e+03  8.80000000e-02  1.57870000e+01