-1.56455120e+03  2.57626700e+03  8.80000000e-02  2.93540000e+01
 -1.98436493e+03  2.95148100e+03  8.60000000e-02  2.40310000e+01
 -2.26609974e+03  3.18039400e+03  9.20000000e-02  2.04030000e+01
 -2.48934163e+03  3.30922800e+03  9.00000000e-02  1.91030000e+01
 -2.64629921e+03  3.42168100e+03  9.00000000e-02  1.68880000e+01
 -2.64629921e+03  3.42168100e+03  9.00000000e-02  1.68880000e+01
 -2.72875641e+03  3.47256400e+03  8.60000000e-02  1.73620000e+01
 -2.74663755e+03  3.51280800e+03  8.90000000e-02  1.72350000e+01
 -2.78230397e+03  3.51971000e+03  8.80000000e-02  1.67080000e+01
 -2.88574496e+03  3.57880100e+03  9.30000000e-02  1.58210000e+01
 -2.95554822e+03  3.61155900e+03  9.90000000e-02  1.54020000e+01
 -2.91371866e+03  3.60612500e+03  1.01000000e-01  1.60900000e+01
 -2.90629230e+03  3.60199100e+03  1.01000000e-01  1.56750000e+01
 -2.90810941e+03  3.61948700e+03  9.90000000e-02  1.53340000e+01
 -2.93450359e+03  3.62180700e+03  1.17000000e-01  1.55680000e+01
 -2.91208194e+03  3.61537600e+03  1.17000000e-01  1.58520000e+01
 -2.94505316e+03  3.64121600e+03  1.16000000e-01  1.59340000e+01
 -2.95142585e+03  3.60317200e+03  9.30000000e-02  1.64650000e+01
 -2.92708680e+03  3.62519300e+03  9.00000000e-02  1.59990000e+01
 -2.97778032e+03  3.63160900e+03  9.00000000e-02  1.64090000e+01
 -3.00136735e+03  3.63668800e+03  9.50000000e-02  1.64280000e+01
 -3.00776039e+03  3.63015500e+03  1.01000000e-01  1.68410000e+01
 -2.98370437e+03  3.62797300e+03  8.80000000e-02  1.68250000e+01
 -3.00558346e+03  3.62015600e+03  8.30000000e-02  1.62600000e+01
 -3.08534483e+03  3.64787100e+03  9.20000000e-02  1.59290000e+01
 -3.05177764e+03  3.63580500e+03  9.10000000e-02  1.55500000e+01
 -3.05177764e+03  3.63580500e+03  9.10000000e-02  1.55500000e+01
 -2.98968903e+03  3.64717700e+03  9.50000000e-02  1.50970000e+01
 -2.99122213e+03  3.67533900e+03  9.30000000e-02  1.52740000e+01
 -2.98609942e+03  3.65236700e+03  9.10000000e-02  1.58870000e+01
 -2.98609942e+03  3.65236700e+03  9.10000000e-02  1.58870000e+01
 -2.98609942e+03  3.65236700e+03  9.10000000e-02  1.58870000e+01
 -3.03864449e+03  3.69010800e+03  1.01000000e-01  1.60290000e+01
 -3.03864449e+03  3.69010800e+03  1.01000000e-01  1.60290000e+01
 -3.02628675e+03  3.67231800e+03  1.01000000e-01  1.60800000e+01
 -3.02628675e+03  3.67231800e+03  1.01000000e-01  1.60800000e+01
 -3.03821975e+03  3.66775700e+03  1.00000000e-01  1.60420000e+01
 -3.03821975e+03  3.66775700e+03  1.00000000e-01  1.60420000e+01
 -2.95375026e+03  3.63964000e+03  1.00000000e-01  1.64190000e+01
 -2.96097338e+03  3.64766000e+03  1.00000000e-01  1.65250000e+01
 -2.97565957e+03  3.66315900e+03  1.00000000e-01  1.67720000e+01
 -2.98267912e+03  3.64887300e+03  1.04000000e-01  1.71460000e+01
 -2.95394688e+03  3.65377100e+03  9.90000000e-02  1.63480000e+01
 -2.96830996e+03  3.65851300e+03  9.10000000e-02  1.61020000e+01
 -2.99206063e+03  3.64169500e+03  9.00000000e-02  1.69250000e+01
 -3.08209567e+03  3.67151100e+03  9.10000000e-02  1.62300000e+01
 -3.08209567e+03  3.67151100e+03  9.10000000e-02  1.62300000e+01
 -3.09908950e+03  3.64919800e+03  9.00000000e-02  1.67390000e+01
 -3.04748372e+03  3.64913700e+03  9.10000000e-02  1.70680000e+01
 -3.04748372e+03  3.64913700e+03  9.10000000e-02  1.70680000e+01
 -3.04748372e+03  3.64913700e+03  9.10000000e-02  1.70680000e+01
 -3.05385889e+03  3.64890800e+03  9.30000000e-02  1.70970000e+01
 -3.05031703e+03  3.66030800e+03  9.20000000e-02  1.62940000e+01
 -3.05031703e+03  3.66030800e+03  9.20000000e-02  1.62940000e+01
 -3.03798195e+03  3.65119300e+03  8.40000000e-02  1.70430000e+01
 -3.01703783e+03  3.66360100e+03  1.01000000e-01  1.60100000e+01
 -3.04655389e+03  3.65675100e+03  9.40000000e-02  1.68060000e+01
 -3.00204665e+03  3.65213000e+03  9.50000000e-02  1.72590000e+01
 -2.98338909e+03  3.62673900e+03  9.70000000e-02  1.68290000e+01
 -2.98338909e+03  3.62673900e+03  9.70000000e-02  1.68290000e+01
 -2.96145546e+03  3.63810900e+03  8.90000000e-02  1.66340000e+01
 -3.01245977e+03  3.65727600e+03  8.50000000e-02  1.57240000e+01
 -3.01864701e+03  3.66944800e+03  9.30000000e-02  1.59980000e+01
 -3.01864701e+03  3.66944800e+03  9.30000000e-02  1.59980000e+01
 -3.01864701e+03  3.66944800e+03  9.30000000e-02  1.59980000e+01
 -3.01389414e+03  3.67606700e+03  1.15000000e-01  1.55500000e+01
 -3.01590055e+03  3.67485600e+03  1.15000000e-01  1.56800000e+01
 -3.03428679e+03  3.67449700e+03  1.15000000e-01  1.54880000e+01
 -3.03741368e+03  3.66973800e+03  1.15000000e-01  1.55110000e+01
 -3.03484204e+03  3.66803200e+03  1.13000000e-01  1.57190000e+01
 -3.03690613e+03  3.66405500e+03  1.13000000e-01  1.60420000e+01
 -3.05859011e+03  3.66938200e+03  1.13000000e-01  1.61040000e+01
 -3.06147684e+03  3.67336000e+03  1.12000000e-01  1.63850000e+01
 -3.04520426e+03  3.67000900e+03  1.12000000e-01  1.62040000e+01
 -3.03593866e+03  3.67067800e+03  1.12000000e-01  1.62550000e+01
 -3.03593866e+03  3.67067800e+03  1.12000000e-01  1.62550000e+01
 -3.03593866e+03  3.67067800e+03  1.12000000e-01  1.62550000e+01
 -3.05925675e+03  3.67335800e+03  1.12000000e-01  1.62010000e+01
 -3.05925675e+03  3.67335800e+03  1.12000000e-01  1.62010000e+01
 -3.08242244e+03  3.67505700e+03  1.12000000e-01  1.63190000e+01
 -3.06875510e+03  3.67222300e+03  1.12000000e-01  1.63450000e+01
 -3.06875510e+03  3.67222300e+03  1.12000000e-01  1.63450000e+01
 -3.06875510e+03  3.67222300e+03  1.12000000e-01  1.63450000e+01
 -3.06875510e+03  3.67222300e+03  1.12000000e-01  1.63450000e+01
 -3.08649416e+03  3.67748800e+03  1.12000000e-01  1.60600000e+01
 -3.09536741e+03  3.67499200e+03  1.12000000e-01  1.63120000e+01
 -3.09536741e+03  3.67499200e+03  1.12000000e-01  1.63120000e+01
 -3.09536741e+03  3.67499200e+03  1.12000000e-01  1.63120000e+01
 -3.09342770e+03  3.66670100e+03  1.12000000e-01  1.65290000e+01
 -3.08412030e+03  3.67275400e+03  1.12000000e-01  1.64110000e+01
 -3.10666672e+03  3.68202700e+03  1.13000000e-01  1.64000000e+01
 -3.10666672e+03  3.68202700e+03  1.13000000e-01  1.64000000e+01
 -3.11722185e+03  3.66881700e+03  1.13000000e-01  1.67690000e+01
 -3.11722185e+03  3.66881700e+03  1.13000000e-01  1.67690000e+01
 -3.11201739e+03  3.65860200e+03  1.13000000e-01  1.68900000e+01
 -3.10907410e+03  3.66054800e+03  1.13000000e-01  1.70590000e+01
 -3.09664241e+03  3.66209000e+03  1.13000000e-01  1.70740000e+01
 -3.08987826e+03  3.66420800e+03  1.13000000e-01  1.69020000e+01
 -3.08987826e+03  3.66420800e+03  1.13000000e-01  1.69020000e+01
 -3.07983801e+03  3.66823100e+03  1.13000000e-01  1.67410000e+01
 -3.07075855e+03  3.66960600e+03  1.13000000e-01  1.69780000e+01
 -3.07075855e+03  3.66960600e+03  1.13000000e-01  1.69780000e+01
 -3.05588035e+03  3.66004000e+03  1.13000000e-01  1.71450000e+01
 -3.06085307e+03  3.65335800e+03  1.11000000e-01  1.73170000e+01
 -3.05038587e+03  3.65817000e+03  1.11000000e-01  1.69110000e+01
 -3.06986737e+03  3.66083900e+03  1.11000000e-01  1.70780000e+01
 -3.08099798e+03  3.66842900e+03  1.11000000e-01  1.67340000e+01
 -3.05947856e+03  3.65620400e+03  1.11000000e-01  1.70160000e+01
 -3.06299629e+03  3.65685300e+03  1.11000000e-01  1.68760000e+01
 -3.05659377e+03  3.65918900e+03  1.11000000e-01  1.65570000e+01
 -3.06073617e+03  3.66344800e+03  1.11000000e-01  1.63640000e+01
 -3.05067290e+03  3.65567400e+03  1.11000000e-01  1.62390000e+01
 -3.05497819e+03  3.65779000e+03  1.11000000e-01  1.62230000e+01
 -3.05497819e+03  3.65779000e+03  1.11000000e-01  1.62230000e+01
 -3.03914670e+03  3.64055000e+03  1.11000000e-01  1.64570000e+01
 -3.03676718e+03  3.64186800e+03  1.13000000e-01  1.66150000e+01
 -3.03676718e+03  3.64186800e+03  1.13000000e-01  1.66150000e+01
 -3.03676718e+03  3.64186800e+03  1.13000000e-01  1.66150000e+01
 -3.02594867e+03  3.63917800e+03  1.13000000e-01  1.65740000e+01
 -3.03278952e+03  3.63436800e+03  1.13000000e-01  1.65840000e+01
 -3.03595201e+03  3.63730900e+03  1.12000000e-01  1.65780000e+01
 -3.04503572e+03  3.65372900e+03  1.12000000e-01  1.63450000e+01
 -3.04503572e+03  3.65372900e+03  1.12000000e-01  1.63450000e+01
 -3.04503572e+03  3.65372900e+03  1.12000000e-01  1.63450000e+01
 -3.04650107e+03  3.65713400e+03  1.12000000e-01  1.63590000e+01
 -3.03764378e+03  3.66542400e+03  1.12000000e-01  1.60860000e+01
 -3.03764378e+03  3.66542400e+03  1.12000000e-01  1.60860000e+01
 -3.05253524e+03  3.65856200e+03  1.12000000e-01  1.61960000e+01
 -3.05253524e+03  3.65856200e+03  1.12000000e-01  1.61960000e+01
 -3.06387191e+03  3.65622600e+03  1.12000000e-01  1.65210000e+01
 -3.06494702e+03  3.65260500e+03  1.12000000e-01  1.66250000e+01
 -3.06073602e+03  3.65927500e+03  1.12000000e-01  1.63540000e+01
 -3.05620475e+03  3.65423800e+03  1.12000000e-01  1.65010000e+01
 -3.07910476e+03  3.65787900e+03  1.12000000e-01  1.67490000e+01
 -3.07146299e+03  3.65228000e+03  1.12000000e-01  1.69160000e+01
 -3.09189642e+03  3.65230400e+03  1.12000000e-01  1.68560000e+01
 -3.08687663e+03  3.64973200e+03  1.12000000e-01  1.68850000e+01
 -3.08687663e+03  3.64973200e+03  1.12000000e-01  1.68850000e+01
 -3.09474896e+03  3.65177300e+03  1.09000000e-01  1.70430000e+01
 -3.11383520e+03  3.66129700e+03  1.10000000e-01  1.68300000e+01
 -3.11383520e+03  3.66129700e+03  1.10000000e-01  1.68300000e+01
 -3.11383520e+03  3.66129700e+03  1.10000000e-01  1.68300000e+01
 -3.11383520e+03  3.66129700e+03  1.10000000e-01  1.68300000e+01
 -3.11383520e+03  3.66129700e+03  1.10000000e-01  1.68300000e+01
 -3.12466034e+03  3.65853900e+03  9.50000000e-02  1.70010000e+01
 -3.12466034e+03  3.65853900e+03  9.50000000e-02  1.70010000e+01
 -3.12466034e+03  3.65853900e+03  9.50000000e-02  1.70010000e+01
 -3.12466034e+03  3.65853900e+03  9.50000000e-02  1.70010000e+01
 -3.11838159e+03  3.66617100e+03  9.50000000e-02  1.70720000e+01
 -3.11838159e+03  3.66617100e+03  9.50000000e-02  1.70720000e+01
 -3.11205440e+03  3.65927400e+03  9.50000000e-02  1.71330000e+01
 -3.10408125e+03  3.65920000e+03  1.10000000e-01  1.71650000e+01
 -3.11137041e+03  3.66218400e+03  1.10000000e-01  1.68800000e+01
 -3.11142865e+03  3.66338400e+03  1.10000000e-01  1.68710000e+01
 -3.11824992e+03  3.66476600e+03  1.10000000e-01  1.65870000e+01
 -3.13146136e+03  3.66783600e+03  1.11000000e-01  1.66330000e+01
 -3.13146136e+03  3.66783600e+03  1.11000000e-01  1.66330000e+01
 -3.13146136e+03  3.66783600e+03  1.11000000e-01  1.66330000e+01
 -3.13954528e+03  3.67159800e+03  1.11000000e-01  1.64830000e+01
 -3.13954528e+03  3.67159800e+03  1.11000000e-01  1.64830000e+01
 -3.14814805e+03  3.67424600e+03  1.11000000e-01  1.64940000e+01
 -3.14814805e+03  3.67424600e+03  1.11000000e-01  1.64940000e+01
 -3.17619760e+03  3.68810400e+03  1.11000000e-01  1.64270000e+01
 -3.17619760e+03  3.68810400e+03  1.11000000e-01  1.64270000e+01
 -3.17619760e+03  3.68810400e+03  1.11000000e-01  1.64270000e+01
 -3.17619760e+03  3.68810400e+03  1.11000000e-01  1.64270000e+01
 -3.17619760e+03  3.68810400e+03  1.11000000e-01  1.64270000e+01
 -3.17619760e+03  3.68810400e+03  1.11000000e-01  1.64270000e+01
 -3.18559482e+03  3.69357300e+03  1.11000000e-01  1.64020000e+01
 -3.18559482e+03  3.69357300e+03  1.11000000e-01  1.64020000e+01
 -3.19049133e+03  3.70170100e+03  1.11000000e-01  1.62520000e+01
 -3.19321603e+03  3.70500700e+03  1.11000000e-01  1.61910000e+01
 -3.19321603e+03  3.70500700e+03  1.11000000e-01  1.61910000e+01
 -3.19321603e+03  3.70500700e+03  1.11000000e-01  1.61910000e+01
 -3.19321603e+03  3.70500700e+03  1.11000000e-01  1.61910000e+01
 -3.20597860e+03  3.69766700e+03  1.11000000e-01  1.62980000e+01
 -3.20597860e+03  3.69766700e+03  1.11000000e-01  1.62980000e+01
 -3.22007057e+03  3.70294300e+03  1.11000000e-01  1.59780000e+01
 -3.21129096e+03  3.68348600e+03  1.11000000e-01  1.62520000e+01
 -3.21129096e+03  3.68348600e+03  1.11000000e-01  1.62520000e+01
 -3.21129096e+03  3.68348600e+03  1.11000000e-01  1.62520000e+01
 -3.21640346e+03  3.68169200e+03  1.11000000e-01  1.61680000e+01
 -3.21640346e+03  3.68169200e+03  1.11000000e-01  1.61680000e+01
 -3.19866481e+03  3.66900300e+03  1.11000000e-01  1.59400000e+01
 -3.20620201e+03  3.66852700e+03  1.11000000e-01  1.58150000e+01
 -3.20620201e+03  3.66852700e+03  1.11000000e-01  1.58150000e+01
 -3.20620201e+03  3.66852700e+03  1.11000000e-01  1.58150000e+01
 -3.20342754e+03  3.67499000e+03  1.11000000e-01  1.57450000e+01
 -3.21374454e+03  3.66785500e+03  1.11000000e-01  1.59600000e+01
 -3.20424651e+03  3.66676600e+03  1.11000000e-01  1.57490000e+01
 -3.20040704e+03  3.67069100e+03  1.11000000e-01  1.56330000e+01
 -3.20040704e+03  3.67069100e+03  1.11000000e-01  1.56330000e+01
 -3.20040704e+03  3.67069100e+03  1.11000000e-01  1.56330000e+01
 -3.19444406e+03  3.66897200e+03  1.12000000e-01  1.55230000e+01
 -3.19444406e+03  3.66897200e+03  1.12000000e-01  1.55230000e+01
 -3.21235600e+03  3.67833200e+03  1.12000000e-01  1.54260000e+01
 -3.19866382e+03  3.67812700e+03  1.12000000e-01  1.53730000e+01
 -3.19866382e+03  3.67812700e+03  1.12000000e-01  1.53730000e+01
 -3.19259559e+03  3.66753400e+03  1.12000000e-01  1.60430000e+01
 -3.19259559e+03  3.66753400e+03  1.12000000e-01  1.60430000e+01
 -3.19259559e+03  3.66753400e+03  1.12000000e-01  1.60430000e+01
 -3.19259559e+03  3.66753400e+03  1.12000000e-01  1.60430000e+01
 -3.19272387e+03  3.66338400e+03  1.12000000e-01  1.60770000e+01
 -3.19272387e+03  3.66338400e+03  1.12000000e-01  1.60770000e+01
 -3.19974986e+03  3.67038900e+03  1.12000000e-01  1.60270000e+01
 -3.19974986e+03  3.67038900e+03  1.12000000e-01  1.60270000e+01
 -3.19714187e+03  3.67842000e+03  1.12000000e-01  1.57000000e+01
 -3.19714187e+03  3.67842000e+03  1.12000000e-01  1.57000000e+01
 -3.19714187e+03  3.67842000e+03  1.12000000e-01  1.57000000e+01
 -3.18494113e+03  3.67276800e+03  1.11000000e-01  1.56830000e+01
 -3.20808078e+03  3.66627100e+03  8.90000000e-02  1.61290000e+01
 -3.20216255e+03  3.67847500e+03  8.80000000e-02  1.59520000e+01
 -3.20768876e+03  3.67419500e+03  8.50000000e-02  1.58970000e+01
 -3.19756431e+03  3.67082000e+03  8.50000000e-02  1.60140000e+01
 -3.19429214e+03  3.66677800e+03  8.50000000e-02  1.61130000e+01
 -3.19811155e+03  3.68074300e+03  8.50000000e-02  1.58820000e+01
 -3.19811155e+03  3.68074300e+03  8.50000000e-02  1.58820000e+01
 -3.19811155e+03  3.68074300e+03  8.50000000e-02  1.58820000e+01
 -3.20197167e+03  3.68612600e+03  8.50000000e-02  1.58570000e+01
 -3.20994539e+03  3.68546600e+03  8.50000000e-02  1.56440000e+01
 -3.18109951e+03  3.68195500e+03  8.50000000e-02  1.56360000e+01
 -3.18109951e+03  3.68195500e+03  8.50000000e-02  1.56360000e+01
 -3.18109951e+03  3.68195500e+03  8.50000000e-02  1.56360000e+01
 -3.15843502e+03  3.68141400e+03  8.50000000e-02  1.57440000e+01
 -3.15843502e+03  3.68141400e+03  8.50000000e-02  1.57440000e+01
 -3.12605912e+03  3.67113400e+03  8.50000000e-02  1.58710000e+01
 -3.12358210e+03  3.66684300e+03  9.00000000e-02  1.59230000e+01
 -3.13534024e+03  3.66197900e+03  9.30000000e-02  1.61420000e+01
 -3.13295534e+03  3.66606300e+03  1.10000000e-01  1.59970000e+01
 -3.13360779e+03  3.66651600e+03  9.60000000e-02  1.60230000e+01
 -3.17230758e+03  3.67768200e+03  9.60000000e-02  1.61240000e+01
 -3.17230758e+03  3.67768200e+03  9.60000000e-02  1.61240000e+01
 -3.17230758e+03  3.67768200e+03  9.60000000e-02  1.61240000e+01
 -3.18448188e+03  3.67422300e+03  9.60000000e-02  1.63990000e+01
 -3.17672789e+03  3.66373700e+03  9.70000000e-02  1.65040000e+01
 -3.18080802e+03  3.65940300e+03  9.70000000e-02  1.68040000e+01
 -3.18069838e+03  3.64917800e+03  9.90000000e-02  1.69590000e+01
 -3.18721289e+03  3.65553300e+03  9.80000000e-02  1.70270000e+01
 -3.18721289e+03  3.65553300e+03  9.80000000e-02  1.70270000e+01
 -3.18721289e+03  3.65553300e+03  9.80000000e-02  1.70270000e+01
 -3.18721289e+03  3.65553300e+03  9.80000000e-02  1.70270000e+01
 -3.18703029e+03  3.66860100e+03  9.80000000e-02  1.69580000e+01
 -3.19153852e+03  3.67452500e+03  1.10000000e-01  1.68990000e+01
 -3.19153852e+03  3.67452500e+03  1.10000000e-01  1.68990000e+01
 -3.21513724e+03  3.68370100e+03  1.10000000e-01  1.68440000e+01
 -3.21513724e+03  3.68370100e+03  1.10000000e-01  1.68440000e+01
 -3.21371628e+03  3.69963400e+03  1.10000000e-01  1.65360000e+01
 -3.21371628e+03  3.69963400e+03  1.10000000e-01  1.65360000e+01
 -3.21371628e+03  3.69963400e+03  1.10000000e-01  1.65360000e+01
 -3.21760174e+03  3.70390100e+03  1.10000000e-01  1.63620000e+01
 -3.21729127e+03  3.70772800e+03  1.10000000e-01  1.63450000e+01
 -3.21729127e+03  3.70772800e+03  1.10000000e-01  1.63450000e+01
 -3.22201717e+03  3.69870300e+03  1.10000000e-01  1.63260000e+01
 -3.22201717e+03  3.69870300e+03  1.10000000e-01  1.63260000e+01
 -3.23252943e+03  3.71517600e+03  1.10000000e-01  1.61850000e+01
 -3.24872181e+03  3.71252900e+03  1.10000000e-01  1.64810000e+01
 -3.26043597e+03  3.72156500e+03  1.10000000e-01  1.61960000e+01
 -3.25541416e+03  3.71333800e+03  1.10000000e-01  1.63760000e+01
 -3.25541416e+03  3.71333800e+03  1.10000000e-01  1.63760000e+01
 -3.25512719e+03  3.70751200e+03  1.00000000e-01  1.67040000e+01
 -3.25075205e+03  3.70638900e+03  1.03000000e-01  1.65950000e+01
 -3.24345864e+03  3.70027000e+03  1.04000000e-01  1.67010000e+01
 -3.24076238e+03  3.70139400e+03  1.04000000e-01  1.65670000e+01
 -3.24076238e+03  3.70139400e+03  1.04000000e-01  1.65670000e+01
 -3.24076238e+03  3.70139400e+03  1.04000000e-01  1.65670000e+01
 -3.24076238e+03  3.70139400e+03  1.04000000e-01  1.65670000e+01
 -3.24076238e+03  3.70139400e+03  1.04000000e-01  1.65670000e+01
 -3.24076238e+03  3.70139400e+03  1.04000000e-01  1.65670000e+01
 -3.25023765e+03  3.69676900e+03  1.01000000e-01  1.65020000e+01
 -3.26423783e+03  3.69893000e+03  9.80000000e-02  1.61810000e+01
 -3.26423783e+03  3.69893000e+03  9.80000000e-02  1.61810000e+01
 -3.26423783e+03  3.69893000e+03  9.80000000e-02  1.61810000e+01
 -3.26423783e+03  3.69893000e+03  9.80000000e-02  1.61810000e+01
 -3.27007061e+03  3.70272600e+03  9.80000000e-02  1.63130000e+01
 -3.27091980e+03  3.69965600e+03  1.00000000e-01  1.64120000e+01
 -3.27877033e+03  3.70590400e+03  1.00000000e-01  1.64770000e+01
 -3.27877033e+03  3.70590400e+03  1.00000000e-01  1.64770000e+01
 -3.27877033e+03  3.70590400e+03  1.00000000e-01  1.64770000e+01
 -3.27911008e+03  3.69546300e+03  1.01000000e-01  1.64670000e+01
 -3.28365917e+03  3.69218800e+03  1.02000000e-01  1.66380000e+01
 -3.28776987e+03  3.68855700e+03  1.04000000e-01  1.67240000e+01
 -3.28776987e+03  3.68855700e+03  1.04000000e-01  1.67240000e+01
 -3.28776987e+03  3.68855700e+03  1.04000000e-01  1.67240000e+01
 -3.28776987e+03  3.68855700e+03  1.04000000e-01  1.67240000e+01
 -3.28776987e+03  3.68855700e+03  1.04000000e-01  1.67240000e+01
 -3.28776987e+03  3.68855700e+03  1.04000000e-01  1.67240000e+01
 -3.28776987e+03  3.68855700e+03  1.04000000e-01  1.67240000e+01
 -3.28776987e+03  3.68855700e+03  1.04000000e-01  1.67240000e+01
 -3.28776987e+03  3.68855700e+03  1.04000000e-01  1.67240000e+01
 -3.28776987e+03  3.68855700e+03  1.04000000e-01  1.67240000e+01
 -3.29169879e+03  3.69075000e+03  1.04000000e-01  1.66390000e+01
 -3.29169879e+03  3.69075000e+03  1.04000000e-01  1.66390000e+01
 -3.31317702e+03  3.70019700e+03  1.02000000e-01  1.63650000e+01
 -3.32290262e+03  3.69854300e+03  1.05000000e-01  1.63280000e+01
 -3.32290262e+03  3.69854300e+03  1.05000000e-01  1.63280000e+01
 -3.32290262e+03  3.69854300e+03  1.05000000e-01  1.63280000e+01
 -3.32431934e+03  3.69825100e+03  1.06000000e-01  1.64820000e+01
 -3.32431934e+03  3.69825100e+03  1.06000000e-01  1.64820000e+01
 -3.32330173e+03  3.68729000e+03  9.80000000e-02  1.65780000e+01
 -3.32330173e+03  3.68729000e+03  9.80000000e-02  1.65780000e+01
 -3.32926714e+03  3.67718300e+03  1.12000000e-01  1.69540000e+01
 -3.32926714e+03  3.67718300e+03  1.12000000e-01  1.69540000e+01
 -3.32926714e+03  3.67718300e+03  1.12000000e-01  1.69540000e+01
 -3.32926714e+03  3.67718300e+03  1.12000000e-01  1.69540000e+01
 -3.32926714e+03  3.67718300e+03  1.12000000e-01  1.69540000e+01
 -3.33598374e+03  3.68428400e+03  1.11000000e-01  1.67010000e+01
 -3.33598374e+03  3.68428400e+03  1.11000000e-01  1.67010000e+01
 -3.33598374e+03  3.68428400e+03  1.11000000e-01  1.67010000e+01
 -3.34666117e+03  3.69525700e+03  1.11000000e-01  1.62360000e+01
 -3.34666117e+03  3.69525700e+03  1.11000000e-01  1.62360000e+01
 -3.34666117e+03  3.69525700e+03  1.11000000e-01  1.62360000e+01
 -3.34666117e+03  3.69525700e+03  1.11000000e-01  1.62360000e+01
 -3.34666117e+03  3.69525700e+03  1.11000000e-01  1.62360000e+01
 -3.34666117e+03  3.69525700e+03  1.11000000e-01  1.62360000e+01
 -3.36181797e+03  3.70571000e+03  1.10000000e-01  1.61640000e+01
 -3.37506885e+03  3.71055100e+03  1.06000000e-01  1.59490000e+01
 -3.37506885e+03  3.71055100e+03  1.06000000e-01  1.59490000e+01
 -3.37506885e+03  3.71055100e+03  1.06000000e-01  1.59490000e+01
 -3.38053257e+03  3.71050900e+03  1.06000000e-01  1.61580000e+01
 -3.38053257e+03  3.71050900e+03  1.06000000e-01  1.61580000e+01
 -3.38783908e+03  3.70781700e+03  9.60000000e-02  1.62620000e+01
 -3.38783908e+03  3.70781700e+03  9.60000000e-02  1.62620000e+01
 -3.38783908e+03  3.70781700e+03  9.60000000e-02  1.62620000e+01
 -3.38564720e+03  3.71389300e+03  9.20000000e-02  1.60110000e+01
 -3.38564720e+03  3.71389300e+03  9.20000000e-02  1.60110000e+01
 -3.38564720e+03  3.71389300e+03  9.20000000e-02  1.60110000e+01
 -3.38564720e+03  3.71389300e+03  9.20000000e-02  1.60110000e+01
 -3.38564720e+03  3.71389300e+03  9.20000000e-02  1.60110000e+01
 -3.38518810e+03  3.71305300e+03  9.10000000e-02  1.60820000e+01
 -3.38518810e+03  3.71305300e+03  9.10000000e-02  1.60820000e+01
 -3.38518810e+03  3.71305300e+03  9.10000000e-02  1.60820000e+01
 -3.39696922e+03  3.70984200e+03  8.90000000e-02  1.63600000e+01
 -3.39696922e+03  3.70984200e+03  8.90000000e-02  1.63600000e+01
 -3.39696922e+03  3.70984200e+03  8.90000000e-02  1.63600000e+01
 -3.39696922e+03  3.70984200e+03  8.90000000e-02  1.63600000e+01
 -3.39936534e+03  3.71011200e+03  8.90000000e-02  1.63320000e+01
 -3.39936534e+03  3.71011200e+03  8.90000000e-02  1.63320000e+01
 -3.39936534e+03  3.71011200e+03  8.90000000e-02  1.63320000e+01
 -3.39936534e+03  3.71011200e+03  8.90000000e-02  1.63320000e+01
 -3.39936534e+03  3.71011200e+03  8.90000000e-02  1.63320000e+01
 -3.39936534e+03  3.71011200e+03  8.90000000e-02  1.63320000e+01
 -3.39936534e+03  3.71011200e+03  8.90000000e-02  1.63320000e+01
 -3.39936534e+03  3.71011200e+03  8.90000000e-02  1.63320000e+01
 -3.41603320e+03  3.71735400e+03  8.80000000e-02  1.62990000e+01
 -3.42368738e+03  3.72200200e+03  8.50000000e-02  1.62020000e+01
 -3.42368738e+03  3.72200200e+03  8.50000000e-02  1.62020000e+01
 -3.42368738e+03  3.72200200e+03  8.50000000e-02  1.62020000e+01
 -3.42368738e+03  3.72200200e+03  8.50000000e-02  1.62020000e+01
 -3.42368738e+03  3.72200200e+03  8.50000000e-02  1.62020000e+01
 -3.42368738e+03  3.72200200e+03  8.50000000e-02  1.62020000e+01
 -3.42368738e+03  3.72200200e+03  8.50000000e-02  1.62020000e+01
 -3.42368738e+03  3.72200200e+03  8.50000000e-02  1.62020000e+01
 -3.42368738e+03  3.72200200e+03  8.50000000e-02  1.62020000e+01
 -3.42368738e+03  3.72200200e+03  8.50000000e-02  1.62020000e+01
 -3.42368738e+03  3.72200200e+03  8.50000000e-02  1.62020000e+01
 -3.42368738e+03  3.72200200e+03  8.50000000e-02  1.62020000e+01
 -3.43187976e+03  3.71205800e+03  8.50000000e-02  1.64050000e+01
 -3.43116865e+03  3.71415500e+03  8.50000000e-02  1.64560000e+01
 -3.43116865e+03  3.71415500e+03  8.50000000e-02  1.64560000e+01
 -3.43116865e+03  3.71415500e+03  8.50000000e-02  1.64560000e+01
 -3.43116865e+03  3.71415500e+03  8.50000000e-02  1.64560000e+01
 -3.43116865e+03  3.71415500e+03  8.50000000e-02  1.64560000e+01
 -3.43116865e+03  3.71415500e+03  8.50000000e-02  1.64560000e+01
 -3.43116865e+03  3.71415500e+03  8.50000000e-02  1.64560000e+01
 -3.43116865e+03  3.71415500e+03  8.50000000e-02  1.64560000e+01
 -3.43116865e+03  3.71415500e+03  8.50000000e-02  1.64560000e+01
 -3.43116865e+03  3.71415500e+03  8.50000000e-02  1.64560000e+01
 -3.43579360e+03  3.71472800e+03  8.50000000e-02  1.63270000e+01
 -3.43579360e+03  3.71472800e+03  8.50000000e-02  1.63270000e+01
 -3.43579360e+03  3.71472800e+03  8.50000000e-02  1.63270000e+01
 -3.43579360e+03  3.71472800e+03  8.50000000e-02  1.63270000e+01
 -3.42533176e+03  3.70915100e+03  8.50000000e-02  1.65550000e+01
 -3.42533176e+03  3.70915100e+03  8.50000000e-02  1.65550000e+01
 -3.42533176e+03  3.70915100e+03  8.50000000e-02  1.65550000e+01
 -3.42533176e+03  3.70915100e+03  8.50000000e-02  1.65550000e+01
 -3.42533176e+03  3.70915100e+03  8.50000000e-02  1.65550000e+01
 -3.42849654e+03  3.71516200e+03  8.90000000e-02  1.65730000e+01
 -3.42849654e+03  3.71516200e+03  8.90000000e-02  1.65730000e+01
 -3.42849654e+03  3.71516200e+03  8.90000000e-02  1.65730000e+01
 -3.42849654e+03  3.71516200e+03  8.90000000e-02  1.65730000e+01
 -3.42849654e+03  3.71516200e+03  8.90000000e-02  1.65730000e+01
 -3.42849654e+03  3.71516200e+03  8.90000000e-02  1.65730000e+01
 -3.42849654e+03  3.71516200e+03  8.90000000e-02  1.65730000e+01
 -3.42849654e+03  3.71516200e+03  8.90000000e-02  1.65730000e+01
 -3.42849654e+03  3.71516200e+03  8.90000000e-02  1.65730000e+01
 -3.42849654e+03  3.71516200e+03  8.90000000e-02  1.65730000e+01
 -3.42849654e+03  3.71516200e+03  8.90000000e-02  1.65730000e+01
 -3.42849654e+03  3.71516200e+03  8.90000000e-02  1.65730000e+01
 -3.42849654e+03  3.71516200e+03  8.90000000e-02  1.65730000e+01
 -3.42849654e+03  3.71516200e+03  8.90000000e-02  1.65730000e+01
 -3.42849654e+03  3.71516200e+03  8.90000000e-02  1.65730000e+01
 -3.45083378e+03  3.72366800e+03  8.70000000e-02  1.67890000e+01
 -3.45083378e+03  3.72366800e+03  8.70000000e-02  1.67890000e+01
 -3.45083378e+03  3.72366800e+03  8.70000000e-02  1.67890000e+01
 -3.45083378e+03  3.72366800e+03  8.70000000e-02  1.67890000e+01
 -3.45083378e+03  3.72366800e+03  8.70000000e-02  1.67890000e+01
 -3.45083378e+03  3.72366800e+03  8.70000000e-02  1.67890000e+01
 -3.45083378e+03  3.72366800e+03  8.70000000e-02  1.67890000e+01
 -3.45083378e+03  3.72366800e+03  8.70000000e-02  1.67890000e+01
 -3.45083378e+03  3.72366800e+03  8.70000000e-02  1.67890000e+01
 -3.46506115e+03  3.72938600e+03  8.70000000e-02  1.68250000e+01
 -3.46506115e+03  3.72938600e+03  8.70000000e-02  1.68250000e+01
 -3.46506115e+03  3.72938600e+03  8.70000000e-02  1.68250000e+01
 -3.46506115e+03  3.72938600e+03  8.70000000e-02  1.68250000e+01
 -3.46506115e+03  3.72938600e+03  8.70000000e-02  1.68250000e+01
 -3.46506115e+03  3.72938600e+03  8.70000000e-02  1.68250000e+01
 -3.46506115e+03  3.72938600e+03  8.70000000e-02  1.68250000e+01
 -3.46506115e+03  3.72938600e+03  8.70000000e-02  1.68250000e+01
 -3.46506115e+03  3.72938600e+03  8.70000000e-02  1.68250000e+01
 -3.46506115e+03  3.72938600e+03  8.70000000e-02  1.68250000e+01
 -3.46506115e+03  3.72938600e+03  8.70000000e-02  1.68250000e+01
 -3.46506115e+03  3.72938600e+03  8.70000000e-02  1.68250000e+01
 -3.46506115e+03  3.72938600e+03  8.70000000e-02  1.68250000e+01
 -3.46506115e+03  3.72938600e+03  8.70000000e-02  1.68250000e+01
 -3.46506115e+03  3.72938600e+03  8.70000000e-02  1.68250000e+01
 -3.46506115e+03  3.72938600e+03  8.70000000e-02  1.68250000e+01
 -3.46506115e+03  3.72938600e+03  8.70000000e-02  1.68250000e+01
 -3.46506115e+03  3.72938600e+03  8.70000000e-02  1.68250000e+01
 -3.46506115e+03  3.72938600e+03  8.70000000e-02  1.68250000e+01
 -3.46506115e+03  3.72938600e+03  8.70000000e-02  1.68250000e+01
 -3.46506115e+03  3.72938600e+03  8.70000000e-02  1.68250000e+01
 -3.46506115e+03  3.72938600e+03  8.70000000e-02  1.68250000e+01
 -3.46506115e+03  3.72938600e+03  8.70000000e-02  1.68250000e+01
 -3.46506115e+03  3.72938600e+03  8.70000000e-02  1.68250000e+01
 -3.46506115e+03  3.72938600e+03  8.70000000e-02  1.68250000e+01
 -3.46506115e+03  3.72938600e+03  8.70000000e-02  1.68250000e+01
 -3.46506115e+03  3.72938600e+03  8.70000000e-02  1.68250000e+01
 -3.46506115e+03  3.72938600e+03  8.70000000e-02  1.68250000e+01
 -3.46506115e+03  3.72938600e+03  8.70000000e-02  1.68250000e+01
 -3.46506115e+03  3.72938600e+03  8.70000000e-02  1.68250000e+01
 -3.46506115e+03  3.72938600e+03  8.70000000e-02  1.68250000e+01
 -3.46506115e+03  3.72938600e+03  8.70000000e-02  1.68250000e+01
 -3.46712419e+03  3.71834900e+03  8.90000000e-02  1.69930000e+01
 -3.46712419e+03  3.71834900e+03  8.90000000e-02  1.69930000e+01
 -3.46712419e+03  3.71834900e+03  8.90000000e-02  1.69930000e+01
 -3.46712419e+03  3.71834900e+03  8.90000000e-02  1.69930000e+01
 -3.46712419e+03  3.71834900e+03  8.90000000e-02  1.69930000e+01
 -3.46712419e+03  3.71834900e+03  8.90000000e-02  1.69930000e+01
 -3.46712419e+03  3.71834900e+03  8.90000000e-02  1.69930000e+01
 -3.46712419e+03  3.71834900e+03  8.90000000e-02  1.69930000e+01
 -3.46712419e+03  3.71834900e+03  8.90000000e-02  1.69930000e+01
 -3.48581129e+03  3.71340900e+03  8.50000000e-02  1.71740000e+01
 -3.48581129e+03  3.71340900e+03  8.50000000e-02  1.71740000e+01
 -3.48581129e+03  3.71340900e+03  8.50000000e-02  1.71740000e+01
 -3.48581129e+03  3.71340900e+03  8.50000000e-02  1.71740000e+01
 -3.48581129e+03  3.71340900e+03  8.50000000e-02  1.71740000e+01
 -3.48581129e+03  3.71340900e+03  8.50000000e-02  1.71740000e+01
 -3.48581129e+03  3.71340900e+03  8.50000000e-02  1.71740000e+01
 -3.48581129e+03  3.71340900e+03  8.50000000e-02  1.71740000e+01
 -3.49900757e+03  3.72135400e+03  8.40000000e-02  1.70750000e+01
 -3.49900757e+03  3.72135400e+03  8.40000000e-02  1.70750000e+01
 -3.49900757e+03  3.72135400e+03  8.40000000e-02  1.70750000e+01
 -3.49900757e+03  3.72135400e+03  8.40000000e-02  1.70750000e+01
 -3.49900757e+03  3.72135400e+03  8.40000000e-02  1.70750000e+01
 -3.49900757e+03  3.72135400e+03  8.40000000e-02  1.70750000e+01
 -3.50713360e+03  3.73978300e+03  8.50000000e-02  1.64660000e+01
 -3.50713360e+03  3.73978300e+03  8.50000000e-02  1.64660000e+01
 -3.50713360e+03  3.73978300e+03  8.50000000e-02  1.64660000e+01
 -3.50713360e+03  3.73978300e+03  8.50000000e-02  1.64660000e+01
 -3.50713360e+03  3.73978300e+03  8.50000000e-02  1.64660000e+01
 -3.50713360e+03  3.73978300e+03  8.50000000e-02  1.64660000e+01
 -3.50713360e+03  3.73978300e+03  8.50000000e-02  1.64660000e+01
 -3.50713360e+03  3.73978300e+03  8.50000000e-02  1.64660000e+01
 -3.51838920e+03  3.74330700e+03  8.50000000e-02  1.64210000e+01
 -3.51838920e+03  3.74330700e+03  8.50000000e-02  1.64210000e+01
 -3.51838920e+03  3.74330700e+03  8.50000000e-02  1.64210000e+01
 -3.52228175e+03  3.74394400e+03  8.40000000e-02  1.64750000e+01
 -3.52228175e+03  3.74394400e+03  8.40000000e-02  1.64750000e+01
 -3.52972052e+03  3.75925000e+03  8.40000000e-02  1.61660000e+01
 -3.52972052e+03  3.75925000e+03  8.40000000e-02  1.61660000e+01
 -3.52972052e+03  3.75925000e+03  8.40000000e-02  1.61660000e+01
 -3.52972052e+03  3.75925000e+03  8.40000000e-02  1.61660000e+01
 -3.52972052e+03  3.75925000e+03  8.40000000e-02  1.61660000e+01
 -3.52972052e+03  3.75925000e+03  8.40000000e-02  1.61660000e+01
 -3.52972052e+03  3.75925000e+03  8.40000000e-02  1.61660000e+01
 -3.52972052e+03  3.75925000e+03  8.40000000e-02  1.61660000e+01
 -3.52972052e+03  3.75925000e+03  8.40000000e-02  1.61660000e+01
 -3.52972052e+03  3.75925000e+03  8.40000000e-02  1.61660000e+01
 -3.52972052e+03  3.75925000e+03  8.40000000e-02  1.61660000e+01
 -3.52972052e+03  3.75925000e+03  8.40000000e-02  1.61660000e+01
 -3.52972052e+03  3.75925000e+03  8.40000000e-02  1.61660000e+01
 -3.52972052e+03  3.75925000e+03  8.40000000e-02  1.61660000e+01
 -3.52972052e+03  3.75925000e+03  8.40000000e-02  1.61660000e+01
 -3.52972052e+03  3.75925000e+03  8.40000000e-02  1.61660000e+01
 -3.52972052e+03  3.75925000e+03  8.40000000e-02  1.61660000e+01
 -3.52972052e+03  3.75925000e+03  8.40000000e-02  1.61660000e+01
 -3.52972052e+03  3.75925000e+03  8.40000000e-02  1.61660000e+01
 -3.52972052e+03  3.75925000e+03  8.40000000e-02  1.61660000e+01
 -3.52972052e+03  3.75925000e+03  8.40000000e-02  1.61660000e+01
 -3.52972052e+03  3.75925000e+03  8.40000000e-02  1.61660000e+01
 -3.52972052e+03  3.75925000e+03  8.40000000e-02  1.61660000e+01
 -3.52972052e+03  3.75925000e+03  8.40000000e-02  1.61660000e+01
 -3.52972052e+03  3.75925000e+03  8.40000000e-02  1.61660000e+01
 -3.52972052e+03  3.75925000e+03  8.40000000e-02  1.61660000e+01
 -3.53663574e+03  3.75298200e+03  8.40000000e-02  1.60750000e+01
 -3.53663574e+03  3.75298200e+03  8.40000000e-02  1.60750000e+01
 -3.53663574e+03  3.75298200e+03  8.40000000e-02  1.60750000e+01
 -3.53663574e+03  3.75298200e+03  8.40000000e-02  1.60750000e+01
 -3.53663574e+03  3.75298200e+03  8.40000000e-02  1.60750000e+01
 -3.53663574e+03  3.75298200e+03  8.40000000e-02  1.60750000e+01
 -3.53663574e+03  3.75298200e+03  8.40000000e-02  1.60750000e+01
 -3.53663574e+03  3.75298200e+03  8.40000000e-02  1.60750000e+01
 -3.53663574e+03  3.75298200e+03  8.40000000e-02  1.60750000e+01
 -3.53663574e+03  3.75298200e+03  8.40000000e-02  1.60750000e+01
 -3.54482026e+03  3.75461200e+03  8.40000000e-02  1.63800000e+01
 -3.54482026e+03  3.75461200e+03  8.40000000e-02  1.63800000e+01
 -3.54482026e+03  3.75461200e+03  8.40000000e-02  1.63800000e+01
 -3.54482026e+03  3.75461200e+03  8.40000000e-02  1.63800000e+01
 -3.54482026e+03  3.75461200e+03  8.40000000e-02  1.63800000e+01
 -3.54482026e+03  3.75461200e+03  8.40000000e-02  1.63800000e+01
 -3.54482026e+03  3.75461200e+03  8.40000000e-02  1.63800000e+01
 -3.54482026e+03  3.75461200e+03  8.40000000e-02  1.63800000e+01
 -3.54482026e+03  3.75461200e+03  8.40000000e-02  1.63800000e+01
 -3.54482026e+03  3.75461200e+03  8.40000000e-02  1.63800000e+01
 -3.54482026e+03  3.75461200e+03  8.40000000e-02  1.63800000e+01
 -3.54482026e+03  3.75461200e+03  8.40000000e-02  1.63800000e+01
 -3.54482026e+03  3.75461200e+03  8.40000000e-02  1.63800000e+01
 -3.54482026e+03  3.75461200e+03  8.40000000e-02  1.63800000e+01
 -3.55961425e+03  3.75092400e+03  8.50000000e-02  1.63920000e+01
 -3.55961425e+03  3.75092400e+03  8.50000000e-02  1.63920000e+01
 -3.55961425e+03  3.75092400e+03  8.50000000e-02  1.63920000e+01
 -3.55961425e+03  3.75092400e+03  8.50000000e-02  1.63920000e+01
 -3.59213765e+03  3.76357000e+03  8.50000000e-02  1.62990000e+01
 -3.59213765e+03  3.76357000e+03  8.50000000e-02  1.62990000e+01
 -3.59213765e+03  3.76357000e+03  8.50000000e-02  1.62990000e+01
 -3.59213765e+03  3.76357000e+03  8.50000000e-02  1.62990000e+01
 -3.59213765e+03  3.76357000e+03  8.50000000e-02  1.62990000e+01
 -3.59213765e+03  3.76357000e+03  8.50000000e-02  1.62990000e+01
 -3.59213765e+03  3.76357000e+03  8.50000000e-02  1.62990000e+01
 -3.59213765e+03  3.76357000e+03  8.50000000e-02  1.62990000e+01
 -3.59213765e+03  3.76357000e+03  8.50000000e-02  1.62990000e+01
 -3.59213765e+03  3.76357000e+03  8.50000000e-02  1.62990000e+01
 -3.59143835e+03  3.76125700e+03  8.50000000e-02  1.63020000e+01
 -3.59143835e+03  3.76125700e+03  8.50000000e-02  1.63020000e+01
 -3.59143835e+03  3.76125700e+03  8.50000000e-02  1.63020000e+01
 -3.59143835e+03  3.76125700e+03  8.50000000e-02  1.63020000e+01
 -3.59129219e+03  3.76149500e+03  8.50000000e-02  1.62980000e+01
 -3.59129219e+03  3.76149500e+03  8.50000000e-02  1.62980000e+01
 -3.59140191e+03  3.76028400e+03  8.50000000e-02  1.63290000e+01
 -3.59140191e+03  3.76028400e+03  8.50000000e-02  1.63290000e+01
 -3.59906152e+03  3.76103000e+03  8.50000000e-02  1.63270000e+01
 -3.59952188e+03  3.76365700e+03  8.50000000e-02  1.62690000e+01
 -3.59749506e+03  3.76170000e+03  8.50000000e-02  1.63330000e+01
 -3.60411075e+03  3.76432700e+03  8.50000000e-02  1.63780000e+01
 -3.60411075e+03  3.76432700e+03  8.50000000e-02  1.63780000e+01
 -3.60326339e+03  3.76642400e+03  8.50000000e-02  1.63740000e+01
 -3.60326339e+03  3.76642400e+03  8.50000000e-02  1.63740000e+01
 -3.60287976e+03  3.76499700e+03  8.50000000e-02  1.64460000e+01
 -3.60287976e+03  3.76499700e+03  8.50000000e-02  1.64460000e+01
 -3.60287976e+03  3.76499700e+03  8.50000000e-02  1.64460000e+01
 -3.60287976e+03  3.76499700e+03  8.50000000e-02  1.64460000e+01
 -3.60353412e+03  3.76493100e+03  8.50000000e-02  1.64680000e+01
 -3.60480380e+03  3.76628200e+03  8.50000000e-02  1.64120000e+01
 -3.60480380e+03  3.76628200e+03  8.50000000e-02  1.64120000e+01
 -3.60548026e+03  3.76417400e+03  8.50000000e-02  1.64900000e+01
 -3.60625509e+03  3.76769800e+03  8.50000000e-02  1.64480000e+01
 -3.60625509e+03  3.76769800e+03  8.50000000e-02  1.64480000e+01
 -3.60718431e+03  3.76747100e+03  8.50000000e-02  1.64640000e+01
 -3.60718431e+03  3.76747100e+03  8.50000000e-02  1.64640000e+01
 -3.60718431e+03  3.76747100e+03  8.50000000e-02  1.64640000e+01
 -3.60711043e+03  3.76792500e+03  8.50000000e-02  1.64270000e+01
 -3.60995334e+03  3.76868200e+03  8.50000000e-02  1.64320000e+01
 -3.61174308e+03  3.76957900e+03  8.50000000e-02  1.64300000e+01
 -3.61174308e+03  3.76957900e+03  8.50000000e-02  1.64300000e+01
 -3.61174308e+03  3.76957900e+03  8.50000000e-02  1.64300000e+01
 -3.61174308e+03  3.76957900e+03  8.50000000e-02  1.64300000e+01
 -3.61210375e+03  3.77122200e+03  8.50000000e-02  1.64220000e+01
 -3.61210375e+03  3.77122200e+03  8.50000000e-02  1.64220000e+01
 -3.61289301e+03  3.77199000e+03  8.50000000e-02  1.64260000e+01
 -3.61289301e+03  3.77199000e+03  8.50000000e-02  1.64260000e+01
 -3.61322529e+03  3.77177400e+03  8.50000000e-02  1.64260000e+01
 -3.61322529e+03  3.77177400e+03  8.50000000e-02  1.64260000e+01
 -3.61674010e+03  3.77267100e+03  8.50000000e-02  1.64260000e+01
 -3.61936051e+03  3.77311400e+03  8.50000000e-02  1.64720000e+01
 -3.61984332e+03  3.77267100e+03  8.50000000e-02  1.64670000e+01
 -3.61984332e+03  3.77267100e+03  8.50000000e-02  1.64670000e+01
 -3.61984332e+03  3.77267100e+03  8.50000000e-02  1.64670000e+01
 -3.61984332e+03  3.77267100e+03  8.50000000e-02  1.64670000e+01
 -3.61984332e+03  3.77267100e+03  8.50000000e-02  1.64670000e+01
 -3.62017334e+03  3.77356800e+03  8.50000000e-02  1.64170000e+01
 -3.62118630e+03  3.77303800e+03  8.50000000e-02  1.64570000e+01
 -3.62007793e+03  3.77378400e+03  8.50000000e-02  1.64440000e+01
 -3.62044575e+03  3.77280000e+03  8.50000000e-02  1.64540000e+01
 -3.62044575e+03  3.77280000e+03  8.50000000e-02  1.64540000e+01
 -3.62154477e+03  3.77400000e+03  8.50000000e-02  1.64540000e+01
 -3.63211241e+03  3.77698300e+03  8.50000000e-02  1.64070000e+01
 -3.63211241e+03  3.77698300e+03  8.50000000e-02  1.64070000e+01
 -3.63211241e+03  3.77698300e+03  8.50000000e-02  1.64070000e+01
 -3.63211241e+03  3.77698300e+03  8.50000000e-02  1.64070000e+01
 -3.63211241e+03  3.77698300e+03  8.50000000e-02  1.64070000e+01
 -3.63113918e+03  3.78026900e+03  8.40000000e-02  1.61800000e+01
 -3.63536185e+03  3.77951200e+03  8.40000000e-02  1.63000000e+01
 -3.63536185e+03  3.77951200e+03  8.40000000e-02  1.63000000e+01
 -3.63536185e+03  3.77951200e+03  8.40000000e-02  1.63000000e+01
 -3.63536185e+03  3.77951200e+03  8.40000000e-02  1.63000000e+01
 -3.63536185e+03  3.77951200e+03  8.40000000e-02  1.63000000e+01
 -3.64548610e+03  3.78071200e+03  8.40000000e-02  1.63310000e+01
 -3.64995912e+03  3.78005300e+03  8.40000000e-02  1.63320000e+01
 -3.64995912e+03  3.78005300e+03  8.40000000e-02  1.63320000e+01
 -3.65024142e+03  3.78169600e+03  8.50000000e-02  1.63200000e+01
 -3.65024142e+03  3.78169600e+03  8.50000000e-02  1.63200000e+01
 -3.65351131e+03  3.78421400e+03  8.50000000e-02  1.63190000e+01
 -3.65538065e+03  3.78398700e+03  8.50000000e-02  1.63160000e+01
 -3.65758595e+03  3.78465700e+03  8.50000000e-02  1.63550000e+01
 -3.66219977e+03  3.78522900e+03  8.50000000e-02  1.63270000e+01
 -3.66219977e+03  3.78522900e+03  8.50000000e-02  1.63270000e+01
 -3.66219977e+03  3.78522900e+03  8.50000000e-02  1.63270000e+01
 -3.66209068e+03  3.78448300e+03  8.50000000e-02  1.63200000e+01
 -3.66209068e+03  3.78448300e+03  8.50000000e-02  1.63200000e+01
 -3.66418002e+03  3.78501300e+03  8.50000000e-02  1.63340000e+01
 -3.66418002e+03  3.78501300e+03  8.50000000e-02  1.63340000e+01
 -3.66418002e+03  3.78501300e+03  8.50000000e-02  1.63340000e+01
 -3.66418002e+03  3.78501300e+03  8.50000000e-02  1.63340000e+01
 -3.66447929e+03  3.78568300e+03  8.60000000e-02  1.63460000e+01
 -3.66447929e+03  3.78568300e+03  8.60000000e-02  1.63460000e+01
 -3.66447929e+03  3.78568300e+03  8.60000000e-02  1.63460000e+01
 -3.66447929e+03  3.78568300e+03  8.60000000e-02  1.63460000e+01
 -3.66429719e+03  3.78591000e+03  8.60000000e-02  1.63390000e+01
 -3.67769412e+03  3.78822300e+03  8.60000000e-02  1.63180000e+01
 -3.68126269e+03  3.78934600e+03  8.60000000e-02  1.62820000e+01
 -3.68071166e+03  3.78890300e+03  8.60000000e-02  1.62760000e+01
 -3.67999301e+03  3.78934700e+03  8.70000000e-02  1.61480000e+01
 -3.68327301e+03  3.78822300e+03  8.70000000e-02  1.61480000e+01
 -3.68326140e+03  3.78799600e+03  8.70000000e-02  1.61470000e+01
 -3.68326140e+03  3.78799600e+03  8.70000000e-02  1.61470000e+01
 -3.68612135e+03  3.79330300e+03  8.70000000e-02  1.60530000e+01
 -3.68817757e+03  3.79464200e+03  8.60000000e-02  1.60600000e+01
 -3.68717297e+03  3.79024300e+03  8.60000000e-02  1.61820000e+01
 -3.68717297e+03  3.79024300e+03  8.60000000e-02  1.61820000e+01
 -3.68717297e+03  3.79024300e+03  8.60000000e-02  1.61820000e+01
 -3.69081548e+03  3.79001700e+03  8.60000000e-02  1.61820000e+01
 -3.69081548e+03  3.79001700e+03  8.60000000e-02  1.61820000e+01
 -3.69696011e+03  3.79187600e+03  8.60000000e-02  1.61820000e+01
 -3.69696011e+03  3.79187600e+03  8.60000000e-02  1.61820000e+01
 -3.69696011e+03  3.79187600e+03  8.60000000e-02  1.61820000e+01
 -3.69696011e+03  3.79187600e+03  8.60000000e-02  1.61820000e+01
 -3.69696011e+03  3.79187600e+03  8.60000000e-02  1.61820000e+01
 -3.69696011e+03  3.79187600e+03  8.60000000e-02  1.61820000e+01
 -3.69841326e+03  3.79331300e+03  8.60000000e-02  1.61810000e+01
 -3.69841326e+03  3.79331300e+03  8.60000000e-02  1.61810000e+01
 -3.69841326e+03  3.79331300e+03  8.60000000e-02  1.61810000e+01
 -3.69873253e+03  3.79518300e+03  8.60000000e-02  1.61300000e+01
 -3.69873253e+03  3.79518300e+03  8.60000000e-02  1.61300000e+01
 -3.69873253e+03  3.79518300e+03  8.60000000e-02  1.61300000e+01
 -3.69873253e+03  3.79518300e+03  8.60000000e-02  1.61300000e+01
 -3.69873253e+03  3.79518300e+03  8.60000000e-02  1.61300000e+01
 -3.69873253e+03  3.79518300e+03  8.60000000e-02  1.61300000e+01
 -3.70341918e+03  3.79465300e+03  8.60000000e-02  1.61440000e+01
 -3.70341918e+03  3.79465300e+03  8.60000000e-02  1.61440000e+01
 -3.70341918e+03  3.79465300e+03  8.60000000e-02  1.61440000e+01
 -3.70354710e+03  3.79563700e+03  8.60000000e-02  1.61440000e+01
 -3.70417014e+03  3.79750700e+03  8.60000000e-02  1.60890000e+01
 -3.70417014e+03  3.79750700e+03  8.60000000e-02  1.60890000e+01
 -3.70526505e+03  3.79883600e+03  8.60000000e-02  1.60900000e+01
 -3.70882255e+03  3.79883600e+03  8.60000000e-02  1.60920000e+01
 -3.70882255e+03  3.79883600e+03  8.60000000e-02  1.60920000e+01
 -3.70882255e+03  3.79883600e+03  8.60000000e-02  1.60920000e+01
 -3.70882255e+03  3.79883600e+03  8.60000000e-02  1.60920000e+01
 -3.71815189e+03  3.79918100e+03  8.60000000e-02  1.61490000e+01
 -3.71815189e+03  3.79918100e+03  8.60000000e-02  1.61490000e+01
 -3.73208646e+03  3.80149400e+03  8.60000000e-02  1.61210000e+01
 -3.73339661e+03  3.80171000e+03  8.60000000e-02  1.61180000e+01
 -3.73339661e+03  3.80171000e+03  8.60000000e-02  1.61180000e+01
 -3.73339661e+03  3.80171000e+03  8.60000000e-02  1.61180000e+01
 -3.73339661e+03  3.80171000e+03  8.60000000e-02  1.61180000e+01
 -3.73339661e+03  3.80171000e+03  8.60000000e-02  1.61180000e+01
 -3.73339661e+03  3.80171000e+03  8.60000000e-02  1.61180000e+01
 -3.73348034e+03  3.80192600e+03  8.60000000e-02  1.61140000e+01
 -3.73389551e+03  3.80049900e+03  8.60000000e-02  1.61760000e+01
 -3.73389551e+03  3.80049900e+03  8.60000000e-02  1.61760000e+01
 -3.73389551e+03  3.80049900e+03  8.60000000e-02  1.61760000e+01
 -3.73605067e+03  3.79876900e+03  8.60000000e-02  1.62300000e+01
 -3.73605067e+03  3.79876900e+03  8.60000000e-02  1.62300000e+01
 -3.73605067e+03  3.79876900e+03  8.60000000e-02  1.62300000e+01
 -3.73693657e+03  3.80139600e+03  8.60000000e-02  1.61670000e+01
 -3.73741815e+03  3.80228200e+03  8.60000000e-02  1.60910000e+01
 -3.73741815e+03  3.80228200e+03  8.60000000e-02  1.60910000e+01
 -3.73741815e+03  3.80228200e+03  8.60000000e-02  1.60910000e+01
 -3.73741815e+03  3.80228200e+03  8.60000000e-02  1.60910000e+01
 -3.73741815e+03  3.80228200e+03  8.60000000e-02  1.60910000e+01
 -3.74118946e+03  3.80383800e+03  8.60000000e-02  1.60830000e+01
 -3.74118946e+03  3.80383800e+03  8.60000000e-02  1.60830000e+01
 -3.74118946e+03  3.80383800e+03  8.60000000e-02  1.60830000e+01
 -3.74118946e+03  3.80383800e+03  8.60000000e-02  1.60830000e+01
 -3.74134207e+03  3.80285400e+03  8.60000000e-02  1.61520000e+01
 -3.74134207e+03  3.80285400e+03  8.60000000e-02  1.61520000e+01
 -3.74134207e+03  3.80285400e+03  8.60000000e-02  1.61520000e+01
 -3.74448187e+03  3.80165400e+03  8.60000000e-02  1.61930000e+01
 -3.74413848e+03  3.80121100e+03  8.60000000e-02  1.62840000e+01
 -3.74413848e+03  3.80121100e+03  8.60000000e-02  1.62840000e+01
 -3.74378946e+03  3.79957800e+03  8.60000000e-02  1.63160000e+01
 -3.74378946e+03  3.79957800e+03  8.60000000e-02  1.63160000e+01
 -3.74378946e+03  3.79957800e+03  8.60000000e-02  1.63160000e+01
 -3.74378946e+03  3.79957800e+03  8.60000000e-02  1.63160000e+01
 -3.74378946e+03  3.79957800e+03  8.60000000e-02  1.63160000e+01
 -3.74378946e+03  3.79957800e+03  8.60000000e-02  1.63160000e+01
 -3.74378946e+03  3.79957800e+03  8.60000000e-02  1.63160000e+01
 -3.74715362e+03  3.80242200e+03  8.60000000e-02  1.62060000e+01
 -3.74753784e+03  3.80541500e+03  8.50000000e-02  1.61150000e+01
 -3.74862951e+03  3.80662600e+03  8.50000000e-02  1.61150000e+01
 -3.74862951e+03  3.80662600e+03  8.50000000e-02  1.61150000e+01
 -3.74966817e+03  3.80737200e+03  8.50000000e-02  1.61110000e+01
 -3.75039582e+03  3.80507000e+03  8.50000000e-02  1.61470000e+01
 -3.75039582e+03  3.80507000e+03  8.50000000e-02  1.61470000e+01
 -3.75039582e+03  3.80507000e+03  8.50000000e-02  1.61470000e+01
 -3.75039582e+03  3.80507000e+03  8.50000000e-02  1.61470000e+01
 -3.75359911e+03  3.80461600e+03  8.50000000e-02  1.61990000e+01
 -3.75359911e+03  3.80461600e+03  8.50000000e-02  1.61990000e+01
 -3.75359911e+03  3.80461600e+03  8.50000000e-02  1.61990000e+01
 -3.75359911e+03  3.80461600e+03  8.50000000e-02  1.61990000e+01
 -3.75126330e+03  3.80485400e+03  8.50000000e-02  1.60790000e+01
 -3.75126330e+03  3.80485400e+03  8.50000000e-02  1.60790000e+01
 -3.75085252e+03  3.80628100e+03  8.50000000e-02  1.60510000e+01
 -3.75063753e+03  3.80463800e+03  8.60000000e-02  1.61170000e+01
 -3.75063753e+03  3.80463800e+03  8.60000000e-02  1.61170000e+01
 -3.75063753e+03  3.80463800e+03  8.60000000e-02  1.61170000e+01
 -3.75096958e+03  3.80762100e+03  8.60000000e-02  1.60150000e+01
 -3.75115305e+03  3.80672400e+03  8.60000000e-02  1.60590000e+01
 -3.75115305e+03  3.80672400e+03  8.60000000e-02  1.60590000e+01
 -3.75115305e+03  3.80672400e+03  8.60000000e-02  1.60590000e+01
 -3.75163056e+03  3.80651800e+03  8.60000000e-02  1.60370000e+01
 -3.75163056e+03  3.80651800e+03  8.60000000e-02  1.60370000e+01
 -3.75248872e+03  3.80651800e+03  8.60000000e-02  1.60440000e+01
 -3.75248872e+03  3.80651800e+03  8.60000000e-02  1.60440000e+01
 -3.75238154e+03  3.80650700e+03  8.60000000e-02  1.60440000e+01
 -3.75238154e+03  3.80650700e+03  8.60000000e-02  1.60440000e+01
 -3.75264496e+03  3.80619400e+03  8.60000000e-02  1.60440000e+01
 -3.75264496e+03  3.80619400e+03  8.60000000e-02  1.60440000e+01
 -3.75264496e+03  3.80619400e+03  8.60000000e-02  1.60440000e+01
 -3.75264496e+03  3.80619400e+03  8.60000000e-02  1.60440000e+01
 -3.75264496e+03  3.80619400e+03  8.60000000e-02  1.60440000e+01
 -3.75264496e+03  3.80619400e+03  8.60000000e-02  1.60440000e+01
 -3.75264496e+03  3.80619400e+03  8.60000000e-02  1.60440000e+01
 -3.75264496e+03  3.80619400e+03  8.60000000e-02  1.60440000e+01
 -3.75264496e+03  3.80619400e+03  8.60000000e-02  1.60440000e+01
 -3.75264496e+03  3.80619400e+03  8.60000000e-02  1.60440000e+01
 -3.75264496e+03  3.80619400e+03  8.60000000e-02  1.60440000e+01
 -3.75608942e+03  3.80716700e+03  8.60000000e-02  1.60440000e+01
 -3.75608942e+03  3.80716700e+03  8.60000000e-02  1.60440000e+01
 -3.75608942e+03  3.80716700e+03  8.60000000e-02  1.60440000e+01
 -3.75608942e+03  3.80716700e+03  8.60000000e-02  1.60440000e+01
 -3.75608942e+03  3.80716700e+03  8.60000000e-02  1.60440000e+01
 -3.75608942e+03  3.80716700e+03  8.60000000e-02  1.60440000e+01
 -3.75608942e+03  3.80716700e+03  8.60000000e-02  1.60440000e+01
 -3.75608942e+03  3.80716700e+03  8.60000000e-02  1.60440000e+01
 -3.75608942e+03  3.80716700e+03  8.60000000e-02  1.60440000e+01
 -3.75608942e+03  3.80716700e+03  8.60000000e-02  1.60440000e+01
 -3.75608942e+03  3.80716700e+03  8.60000000e-02  1.60440000e+01
 -3.75608942e+03  3.80716700e+03  8.60000000e-02  1.60440000e+01
 -3.75608942e+03  3.80716700e+03  8.60000000e-02  1.60440000e+01
 -3.75608942e+03  3.80716700e+03  8.60000000e-02  1.60440000e+01
 -3.75608942e+03  3.80716700e+03  8.60000000e-02  1.60440000e+01
 -3.75608942e+03  3.80716700e+03  8.60000000e-02  1.60440000e+01
 -3.75608942e+03  3.80716700e+03  8.60000000e-02  1.60440000e+01
 -3.75608942e+03  3.80716700e+03  8.60000000e-02  1.60440000e+01
 -3.75608942e+03  3.80716700e+03  8.60000000e-02  1.60440000e+01
 -3.75622383e+03  3.80709100e+03  8.60000000e-02  1.59310000e+01
 -3.75613062e+03  3.80566300e+03  8.60000000e-02  1.60430000e+01
 -3.75613062e+03  3.80566300e+03  8.60000000e-02  1.60430000e+01
 -3.75613062e+03  3.80566300e+03  8.60000000e-02  1.60430000e+01
 -3.75613062e+03  3.80566300e+03  8.60000000e-02  1.60430000e+01
 -3.75613062e+03  3.80566300e+03  8.60000000e-02  1.60430000e+01
 -3.75613062e+03  3.80566300e+03  8.60000000e-02  1.60430000e+01
 -3.75700930e+03  3.80326300e+03  8.70000000e-02  1.61090000e+01
 -3.75700930e+03  3.80326300e+03  8.70000000e-02  1.61090000e+01
 -3.76362167e+03  3.80458100e+03  8.70000000e-02  1.61090000e+01
 -3.76362167e+03  3.80458100e+03  8.70000000e-02  1.61090000e+01
 -3.76362167e+03  3.80458100e+03  8.70000000e-02  1.61090000e+01
 -3.76362167e+03  3.80458100e+03  8.70000000e-02  1.61090000e+01
 -3.76362167e+03  3.80458100e+03  8.70000000e-02  1.61090000e+01
 -3.76431612e+03  3.80412800e+03  8.70000000e-02  1.62960000e+01
 -3.76431612e+03  3.80412800e+03  8.70000000e-02  1.62960000e+01
 -3.76431612e+03  3.80412800e+03  8.70000000e-02  1.62960000e+01
 -3.76500960e+03  3.80425700e+03  8.70000000e-02  1.62660000e+01
 -3.77383437e+03  3.80403000e+03  8.70000000e-02  1.62580000e+01
 -3.77383437e+03  3.80403000e+03  8.70000000e-02  1.62580000e+01
 -3.77328970e+03  3.80492700e+03  8.70000000e-02  1.61360000e+01
 -3.77328970e+03  3.80492700e+03  8.70000000e-02  1.61360000e+01
 -3.77328970e+03  3.80492700e+03  8.70000000e-02  1.61360000e+01
 -3.77328970e+03  3.80492700e+03  8.70000000e-02  1.61360000e+01
 -3.77328970e+03  3.80492700e+03  8.70000000e-02  1.61360000e+01
 -3.77328970e+03  3.80492700e+03  8.70000000e-02  1.61360000e+01
 -3.77329446e+03  3.80491600e+03  8.70000000e-02  1.61200000e+01
 -3.77343738e+03  3.80437500e+03  8.70000000e-02  1.61530000e+01
 -3.77343738e+03  3.80437500e+03  8.70000000e-02  1.61530000e+01
 -3.77365275e+03  3.80602900e+03  8.70000000e-02  1.61190000e+01
 -3.77365275e+03  3.80602900e+03  8.70000000e-02  1.61190000e+01
 -3.77365275e+03  3.80602900e+03  8.70000000e-02  1.61190000e+01
 -3.77671577e+03  3.80767200e+03  8.70000000e-02  1.61190000e+01
 -3.77671577e+03  3.80767200e+03  8.70000000e-02  1.61190000e+01
 -3.77671577e+03  3.80767200e+03  8.70000000e-02  1.61190000e+01
 -3.77671577e+03  3.80767200e+03  8.70000000e-02  1.61190000e+01
 -3.77671577e+03  3.80767200e+03  8.70000000e-02  1.61190000e+01
 -3.77671577e+03  3.80767200e+03  8.70000000e-02  1.61190000e+01
 -3.77671577e+03  3.80767200e+03  8.70000000e-02  1.61190000e+01
 -3.77671577e+03  3.80767200e+03  8.70000000e-02  1.61190000e+01
 -3.77671577e+03  3.80767200e+03  8.70000000e-02  1.61190000e+01
 -3.77671577e+03  3.80767200e+03  8.70000000e-02  1.61190000e+01
 -3.77671577e+03  3.80767200e+03  8.70000000e-02  1.61190000e+01
 -3.77945671e+03  3.80601800e+03  8.70000000e-02  1.61670000e+01
 -3.77945671e+03  3.80601800e+03  8.70000000e-02  1.61670000e+01
 -3.77945671e+03  3.80601800e+03  8.70000000e-02  1.61670000e+01
 -3.77945671e+03  3.80601800e+03  8.70000000e-02  1.61670000e+01
 -3.77945671e+03  3.80601800e+03  8.70000000e-02  1.61670000e+01
 -3.78200621e+03  3.80696900e+03  8.70000000e-02  1.61590000e+01
 -3.78200621e+03  3.80696900e+03  8.70000000e-02  1.61590000e+01
 -3.78200621e+03  3.80696900e+03  8.70000000e-02  1.61590000e+01
 -3.78200621e+03  3.80696900e+03  8.70000000e-02  1.61590000e+01
 -3.78263132e+03  3.80696900e+03  8.70000000e-02  1.62100000e+01
 -3.78263132e+03  3.80696900e+03  8.70000000e-02  1.62100000e+01
 -3.78372990e+03  3.80598600e+03  8.70000000e-02  1.62130000e+01
 -3.78506434e+03  3.80687200e+03  8.70000000e-02  1.62110000e+01
 -3.78506434e+03  3.80687200e+03  8.70000000e-02  1.62110000e+01
 -3.78506434e+03  3.80687200e+03  8.70000000e-02  1.62110000e+01
 -3.78506434e+03  3.80687200e+03  8.70000000e-02  1.62110000e+01
 -3.78991478e+03  3.80755200e+03  8.70000000e-02  1.61640000e+01
 -3.78991478e+03  3.80755200e+03  8.70000000e-02  1.61640000e+01
 -3.78991478e+03  3.80755200e+03  8.70000000e-02  1.61640000e+01
 -3.78991478e+03  3.80755200e+03  8.70000000e-02  1.61640000e+01
 -3.78991478e+03  3.80755200e+03  8.70000000e-02  1.61640000e+01
 -3.78991478e+03  3.80755200e+03  8.70000000e-02  1.61640000e+01
 -3.78991478e+03  3.80755200e+03  8.70000000e-02  1.61640000e+01
 -3.79008298e+03  3.80666700e+03  8.70000000e-02  1.61640000e+01
 -3.79008298e+03  3.80666700e+03  8.70000000e-02  1.61640000e+01
 -3.79008298e+03  3.80666700e+03  8.70000000e-02  1.61640000e+01
 -3.79008298e+03  3.80666700e+03  8.70000000e-02  1.61640000e+01
 -3.79008298e+03  3.80666700e+03  8.70000000e-02  1.61640000e+01