-1.56455120e+03  2.57626700e+03  8.80000000e-02  2.93540000e+01
 -2.00635263e+03  2.94441600e+03  9.20000000e-02  2.39210000e+01
 -2.22853583e+03  3.16734500e+03  9.10000000e-02  2.04860000e+01
 -2.47929523e+03  3.31113500e+03  9.00000000e-02  1.93520000e+01
 -2.54111464e+03  3.40318000e+03  1.00000000e-01  1.82440000e+01
 -2.72396117e+03  3.47923200e+03  8.70000000e-02  1.81270000e+01
 -2.73467517e+03  3.50186100e+03  8.80000000e-02  1.74270000e+01
 -2.76407455e+03  3.53957100e+03  8.70000000e-02  1.72850000e+01
 -2.84722803e+03  3.55875100e+03  1.03000000e-01  1.82580000e+01
 -2.83756231e+03  3.56080600e+03  1.02000000e-01  1.76450000e+01
 -2.94115921e+03  3.56119400e+03  8.50000000e-02  1.74420000e+01
 -2.94044433e+03  3.61101200e+03  9.80000000e-02  1.68970000e+01
 -2.95075220e+03  3.61725500e+03  9.30000000e-02  1.65970000e+01
 -2.91382915e+03  3.61382600e+03  8.80000000e-02  1.63710000e+01
 -2.97022339e+03  3.60496300e+03  8.20000000e-02  1.68770000e+01
 -3.00241031e+03  3.64219700e+03  8.30000000e-02  1.58370000e+01
 -3.01805603e+03  3.62753500e+03  8.40000000e-02  1.63800000e+01
 -3.01805603e+03  3.62753500e+03  8.40000000e-02  1.63800000e+01
 -3.01805603e+03  3.62753500e+03  8.40000000e-02  1.63800000e+01
 -2.95473198e+03  3.61815400e+03  8.50000000e-02  1.62590000e+01
 -2.92290839e+03  3.64730800e+03  8.40000000e-02  1.58680000e+01
 -2.94147090e+03  3.67007800e+03  8.50000000e-02  1.57540000e+01
 -2.84609839e+03  3.64382400e+03  8.60000000e-02  1.50380000e+01
 -2.82355347e+03  3.63203700e+03  9.80000000e-02  1.55760000e+01
 -2.84822452e+03  3.61820200e+03  9.70000000e-02  1.64730000e+01
 -2.84302689e+03  3.64062000e+03  9.70000000e-02  1.59290000e+01
 -2.86246590e+03  3.63330600e+03  9.70000000e-02  1.60700000e+01
 -2.86554663e+03  3.63084000e+03  8.30000000e-02  1.59190000e+01
 -2.83399117e+03  3.61641400e+03  8.60000000e-02  1.66210000e+01
 -2.89840959e+03  3.63474700e+03  1.16000000e-01  1.63170000e+01
 -2.94171094e+03  3.64810300e+03  1.20000000e-01  1.64170000e+01
 -2.98546633e+03  3.64731400e+03  1.08000000e-01  1.64930000e+01
 -2.95411516e+03  3.65696900e+03  9.20000000e-02  1.58440000e+01
 -2.96614487e+03  3.63810800e+03  9.20000000e-02  1.59210000e+01
 -3.01751818e+03  3.66644700e+03  1.10000000e-01  1.50160000e+01
 -2.94373912e+03  3.65313500e+03  1.09000000e-01  1.56580000e+01
 -2.94100212e+03  3.66611700e+03  1.09000000e-01  1.61960000e+01
 -2.94014106e+03  3.65670500e+03  9.10000000e-02  1.58000000e+01
 -2.94014106e+03  3.65670500e+03  9.10000000e-02  1.58000000e+01
 -2.96804254e+03  3.67710000e+03  9.10000000e-02  1.60570000e+01
 -3.03108193e+03  3.66727700e+03  8.30000000e-02  1.58500000e+01
 -3.03108193e+03  3.66727700e+03  8.30000000e-02  1.58500000e+01
 -2.98037350e+03  3.66615600e+03  8.30000000e-02  1.60080000e+01
 -2.97265154e+03  3.66392900e+03  8.20000000e-02  1.59040000e+01
 -2.97431043e+03  3.65193400e+03  8.20000000e-02  1.61130000e+01
 -3.02506913e+03  3.63246000e+03  8.30000000e-02  1.66390000e+01
 -3.02506913e+03  3.63246000e+03  8.30000000e-02  1.66390000e+01
 -3.02506913e+03  3.63246000e+03  8.30000000e-02  1.66390000e+01
 -2.99567943e+03  3.61972000e+03  8.50000000e-02  1.68830000e+01
 -2.96372131e+03  3.61369200e+03  9.80000000e-02  1.68830000e+01
 -3.02642955e+03  3.65465500e+03  8.60000000e-02  1.61990000e+01
 -3.01755809e+03  3.64984900e+03  8.40000000e-02  1.71590000e+01
 -3.01853352e+03  3.64246700e+03  8.90000000e-02  1.72250000e+01
 -3.04623849e+03  3.64900800e+03  8.70000000e-02  1.73380000e+01
 -3.08021742e+03  3.67584100e+03  8.70000000e-02  1.63920000e+01
 -3.08021742e+03  3.67584100e+03  8.70000000e-02  1.63920000e+01
 -3.08021742e+03  3.67584100e+03  8.70000000e-02  1.63920000e+01
 -3.14250567e+03  3.67270200e+03  8.80000000e-02  1.65930000e+01
 -3.14250567e+03  3.67270200e+03  8.80000000e-02  1.65930000e+01
 -3.15784770e+03  3.67185000e+03  9.80000000e-02  1.68600000e+01
 -3.14687401e+03  3.68042500e+03  8.60000000e-02  1.63330000e+01
 -3.16164312e+03  3.67762500e+03  8.70000000e-02  1.62640000e+01
 -3.15518620e+03  3.67928900e+03  8.70000000e-02  1.61300000e+01
 -3.17665011e+03  3.68282200e+03  8.70000000e-02  1.60210000e+01
 -3.17948070e+03  3.68335100e+03  8.60000000e-02  1.58290000e+01
 -3.19636533e+03  3.69224600e+03  8.60000000e-02  1.57820000e+01
 -3.17650253e+03  3.68475700e+03  8.60000000e-02  1.58130000e+01
 -3.15334771e+03  3.67562100e+03  8.50000000e-02  1.56940000e+01
 -3.15073358e+03  3.68258100e+03  8.50000000e-02  1.56160000e+01
 -3.13172680e+03  3.67785800e+03  8.50000000e-02  1.57370000e+01
 -3.12492863e+03  3.67029200e+03  8.60000000e-02  1.59930000e+01
 -3.12658855e+03  3.67422600e+03  8.80000000e-02  1.61030000e+01
 -3.12658855e+03  3.67422600e+03  8.80000000e-02  1.61030000e+01
 -3.10948303e+03  3.67209800e+03  9.00000000e-02  1.61320000e+01
 -3.10948303e+03  3.67209800e+03  9.00000000e-02  1.61320000e+01
 -3.10647936e+03  3.67455200e+03  9.00000000e-02  1.59410000e+01
 -3.09954001e+03  3.68272300e+03  9.90000000e-02  1.59380000e+01
 -3.09954001e+03  3.68272300e+03  9.90000000e-02  1.59380000e+01
 -3.08937377e+03  3.68144800e+03  9.90000000e-02  1.60570000e+01
 -3.08937377e+03  3.68144800e+03  9.90000000e-02  1.60570000e+01
 -3.07896910e+03  3.69027000e+03  9.90000000e-02  1.59740000e+01
 -3.10044797e+03  3.69121900e+03  9.90000000e-02  1.60660000e+01
 -3.08555838e+03  3.68175200e+03  9.80000000e-02  1.60400000e+01
 -3.07342359e+03  3.67994700e+03  9.80000000e-02  1.60760000e+01
 -3.06099741e+03  3.67479100e+03  9.80000000e-02  1.60160000e+01
 -3.08259383e+03  3.67155700e+03  9.80000000e-02  1.62390000e+01
 -3.10221803e+03  3.67817000e+03  9.80000000e-02  1.62240000e+01
 -3.10268293e+03  3.68133500e+03  9.80000000e-02  1.63550000e+01
 -3.14349669e+03  3.69246800e+03  9.90000000e-02  1.59470000e+01
 -3.14349669e+03  3.69246800e+03  9.90000000e-02  1.59470000e+01
 -3.14349669e+03  3.69246800e+03  9.90000000e-02  1.59470000e+01
 -3.15877772e+03  3.68810100e+03  9.80000000e-02  1.61720000e+01
 -3.14902056e+03  3.68613100e+03  9.80000000e-02  1.62480000e+01
 -3.14968045e+03  3.68779600e+03  8.20000000e-02  1.63200000e+01
 -3.15719417e+03  3.67882400e+03  8.10000000e-02  1.64030000e+01
 -3.14516142e+03  3.67629700e+03  8.10000000e-02  1.60690000e+01
 -3.14516142e+03  3.67629700e+03  8.10000000e-02  1.60690000e+01
 -3.13942706e+03  3.66655600e+03  9.70000000e-02  1.64830000e+01
 -3.15705733e+03  3.66178900e+03  9.70000000e-02  1.68770000e+01
 -3.16011249e+03  3.67036000e+03  9.70000000e-02  1.66940000e+01
 -3.16670580e+03  3.67200200e+03  9.80000000e-02  1.64410000e+01
 -3.18289104e+03  3.66842300e+03  9.80000000e-02  1.67110000e+01
 -3.18289104e+03  3.66842300e+03  9.80000000e-02  1.67110000e+01
 -3.18289104e+03  3.66842300e+03  9.80000000e-02  1.67110000e+01
 -3.17390904e+03  3.66175300e+03  9.80000000e-02  1.68000000e+01
 -3.17390904e+03  3.66175300e+03  9.80000000e-02  1.68000000e+01
 -3.17390904e+03  3.66175300e+03  9.80000000e-02  1.68000000e+01
 -3.19016047e+03  3.67206300e+03  9.90000000e-02  1.65180000e+01
 -3.18500842e+03  3.68447000e+03  9.90000000e-02  1.63720000e+01
 -3.18633595e+03  3.68723800e+03  9.90000000e-02  1.63240000e+01
 -3.19421524e+03  3.67981100e+03  9.90000000e-02  1.65060000e+01
 -3.19421524e+03  3.67981100e+03  9.90000000e-02  1.65060000e+01
 -3.18206575e+03  3.67343300e+03  9.90000000e-02  1.66510000e+01
 -3.18509602e+03  3.67275300e+03  8.50000000e-02  1.69800000e+01
 -3.19699092e+03  3.67052600e+03  8.50000000e-02  1.69660000e+01
 -3.19699092e+03  3.67052600e+03  8.50000000e-02  1.69660000e+01
 -3.18661684e+03  3.65890500e+03  8.50000000e-02  1.72060000e+01
 -3.18661684e+03  3.65890500e+03  8.50000000e-02  1.72060000e+01
 -3.18661684e+03  3.65890500e+03  8.50000000e-02  1.72060000e+01
 -3.19291475e+03  3.65677200e+03  8.50000000e-02  1.70840000e+01
 -3.19960330e+03  3.65226400e+03  8.60000000e-02  1.71640000e+01
 -3.20324607e+03  3.66365700e+03  8.50000000e-02  1.69020000e+01
 -3.21144462e+03  3.66581000e+03  9.90000000e-02  1.68810000e+01
 -3.21726326e+03  3.66508800e+03  9.80000000e-02  1.64610000e+01
 -3.22756756e+03  3.68304400e+03  9.80000000e-02  1.62220000e+01
 -3.22756756e+03  3.68304400e+03  9.80000000e-02  1.62220000e+01
 -3.21173414e+03  3.68351800e+03  9.80000000e-02  1.58360000e+01
 -3.20376430e+03  3.68685700e+03  9.60000000e-02  1.58830000e+01
 -3.20376430e+03  3.68685700e+03  9.60000000e-02  1.58830000e+01
 -3.21272054e+03  3.69404400e+03  9.60000000e-02  1.55240000e+01
 -3.21013552e+03  3.71104400e+03  9.60000000e-02  1.50900000e+01
 -3.21013552e+03  3.71104400e+03  9.60000000e-02  1.50900000e+01
 -3.20488789e+03  3.70951900e+03  9.90000000e-02  1.49820000e+01
 -3.20488789e+03  3.70951900e+03  9.90000000e-02  1.49820000e+01
 -3.20190954e+03  3.70960800e+03  9.90000000e-02  1.50720000e+01
 -3.23976600e+03  3.71452600e+03  9.90000000e-02  1.56330000e+01
 -3.23976600e+03  3.71452600e+03  9.90000000e-02  1.56330000e+01
 -3.23976600e+03  3.71452600e+03  9.90000000e-02  1.56330000e+01
 -3.22693692e+03  3.71070200e+03  1.00000000e-01  1.54810000e+01
 -3.22693692e+03  3.71070200e+03  1.00000000e-01  1.54810000e+01
 -3.22473886e+03  3.70548100e+03  1.00000000e-01  1.56130000e+01
 -3.22480935e+03  3.70291800e+03  9.90000000e-02  1.57310000e+01
 -3.22480935e+03  3.70291800e+03  9.90000000e-02  1.57310000e+01
 -3.22480935e+03  3.70291800e+03  9.90000000e-02  1.57310000e+01
 -3.22480935e+03  3.70291800e+03  9.90000000e-02  1.57310000e+01
 -3.22175636e+03  3.70356900e+03  1.00000000e-01  1.56260000e+01
 -3.24050060e+03  3.70774100e+03  1.00000000e-01  1.57240000e+01
 -3.24050060e+03  3.70774100e+03  1.00000000e-01  1.57240000e+01
 -3.24050060e+03  3.70774100e+03  1.00000000e-01  1.57240000e+01
 -3.25298317e+03  3.70537500e+03  1.00000000e-01  1.60730000e+01
 -3.25298317e+03  3.70537500e+03  1.00000000e-01  1.60730000e+01
 -3.25407001e+03  3.71111400e+03  1.00000000e-01  1.59530000e+01
 -3.25407001e+03  3.71111400e+03  1.00000000e-01  1.59530000e+01
 -3.25791112e+03  3.70506200e+03  1.00000000e-01  1.61510000e+01
 -3.25791112e+03  3.70506200e+03  1.00000000e-01  1.61510000e+01
 -3.25791112e+03  3.70506200e+03  1.00000000e-01  1.61510000e+01
 -3.25312304e+03  3.70274900e+03  1.00000000e-01  1.61790000e+01
 -3.25991072e+03  3.71278000e+03  1.00000000e-01  1.58800000e+01
 -3.25991072e+03  3.71278000e+03  1.00000000e-01  1.58800000e+01
 -3.25991072e+03  3.71278000e+03  1.00000000e-01  1.58800000e+01
 -3.26748438e+03  3.70780500e+03  1.01000000e-01  1.59490000e+01
 -3.26748438e+03  3.70780500e+03  1.01000000e-01  1.59490000e+01
 -3.26041962e+03  3.70334300e+03  1.01000000e-01  1.60130000e+01
 -3.26041962e+03  3.70334300e+03  1.01000000e-01  1.60130000e+01
 -3.26086671e+03  3.69991600e+03  1.00000000e-01  1.63100000e+01
 -3.26086671e+03  3.69991600e+03  1.00000000e-01  1.63100000e+01
 -3.24351587e+03  3.69640300e+03  9.80000000e-02  1.63450000e+01
 -3.26554643e+03  3.69455500e+03  9.80000000e-02  1.63330000e+01
 -3.26554643e+03  3.69455500e+03  9.80000000e-02  1.63330000e+01
 -3.28040029e+03  3.70297500e+03  9.80000000e-02  1.62550000e+01
 -3.27111084e+03  3.70386100e+03  9.80000000e-02  1.58850000e+01
 -3.27111084e+03  3.70386100e+03  9.80000000e-02  1.58850000e+01
 -3.27275836e+03  3.70438000e+03  9.80000000e-02  1.61550000e+01
 -3.28351330e+03  3.70318000e+03  8.40000000e-02  1.61380000e+01
 -3.28351330e+03  3.70318000e+03  8.40000000e-02  1.61380000e+01
 -3.27331984e+03  3.70028500e+03  8.30000000e-02  1.59020000e+01
 -3.26321073e+03  3.69771400e+03  8.30000000e-02  1.59430000e+01
 -3.26321073e+03  3.69771400e+03  8.30000000e-02  1.59430000e+01
 -3.26321073e+03  3.69771400e+03  8.30000000e-02  1.59430000e+01
 -3.26321073e+03  3.69771400e+03  8.30000000e-02  1.59430000e+01
 -3.26321073e+03  3.69771400e+03  8.30000000e-02  1.59430000e+01
 -3.26916780e+03  3.70267600e+03  8.30000000e-02  1.60660000e+01
 -3.26719488e+03  3.71491100e+03  8.40000000e-02  1.57660000e+01
 -3.27919298e+03  3.70687900e+03  8.40000000e-02  1.58010000e+01
 -3.27919298e+03  3.70687900e+03  8.40000000e-02  1.58010000e+01
 -3.27519293e+03  3.70127000e+03  8.30000000e-02  1.57760000e+01
 -3.29013648e+03  3.71485700e+03  8.30000000e-02  1.55670000e+01
 -3.29013648e+03  3.71485700e+03  8.30000000e-02  1.55670000e+01
 -3.29013648e+03  3.71485700e+03  8.30000000e-02  1.55670000e+01
 -3.28198298e+03  3.71421000e+03  8.20000000e-02  1.57850000e+01
 -3.28465224e+03  3.71228600e+03  8.20000000e-02  1.56250000e+01
 -3.27438781e+03  3.71521400e+03  8.10000000e-02  1.54510000e+01
 -3.27438781e+03  3.71521400e+03  8.10000000e-02  1.54510000e+01
 -3.26655318e+03  3.71734500e+03  8.10000000e-02  1.53440000e+01
 -3.26655318e+03  3.71734500e+03  8.10000000e-02  1.53440000e+01
 -3.26655318e+03  3.71734500e+03  8.10000000e-02  1.53440000e+01
 -3.26655318e+03  3.71734500e+03  8.10000000e-02  1.53440000e+01
 -3.22635597e+03  3.71365800e+03  8.20000000e-02  1.51790000e+01
 -3.24389347e+03  3.71748400e+03  8.20000000e-02  1.52810000e+01
 -3.24389347e+03  3.71748400e+03  8.20000000e-02  1.52810000e+01
 -3.24389347e+03  3.71748400e+03  8.20000000e-02  1.52810000e+01
 -3.24389347e+03  3.71748400e+03  8.20000000e-02  1.52810000e+01
 -3.26128471e+03  3.73017500e+03  8.20000000e-02  1.52890000e+01
 -3.26128471e+03  3.73017500e+03  8.20000000e-02  1.52890000e+01
 -3.28771258e+03  3.72591500e+03  8.20000000e-02  1.54350000e+01
 -3.27813691e+03  3.71532300e+03  8.30000000e-02  1.55520000e+01
 -3.27813691e+03  3.71532300e+03  8.30000000e-02  1.55520000e+01
 -3.27813691e+03  3.71532300e+03  8.30000000e-02  1.55520000e+01
 -3.28321623e+03  3.71842600e+03  8.30000000e-02  1.53230000e+01
 -3.28321623e+03  3.71842600e+03  8.30000000e-02  1.53230000e+01
 -3.28321623e+03  3.71842600e+03  8.30000000e-02  1.53230000e+01
 -3.27824490e+03  3.72369100e+03  8.30000000e-02  1.52540000e+01
 -3.27824490e+03  3.72369100e+03  8.30000000e-02  1.52540000e+01
 -3.27824490e+03  3.72369100e+03  8.30000000e-02  1.52540000e+01
 -3.27446216e+03  3.72031600e+03  8.30000000e-02  1.52840000e+01
 -3.26281947e+03  3.71438100e+03  8.40000000e-02  1.55040000e+01
 -3.27020878e+03  3.71318100e+03  8.30000000e-02  1.55950000e+01
 -3.27020878e+03  3.71318100e+03  8.30000000e-02  1.55950000e+01
 -3.27020878e+03  3.71318100e+03  8.30000000e-02  1.55950000e+01
 -3.27972296e+03  3.70726800e+03  8.70000000e-02  1.58190000e+01
 -3.26752678e+03  3.70073100e+03  9.30000000e-02  1.57860000e+01
 -3.26752678e+03  3.70073100e+03  9.30000000e-02  1.57860000e+01
 -3.25997273e+03  3.70224400e+03  8.80000000e-02  1.58120000e+01
 -3.25997273e+03  3.70224400e+03  8.80000000e-02  1.58120000e+01
 -3.25997273e+03  3.70224400e+03  8.80000000e-02  1.58120000e+01
 -3.25993211e+03  3.71504400e+03  8.70000000e-02  1.57610000e+01
 -3.25993211e+03  3.71504400e+03  8.70000000e-02  1.57610000e+01
 -3.25993211e+03  3.71504400e+03  8.70000000e-02  1.57610000e+01
 -3.25993211e+03  3.71504400e+03  8.70000000e-02  1.57610000e+01
 -3.28992736e+03  3.72731400e+03  8.60000000e-02  1.54830000e+01
 -3.28992736e+03  3.72731400e+03  8.60000000e-02  1.54830000e+01
 -3.28992736e+03  3.72731400e+03  8.60000000e-02  1.54830000e+01
 -3.28992736e+03  3.72731400e+03  8.60000000e-02  1.54830000e+01
 -3.28992736e+03  3.72731400e+03  8.60000000e-02  1.54830000e+01
 -3.28992736e+03  3.72731400e+03  8.60000000e-02  1.54830000e+01
 -3.28992736e+03  3.72731400e+03  8.60000000e-02  1.54830000e+01
 -3.29258049e+03  3.73082800e+03  8.60000000e-02  1.57530000e+01
 -3.30954237e+03  3.73453500e+03  8.70000000e-02  1.57010000e+01
 -3.31661002e+03  3.73420000e+03  8.70000000e-02  1.56990000e+01
 -3.31661002e+03  3.73420000e+03  8.70000000e-02  1.56990000e+01
 -3.32165964e+03  3.73347500e+03  8.80000000e-02  1.57060000e+01
 -3.32165964e+03  3.73347500e+03  8.80000000e-02  1.57060000e+01
 -3.32165964e+03  3.73347500e+03  8.80000000e-02  1.57060000e+01
 -3.32165964e+03  3.73347500e+03  8.80000000e-02  1.57060000e+01
 -3.32165964e+03  3.73347500e+03  8.80000000e-02  1.57060000e+01
 -3.32385737e+03  3.72909600e+03  8.80000000e-02  1.56160000e+01
 -3.32385737e+03  3.72909600e+03  8.80000000e-02  1.56160000e+01
 -3.32385737e+03  3.72909600e+03  8.80000000e-02  1.56160000e+01
 -3.32385737e+03  3.72909600e+03  8.80000000e-02  1.56160000e+01
 -3.32403673e+03  3.73994900e+03  8.60000000e-02  1.52650000e+01
 -3.32403673e+03  3.73994900e+03  8.60000000e-02  1.52650000e+01
 -3.32618572e+03  3.74251100e+03  8.70000000e-02  1.52420000e+01
 -3.32618572e+03  3.74251100e+03  8.70000000e-02  1.52420000e+01
 -3.32618572e+03  3.74251100e+03  8.70000000e-02  1.52420000e+01
 -3.35059926e+03  3.74869400e+03  8.50000000e-02  1.51740000e+01
 -3.35239891e+03  3.74593800e+03  8.60000000e-02  1.51250000e+01
 -3.35239891e+03  3.74593800e+03  8.60000000e-02  1.51250000e+01
 -3.35239891e+03  3.74593800e+03  8.60000000e-02  1.51250000e+01
 -3.34915243e+03  3.74017800e+03  8.60000000e-02  1.54710000e+01
 -3.34915243e+03  3.74017800e+03  8.60000000e-02  1.54710000e+01
 -3.34915243e+03  3.74017800e+03  8.60000000e-02  1.54710000e+01
 -3.34915243e+03  3.74017800e+03  8.60000000e-02  1.54710000e+01
 -3.34915243e+03  3.74017800e+03  8.60000000e-02  1.54710000e+01
 -3.34915243e+03  3.74017800e+03  8.60000000e-02  1.54710000e+01
 -3.34915243e+03  3.74017800e+03  8.60000000e-02  1.54710000e+01
 -3.34915243e+03  3.74017800e+03  8.60000000e-02  1.54710000e+01
 -3.35233405e+03  3.73884600e+03  8.60000000e-02  1.53980000e+01
 -3.35807686e+03  3.73771200e+03  8.90000000e-02  1.53080000e+01
 -3.35807686e+03  3.73771200e+03  8.90000000e-02  1.53080000e+01
 -3.35807686e+03  3.73771200e+03  8.90000000e-02  1.53080000e+01
 -3.35417311e+03  3.73993700e+03  8.90000000e-02  1.50640000e+01
 -3.35417311e+03  3.73993700e+03  8.90000000e-02  1.50640000e+01
 -3.36018610e+03  3.72786200e+03  8.80000000e-02  1.54180000e+01
 -3.36018610e+03  3.72786200e+03  8.80000000e-02  1.54180000e+01
 -3.36018610e+03  3.72786200e+03  8.80000000e-02  1.54180000e+01
 -3.35590863e+03  3.72621000e+03  8.50000000e-02  1.56940000e+01
 -3.35590863e+03  3.72621000e+03  8.50000000e-02  1.56940000e+01
 -3.35590863e+03  3.72621000e+03  8.50000000e-02  1.56940000e+01
 -3.35590863e+03  3.72621000e+03  8.50000000e-02  1.56940000e+01
 -3.35590863e+03  3.72621000e+03  8.50000000e-02  1.56940000e+01
 -3.35590863e+03  3.72621000e+03  8.50000000e-02  1.56940000e+01
 -3.35590863e+03  3.72621000e+03  8.50000000e-02  1.56940000e+01
 -3.35826761e+03  3.72075100e+03  8.50000000e-02  1.57660000e+01
 -3.36830071e+03  3.71702100e+03  8.50000000e-02  1.58480000e+01
 -3.36830071e+03  3.71702100e+03  8.50000000e-02  1.58480000e+01
 -3.36830071e+03  3.71702100e+03  8.50000000e-02  1.58480000e+01
 -3.36830071e+03  3.71702100e+03  8.50000000e-02  1.58480000e+01
 -3.36830071e+03  3.71702100e+03  8.50000000e-02  1.58480000e+01
 -3.35515733e+03  3.71670800e+03  8.50000000e-02  1.57670000e+01
 -3.35515733e+03  3.71670800e+03  8.50000000e-02  1.57670000e+01
 -3.35515733e+03  3.71670800e+03  8.50000000e-02  1.57670000e+01
 -3.35515733e+03  3.71670800e+03  8.50000000e-02  1.57670000e+01
 -3.35515733e+03  3.71670800e+03  8.50000000e-02  1.57670000e+01
 -3.35515733e+03  3.71670800e+03  8.50000000e-02  1.57670000e+01
 -3.35515733e+03  3.71670800e+03  8.50000000e-02  1.57670000e+01
 -3.37498628e+03  3.71603700e+03  8.30000000e-02  1.60390000e+01
 -3.37498628e+03  3.71603700e+03  8.30000000e-02  1.60390000e+01
 -3.37498628e+03  3.71603700e+03  8.30000000e-02  1.60390000e+01
 -3.38826656e+03  3.72612200e+03  8.40000000e-02  1.58140000e+01
 -3.38826656e+03  3.72612200e+03  8.40000000e-02  1.58140000e+01
 -3.38826656e+03  3.72612200e+03  8.40000000e-02  1.58140000e+01
 -3.38826656e+03  3.72612200e+03  8.40000000e-02  1.58140000e+01
 -3.40432200e+03  3.72428300e+03  8.40000000e-02  1.58800000e+01
 -3.40432200e+03  3.72428300e+03  8.40000000e-02  1.58800000e+01
 -3.40432200e+03  3.72428300e+03  8.40000000e-02  1.58800000e+01
 -3.40432200e+03  3.72428300e+03  8.40000000e-02  1.58800000e+01
 -3.40432200e+03  3.72428300e+03  8.40000000e-02  1.58800000e+01
 -3.40322365e+03  3.73240100e+03  8.40000000e-02  1.56910000e+01
 -3.40679738e+03  3.73393800e+03  8.40000000e-02  1.55040000e+01
 -3.40214985e+03  3.73040200e+03  8.50000000e-02  1.55380000e+01
 -3.39462623e+03  3.73017400e+03  8.30000000e-02  1.55370000e+01
 -3.39462623e+03  3.73017400e+03  8.30000000e-02  1.55370000e+01
 -3.39462623e+03  3.73017400e+03  8.30000000e-02  1.55370000e+01
 -3.40422151e+03  3.73954700e+03  8.20000000e-02  1.53480000e+01
 -3.40422151e+03  3.73954700e+03  8.20000000e-02  1.53480000e+01
 -3.40422151e+03  3.73954700e+03  8.20000000e-02  1.53480000e+01
 -3.43212561e+03  3.74567500e+03  8.10000000e-02  1.53890000e+01
 -3.43212561e+03  3.74567500e+03  8.10000000e-02  1.53890000e+01
 -3.42990898e+03  3.74884300e+03  8.10000000e-02  1.51770000e+01
 -3.42990898e+03  3.74884300e+03  8.10000000e-02  1.51770000e+01
 -3.42990898e+03  3.74884300e+03  8.10000000e-02  1.51770000e+01
 -3.42990898e+03  3.74884300e+03  8.10000000e-02  1.51770000e+01
 -3.42229485e+03  3.74245500e+03  8.10000000e-02  1.50750000e+01
 -3.42229485e+03  3.74245500e+03  8.10000000e-02  1.50750000e+01
 -3.42229485e+03  3.74245500e+03  8.10000000e-02  1.50750000e+01
 -3.42229485e+03  3.74245500e+03  8.10000000e-02  1.50750000e+01
 -3.42229485e+03  3.74245500e+03  8.10000000e-02  1.50750000e+01
 -3.42229485e+03  3.74245500e+03  8.10000000e-02  1.50750000e+01
 -3.42229485e+03  3.74245500e+03  8.10000000e-02  1.50750000e+01
 -3.42229485e+03  3.74245500e+03  8.10000000e-02  1.50750000e+01
 -3.42229485e+03  3.74245500e+03  8.10000000e-02  1.50750000e+01
 -3.42229485e+03  3.74245500e+03  8.10000000e-02  1.50750000e+01
 -3.42229485e+03  3.74245500e+03  8.10000000e-02  1.50750000e+01
 -3.42342636e+03  3.74115800e+03  8.10000000e-02  1.50560000e+01
 -3.42342636e+03  3.74115800e+03  8.10000000e-02  1.50560000e+01
 -3.42342636e+03  3.74115800e+03  8.10000000e-02  1.50560000e+01
 -3.42342636e+03  3.74115800e+03  8.10000000e-02  1.50560000e+01
 -3.42342636e+03  3.74115800e+03  8.10000000e-02  1.50560000e+01
 -3.42342636e+03  3.74115800e+03  8.10000000e-02  1.50560000e+01
 -3.42342636e+03  3.74115800e+03  8.10000000e-02  1.50560000e+01
 -3.42342636e+03  3.74115800e+03  8.10000000e-02  1.50560000e+01
 -3.42342636e+03  3.74115800e+03  8.10000000e-02  1.50560000e+01
 -3.42342636e+03  3.74115800e+03  8.10000000e-02  1.50560000e+01
 -3.42342636e+03  3.74115800e+03  8.10000000e-02  1.50560000e+01
 -3.42342636e+03  3.74115800e+03  8.10000000e-02  1.50560000e+01
 -3.42342636e+03  3.74115800e+03  8.10000000e-02  1.50560000e+01
 -3.44335415e+03  3.75129600e+03  8.10000000e-02  1.52970000e+01
 -3.44335415e+03  3.75129600e+03  8.10000000e-02  1.52970000e+01
 -3.44878109e+03  3.75575800e+03  8.10000000e-02  1.49770000e+01
 -3.46672807e+03  3.75521600e+03  8.10000000e-02  1.47980000e+01
 -3.46672807e+03  3.75521600e+03  8.10000000e-02  1.47980000e+01
 -3.46672807e+03  3.75521600e+03  8.10000000e-02  1.47980000e+01
 -3.46672807e+03  3.75521600e+03  8.10000000e-02  1.47980000e+01
 -3.46672807e+03  3.75521600e+03  8.10000000e-02  1.47980000e+01
 -3.46162780e+03  3.76282500e+03  8.10000000e-02  1.45810000e+01
 -3.46162780e+03  3.76282500e+03  8.10000000e-02  1.45810000e+01
 -3.46162780e+03  3.76282500e+03  8.10000000e-02  1.45810000e+01
 -3.46162780e+03  3.76282500e+03  8.10000000e-02  1.45810000e+01
 -3.46162780e+03  3.76282500e+03  8.10000000e-02  1.45810000e+01
 -3.46404224e+03  3.76574500e+03  8.10000000e-02  1.46140000e+01
 -3.46404224e+03  3.76574500e+03  8.10000000e-02  1.46140000e+01
 -3.46404224e+03  3.76574500e+03  8.10000000e-02  1.46140000e+01
 -3.46404224e+03  3.76574500e+03  8.10000000e-02  1.46140000e+01
 -3.46404224e+03  3.76574500e+03  8.10000000e-02  1.46140000e+01
 -3.46404224e+03  3.76574500e+03  8.10000000e-02  1.46140000e+01
 -3.46404224e+03  3.76574500e+03  8.10000000e-02  1.46140000e+01
 -3.46999455e+03  3.76971100e+03  8.10000000e-02  1.43260000e+01
 -3.46999455e+03  3.76971100e+03  8.10000000e-02  1.43260000e+01
 -3.46779708e+03  3.76813200e+03  8.10000000e-02  1.43800000e+01
 -3.46779708e+03  3.76813200e+03  8.10000000e-02  1.43800000e+01
 -3.46779708e+03  3.76813200e+03  8.10000000e-02  1.43800000e+01
 -3.46779708e+03  3.76813200e+03  8.10000000e-02  1.43800000e+01
 -3.46779708e+03  3.76813200e+03  8.10000000e-02  1.43800000e+01
 -3.46779708e+03  3.76813200e+03  8.10000000e-02  1.43800000e+01
 -3.46779708e+03  3.76813200e+03  8.10000000e-02  1.43800000e+01
 -3.46779708e+03  3.76813200e+03  8.10000000e-02  1.43800000e+01
 -3.46779708e+03  3.76813200e+03  8.10000000e-02  1.43800000e+01
 -3.46781655e+03  3.77371900e+03  8.10000000e-02  1.42780000e+01
 -3.46781655e+03  3.77371900e+03  8.10000000e-02  1.42780000e+01
 -3.46781655e+03  3.77371900e+03  8.10000000e-02  1.42780000e+01
 -3.46781655e+03  3.77371900e+03  8.10000000e-02  1.42780000e+01
 -3.46781655e+03  3.77371900e+03  8.10000000e-02  1.42780000e+01
 -3.46781655e+03  3.77371900e+03  8.10000000e-02  1.42780000e+01
 -3.46781655e+03  3.77371900e+03  8.10000000e-02  1.42780000e+01
 -3.46781655e+03  3.77371900e+03  8.10000000e-02  1.42780000e+01
 -3.46781655e+03  3.77371900e+03  8.10000000e-02  1.42780000e+01
 -3.46781655e+03  3.77371900e+03  8.10000000e-02  1.42780000e+01
 -3.47748690e+03  3.77090900e+03  8.10000000e-02  1.44830000e+01
 -3.47748690e+03  3.77090900e+03  8.10000000e-02  1.44830000e+01
 -3.47748690e+03  3.77090900e+03  8.10000000e-02  1.44830000e+01
 -3.47748690e+03  3.77090900e+03  8.10000000e-02  1.44830000e+01
 -3.47748690e+03  3.77090900e+03  8.10000000e-02  1.44830000e+01
 -3.47748690e+03  3.77090900e+03  8.10000000e-02  1.44830000e+01
 -3.47748690e+03  3.77090900e+03  8.10000000e-02  1.44830000e+01
 -3.47748690e+03  3.77090900e+03  8.10000000e-02  1.44830000e+01
 -3.49173312e+03  3.77217500e+03  8.10000000e-02  1.43240000e+01
 -3.49173312e+03  3.77217500e+03  8.10000000e-02  1.43240000e+01
 -3.50031116e+03  3.77654200e+03  8.00000000e-02  1.43880000e+01
 -3.49984791e+03  3.77689900e+03  8.00000000e-02  1.46260000e+01
 -3.49984791e+03  3.77689900e+03  8.00000000e-02  1.46260000e+01
 -3.49984791e+03  3.77689900e+03  8.00000000e-02  1.46260000e+01
 -3.49984791e+03  3.77689900e+03  8.00000000e-02  1.46260000e+01
 -3.49984791e+03  3.77689900e+03  8.00000000e-02  1.46260000e+01
 -3.49984791e+03  3.77689900e+03  8.00000000e-02  1.46260000e+01
 -3.49984791e+03  3.77689900e+03  8.00000000e-02  1.46260000e+01
 -3.49984791e+03  3.77689900e+03  8.00000000e-02  1.46260000e+01
 -3.49984791e+03  3.77689900e+03  8.00000000e-02  1.46260000e+01
 -3.49984791e+03  3.77689900e+03  8.00000000e-02  1.46260000e+01
 -3.49984791e+03  3.77689900e+03  8.00000000e-02  1.46260000e+01
 -3.50179430e+03  3.76368900e+03  8.20000000e-02  1.50090000e+01
 -3.50179430e+03  3.76368900e+03  8.20000000e-02  1.50090000e+01
 -3.50179430e+03  3.76368900e+03  8.20000000e-02  1.50090000e+01
 -3.50179430e+03  3.76368900e+03  8.20000000e-02  1.50090000e+01
 -3.50179430e+03  3.76368900e+03  8.20000000e-02  1.50090000e+01
 -3.50179430e+03  3.76368900e+03  8.20000000e-02  1.50090000e+01
 -3.50179430e+03  3.76368900e+03  8.20000000e-02  1.50090000e+01
 -3.50179430e+03  3.76368900e+03  8.20000000e-02  1.50090000e+01
 -3.50179430e+03  3.76368900e+03  8.20000000e-02  1.50090000e+01
 -3.50179430e+03  3.76368900e+03  8.20000000e-02  1.50090000e+01
 -3.50179430e+03  3.76368900e+03  8.20000000e-02  1.50090000e+01
 -3.49672897e+03  3.75875000e+03  8.40000000e-02  1.50510000e+01
 -3.49672897e+03  3.75875000e+03  8.40000000e-02  1.50510000e+01
 -3.51114662e+03  3.76079200e+03  8.40000000e-02  1.51200000e+01
 -3.51114662e+03  3.76079200e+03  8.40000000e-02  1.51200000e+01
 -3.51114662e+03  3.76079200e+03  8.40000000e-02  1.51200000e+01
 -3.51114662e+03  3.76079200e+03  8.40000000e-02  1.51200000e+01
 -3.51114662e+03  3.76079200e+03  8.40000000e-02  1.51200000e+01
 -3.51114662e+03  3.76079200e+03  8.40000000e-02  1.51200000e+01
 -3.51114662e+03  3.76079200e+03  8.40000000e-02  1.51200000e+01
 -3.52149825e+03  3.75858600e+03  8.40000000e-02  1.54030000e+01
 -3.52149825e+03  3.75858600e+03  8.40000000e-02  1.54030000e+01
 -3.52149825e+03  3.75858600e+03  8.40000000e-02  1.54030000e+01
 -3.52149825e+03  3.75858600e+03  8.40000000e-02  1.54030000e+01
 -3.52149825e+03  3.75858600e+03  8.40000000e-02  1.54030000e+01
 -3.52149825e+03  3.75858600e+03  8.40000000e-02  1.54030000e+01
 -3.53180093e+03  3.77387000e+03  8.30000000e-02  1.51560000e+01
 -3.53180093e+03  3.77387000e+03  8.30000000e-02  1.51560000e+01
 -3.53180093e+03  3.77387000e+03  8.30000000e-02  1.51560000e+01
 -3.53180093e+03  3.77387000e+03  8.30000000e-02  1.51560000e+01
 -3.53180093e+03  3.77387000e+03  8.30000000e-02  1.51560000e+01
 -3.53180093e+03  3.77387000e+03  8.30000000e-02  1.51560000e+01
 -3.53180093e+03  3.77387000e+03  8.30000000e-02  1.51560000e+01
 -3.54678841e+03  3.78444100e+03  8.30000000e-02  1.49700000e+01
 -3.54678841e+03  3.78444100e+03  8.30000000e-02  1.49700000e+01
 -3.54678841e+03  3.78444100e+03  8.30000000e-02  1.49700000e+01
 -3.54678841e+03  3.78444100e+03  8.30000000e-02  1.49700000e+01
 -3.54378547e+03  3.77560000e+03  8.50000000e-02  1.48310000e+01
 -3.54378547e+03  3.77560000e+03  8.50000000e-02  1.48310000e+01
 -3.54378547e+03  3.77560000e+03  8.50000000e-02  1.48310000e+01
 -3.54378547e+03  3.77560000e+03  8.50000000e-02  1.48310000e+01
 -3.54378547e+03  3.77560000e+03  8.50000000e-02  1.48310000e+01
 -3.54378547e+03  3.77560000e+03  8.50000000e-02  1.48310000e+01
 -3.54464313e+03  3.78587700e+03  8.50000000e-02  1.46550000e+01
 -3.54464313e+03  3.78587700e+03  8.50000000e-02  1.46550000e+01
 -3.54464313e+03  3.78587700e+03  8.50000000e-02  1.46550000e+01
 -3.54464313e+03  3.78587700e+03  8.50000000e-02  1.46550000e+01
 -3.54912465e+03  3.78920400e+03  8.50000000e-02  1.46080000e+01
 -3.54912465e+03  3.78920400e+03  8.50000000e-02  1.46080000e+01
 -3.54912465e+03  3.78920400e+03  8.50000000e-02  1.46080000e+01
 -3.54912465e+03  3.78920400e+03  8.50000000e-02  1.46080000e+01
 -3.54912465e+03  3.78920400e+03  8.50000000e-02  1.46080000e+01
 -3.54912465e+03  3.78920400e+03  8.50000000e-02  1.46080000e+01
 -3.54912465e+03  3.78920400e+03  8.50000000e-02  1.46080000e+01
 -3.54912465e+03  3.78920400e+03  8.50000000e-02  1.46080000e+01
 -3.55050583e+03  3.78914900e+03  8.40000000e-02  1.47570000e+01
 -3.55050583e+03  3.78914900e+03  8.40000000e-02  1.47570000e+01
 -3.55050583e+03  3.78914900e+03  8.40000000e-02  1.47570000e+01
 -3.55050583e+03  3.78914900e+03  8.40000000e-02  1.47570000e+01
 -3.55050583e+03  3.78914900e+03  8.40000000e-02  1.47570000e+01
 -3.55050583e+03  3.78914900e+03  8.40000000e-02  1.47570000e+01
 -3.55050583e+03  3.78914900e+03  8.40000000e-02  1.47570000e+01
 -3.55050583e+03  3.78914900e+03  8.40000000e-02  1.47570000e+01
 -3.55050583e+03  3.78914900e+03  8.40000000e-02  1.47570000e+01
 -3.55257557e+03  3.78348500e+03  8.50000000e-02  1.48440000e+01
 -3.55257557e+03  3.78348500e+03  8.50000000e-02  1.48440000e+01
 -3.55257557e+03  3.78348500e+03  8.50000000e-02  1.48440000e+01
 -3.55257557e+03  3.78348500e+03  8.50000000e-02  1.48440000e+01
 -3.55257557e+03  3.78348500e+03  8.50000000e-02  1.48440000e+01
 -3.55257557e+03  3.78348500e+03  8.50000000e-02  1.48440000e+01
 -3.55257557e+03  3.78348500e+03  8.50000000e-02  1.48440000e+01
 -3.55257557e+03  3.78348500e+03  8.50000000e-02  1.48440000e+01
 -3.55257557e+03  3.78348500e+03  8.50000000e-02  1.48440000e+01
 -3.55257557e+03  3.78348500e+03  8.50000000e-02  1.48440000e+01
 -3.56192957e+03  3.77914000e+03  9.30000000e-02  1.48380000e+01
 -3.56192957e+03  3.77914000e+03  9.30000000e-02  1.48380000e+01
 -3.56192957e+03  3.77914000e+03  9.30000000e-02  1.48380000e+01
 -3.56192957e+03  3.77914000e+03  9.30000000e-02  1.48380000e+01
 -3.56192957e+03  3.77914000e+03  9.30000000e-02  1.48380000e+01
 -3.56192957e+03  3.77914000e+03  9.30000000e-02  1.48380000e+01
 -3.56192957e+03  3.77914000e+03  9.30000000e-02  1.48380000e+01
 -3.56192957e+03  3.77914000e+03  9.30000000e-02  1.48380000e+01
 -3.56628697e+03  3.78082700e+03  9.80000000e-02  1.48230000e+01
 -3.56628697e+03  3.78082700e+03  9.80000000e-02  1.48230000e+01
 -3.56628697e+03  3.78082700e+03  9.80000000e-02  1.48230000e+01
 -3.56628697e+03  3.78082700e+03  9.80000000e-02  1.48230000e+01
 -3.56628697e+03  3.78082700e+03  9.80000000e-02  1.48230000e+01
 -3.56628697e+03  3.78082700e+03  9.80000000e-02  1.48230000e+01
 -3.56628697e+03  3.78082700e+03  9.80000000e-02  1.48230000e+01
 -3.56628697e+03  3.78082700e+03  9.80000000e-02  1.48230000e+01
 -3.56628697e+03  3.78082700e+03  9.80000000e-02  1.48230000e+01
 -3.56628697e+03  3.78082700e+03  9.80000000e-02  1.48230000e+01
 -3.56628697e+03  3.78082700e+03  9.80000000e-02  1.48230000e+01
 -3.56628697e+03  3.78082700e+03  9.80000000e-02  1.48230000e+01
 -3.56628697e+03  3.78082700e+03  9.80000000e-02  1.48230000e+01
 -3.56628697e+03  3.78082700e+03  9.80000000e-02  1.48230000e+01
 -3.56628697e+03  3.78082700e+03  9.80000000e-02  1.48230000e+01
 -3.56628697e+03  3.78082700e+03  9.80000000e-02  1.48230000e+01
 -3.56628697e+03  3.78082700e+03  9.80000000e-02  1.48230000e+01
 -3.56628697e+03  3.78082700e+03  9.80000000e-02  1.48230000e+01
 -3.56628697e+03  3.78082700e+03  9.80000000e-02  1.48230000e+01
 -3.56628697e+03  3.78082700e+03  9.80000000e-02  1.48230000e+01
 -3.56628697e+03  3.78082700e+03  9.80000000e-02  1.48230000e+01
 -3.57418611e+03  3.78464300e+03  9.30000000e-02  1.47060000e+01
 -3.57595857e+03  3.78719400e+03  9.00000000e-02  1.50490000e+01
 -3.57595857e+03  3.78719400e+03  9.00000000e-02  1.50490000e+01
 -3.57595857e+03  3.78719400e+03  9.00000000e-02  1.50490000e+01
 -3.57595857e+03  3.78719400e+03  9.00000000e-02  1.50490000e+01
 -3.57595857e+03  3.78719400e+03  9.00000000e-02  1.50490000e+01
 -3.57595857e+03  3.78719400e+03  9.00000000e-02  1.50490000e+01
 -3.57595857e+03  3.78719400e+03  9.00000000e-02  1.50490000e+01
 -3.57595857e+03  3.78719400e+03  9.00000000e-02  1.50490000e+01
 -3.57595857e+03  3.78719400e+03  9.00000000e-02  1.50490000e+01
 -3.57595857e+03  3.78719400e+03  9.00000000e-02  1.50490000e+01
 -3.57595857e+03  3.78719400e+03  9.00000000e-02  1.50490000e+01
 -3.57595857e+03  3.78719400e+03  9.00000000e-02  1.50490000e+01
 -3.57595857e+03  3.78719400e+03  9.00000000e-02  1.50490000e+01
 -3.57595857e+03  3.78719400e+03  9.00000000e-02  1.50490000e+01
 -3.57595857e+03  3.78719400e+03  9.00000000e-02  1.50490000e+01
 -3.57746104e+03  3.78974500e+03  8.90000000e-02  1.50360000e+01
 -3.58086620e+03  3.79184200e+03  8.90000000e-02  1.50360000e+01
 -3.58482358e+03  3.79152800e+03  8.90000000e-02  1.49660000e+01
 -3.58614717e+03  3.79031700e+03  9.00000000e-02  1.50550000e+01
 -3.58699161e+03  3.78988400e+03  9.00000000e-02  1.50600000e+01
 -3.59134448e+03  3.79131200e+03  9.00000000e-02  1.51000000e+01
 -3.59134448e+03  3.79131200e+03  9.00000000e-02  1.51000000e+01
 -3.60044707e+03  3.79317100e+03  9.00000000e-02  1.51300000e+01
 -3.60065274e+03  3.79467400e+03  9.00000000e-02  1.51040000e+01
 -3.60353536e+03  3.79674900e+03  9.00000000e-02  1.50950000e+01
 -3.60353536e+03  3.79674900e+03  9.00000000e-02  1.50950000e+01
 -3.60353536e+03  3.79674900e+03  9.00000000e-02  1.50950000e+01
 -3.60360987e+03  3.79905100e+03  9.00000000e-02  1.50800000e+01
 -3.60360987e+03  3.79905100e+03  9.00000000e-02  1.50800000e+01
 -3.60360987e+03  3.79905100e+03  9.00000000e-02  1.50800000e+01
 -3.60332457e+03  3.79948400e+03  9.00000000e-02  1.50500000e+01
 -3.60300499e+03  3.80025200e+03  9.00000000e-02  1.50930000e+01
 -3.60349050e+03  3.80265200e+03  9.00000000e-02  1.50590000e+01
 -3.60478878e+03  3.80287900e+03  9.00000000e-02  1.50640000e+01
 -3.60464119e+03  3.80407900e+03  9.00000000e-02  1.50670000e+01
 -3.60464119e+03  3.80363600e+03  9.00000000e-02  1.50670000e+01
 -3.60464119e+03  3.80363600e+03  9.00000000e-02  1.50670000e+01
 -3.60464119e+03  3.80363600e+03  9.00000000e-02  1.50670000e+01
 -3.60464119e+03  3.80363600e+03  9.00000000e-02  1.50670000e+01
 -3.60464119e+03  3.80363600e+03  9.00000000e-02  1.50670000e+01
 -3.60464119e+03  3.80363600e+03  9.00000000e-02  1.50670000e+01
 -3.60472162e+03  3.80287900e+03  9.00000000e-02  1.52060000e+01
 -3.60472162e+03  3.80287900e+03  9.00000000e-02  1.52060000e+01
 -3.60472162e+03  3.80287900e+03  9.00000000e-02  1.52060000e+01
 -3.60654220e+03  3.80266300e+03  9.00000000e-02  1.52160000e+01
 -3.60884551e+03  3.80453300e+03  9.00000000e-02  1.52160000e+01
 -3.60884551e+03  3.80453300e+03  9.00000000e-02  1.52160000e+01
 -3.60884551e+03  3.80453300e+03  9.00000000e-02  1.52160000e+01
 -3.60884551e+03  3.80453300e+03  9.00000000e-02  1.52160000e+01
 -3.60918916e+03  3.80564600e+03  8.80000000e-02  1.51800000e+01
 -3.60939235e+03  3.80609900e+03  8.80000000e-02  1.51810000e+01
 -3.61130229e+03  3.80795800e+03  8.80000000e-02  1.51790000e+01
 -3.61130229e+03  3.80795800e+03  8.80000000e-02  1.51790000e+01
 -3.61130229e+03  3.80795800e+03  8.80000000e-02  1.51790000e+01
 -3.61128359e+03  3.80795800e+03  8.80000000e-02  1.51780000e+01
 -3.60968107e+03  3.80400300e+03  8.70000000e-02  1.53880000e+01
 -3.60968107e+03  3.80400300e+03  8.70000000e-02  1.53880000e+01
 -3.60968107e+03  3.80400300e+03  8.70000000e-02  1.53880000e+01
 -3.61021317e+03  3.80511600e+03  8.70000000e-02  1.53460000e+01
 -3.61154784e+03  3.80787100e+03  8.70000000e-02  1.53450000e+01
 -3.61154784e+03  3.80787100e+03  8.70000000e-02  1.53450000e+01
 -3.61154784e+03  3.80787100e+03  8.70000000e-02  1.53450000e+01
 -3.61154784e+03  3.80787100e+03  8.70000000e-02  1.53450000e+01
 -3.61154784e+03  3.80787100e+03  8.70000000e-02  1.53450000e+01
 -3.61154784e+03  3.80787100e+03  8.70000000e-02  1.53450000e+01
 -3.61154784e+03  3.80787100e+03  8.70000000e-02  1.53450000e+01
 -3.61154784e+03  3.80787100e+03  8.70000000e-02  1.53450000e+01
 -3.61154784e+03  3.80787100e+03  8.70000000e-02  1.53450000e+01
 -3.61154784e+03  3.80787100e+03  8.70000000e-02  1.53450000e+01
 -3.61154784e+03  3.80787100e+03  8.70000000e-02  1.53450000e+01
 -3.61154784e+03  3.80787100e+03  8.70000000e-02  1.53450000e+01
 -3.61154784e+03  3.80787100e+03  8.70000000e-02  1.53450000e+01
 -3.61154784e+03  3.80787100e+03  8.70000000e-02  1.53450000e+01
 -3.61138977e+03  3.80501700e+03  8.70000000e-02  1.54510000e+01
 -3.61138977e+03  3.80501700e+03  8.70000000e-02  1.54510000e+01
 -3.61433956e+03  3.80456400e+03  8.70000000e-02  1.54230000e+01
 -3.61433956e+03  3.80456400e+03  8.70000000e-02  1.54230000e+01
 -3.61767999e+03  3.80403400e+03  8.70000000e-02  1.55040000e+01
 -3.61767999e+03  3.80403400e+03  8.70000000e-02  1.55040000e+01
 -3.61767999e+03  3.80403400e+03  8.70000000e-02  1.55040000e+01
 -3.61801994e+03  3.80731900e+03  8.70000000e-02  1.54520000e+01
 -3.61801994e+03  3.80731900e+03  8.70000000e-02  1.54520000e+01
 -3.61801994e+03  3.80731900e+03  8.70000000e-02  1.54520000e+01
 -3.61801994e+03  3.80731900e+03  8.70000000e-02  1.54520000e+01
 -3.62109792e+03  3.80678900e+03  8.70000000e-02  1.54530000e+01
 -3.62120223e+03  3.80776200e+03  8.70000000e-02  1.54440000e+01
 -3.62120223e+03  3.80776200e+03  8.70000000e-02  1.54440000e+01
 -3.62120223e+03  3.80776200e+03  8.70000000e-02  1.54440000e+01
 -3.62120223e+03  3.80776200e+03  8.70000000e-02  1.54440000e+01
 -3.62120223e+03  3.80776200e+03  8.70000000e-02  1.54440000e+01
 -3.62120223e+03  3.80776200e+03  8.70000000e-02  1.54440000e+01
 -3.62120223e+03  3.80776200e+03  8.70000000e-02  1.54440000e+01
 -3.62120223e+03  3.80776200e+03  8.70000000e-02  1.54440000e+01
 -3.62120223e+03  3.80776200e+03  8.70000000e-02  1.54440000e+01
 -3.62175351e+03  3.80535100e+03  8.60000000e-02  1.55660000e+01
 -3.62175351e+03  3.80535100e+03  8.60000000e-02  1.55660000e+01
 -3.62175351e+03  3.80535100e+03  8.60000000e-02  1.55660000e+01
 -3.62242418e+03  3.80735000e+03  8.60000000e-02  1.55580000e+01
 -3.62242418e+03  3.80735000e+03  8.60000000e-02  1.55580000e+01
 -3.62242418e+03  3.80735000e+03  8.60000000e-02  1.55580000e+01
 -3.62242418e+03  3.80735000e+03  8.60000000e-02  1.55580000e+01
 -3.62242418e+03  3.80735000e+03  8.60000000e-02  1.55580000e+01
 -3.62242418e+03  3.80735000e+03  8.60000000e-02  1.55580000e+01
 -3.62242418e+03  3.80735000e+03  8.60000000e-02  1.55580000e+01
 -3.62242418e+03  3.80735000e+03  8.60000000e-02  1.55580000e+01
 -3.62242418e+03  3.80735000e+03  8.60000000e-02  1.55580000e+01
 -3.62620917e+03  3.80330700e+03  8.60000000e-02  1.56790000e+01
 -3.62620917e+03  3.80330700e+03  8.60000000e-02  1.56790000e+01
 -3.62620917e+03  3.80330700e+03  8.60000000e-02  1.56790000e+01
 -3.63446084e+03  3.80696000e+03  8.60000000e-02  1.56250000e+01
 -3.63408005e+03  3.80772800e+03  8.60000000e-02  1.56340000e+01
 -3.63408005e+03  3.80772800e+03  8.60000000e-02  1.56340000e+01
 -3.63408005e+03  3.80772800e+03  8.60000000e-02  1.56340000e+01
 -3.63408005e+03  3.80772800e+03  8.60000000e-02  1.56340000e+01
 -3.63408005e+03  3.80772800e+03  8.60000000e-02  1.56340000e+01
 -3.63408005e+03  3.80772800e+03  8.60000000e-02  1.56340000e+01
 -3.63408005e+03  3.80772800e+03  8.60000000e-02  1.56340000e+01
 -3.63408005e+03  3.80772800e+03  8.60000000e-02  1.56340000e+01
 -3.63408005e+03  3.80772800e+03  8.60000000e-02  1.56340000e+01
 -3.63408005e+03  3.80772800e+03  8.60000000e-02  1.56340000e+01
 -3.64490355e+03  3.80772800e+03  8.60000000e-02  1.57120000e+01
 -3.64485320e+03  3.80585800e+03  8.60000000e-02  1.57370000e+01
 -3.64485320e+03  3.80585800e+03  8.60000000e-02  1.57370000e+01
 -3.64485320e+03  3.80585800e+03  8.60000000e-02  1.57370000e+01
 -3.64485320e+03  3.80585800e+03  8.60000000e-02  1.57370000e+01
 -3.64485320e+03  3.80585800e+03  8.60000000e-02  1.57370000e+01
 -3.64485320e+03  3.80585800e+03  8.60000000e-02  1.57370000e+01
 -3.64784889e+03  3.80795500e+03  8.60000000e-02  1.57150000e+01
 -3.64784889e+03  3.80795500e+03  8.60000000e-02  1.57150000e+01
 -3.64784889e+03  3.80795500e+03  8.60000000e-02  1.57150000e+01
 -3.64784889e+03  3.80795500e+03  8.60000000e-02  1.57150000e+01
 -3.64784889e+03  3.80795500e+03  8.60000000e-02  1.57150000e+01
 -3.64784889e+03  3.80795500e+03  8.60000000e-02  1.57150000e+01
 -3.64784889e+03  3.80795500e+03  8.60000000e-02  1.57150000e+01
 -3.64784889e+03  3.80795500e+03  8.60000000e-02  1.57150000e+01
 -3.64784889e+03  3.80795500e+03  8.60000000e-02  1.57150000e+01
 -3.64780499e+03  3.80675500e+03  8.60000000e-02  1.58110000e+01
 -3.64780499e+03  3.80675500e+03  8.60000000e-02  1.58110000e+01
 -3.64780499e+03  3.80675500e+03  8.60000000e-02  1.58110000e+01
 -3.64780499e+03  3.80675500e+03  8.60000000e-02  1.58110000e+01
 -3.64832837e+03  3.80608400e+03  8.60000000e-02  1.58500000e+01
 -3.64850756e+03  3.80489500e+03  8.60000000e-02  1.59060000e+01
 -3.64850756e+03  3.80489500e+03  8.60000000e-02  1.59060000e+01
 -3.64850756e+03  3.80489500e+03  8.60000000e-02  1.59060000e+01
 -3.64815802e+03  3.80168500e+03  8.60000000e-02  1.59970000e+01
 -3.64815802e+03  3.80168500e+03  8.60000000e-02  1.59970000e+01
 -3.64815802e+03  3.80168500e+03  8.60000000e-02  1.59970000e+01
 -3.64815802e+03  3.80168500e+03  8.60000000e-02  1.59970000e+01
 -3.64841294e+03  3.80431200e+03  8.60000000e-02  1.58540000e+01
 -3.64771722e+03  3.80342600e+03  8.60000000e-02  1.58560000e+01
 -3.64771722e+03  3.80342600e+03  8.60000000e-02  1.58560000e+01
 -3.65078960e+03  3.80441000e+03  8.60000000e-02  1.58380000e+01
 -3.65159087e+03  3.80299400e+03  9.30000000e-02  1.58440000e+01
 -3.65270760e+03  3.80385900e+03  9.30000000e-02  1.58320000e+01
 -3.65270760e+03  3.80385900e+03  9.30000000e-02  1.58320000e+01
 -3.65270760e+03  3.80385900e+03  9.30000000e-02  1.58320000e+01
 -3.65270760e+03  3.80385900e+03  9.30000000e-02  1.58320000e+01
 -3.65320041e+03  3.80648600e+03  9.30000000e-02  1.57700000e+01
 -3.65320041e+03  3.80648600e+03  9.30000000e-02  1.57700000e+01
 -3.65320041e+03  3.80648600e+03  9.30000000e-02  1.57700000e+01
 -3.65769246e+03  3.80694000e+03  9.00000000e-02  1.57820000e+01
 -3.65769246e+03  3.80694000e+03  9.00000000e-02  1.57820000e+01
 -3.65769246e+03  3.80694000e+03  9.00000000e-02  1.57820000e+01
 -3.65769246e+03  3.80694000e+03  9.00000000e-02  1.57820000e+01
 -3.65769246e+03  3.80694000e+03  9.00000000e-02  1.57820000e+01
 -3.65769246e+03  3.80694000e+03  9.00000000e-02  1.57820000e+01
 -3.65769246e+03  3.80694000e+03  9.00000000e-02  1.57820000e+01
 -3.65769246e+03  3.80694000e+03  9.00000000e-02  1.57820000e+01
 -3.65769246e+03  3.80694000e+03  9.00000000e-02  1.57820000e+01
 -3.65769246e+03  3.80694000e+03  9.00000000e-02  1.57820000e+01
 -3.65993354e+03  3.80672400e+03  9.00000000e-02  1.57860000e+01
 -3.65988616e+03  3.80695100e+03  9.10000000e-02  1.58230000e+01
 -3.65988616e+03  3.80695100e+03  9.10000000e-02  1.58230000e+01
 -3.65988616e+03  3.80695100e+03  9.10000000e-02  1.58230000e+01
 -3.65988616e+03  3.80695100e+03  9.10000000e-02  1.58230000e+01
 -3.65988616e+03  3.80695100e+03  9.10000000e-02  1.58230000e+01
 -3.66400927e+03  3.80575100e+03  9.10000000e-02  1.58230000e+01
 -3.66400927e+03  3.80575100e+03  9.10000000e-02  1.58230000e+01
 -3.66970882e+03  3.80596700e+03  9.10000000e-02  1.58230000e+01
 -3.66970882e+03  3.80596700e+03  9.10000000e-02  1.58230000e+01
 -3.66970882e+03  3.80596700e+03  9.10000000e-02  1.58230000e+01
 -3.66970882e+03  3.80596700e+03  9.10000000e-02  1.58230000e+01
 -3.66970882e+03  3.80596700e+03  9.10000000e-02  1.58230000e+01
 -3.66970882e+03  3.80596700e+03  9.10000000e-02  1.58230000e+01
 -3.66970882e+03  3.80596700e+03  9.10000000e-02  1.58230000e+01
 -3.66970882e+03  3.80596700e+03  9.10000000e-02  1.58230000e+01
 -3.66970882e+03  3.80596700e+03  9.10000000e-02  1.58230000e+01
 -3.66970882e+03  3.80596700e+03  9.10000000e-02  1.58230000e+01
 -3.66970882e+03  3.80596700e+03  9.10000000e-02  1.58230000e+01
 -3.66970882e+03  3.80596700e+03  9.10000000e-02  1.58230000e+01
 -3.67238211e+03  3.80708000e+03  9.10000000e-02  1.58040000e+01
 -3.67238277e+03  3.80619500e+03  8.80000000e-02  1.58020000e+01
 -3.67238277e+03  3.80619500e+03  8.80000000e-02  1.58020000e+01
 -3.67207102e+03  3.80522100e+03  8.80000000e-02  1.58240000e+01
 -3.67207102e+03  3.80522100e+03  8.80000000e-02  1.58240000e+01
 -3.67207102e+03  3.80522100e+03  8.80000000e-02  1.58240000e+01
 -3.67207102e+03  3.80522100e+03  8.80000000e-02  1.58240000e+01
 -3.67207102e+03  3.80522100e+03  8.80000000e-02  1.58240000e+01
 -3.67207102e+03  3.80522100e+03  8.80000000e-02  1.58240000e+01
 -3.67207102e+03  3.80522100e+03  8.80000000e-02  1.58240000e+01
 -3.67207102e+03  3.80522100e+03  8.80000000e-02  1.58240000e+01
 -3.67207102e+03  3.80522100e+03  8.80000000e-02  1.58240000e+01
 -3.67207102e+03  3.80522100e+03  8.80000000e-02  1.58240000e+01
 -3.67207102e+03  3.80522100e+03  8.80000000e-02  1.58240000e+01
 -3.67207102e+03  3.80522100e+03  8.80000000e-02  1.58240000e+01
 -3.67441930e+03  3.80523200e+03  8.80000000e-02  1.59030000e+01
 -3.67441930e+03  3.80523200e+03  8.80000000e-02  1.59030000e+01
 -3.67441930e+03  3.80523200e+03  8.80000000e-02  1.59030000e+01
 -3.67910263e+03  3.80478900e+03  8.80000000e-02  1.59370000e+01
 -3.67878274e+03  3.80413000e+03  8.80000000e-02  1.59410000e+01
 -3.67878274e+03  3.80413000e+03  8.80000000e-02  1.59410000e+01
 -3.67895713e+03  3.80578400e+03  8.70000000e-02  1.59080000e+01
 -3.67895713e+03  3.80578400e+03  8.70000000e-02  1.59080000e+01
 -3.68220101e+03  3.80600000e+03  8.80000000e-02  1.60800000e+01
 -3.68215649e+03  3.80488700e+03  8.80000000e-02  1.61090000e+01
 -3.68215649e+03  3.80488700e+03  8.80000000e-02  1.61090000e+01
 -3.68215649e+03  3.80488700e+03  8.80000000e-02  1.61090000e+01
 -3.68651995e+03  3.80555700e+03  8.90000000e-02  1.61430000e+01
 -3.68651995e+03  3.80555700e+03  8.90000000e-02  1.61430000e+01
 -3.68651995e+03  3.80555700e+03  8.90000000e-02  1.61430000e+01
 -3.68657885e+03  3.80667000e+03  9.00000000e-02  1.61420000e+01
 -3.68657885e+03  3.80667000e+03  9.00000000e-02  1.61420000e+01
 -3.68657885e+03  3.80667000e+03  9.00000000e-02  1.61420000e+01
 -3.68657885e+03  3.80667000e+03  9.00000000e-02  1.61420000e+01
 -3.68657885e+03  3.80667000e+03  9.00000000e-02  1.61420000e+01
 -3.68657885e+03  3.80667000e+03  9.00000000e-02  1.61420000e+01
 -3.68740670e+03  3.80659300e+03  9.00000000e-02  1.61450000e+01
 -3.68740670e+03  3.80659300e+03  9.00000000e-02  1.61450000e+01
 -3.68740670e+03  3.80659300e+03  9.00000000e-02  1.61450000e+01
 -3.68770907e+03  3.80516700e+03  9.00000000e-02  1.62510000e+01
 -3.68770907e+03  3.80516700e+03  9.00000000e-02  1.62510000e+01
 -3.68770907e+03  3.80516700e+03  9.00000000e-02  1.62510000e+01
 -3.68770907e+03  3.80516700e+03  9.00000000e-02  1.62510000e+01
 -3.68770907e+03  3.80516700e+03  9.00000000e-02  1.62510000e+01
 -3.68770907e+03  3.80516700e+03  9.00000000e-02  1.62510000e+01
 -3.68770907e+03  3.80516700e+03  9.00000000e-02  1.62510000e+01
 -3.68770907e+03  3.80516700e+03  9.00000000e-02  1.62510000e+01
 -3.68770907e+03  3.80516700e+03  9.00000000e-02  1.62510000e+01
 -3.68770907e+03  3.80516700e+03  9.00000000e-02  1.62510000e+01
 -3.68770907e+03  3.80516700e+03  9.00000000e-02  1.62510000e+01
 -3.68726406e+03  3.80342600e+03  9.00000000e-02  1.62590000e+01
 -3.68726406e+03  3.80342600e+03  9.00000000e-02  1.62590000e+01
 -3.68726406e+03  3.80342600e+03  9.00000000e-02  1.62590000e+01
 -3.68720677e+03  3.80388000e+03  9.00000000e-02  1.61970000e+01
 -3.68720677e+03  3.80388000e+03  9.00000000e-02  1.61970000e+01
 -3.68720677e+03  3.80388000e+03  9.00000000e-02  1.61970000e+01
 -3.68720677e+03  3.80388000e+03  9.00000000e-02  1.61970000e+01
 -3.68720677e+03  3.80388000e+03  9.00000000e-02  1.61970000e+01
 -3.68720677e+03  3.80388000e+03  9.00000000e-02  1.61970000e+01
 -3.68720677e+03  3.80388000e+03  9.00000000e-02  1.61970000e+01
 -3.68967165e+03  3.80433300e+03  9.00000000e-02  1.62010000e+01
 -3.68967165e+03  3.80433300e+03  9.00000000e-02  1.62010000e+01
 -3.69053939e+03  3.80443100e+03  9.00000000e-02  1.62620000e+01
 -3.69557163e+03  3.80510100e+03  9.00000000e-02  1.62800000e+01
 -3.69557163e+03  3.80510100e+03  9.00000000e-02  1.62800000e+01
 -3.69557163e+03  3.80510100e+03  9.00000000e-02  1.62800000e+01
 -3.69599308e+03  3.80510200e+03  8.90000000e-02  1.63120000e+01
 -3.69599308e+03  3.80510200e+03  8.90000000e-02  1.63120000e+01
 -3.69599308e+03  3.80510200e+03  8.90000000e-02  1.63120000e+01
 -3.69599308e+03  3.80510200e+03  8.90000000e-02  1.63120000e+01
 -3.69599308e+03  3.80510200e+03  8.90000000e-02  1.63120000e+01
 -3.69784293e+03  3.80697100e+03  8.90000000e-02  1.62880000e+01
 -3.69784293e+03  3.80697100e+03  8.90000000e-02  1.62880000e+01
 -3.69784293e+03  3.80697100e+03  8.90000000e-02  1.62880000e+01
 -3.69784293e+03  3.80697100e+03  8.90000000e-02  1.62880000e+01
 -3.69784293e+03  3.80697100e+03  8.90000000e-02  1.62880000e+01
 -3.69784293e+03  3.80697100e+03  8.90000000e-02  1.62880000e+01
 -3.69784293e+03  3.80697100e+03  8.90000000e-02  1.62880000e+01
 -3.69784293e+03  3.80697100e+03  8.90000000e-02  1.62880000e+01
 -3.69784293e+03  3.80697100e+03  8.90000000e-02  1.62880000e+01
 -3.69784293e+03  3.80697100e+03  8.90000000e-02  1.62880000e+01
 -3.69928580e+03  3.80765200e+03  8.90000000e-02  1.62730000e+01
 -3.69928580e+03  3.80765200e+03  8.90000000e-02  1.62730000e+01
 -3.69928580e+03  3.80765200e+03  8.90000000e-02  1.62730000e+01
 -3.69928580e+03  3.80765200e+03  8.90000000e-02  1.62730000e+01
 -3.69928580e+03  3.80765200e+03  8.90000000e-02  1.62730000e+01
 -3.69928580e+03  3.80765200e+03  8.90000000e-02  1.62730000e+01
 -3.69928580e+03  3.80765200e+03  8.90000000e-02  1.62730000e+01
 -3.69928580e+03  3.80765200e+03  8.90000000e-02  1.62730000e+01
 -3.69928580e+03  3.80765200e+03  8.90000000e-02  1.62730000e+01
 -3.69928580e+03  3.80765200e+03  8.90000000e-02  1.62730000e+01
 -3.69928580e+03  3.80765200e+03  8.90000000e-02  1.62730000e+01
 -3.69928580e+03  3.80765200e+03  8.90000000e-02  1.62730000e+01
 -3.69928580e+03  3.80765200e+03  8.90000000e-02  1.62730000e+01
 -3.69928580e+03  3.80765200e+03  8.90000000e-02  1.62730000e+01
 -3.69928580e+03  3.80765200e+03  8.90000000e-02  1.62730000e+01
 -3.69928580e+03  3.80765200e+03  8.90000000e-02  1.62730000e+01
 -3.69928580e+03  3.80765200e+03  8.90000000e-02  1.62730000e+01
 -3.69942546e+03  3.80586900e+03  8.90000000e-02  1.63090000e+01
 -3.69942546e+03  3.80586900e+03  8.90000000e-02  1.63090000e+01
 -3.70194880e+03  3.80542600e+03  8.90000000e-02  1.63670000e+01
 -3.70194880e+03  3.80542600e+03  8.90000000e-02  1.63670000e+01
 -3.70194880e+03  3.80542600e+03  8.90000000e-02  1.63670000e+01
 -3.70194880e+03  3.80542600e+03  8.90000000e-02  1.63670000e+01
 -3.70833364e+03  3.80574000e+03  8.90000000e-02  1.64510000e+01
 -3.70864081e+03  3.80508100e+03  8.90000000e-02  1.64520000e+01
 -3.70864081e+03  3.80508100e+03  8.90000000e-02  1.64520000e+01
 -3.70864081e+03  3.80508100e+03  8.90000000e-02  1.64520000e+01
 -3.70864081e+03  3.80508100e+03  8.90000000e-02  1.64520000e+01
 -3.70864081e+03  3.80508100e+03  8.90000000e-02  1.64520000e+01
 -3.70864081e+03  3.80508100e+03  8.90000000e-02  1.64520000e+01
 -3.70864081e+03  3.80508100e+03  8.90000000e-02  1.64520000e+01
 -3.70885326e+03  3.80606600e+03  8.90000000e-02  1.64520000e+01
 -3.70950004e+03  3.80650800e+03  8.90000000e-02  1.64460000e+01
 -3.70950004e+03  3.80650800e+03  8.90000000e-02  1.64460000e+01
 -3.70950004e+03  3.80650800e+03  8.90000000e-02  1.64460000e+01
 -3.70950004e+03  3.80650800e+03  8.90000000e-02  1.64460000e+01
 -3.70975265e+03  3.80740500e+03  8.90000000e-02  1.64000000e+01
 -3.70975265e+03  3.80740500e+03  8.90000000e-02  1.64000000e+01
 -3.70975265e+03  3.80740500e+03  8.90000000e-02  1.64000000e+01
 -3.70975265e+03  3.80740500e+03  8.90000000e-02  1.64000000e+01
 -3.70975265e+03  3.80740500e+03  8.90000000e-02  1.64000000e+01
 -3.70975265e+03  3.80740500e+03  8.90000000e-02  1.64000000e+01
 -3.70975265e+03  3.80740500e+03  8.90000000e-02  1.64000000e+01