     0.00000000     0.00800000     0.00600000     0.00000000
     0.00100000     0.00300000     0.00800000     0.00000000
     0.00100000     0.00400000     0.00800000     0.00000000
     0.00100000     0.00600000     0.00600000     0.00000000
     0.00100000     0.00700000     0.00600000     0.00000000
     0.00100000     0.00800000     0.00500000     0.00000000
     0.00100000     0.00800000     0.00600000     0.00000000
     0.00100000     0.01000000     0.00400000     0.00000000
     0.00100000     0.01100000     0.00400000     0.00000000
     0.00100000     0.01200000     0.00400000     0.00000000
     0.00100000     0.01300000     0.00400000     0.00000000
     0.00100000     0.01400000     0.00400000     0.00000000
     0.00100000     0.01500000     0.00400000     0.00000000
     0.00100000     0.01600000     0.00400000     0.00000000
     0.00100000     0.01700000     0.00400000     0.00000000
     0.00100000     0.01800000     0.00400000     0.00000000
     0.00100000     0.01900000     0.00400000     0.00000000
     0.00100000     0.02200000     0.00500000     0.00000000
     0.00100000     0.02200000     0.00600000     0.00000000
     0.00100000     0.02300000     0.00600000     0.00000000
     0.00100000     0.02400000     0.00600000     0.00000000
     0.00100000     0.02600000     0.00800000     0.00000000
     0.00200000     0.00200000     0.00800000     0.00000000
     0.00200000     0.00300000     0.00700000     0.00000000
     0.00200000     0.00300000     0.00800000     0.00000000
     0.00200000     0.00400000     0.00700000     0.00000000
     0.00200000     0.00400000     0.00800000     0.00000000
     0.00200000     0.00500000     0.00600000     0.00000000
     0.00200000     0.00600000     0.00500000     0.00000000
     0.00200000     0.00600000     0.00600000     0.00000000
     0.00200000     0.00700000     0.00500000     0.00000000
     0.00200000     0.00700000     0.00600000     0.00000000
     0.00200000     0.00800000     0.00400000     0.00000000
     0.00200000     0.00800000     0.00500000     0.00000000
     0.00200000     0.00800000     0.00600000     0.00000000
     0.00200000     0.00900000     0.00400000     0.00000000
     0.00200000     0.01000000     0.00400000     0.00000000
     0.00200000     0.01100000     0.00400000     0.00000000
     0.00200000     0.01200000     0.00300000   -38.78248364
     0.00200000     0.01200000     0.00400000     0.00000000
     0.00200000     0.01300000     0.00300000    22.31385471
     0.00200000     0.01300000     0.00400000     0.00000000
     0.00200000     0.01400000     0.00300000    41.85988249
     0.00200000     0.01400000     0.00400000     0.00000000
     0.00200000     0.01500000     0.00300000    43.12524868
     0.00200000     0.01500000     0.00400000     0.00000000
     0.00200000     0.01600000     0.00300000    17.60410770
     0.00200000     0.01600000     0.00400000     0.00000000
     0.00200000     0.01700000     0.00300000    -7.66878056
     0.00200000     0.01700000     0.00400000     0.00000000
     0.00200000     0.01800000     0.00300000    26.83410414
     0.00200000     0.01800000     0.00400000     0.00000000
     0.00200000     0.01900000     0.00400000     0.00000000
     0.00200000     0.02000000     0.00400000     0.00000000
     0.00200000     0.02100000     0.00400000     0.00000000
     0.00200000     0.02200000     0.00400000     0.00000000
     0.00200000     0.02200000     0.00500000     0.00000000
     0.00200000     0.02200000     0.00600000     0.00000000
     0.00200000     0.02300000     0.00500000     0.00000000
     0.00200000     0.02300000     0.00600000     0.00000000
     0.00200000     0.02400000     0.00500000     0.00000000
     0.00200000     0.02400000     0.00600000     0.00000000
     0.00200000     0.02500000     0.00600000     0.00000000
     0.00200000     0.02600000     0.00700000     0.00000000
     0.00200000     0.02600000     0.00800000     0.00000000
     0.00200000     0.02700000     0.00800000     0.00000000
     0.00200000     0.03000000     0.01000000     0.00000000
     0.00300000     0.00200000     0.00800000     0.00000000
     0.00300000     0.00400000     0.00600000     0.00000000
     0.00300000     0.00700000     0.00400000     0.00000000
     0.00300000     0.00800000     0.00400000     0.00000000
     0.00300000     0.00900000     0.00400000     0.00000000
     0.00300000     0.01000000     0.00300000    29.01678660
     0.00300000     0.01000000     0.00400000     0.00000000
     0.00300000     0.02000000     0.00300000    18.31953928
     0.00300000     0.02000000     0.00400000     0.00000000
     0.00300000     0.02100000     0.00400000     0.00000000
     0.00300000     0.02200000     0.00400000     0.00000000
     0.00300000     0.02300000     0.00400000     0.00000000
     0.00300000     0.02400000     0.00500000     0.00000000
     0.00300000     0.02400000     0.00600000     0.00000000
     0.00300000     0.02500000     0.00600000     0.00000000
     0.00300000     0.02600000     0.00600000     0.00000000
     0.00300000     0.02800000     0.00800000     0.00000000
     0.00300000     0.03000000     0.01000000     0.00000000
     0.00300000     0.03200000     0.01200000     0.00000000
     0.00400000     0.00100000     0.00800000     0.00000000
     0.00400000     0.00200000     0.00700000     0.00000000
     0.00400000     0.00200000     0.00800000     0.00000000
     0.00400000     0.00400000     0.00600000     0.00000000
     0.00400000     0.00600000     0.00400000     0.00000000
     0.00400000     0.00700000     0.00400000     0.00000000
     0.00400000     0.00800000     0.00400000     0.00000000
     0.00400000     0.00900000     0.00300000    33.52237844
     0.00400000     0.00900000     0.00400000     0.00000000
     0.00400000     0.01000000     0.00300000     0.78149701
     0.00400000     0.01000000     0.00400000     0.00000000
     0.00400000     0.02000000     0.00300000    23.75980596
     0.00400000     0.02000000     0.00400000     0.00000000
     0.00400000     0.02100000     0.00300000    16.03609592
     0.00400000     0.02100000     0.00400000     0.00000000
     0.00400000     0.02200000     0.00400000     0.00000000
     0.00400000     0.02300000     0.00400000     0.00000000
     0.00400000     0.02400000     0.00500000     0.00000000
     0.00400000     0.02400000     0.00600000     0.00000000
     0.00400000     0.02500000     0.00500000     0.00000000
     0.00400000     0.02500000     0.00600000     0.00000000
     0.00400000     0.02600000     0.00600000     0.00000000
     0.00400000     0.02800000     0.00800000     0.00000000
     0.00400000     0.02900000     0.00800000     0.00000000
     0.00400000     0.03000000     0.00900000     0.00000000
     0.00400000     0.03000000     0.01000000     0.00000000
     0.00400000     0.03100000     0.01000000     0.00000000
     0.00400000     0.03200000     0.01100000     0.00000000
     0.00400000     0.03200000     0.01200000     0.00000000
     0.00400000     0.03400000     0.01500000     0.00000000
     0.00400000     0.03400000     0.01600000     0.00000000
     0.00400000     0.03500000     0.01600000     0.00000000
     0.00400000     0.03600000     0.01800000     0.00000000
     0.00400000     0.03800000     0.02100000     0.00000000
     0.00400000     0.03800000     0.02200000     0.00000000
     0.00400000     0.04000000     0.02400000     0.00000000
     0.00400000     0.04200000     0.02500000     0.00000000
     0.00400000     0.04200000     0.02600000     0.00000000
     0.00400000     0.04300000     0.02600000     0.00000000
     0.00400000     0.04400000     0.02700000     0.00000000
     0.00400000     0.04400000     0.02800000     0.00000000
     0.00400000     0.04500000     0.02800000     0.00000000
     0.00500000     0.00100000     0.00800000     0.00000000
     0.00500000     0.00200000     0.00700000     0.00000000
     0.00500000     0.00200000     0.00800000     0.00000000
     0.00500000     0.00300000     0.00600000     0.00000000
     0.00500000     0.00400000     0.00600000     0.00000000
     0.00500000     0.00600000     0.00400000     0.00000000
     0.00500000     0.00700000     0.00400000     0.00000000
     0.00500000     0.00800000     0.00400000     0.00000000
     0.00500000     0.01300000     0.00200000    50.24724791
     0.00500000     0.01400000     0.00200000   -62.88708011
     0.00500000     0.01500000     0.00200000    61.32544416
     0.00500000     0.01600000     0.00200000   -89.68407091
     0.00500000     0.02200000     0.00400000     0.00000000
     0.00500000     0.02300000     0.00400000     0.00000000
     0.00500000     0.02600000     0.00600000     0.00000000
     0.00500000     0.02800000     0.00700000     0.00000000
     0.00500000     0.02800000     0.00800000     0.00000000
     0.00500000     0.02900000     0.00800000     0.00000000
     0.00500000     0.03000000     0.00900000     0.00000000
     0.00500000     0.03000000     0.01000000     0.00000000
     0.00500000     0.03100000     0.01000000     0.00000000
     0.00500000     0.03200000     0.01100000     0.00000000
     0.00500000     0.03200000     0.01200000     0.00000000
     0.00500000     0.03400000     0.01400000     0.00000000
     0.00500000     0.03400000     0.01500000     0.00000000
     0.00500000     0.03400000     0.01600000     0.00000000
     0.00500000     0.03500000     0.01600000     0.00000000
     0.00500000     0.03600000     0.01800000     0.00000000
     0.00500000     0.03600000     0.01900000     0.00000000
     0.00500000     0.03600000     0.02000000     0.00000000
     0.00500000     0.03700000     0.01900000     0.00000000
     0.00500000     0.03700000     0.02000000     0.00000000
     0.00500000     0.03800000     0.02100000     0.00000000
     0.00500000     0.03800000     0.02200000     0.00000000
     0.00500000     0.03900000     0.02200000     0.00000000
     0.00500000     0.04000000     0.02300000     0.00000000
     0.00500000     0.04000000     0.02400000     0.00000000
     0.00500000     0.04100000     0.02400000     0.00000000
     0.00500000     0.04200000     0.02500000     0.00000000
     0.00500000     0.04200000     0.02600000     0.00000000
     0.00500000     0.04300000     0.02600000     0.00000000
     0.00500000     0.04400000     0.02700000     0.00000000
     0.00500000     0.04400000     0.02800000     0.00000000
     0.00500000     0.04500000     0.02800000     0.00000000
     0.00500000     0.04600000     0.02900000     0.00000000
     0.00500000     0.04600000     0.03000000     0.00000000
     0.00500000     0.04700000     0.02900000     0.00000000
     0.00500000     0.04700000     0.03000000     0.00000000
     0.00500000     0.04800000     0.03000000     0.00000000
     0.00600000     0.00100000     0.00800000     0.00000000
     0.00600000     0.00200000     0.00700000     0.00000000
     0.00600000     0.00200000     0.00800000     0.00000000
     0.00600000     0.00300000     0.00600000     0.00000000
     0.00600000     0.00400000     0.00600000     0.00000000
     0.00600000     0.00600000     0.00400000     0.00000000
     0.00600000     0.00700000     0.00400000     0.00000000
     0.00600000     0.00800000     0.00400000     0.00000000
     0.00600000     0.01300000     0.00200000    55.34513054
     0.00600000     0.01400000     0.00200000    56.21913326
     0.00600000     0.01500000     0.00200000    63.58195081
     0.00600000     0.01600000     0.00200000    62.94554078
     0.00600000     0.02200000     0.00400000     0.00000000
     0.00600000     0.02300000     0.00400000     0.00000000
     0.00600000     0.02600000     0.00600000     0.00000000
     0.00600000     0.02800000     0.00700000     0.00000000
     0.00600000     0.02800000     0.00800000     0.00000000
     0.00600000     0.02900000     0.00800000     0.00000000
     0.00600000     0.03000000     0.00900000     0.00000000
     0.00600000     0.03000000     0.01000000     0.00000000
     0.00600000     0.03100000     0.01000000     0.00000000
     0.00600000     0.03200000     0.01100000     0.00000000
     0.00600000     0.03200000     0.01200000     0.00000000
     0.00600000     0.03400000     0.01400000     0.00000000
     0.00600000     0.03400000     0.01500000     0.00000000
     0.00600000     0.03400000     0.01600000     0.00000000
     0.00600000     0.03500000     0.01600000     0.00000000
     0.00600000     0.03600000     0.01800000     0.00000000
     0.00600000     0.03600000     0.01900000     0.00000000
     0.00600000     0.03600000     0.02000000     0.00000000
     0.00600000     0.03700000     0.01900000     0.00000000
     0.00600000     0.03700000     0.02000000     0.00000000
     0.00600000     0.03800000     0.02100000     0.00000000
     0.00600000     0.03800000     0.02200000     0.00000000
     0.00600000     0.03900000     0.02200000     0.00000000
     0.00600000     0.04000000     0.02300000     0.00000000
     0.00600000     0.04000000     0.02400000     0.00000000
     0.00600000     0.04100000     0.02400000     0.00000000
     0.00600000     0.04200000     0.02500000     0.00000000
     0.00600000     0.04200000     0.02600000     0.00000000
     0.00600000     0.04300000     0.02600000     0.00000000
     0.00600000     0.04400000     0.02700000     0.00000000
     0.00600000     0.04400000     0.02800000     0.00000000
     0.00600000     0.04500000     0.02800000     0.00000000
     0.00600000     0.04600000     0.02900000     0.00000000
     0.00600000     0.04600000     0.03000000     0.00000000
     0.00600000     0.04700000     0.02900000     0.00000000
     0.00600000     0.04700000     0.03000000     0.00000000
     0.00600000     0.04800000     0.03000000     0.00000000
     0.00700000     0.00100000     0.00800000     0.00000000
     0.00700000     0.00200000     0.00700000     0.00000000
     0.00700000     0.00200000     0.00800000     0.00000000
     0.00700000     0.00300000     0.00600000     0.00000000
     0.00700000     0.00400000     0.00600000     0.00000000
     0.00700000     0.00600000     0.00400000     0.00000000
     0.00700000     0.00700000     0.00400000     0.00000000
     0.00700000     0.00800000     0.00400000     0.00000000
     0.00700000     0.01300000     0.00200000    50.28654888
     0.00700000     0.01400000     0.00200000   -62.94879136
     0.00700000     0.01500000     0.00200000    61.39990419
     0.00700000     0.01600000     0.00200000   -89.76842077
     0.00700000     0.02200000     0.00400000     0.00000000
     0.00700000     0.02300000     0.00400000     0.00000000
     0.00700000     0.02600000     0.00600000     0.00000000
     0.00700000     0.02800000     0.00700000     0.00000000
     0.00700000     0.02800000     0.00800000     0.00000000
     0.00700000     0.02900000     0.00800000     0.00000000
     0.00700000     0.03000000     0.00900000     0.00000000
     0.00700000     0.03000000     0.01000000     0.00000000
     0.00700000     0.03100000     0.01000000     0.00000000
     0.00700000     0.03200000     0.01100000     0.00000000
     0.00700000     0.03200000     0.01200000     0.00000000
     0.00700000     0.03400000     0.01400000     0.00000000
     0.00700000     0.03400000     0.01500000     0.00000000
     0.00700000     0.03400000     0.01600000     0.00000000
     0.00700000     0.03500000     0.01600000     0.00000000
     0.00700000     0.03600000     0.01800000     0.00000000
     0.00700000     0.03600000     0.01900000     0.00000000
     0.00700000     0.03600000     0.02000000     0.00000000
     0.00700000     0.03700000     0.01900000     0.00000000
     0.00700000     0.03700000     0.02000000     0.00000000
     0.00700000     0.03800000     0.02100000     0.00000000
     0.00700000     0.03800000     0.02200000     0.00000000
     0.00700000     0.03900000     0.02200000     0.00000000
     0.00700000     0.04000000     0.02300000     0.00000000
     0.00700000     0.04000000     0.02400000     0.00000000
     0.00700000     0.04100000     0.02400000     0.00000000
     0.00700000     0.04200000     0.02500000     0.00000000
     0.00700000     0.04200000     0.02600000     0.00000000
     0.00700000     0.04300000     0.02600000     0.00000000
     0.00700000     0.04400000     0.02700000     0.00000000
     0.00700000     0.04400000     0.02800000     0.00000000
     0.00700000     0.04500000     0.02800000     0.00000000
     0.00700000     0.04600000     0.02900000     0.00000000
     0.00700000     0.04600000     0.03000000     0.00000000
     0.00700000     0.04700000     0.02900000     0.00000000
     0.00700000     0.04700000     0.03000000     0.00000000
     0.00700000     0.04800000     0.03000000     0.00000000
     0.00800000     0.00100000     0.00800000     0.00000000
     0.00800000     0.00200000     0.00700000     0.00000000
     0.00800000     0.00200000     0.00800000     0.00000000
     0.00800000     0.00400000     0.00600000     0.00000000
     0.00800000     0.00600000     0.00400000     0.00000000
     0.00800000     0.00700000     0.00400000     0.00000000
     0.00800000     0.00800000     0.00400000     0.00000000
     0.00800000     0.00900000     0.00300000    33.52213621
     0.00800000     0.00900000     0.00400000     0.00000000
     0.00800000     0.01000000     0.00300000     0.78095695
     0.00800000     0.01000000     0.00400000     0.00000000
     0.00800000     0.02000000     0.00300000    23.75793458
     0.00800000     0.02000000     0.00400000     0.00000000
     0.00800000     0.02100000     0.00300000    16.03717013
     0.00800000     0.02100000     0.00400000     0.00000000
     0.00800000     0.02200000     0.00400000     0.00000000
     0.00800000     0.02300000     0.00400000     0.00000000
     0.00800000     0.02400000     0.00500000     0.00000000
     0.00800000     0.02400000     0.00600000     0.00000000
     0.00800000     0.02500000     0.00500000     0.00000000
     0.00800000     0.02500000     0.00600000     0.00000000
     0.00800000     0.02600000     0.00600000     0.00000000
     0.00800000     0.02800000     0.00800000     0.00000000
     0.00800000     0.02900000     0.00800000     0.00000000
     0.00800000     0.03000000     0.00900000     0.00000000
     0.00800000     0.03000000     0.01000000     0.00000000
     0.00800000     0.03100000     0.01000000     0.00000000
     0.00800000     0.03200000     0.01100000     0.00000000
     0.00800000     0.03200000     0.01200000     0.00000000
     0.00800000     0.03400000     0.01500000     0.00000000
     0.00800000     0.03400000     0.01600000     0.00000000
     0.00800000     0.03500000     0.01600000     0.00000000
     0.00800000     0.03600000     0.01800000     0.00000000
     0.00800000     0.03800000     0.02100000     0.00000000
     0.00800000     0.03800000     0.02200000     0.00000000
     0.00800000     0.04000000     0.02400000     0.00000000
     0.00800000     0.04200000     0.02500000     0.00000000
     0.00800000     0.04200000     0.02600000     0.00000000
     0.00800000     0.04300000     0.02600000     0.00000000
     0.00800000     0.04400000     0.02700000     0.00000000
     0.00800000     0.04400000     0.02800000     0.00000000
     0.00800000     0.04500000     0.02800000     0.00000000
     0.00900000     0.00200000     0.00800000     0.00000000
     0.00900000     0.00400000     0.00600000     0.00000000
     0.00900000     0.00500000     0.00500000     0.00000000
     0.00900000     0.00500000     0.00600000     0.00000000
     0.00900000     0.00600000     0.00500000     0.00000000
     0.00900000     0.00600000     0.00600000     0.00000000
     0.00900000     0.00700000     0.00400000     0.00000000
     0.00900000     0.00800000     0.00400000     0.00000000
     0.00900000     0.00900000     0.00400000     0.00000000
     0.00900000     0.01000000     0.00300000    29.01761212
     0.00900000     0.01000000     0.00400000     0.00000000
     0.00900000     0.01100000     0.00300000    12.52284044
     0.00900000     0.01100000     0.00400000     0.00000000
     0.00900000     0.01200000     0.00300000    62.62650133
     0.00900000     0.01200000     0.00400000     0.00000000
     0.00900000     0.01800000     0.00300000    21.25521451
     0.00900000     0.01800000     0.00400000     0.00000000
     0.00900000     0.01900000     0.00300000    23.49321286
     0.00900000     0.01900000     0.00400000     0.00000000
     0.00900000     0.02000000     0.00300000    18.31910541
     0.00900000     0.02000000     0.00400000     0.00000000
     0.00900000     0.02100000     0.00400000     0.00000000
     0.00900000     0.02200000     0.00400000     0.00000000
     0.00900000     0.02300000     0.00400000     0.00000000
     0.00900000     0.02400000     0.00500000     0.00000000
     0.00900000     0.02400000     0.00600000     0.00000000
     0.00900000     0.02500000     0.00600000     0.00000000
     0.00900000     0.02600000     0.00600000     0.00000000
     0.00900000     0.02600000     0.00700000     0.00000000
     0.00900000     0.02600000     0.00800000     0.00000000
     0.00900000     0.02700000     0.00700000     0.00000000
     0.00900000     0.02700000     0.00800000     0.00000000
     0.00900000     0.02800000     0.00800000     0.00000000
     0.00900000     0.03000000     0.01000000     0.00000000
     0.00900000     0.03200000     0.01200000     0.00000000
     0.01000000     0.00200000     0.00800000     0.00000000
     0.01000000     0.00300000     0.00700000     0.00000000
     0.01000000     0.00300000     0.00800000     0.00000000
     0.01000000     0.00400000     0.00700000     0.00000000
     0.01000000     0.00400000     0.00800000     0.00000000
     0.01000000     0.00500000     0.00600000     0.00000000
     0.01000000     0.00600000     0.00500000     0.00000000
     0.01000000     0.00600000     0.00600000     0.00000000
     0.01000000     0.00700000     0.00500000     0.00000000
     0.01000000     0.00700000     0.00600000     0.00000000
     0.01000000     0.00800000     0.00400000     0.00000000
     0.01000000     0.00800000     0.00500000     0.00000000
     0.01000000     0.00800000     0.00600000     0.00000000
     0.01000000     0.00900000     0.00400000     0.00000000
     0.01000000     0.01000000     0.00400000     0.00000000
     0.01000000     0.01100000     0.00400000     0.00000000
     0.01000000     0.01200000     0.00300000   -38.77428767
     0.01000000     0.01200000     0.00400000     0.00000000
     0.01000000     0.01300000     0.00300000    22.32047564
     0.01000000     0.01300000     0.00400000     0.00000000
     0.01000000     0.01400000     0.00300000    41.86763078
     0.01000000     0.01400000     0.00400000     0.00000000
     0.01000000     0.01500000     0.00300000    43.12982597
     0.01000000     0.01500000     0.00400000     0.00000000
     0.01000000     0.01600000     0.00300000    17.60393550
     0.01000000     0.01600000     0.00400000     0.00000000
     0.01000000     0.01700000     0.00300000    -7.65895568
     0.01000000     0.01700000     0.00400000     0.00000000
     0.01000000     0.01800000     0.00300000    26.83339062
     0.01000000     0.01800000     0.00400000     0.00000000
     0.01000000     0.01900000     0.00400000     0.00000000
     0.01000000     0.02000000     0.00400000     0.00000000
     0.01000000     0.02100000     0.00400000     0.00000000
     0.01000000     0.02200000     0.00400000     0.00000000
     0.01000000     0.02200000     0.00500000     0.00000000
     0.01000000     0.02200000     0.00600000     0.00000000
     0.01000000     0.02300000     0.00500000     0.00000000
     0.01000000     0.02300000     0.00600000     0.00000000
     0.01000000     0.02400000     0.00500000     0.00000000
     0.01000000     0.02400000     0.00600000     0.00000000
     0.01000000     0.02500000     0.00600000     0.00000000
     0.01000000     0.02600000     0.00700000     0.00000000
     0.01000000     0.02600000     0.00800000     0.00000000
     0.01000000     0.02700000     0.00800000     0.00000000
     0.01000000     0.03000000     0.01000000     0.00000000
     0.01100000     0.00300000     0.00800000     0.00000000
     0.01100000     0.00400000     0.00800000     0.00000000
     0.01100000     0.00600000     0.00600000     0.00000000
     0.01100000     0.00700000     0.00600000     0.00000000
     0.01100000     0.00800000     0.00500000     0.00000000
     0.01100000     0.00800000     0.00600000     0.00000000
     0.01100000     0.01000000     0.00400000     0.00000000
     0.01100000     0.01100000     0.00400000     0.00000000
     0.01100000     0.01200000     0.00400000     0.00000000
     0.01100000     0.01300000     0.00400000     0.00000000
     0.01100000     0.01400000     0.00400000     0.00000000
     0.01100000     0.01500000     0.00400000     0.00000000
     0.01100000     0.01600000     0.00400000     0.00000000
     0.01100000     0.01700000     0.00400000     0.00000000
     0.01100000     0.01800000     0.00400000     0.00000000
     0.01100000     0.01900000     0.00400000     0.00000000
     0.01100000     0.02200000     0.00500000     0.00000000
     0.01100000     0.02200000     0.00600000     0.00000000
     0.01100000     0.02300000     0.00600000     0.00000000
     0.01100000     0.02400000     0.00600000     0.00000000
     0.01100000     0.02600000     0.00800000     0.00000000
     0.01200000     0.00800000     0.00600000     0.00000000
     0.00000000     0.00200000     0.01100000     0.00000000
     0.00000000     0.00300000     0.01000000     0.00000000
     0.00000000     0.00300000     0.01100000     0.00000000
     0.00000000     0.00400000     0.00900000     0.00000000
     0.00000000     0.00400000     0.01000000     0.00000000
     0.00000000     0.00500000     0.00800000     0.00000000
     0.00000000     0.00500000     0.00900000     0.00000000
     0.00000000     0.00600000     0.00800000     0.00000000
     0.00000000     0.00700000     0.00700000     0.00000000
     0.00000000     0.00700000     0.00800000     0.00000000
     0.00000000     0.00800000     0.00600000     0.00000000
     0.00000000     0.00800000     0.00700000     0.00000000
     0.00000000     0.00900000     0.00600000     0.00000000
     0.00000000     0.01000000     0.00600000     0.00000000
     0.00000000     0.01100000     0.00500000     0.00000000
     0.00000000     0.01100000     0.00600000     0.00000000
     0.00000000     0.01200000     0.00500000     0.00000000
     0.00000000     0.01300000     0.00500000     0.00000000
     0.00000000     0.01400000     0.00500000     0.00000000
     0.00000000     0.01500000     0.00500000     0.00000000
     0.00000000     0.01600000     0.00500000     0.00000000
     0.00000000     0.01700000     0.00500000     0.00000000
     0.00000000     0.01800000     0.00500000     0.00000000
     0.00000000     0.01800000     0.00600000     0.00000000
     0.00000000     0.01900000     0.00500000     0.00000000
     0.00000000     0.01900000     0.00600000     0.00000000
     0.00000000     0.02000000     0.00600000     0.00000000
     0.00000000     0.02100000     0.00600000     0.00000000
     0.00000000     0.02100000     0.00700000     0.00000000
     0.00000000     0.02200000     0.00700000     0.00000000
     0.00000000     0.02200000     0.00800000     0.00000000
     0.00000000     0.02300000     0.00700000     0.00000000
     0.00000000     0.02300000     0.00800000     0.00000000
     0.00000000     0.02400000     0.00800000     0.00000000
     0.00000000     0.02500000     0.00800000     0.00000000
     0.00000000     0.02500000     0.00900000     0.00000000
     0.00000000     0.02500000     0.01000000     0.00000000
     0.00000000     0.02600000     0.00900000     0.00000000
     0.00000000     0.02600000     0.01000000     0.00000000
     0.00000000     0.02700000     0.01000000     0.00000000
     0.00000000     0.02700000     0.01100000     0.00000000
     0.00000000     0.02700000     0.01200000     0.00000000
     0.00000000     0.02800000     0.01100000     0.00000000
     0.00000000     0.02800000     0.01200000     0.00000000
     0.00000000     0.02900000     0.01200000     0.00000000
     0.00100000     0.00100000     0.01000000     0.00000000
     0.00100000     0.00200000     0.00900000     0.00000000
     0.00100000     0.00200000     0.01000000     0.00000000
     0.00100000     0.00200000     0.01100000     0.00000000
     0.00100000     0.00300000     0.00800000     0.00000000
     0.00100000     0.00300000     0.00900000     0.00000000
     0.00100000     0.00300000     0.01000000     0.00000000
     0.00100000     0.00300000     0.01100000     0.00000000
     0.00100000     0.00400000     0.00800000     0.00000000
     0.00100000     0.00400000     0.00900000     0.00000000
     0.00100000     0.00400000     0.01000000     0.00000000
     0.00100000     0.00500000     0.00700000     0.00000000
     0.00100000     0.00500000     0.00800000     0.00000000
     0.00100000     0.00500000     0.00900000     0.00000000
     0.00100000     0.00600000     0.00600000     0.00000000
     0.00100000     0.00600000     0.00700000     0.00000000
     0.00100000     0.00600000     0.00800000     0.00000000
     0.00100000     0.00700000     0.00600000     0.00000000
     0.00100000     0.00700000     0.00700000     0.00000000
     0.00100000     0.00700000     0.00800000     0.00000000
     0.00100000     0.00800000     0.00500000     0.00000000
     0.00100000     0.00800000     0.00600000     0.00000000
     0.00100000     0.00800000     0.00700000     0.00000000
     0.00100000     0.00900000     0.00500000     0.00000000
     0.00100000     0.00900000     0.00600000     0.00000000
     0.00100000     0.01000000     0.00400000     0.00000000
     0.00100000     0.01000000     0.00500000     0.00000000
     0.00100000     0.01000000     0.00600000     0.00000000
     0.00100000     0.01100000     0.00400000     0.00000000
     0.00100000     0.01100000     0.00500000     0.00000000
     0.00100000     0.01100000     0.00600000     0.00000000
     0.00100000     0.01200000     0.00400000     0.00000000
     0.00100000     0.01200000     0.00500000     0.00000000
     0.00100000     0.01300000     0.00400000     0.00000000
     0.00100000     0.01300000     0.00500000     0.00000000
     0.00100000     0.01400000     0.00400000     0.00000000
     0.00100000     0.01400000     0.00500000     0.00000000
     0.00100000     0.01500000     0.00400000     0.00000000
     0.00100000     0.01500000     0.00500000     0.00000000
     0.00100000     0.01600000     0.00400000     0.00000000
     0.00100000     0.01600000     0.00500000     0.00000000
     0.00100000     0.01700000     0.00400000     0.00000000
     0.00100000     0.01700000     0.00500000     0.00000000
     0.00100000     0.01800000     0.00400000     0.00000000
     0.00100000     0.01800000     0.00500000     0.00000000
     0.00100000     0.01800000     0.00600000     0.00000000
     0.00100000     0.01900000     0.00400000     0.00000000
     0.00100000     0.01900000     0.00500000     0.00000000
     0.00100000     0.01900000     0.00600000     0.00000000
     0.00100000     0.02000000     0.00500000     0.00000000
     0.00100000     0.02000000     0.00600000     0.00000000
     0.00100000     0.02100000     0.00500000     0.00000000
     0.00100000     0.02100000     0.00600000     0.00000000
     0.00100000     0.02100000     0.00700000     0.00000000
     0.00100000     0.02200000     0.00500000     0.00000000
     0.00100000     0.02200000     0.00600000     0.00000000
     0.00100000     0.02200000     0.00700000     0.00000000
     0.00100000     0.02200000     0.00800000     0.00000000
     0.00100000     0.02300000     0.00600000     0.00000000
     0.00100000     0.02300000     0.00700000     0.00000000
     0.00100000     0.02300000     0.00800000     0.00000000
     0.00100000     0.02400000     0.00600000     0.00000000
     0.00100000     0.02400000     0.00700000     0.00000000
     0.00100000     0.02400000     0.00800000     0.00000000
     0.00100000     0.02500000     0.00700000     0.00000000
     0.00100000     0.02500000     0.00800000     0.00000000
     0.00100000     0.02500000     0.00900000     0.00000000
     0.00100000     0.02500000     0.01000000     0.00000000
     0.00100000     0.02600000     0.00800000     0.00000000
     0.00100000     0.02600000     0.00900000     0.00000000
     0.00100000     0.02600000     0.01000000     0.00000000
     0.00100000     0.02700000     0.00900000     0.00000000
     0.00100000     0.02700000     0.01000000     0.00000000
     0.00100000     0.02700000     0.01100000     0.00000000
     0.00100000     0.02700000     0.01200000     0.00000000
     0.00100000     0.02800000     0.00900000     0.00000000
     0.00100000     0.02800000     0.01000000     0.00000000
     0.00100000     0.02800000     0.01100000     0.00000000
     0.00100000     0.02800000     0.01200000     0.00000000
     0.00100000     0.02900000     0.01000000     0.00000000
     0.00100000     0.02900000     0.01100000     0.00000000
     0.00100000     0.02900000     0.01200000     0.00000000
     0.00100000     0.03000000     0.01100000     0.00000000
     0.00100000     0.03000000     0.01200000     0.00000000
     0.00100000     0.03100000     0.01200000     0.00000000
     0.00200000     0.00000000     0.01000000     0.00000000
     0.00200000     0.00100000     0.00900000     0.00000000
     0.00200000     0.00100000     0.01000000     0.00000000
     0.00200000     0.00200000     0.00800000     0.00000000
     0.00200000     0.00200000     0.00900000     0.00000000
     0.00200000     0.00200000     0.01000000     0.00000000
     0.00200000     0.00300000     0.00700000     0.00000000
     0.00200000     0.00300000     0.00800000     0.00000000
     0.00200000     0.00300000     0.00900000     0.00000000
     0.00200000     0.00400000     0.00700000     0.00000000
     0.00200000     0.00400000     0.00800000     0.00000000
     0.00200000     0.00500000     0.00600000     0.00000000
     0.00200000     0.00500000     0.00700000     0.00000000
     0.00200000     0.00500000     0.00800000     0.00000000
     0.00200000     0.00600000     0.00500000     0.00000000
     0.00200000     0.00600000     0.00600000     0.00000000
     0.00200000     0.00600000     0.00700000     0.00000000
     0.00200000     0.00700000     0.00500000     0.00000000
     0.00200000     0.00800000     0.00400000     0.00000000
     0.00200000     0.00800000     0.00500000     0.00000000
     0.00200000     0.00900000     0.00400000     0.00000000
     0.00200000     0.00900000     0.00500000     0.00000000
     0.00200000     0.01000000     0.00400000     0.00000000
     0.00200000     0.01000000     0.00500000     0.00000000
     0.00200000     0.01100000     0.00400000     0.00000000
     0.00200000     0.01200000     0.00300000   -38.78248364
     0.00200000     0.01200000     0.00400000     0.00000000
     0.00200000     0.01300000     0.00300000    22.31385471
     0.00200000     0.01400000     0.00300000    41.85988249
     0.00200000     0.01500000     0.00300000    43.12524868
     0.00200000     0.01600000     0.00300000    17.60410770
     0.00200000     0.01700000     0.00300000    -7.66878056
     0.00200000     0.01700000     0.00400000     0.00000000
     0.00200000     0.01800000     0.00300000    26.83410414
     0.00200000     0.01800000     0.00400000     0.00000000
     0.00200000     0.01900000     0.00400000     0.00000000
     0.00200000     0.01900000     0.00500000     0.00000000
     0.00200000     0.02000000     0.00400000     0.00000000
     0.00200000     0.02000000     0.00500000     0.00000000
     0.00200000     0.02100000     0.00400000     0.00000000
     0.00200000     0.02100000     0.00500000     0.00000000
     0.00200000     0.02100000     0.00600000     0.00000000
     0.00200000     0.02200000     0.00400000     0.00000000
     0.00200000     0.02200000     0.00500000     0.00000000
     0.00200000     0.02200000     0.00600000     0.00000000
     0.00200000     0.02300000     0.00500000     0.00000000
     0.00200000     0.02300000     0.00600000     0.00000000
     0.00200000     0.02400000     0.00500000     0.00000000
     0.00200000     0.02400000     0.00600000     0.00000000
     0.00200000     0.02400000     0.00700000     0.00000000
     0.00200000     0.02400000     0.00800000     0.00000000
     0.00200000     0.02500000     0.00600000     0.00000000
     0.00200000     0.02500000     0.00700000     0.00000000
     0.00200000     0.02500000     0.00800000     0.00000000
     0.00200000     0.02600000     0.00700000     0.00000000
     0.00200000     0.02600000     0.00800000     0.00000000
     0.00200000     0.02600000     0.00900000     0.00000000
     0.00200000     0.02700000     0.00800000     0.00000000
     0.00200000     0.02700000     0.00900000     0.00000000
     0.00200000     0.02700000     0.01000000     0.00000000
     0.00200000     0.02800000     0.00900000     0.00000000
     0.00200000     0.02800000     0.01000000     0.00000000
     0.00200000     0.02900000     0.00900000     0.00000000
     0.00200000     0.02900000     0.01000000     0.00000000
     0.00200000     0.02900000     0.01100000     0.00000000
     0.00200000     0.02900000     0.01200000     0.00000000
     0.00200000     0.03000000     0.01000000     0.00000000
     0.00200000     0.03000000     0.01100000     0.00000000
     0.00200000     0.03000000     0.01200000     0.00000000
     0.00200000     0.03100000     0.01100000     0.00000000
     0.00200000     0.03100000     0.01200000     0.00000000
     0.00200000     0.03100000     0.01300000     0.00000000
     0.00200000     0.03100000     0.01400000     0.00000000
     0.00200000     0.03200000     0.01300000     0.00000000
     0.00200000     0.03200000     0.01400000     0.00000000
     0.00200000     0.03200000     0.01500000     0.00000000
     0.00200000     0.03300000     0.01500000     0.00000000
     0.00300000     0.00000000     0.00900000     0.00000000
     0.00300000     0.00000000     0.01000000     0.00000000
     0.00300000     0.00100000     0.00900000     0.00000000
     0.00300000     0.00100000     0.01000000     0.00000000
     0.00300000     0.00200000     0.00800000     0.00000000
     0.00300000     0.00200000     0.00900000     0.00000000
     0.00300000     0.00300000     0.00700000     0.00000000
     0.00300000     0.00300000     0.00800000     0.00000000
     0.00300000     0.00400000     0.00600000     0.00000000
     0.00300000     0.00400000     0.00700000     0.00000000
     0.00300000     0.00500000     0.00500000     0.00000000
     0.00300000     0.00500000     0.00600000     0.00000000
     0.00300000     0.00500000     0.00700000     0.00000000
     0.00300000     0.00600000     0.00500000     0.00000000
     0.00300000     0.00600000     0.00600000     0.00000000
     0.00300000     0.00700000     0.00400000     0.00000000
     0.00300000     0.00700000     0.00500000     0.00000000
     0.00300000     0.00800000     0.00400000     0.00000000
     0.00300000     0.00800000     0.00500000     0.00000000
     0.00300000     0.01000000     0.00300000    29.01678660
     0.00300000     0.01000000     0.00400000     0.00000000
     0.00300000     0.01100000     0.00300000    12.52381027
     0.00300000     0.01100000     0.00400000     0.00000000
     0.00300000     0.01200000     0.00300000    62.63469303
     0.00300000     0.01200000     0.00400000     0.00000000
     0.00300000     0.01300000     0.00300000   112.90274025
     0.00300000     0.01400000     0.00300000    83.66755908
     0.00300000     0.01500000     0.00300000    84.66600850
     0.00300000     0.01600000     0.00300000   109.38693445
     0.00300000     0.01700000     0.00300000    50.34086600
     0.00300000     0.01700000     0.00400000     0.00000000
     0.00300000     0.01800000     0.00300000    21.26076507
     0.00300000     0.01800000     0.00400000     0.00000000
     0.00300000     0.01900000     0.00300000    23.49134171
     0.00300000     0.01900000     0.00400000     0.00000000
     0.00300000     0.02000000     0.00300000    18.31953928
     0.00300000     0.02000000     0.00400000     0.00000000
     0.00300000     0.02200000     0.00400000     0.00000000
     0.00300000     0.02200000     0.00500000     0.00000000
     0.00300000     0.02300000     0.00400000     0.00000000
     0.00300000     0.02300000     0.00500000     0.00000000
     0.00300000     0.02300000     0.00600000     0.00000000
     0.00300000     0.02400000     0.00500000     0.00000000
     0.00300000     0.02400000     0.00600000     0.00000000
     0.00300000     0.02500000     0.00600000     0.00000000
     0.00300000     0.02500000     0.00700000     0.00000000
     0.00300000     0.02500000     0.00800000     0.00000000
     0.00300000     0.02600000     0.00600000     0.00000000
     0.00300000     0.02600000     0.00700000     0.00000000
     0.00300000     0.02600000     0.00800000     0.00000000
     0.00300000     0.02700000     0.00700000     0.00000000
     0.00300000     0.02700000     0.00800000     0.00000000
     0.00300000     0.02700000     0.00900000     0.00000000
     0.00300000     0.02800000     0.00800000     0.00000000
     0.00300000     0.02800000     0.00900000     0.00000000
     0.00300000     0.02800000     0.01000000     0.00000000
     0.00300000     0.02900000     0.00900000     0.00000000
     0.00300000     0.02900000     0.01000000     0.00000000
     0.00300000     0.03000000     0.01000000     0.00000000
     0.00300000     0.03000000     0.01100000     0.00000000
     0.00300000     0.03000000     0.01200000     0.00000000
     0.00300000     0.03100000     0.01100000     0.00000000
     0.00300000     0.03100000     0.01200000     0.00000000
     0.00300000     0.03100000     0.01300000     0.00000000
     0.00300000     0.03100000     0.01400000     0.00000000
     0.00300000     0.03200000     0.01200000     0.00000000
     0.00300000     0.03200000     0.01300000     0.00000000
     0.00300000     0.03200000     0.01400000     0.00000000
     0.00300000     0.03200000     0.01500000     0.00000000
     0.00300000     0.03300000     0.01300000     0.00000000
     0.00300000     0.03300000     0.01400000     0.00000000
     0.00300000     0.03300000     0.01500000     0.00000000
     0.00300000     0.03300000     0.01600000     0.00000000
     0.00300000     0.03400000     0.01500000     0.00000000
     0.00300000     0.03400000     0.01600000     0.00000000
     0.00300000     0.03400000     0.01700000     0.00000000
     0.00300000     0.03500000     0.01700000     0.00000000
     0.00400000     0.00000000     0.00900000     0.00000000
     0.00400000     0.00100000     0.00800000     0.00000000
     0.00400000     0.00100000     0.00900000     0.00000000
     0.00400000     0.00200000     0.00700000     0.00000000
     0.00400000     0.00200000     0.00800000     0.00000000
     0.00400000     0.00200000     0.00900000     0.00000000
     0.00400000     0.00300000     0.00700000     0.00000000
     0.00400000     0.00300000     0.00800000     0.00000000
     0.00400000     0.00400000     0.00600000     0.00000000
     0.00400000     0.00400000     0.00700000     0.00000000
     0.00400000     0.00500000     0.00500000     0.00000000
     0.00400000     0.00500000     0.00600000     0.00000000
     0.00400000     0.00600000     0.00400000     0.00000000
     0.00400000     0.00600000     0.00500000     0.00000000
     0.00400000     0.00700000     0.00400000     0.00000000
     0.00400000     0.00700000     0.00500000     0.00000000
     0.00400000     0.00800000     0.00400000     0.00000000
     0.00400000     0.00900000     0.00300000    33.52237844
     0.00400000     0.00900000     0.00400000     0.00000000
     0.00400000     0.01000000     0.00300000     0.78149701
     0.00400000     0.01100000     0.00300000    50.13531880
     0.00400000     0.01200000     0.00300000  -215.68004330
     0.00400000     0.01300000     0.00300000   167.66469916
     0.00400000     0.01400000     0.00300000   411.07773963
     0.00400000     0.01500000     0.00300000   401.75114956
     0.00400000     0.01600000     0.00300000   172.06043335
     0.00400000     0.01700000     0.00300000  -212.61924795
     0.00400000     0.01800000     0.00300000    49.06338531
     0.00400000     0.01900000     0.00300000     6.07849167
     0.00400000     0.01900000     0.00400000     0.00000000
     0.00400000     0.02000000     0.00300000    23.75980596
     0.00400000     0.02000000     0.00400000     0.00000000
     0.00400000     0.02100000     0.00300000    16.03609592
     0.00400000     0.02100000     0.00400000     0.00000000
     0.00400000     0.02200000     0.00400000     0.00000000
     0.00400000     0.02300000     0.00400000     0.00000000
     0.00400000     0.02300000     0.00500000     0.00000000
     0.00400000     0.02300000     0.00600000     0.00000000
     0.00400000     0.02400000     0.00500000     0.00000000
     0.00400000     0.02400000     0.00600000     0.00000000
     0.00400000     0.02500000     0.00500000     0.00000000
     0.00400000     0.02500000     0.00600000     0.00000000
     0.00400000     0.02600000     0.00600000     0.00000000
     0.00400000     0.02600000     0.00700000     0.00000000
     0.00400000     0.02600000     0.00800000     0.00000000
     0.00400000     0.02700000     0.00700000     0.00000000
     0.00400000     0.02700000     0.00800000     0.00000000
     0.00400000     0.02800000     0.00800000     0.00000000
     0.00400000     0.02800000     0.00900000     0.00000000
     0.00400000     0.02800000     0.01000000     0.00000000
     0.00400000     0.02900000     0.00800000     0.00000000
     0.00400000     0.02900000     0.00900000     0.00000000
     0.00400000     0.02900000     0.01000000     0.00000000
     0.00400000     0.03000000     0.00900000     0.00000000
     0.00400000     0.03000000     0.01000000     0.00000000
     0.00400000     0.03000000     0.01100000     0.00000000
     0.00400000     0.03000000     0.01200000     0.00000000
     0.00400000     0.03100000     0.01000000     0.00000000
     0.00400000     0.03100000     0.01100000     0.00000000
     0.00400000     0.03100000     0.01200000     0.00000000
     0.00400000     0.03200000     0.01100000     0.00000000
     0.00400000     0.03200000     0.01200000     0.00000000
     0.00400000     0.03200000     0.01300000     0.00000000
     0.00400000     0.03200000     0.01400000     0.00000000
     0.00400000     0.03300000     0.01300000     0.00000000
     0.00400000     0.03300000     0.01400000     0.00000000
     0.00400000     0.03300000     0.01500000     0.00000000
     0.00400000     0.03300000     0.01600000     0.00000000
     0.00400000     0.03400000     0.01500000     0.00000000
     0.00400000     0.03400000     0.01600000     0.00000000
     0.00400000     0.03400000     0.01700000     0.00000000
     0.00400000     0.03500000     0.01600000     0.00000000
     0.00400000     0.03500000     0.01700000     0.00000000
     0.00400000     0.03500000     0.01800000     0.00000000
     0.00400000     0.03600000     0.01800000     0.00000000
     0.00400000     0.03600000     0.01900000     0.00000000
     0.00400000     0.03600000     0.02000000     0.00000000
     0.00400000     0.03700000     0.02000000     0.00000000
     0.00400000     0.03700000     0.02100000     0.00000000
     0.00400000     0.03700000     0.02200000     0.00000000
     0.00400000     0.03800000     0.02100000     0.00000000
     0.00400000     0.03800000     0.02200000     0.00000000
     0.00400000     0.03800000     0.02300000     0.00000000
     0.00400000     0.03800000     0.02400000     0.00000000
     0.00400000     0.03900000     0.02300000     0.00000000
     0.00400000     0.03900000     0.02400000     0.00000000
     0.00400000     0.04000000     0.02400000     0.00000000
     0.00400000     0.04000000     0.02500000     0.00000000
     0.00400000     0.04100000     0.02500000     0.00000000
     0.00400000     0.04100000     0.02600000     0.00000000
     0.00400000     0.04200000     0.02500000     0.00000000
     0.00400000     0.04200000     0.02600000     0.00000000
     0.00400000     0.04300000     0.02600000     0.00000000
     0.00400000     0.04300000     0.02700000     0.00000000
     0.00400000     0.04300000     0.02800000     0.00000000
     0.00400000     0.04400000     0.02700000     0.00000000
     0.00400000     0.04400000     0.02800000     0.00000000
     0.00400000     0.04500000     0.02800000     0.00000000
     0.00400000     0.04500000     0.02900000     0.00000000
     0.00400000     0.04500000     0.03000000     0.00000000
     0.00400000     0.04600000     0.02900000     0.00000000
     0.00400000     0.04600000     0.03000000     0.00000000
     0.00400000     0.04700000     0.03000000     0.00000000
     0.00400000     0.04700000     0.03100000     0.00000000
     0.00400000     0.04800000     0.03100000     0.00000000
     0.00500000     0.00000000     0.00900000     0.00000000
     0.00500000     0.00100000     0.00800000     0.00000000
     0.00500000     0.00100000     0.00900000     0.00000000
     0.00500000     0.00200000     0.00700000     0.00000000
     0.00500000     0.00300000     0.00600000     0.00000000
     0.00500000     0.00300000     0.00700000     0.00000000
     0.00500000     0.00400000     0.00600000     0.00000000
     0.00500000     0.00400000     0.00700000     0.00000000
     0.00500000     0.00500000     0.00500000     0.00000000
     0.00500000     0.00500000     0.00600000     0.00000000
     0.00500000     0.00600000     0.00400000     0.00000000
     0.00500000     0.00600000     0.00500000     0.00000000
     0.00500000     0.00800000     0.00400000     0.00000000
     0.00500000     0.00900000     0.00300000    26.83753739
     0.00500000     0.00900000     0.00400000     0.00000000
     0.00500000     0.01000000     0.00300000    17.05965239
     0.00500000     0.01100000     0.00300000   105.79439600
     0.00500000     0.01200000     0.00300000   166.65416858
     0.00500000     0.01300000     0.00200000    50.24724791
     0.00500000     0.01300000     0.00300000  2190.90351903
     0.00500000     0.01400000     0.00200000   -62.88708011
     0.00500000     0.01400000     0.00300000  2197.72608726
     0.00500000     0.01500000     0.00200000    61.32544416
     0.00500000     0.01500000     0.00300000  2196.62764278
     0.00500000     0.01600000     0.00200000   -89.68407091
     0.00500000     0.01600000     0.00300000  2205.95554744
     0.00500000     0.01700000     0.00300000   146.15888150
     0.00500000     0.01800000     0.00300000   107.96565258
     0.00500000     0.01900000     0.00300000    17.15973727
     0.00500000     0.02000000     0.00300000    24.76482272
     0.00500000     0.02000000     0.00400000     0.00000000
     0.00500000     0.02100000     0.00300000    19.24758053
     0.00500000     0.02100000     0.00400000     0.00000000
     0.00500000     0.02200000     0.00400000     0.00000000
     0.00500000     0.02300000     0.00400000     0.00000000
     0.00500000     0.02300000     0.00500000     0.00000000
     0.00500000     0.02400000     0.00500000     0.00000000
     0.00500000     0.02400000     0.00600000     0.00000000
     0.00500000     0.02500000     0.00500000     0.00000000
     0.00500000     0.02500000     0.00600000     0.00000000
     0.00500000     0.02600000     0.00600000     0.00000000
     0.00500000     0.02600000     0.00700000     0.00000000
     0.00500000     0.02600000     0.00800000     0.00000000
     0.00500000     0.02700000     0.00700000     0.00000000
     0.00500000     0.02700000     0.00800000     0.00000000
     0.00500000     0.02800000     0.00700000     0.00000000
     0.00500000     0.02800000     0.00800000     0.00000000
     0.00500000     0.02900000     0.00800000     0.00000000
     0.00500000     0.02900000     0.00900000     0.00000000
     0.00500000     0.02900000     0.01000000     0.00000000
     0.00500000     0.03000000     0.00900000     0.00000000
     0.00500000     0.03000000     0.01000000     0.00000000
     0.00500000     0.03100000     0.01000000     0.00000000
     0.00500000     0.03100000     0.01100000     0.00000000
     0.00500000     0.03100000     0.01200000     0.00000000
     0.00500000     0.03200000     0.01100000     0.00000000
     0.00500000     0.03200000     0.01200000     0.00000000
     0.00500000     0.03200000     0.01300000     0.00000000
     0.00500000     0.03200000     0.01400000     0.00000000
     0.00500000     0.03300000     0.01300000     0.00000000
     0.00500000     0.03300000     0.01400000     0.00000000
     0.00500000     0.03300000     0.01500000     0.00000000
     0.00500000     0.03300000     0.01600000     0.00000000
     0.00500000     0.03400000     0.01400000     0.00000000
     0.00500000     0.03400000     0.01500000     0.00000000
     0.00500000     0.03400000     0.01600000     0.00000000
     0.00500000     0.03500000     0.01600000     0.00000000
     0.00500000     0.03500000     0.01700000     0.00000000
     0.00500000     0.03500000     0.01800000     0.00000000
     0.00500000     0.03600000     0.01800000     0.00000000
     0.00500000     0.03600000     0.01900000     0.00000000
     0.00500000     0.03600000     0.02000000     0.00000000
     0.00500000     0.03700000     0.01900000     0.00000000
     0.00500000     0.03700000     0.02000000     0.00000000
     0.00500000     0.03700000     0.02100000     0.00000000
     0.00500000     0.03700000     0.02200000     0.00000000
     0.00500000     0.03800000     0.02100000     0.00000000
     0.00500000     0.03800000     0.02200000     0.00000000
     0.00500000     0.03800000     0.02300000     0.00000000
     0.00500000     0.03800000     0.02400000     0.00000000
     0.00500000     0.03900000     0.02200000     0.00000000
     0.00500000     0.03900000     0.02300000     0.00000000
     0.00500000     0.03900000     0.02400000     0.00000000
     0.00500000     0.04000000     0.02300000     0.00000000
     0.00500000     0.04000000     0.02400000     0.00000000
     0.00500000     0.04000000     0.02500000     0.00000000
     0.00500000     0.04100000     0.02400000     0.00000000
     0.00500000     0.04100000     0.02500000     0.00000000
     0.00500000     0.04100000     0.02600000     0.00000000
     0.00500000     0.04200000     0.02500000     0.00000000
     0.00500000     0.04200000     0.02600000     0.00000000
     0.00500000     0.04300000     0.02600000     0.00000000
     0.00500000     0.04300000     0.02700000     0.00000000
     0.00500000     0.04300000     0.02800000     0.00000000
     0.00500000     0.04400000     0.02700000     0.00000000
     0.00500000     0.04400000     0.02800000     0.00000000
     0.00500000     0.04500000     0.02800000     0.00000000
     0.00500000     0.04500000     0.02900000     0.00000000
     0.00500000     0.04500000     0.03000000     0.00000000
     0.00500000     0.04600000     0.02900000     0.00000000
     0.00500000     0.04600000     0.03000000     0.00000000
     0.00500000     0.04700000     0.02900000     0.00000000
     0.00500000     0.04700000     0.03000000     0.00000000
     0.00500000     0.04700000     0.03100000     0.00000000
     0.00500000     0.04800000     0.03000000     0.00000000
     0.00500000     0.04800000     0.03100000     0.00000000
     0.00600000     0.00000000     0.00900000     0.00000000
     0.00600000     0.00100000     0.00800000     0.00000000
     0.00600000     0.00100000     0.00900000     0.00000000
     0.00600000     0.00200000     0.00700000     0.00000000
     0.00600000     0.00300000     0.00600000     0.00000000
     0.00600000     0.00300000     0.00700000     0.00000000
     0.00600000     0.00400000     0.00600000     0.00000000
     0.00600000     0.00500000     0.00500000     0.00000000
     0.00600000     0.00500000     0.00600000     0.00000000
     0.00600000     0.00600000     0.00400000     0.00000000
     0.00600000     0.00600000     0.00500000     0.00000000
     0.00600000     0.00800000     0.00400000     0.00000000
     0.00600000     0.00900000     0.00300000    21.81524406
     0.00600000     0.00900000     0.00400000     0.00000000
     0.00600000     0.01000000     0.00300000    38.34307113
     0.00600000     0.01100000     0.00300000    67.23195206
     0.00600000     0.01200000     0.00300000   509.63764120
     0.00600000     0.01300000     0.00200000    55.34513054
     0.00600000     0.01300000     0.00300000  2087.86005938
     0.00600000     0.01600000     0.00200000    62.94554078
     0.00600000     0.01600000     0.00300000  2199.55874493
     0.00600000     0.01700000     0.00300000   472.81249746
     0.00600000     0.01800000     0.00300000    75.93374360
     0.00600000     0.01900000     0.00300000    35.29913439
     0.00600000     0.02000000     0.00300000    21.07206935
     0.00600000     0.02000000     0.00400000     0.00000000
     0.00600000     0.02100000     0.00300000    20.90015804
     0.00600000     0.02100000     0.00400000     0.00000000
     0.00600000     0.02200000     0.00400000     0.00000000
     0.00600000     0.02300000     0.00400000     0.00000000
     0.00600000     0.02300000     0.00500000     0.00000000
     0.00600000     0.02400000     0.00500000     0.00000000
     0.00600000     0.02400000     0.00600000     0.00000000
     0.00600000     0.02500000     0.00500000     0.00000000
     0.00600000     0.02500000     0.00600000     0.00000000
     0.00600000     0.02600000     0.00600000     0.00000000
     0.00600000     0.02600000     0.00700000     0.00000000
     0.00600000     0.02700000     0.00700000     0.00000000
     0.00600000     0.02700000     0.00800000     0.00000000
     0.00600000     0.02800000     0.00700000     0.00000000
     0.00600000     0.02800000     0.00800000     0.00000000
     0.00600000     0.02900000     0.00800000     0.00000000
     0.00600000     0.02900000     0.00900000     0.00000000
     0.00600000     0.02900000     0.01000000     0.00000000
     0.00600000     0.03000000     0.00900000     0.00000000
     0.00600000     0.03000000     0.01000000     0.00000000
     0.00600000     0.03100000     0.01000000     0.00000000
     0.00600000     0.03100000     0.01100000     0.00000000
     0.00600000     0.03100000     0.01200000     0.00000000
     0.00600000     0.03200000     0.01100000     0.00000000
     0.00600000     0.03200000     0.01200000     0.00000000
     0.00600000     0.03200000     0.01300000     0.00000000
     0.00600000     0.03200000     0.01400000     0.00000000
     0.00600000     0.03300000     0.01300000     0.00000000
     0.00600000     0.03300000     0.01400000     0.00000000
     0.00600000     0.03400000     0.01400000     0.00000000
     0.00600000     0.03500000     0.01600000     0.00000000
     0.00600000     0.03500000     0.01700000     0.00000000
     0.00600000     0.03500000     0.01800000     0.00000000
     0.00600000     0.03600000     0.01800000     0.00000000
     0.00600000     0.03700000     0.02000000     0.00000000
     0.00600000     0.03700000     0.02100000     0.00000000
     0.00600000     0.03700000     0.02200000     0.00000000
     0.00600000     0.03800000     0.02100000     0.00000000
     0.00600000     0.03800000     0.02200000     0.00000000
     0.00600000     0.03900000     0.02200000     0.00000000
     0.00600000     0.03900000     0.02300000     0.00000000
     0.00600000     0.03900000     0.02400000     0.00000000
     0.00600000     0.04000000     0.02300000     0.00000000
     0.00600000     0.04000000     0.02400000     0.00000000
     0.00600000     0.04100000     0.02400000     0.00000000
     0.00600000     0.04100000     0.02500000     0.00000000
     0.00600000     0.04100000     0.02600000     0.00000000
     0.00600000     0.04200000     0.02500000     0.00000000
     0.00600000     0.04200000     0.02600000     0.00000000
     0.00600000     0.04300000     0.02600000     0.00000000
     0.00600000     0.04300000     0.02700000     0.00000000
     0.00600000     0.04300000     0.02800000     0.00000000
     0.00600000     0.04400000     0.02700000     0.00000000
     0.00600000     0.04400000     0.02800000     0.00000000
     0.00600000     0.04500000     0.02800000     0.00000000
     0.00600000     0.04500000     0.02900000     0.00000000
     0.00600000     0.04600000     0.02900000     0.00000000
     0.00700000     0.00000000     0.00900000     0.00000000
     0.00700000     0.00100000     0.00800000     0.00000000
     0.00700000     0.00100000     0.00900000     0.00000000
     0.00700000     0.00200000     0.00700000     0.00000000
     0.00700000     0.00300000     0.00600000     0.00000000
     0.00700000     0.00300000     0.00700000     0.00000000
     0.00700000     0.00400000     0.00600000     0.00000000
     0.00700000     0.00400000     0.00700000     0.00000000
     0.00700000     0.00500000     0.00500000     0.00000000
     0.00700000     0.00500000     0.00600000     0.00000000
     0.00700000     0.00600000     0.00400000     0.00000000
     0.00700000     0.00600000     0.00500000     0.00000000
     0.00700000     0.00800000     0.00400000     0.00000000
     0.00700000     0.00900000     0.00300000    26.83798560
     0.00700000     0.00900000     0.00400000     0.00000000
     0.00700000     0.01000000     0.00300000    17.06193776
     0.00700000     0.01100000     0.00300000   105.79561059
     0.00700000     0.01200000     0.00300000   166.66349406
     0.00700000     0.01300000     0.00200000    50.28654888
     0.00700000     0.01300000     0.00300000  2190.92515489
     0.00700000     0.01400000     0.00200000   -62.94879136
     0.00700000     0.01400000     0.00300000  2197.72296538
     0.00700000     0.01500000     0.00200000    61.39990419
     0.00700000     0.01500000     0.00300000  2196.63259383
     0.00700000     0.01600000     0.00200000   -89.76842077
     0.00700000     0.01600000     0.00300000  2205.96825833
     0.00700000     0.01700000     0.00300000   146.27019070
     0.00700000     0.01800000     0.00300000   107.96226000
     0.00700000     0.01900000     0.00300000    17.16735003
     0.00700000     0.02000000     0.00300000    24.76343217
     0.00700000     0.02000000     0.00400000     0.00000000
     0.00700000     0.02100000     0.00300000    19.24788462
     0.00700000     0.02100000     0.00400000     0.00000000
     0.00700000     0.02200000     0.00400000     0.00000000
     0.00700000     0.02300000     0.00400000     0.00000000
     0.00700000     0.02300000     0.00500000     0.00000000
     0.00700000     0.02400000     0.00500000     0.00000000
     0.00700000     0.02400000     0.00600000     0.00000000
     0.00700000     0.02500000     0.00500000     0.00000000
     0.00700000     0.02500000     0.00600000     0.00000000
     0.00700000     0.02600000     0.00600000     0.00000000
     0.00700000     0.02600000     0.00700000     0.00000000
     0.00700000     0.02600000     0.00800000     0.00000000
     0.00700000     0.02700000     0.00700000     0.00000000
     0.00700000     0.02700000     0.00800000     0.00000000
     0.00700000     0.02800000     0.00700000     0.00000000
     0.00700000     0.02800000     0.00800000     0.00000000
     0.00700000     0.02900000     0.00800000     0.00000000
     0.00700000     0.02900000     0.00900000     0.00000000
     0.00700000     0.02900000     0.01000000     0.00000000
     0.00700000     0.03000000     0.00900000     0.00000000
     0.00700000     0.03000000     0.01000000     0.00000000
     0.00700000     0.03100000     0.01000000     0.00000000
     0.00700000     0.03100000     0.01100000     0.00000000
     0.00700000     0.03100000     0.01200000     0.00000000
     0.00700000     0.03200000     0.01100000     0.00000000
     0.00700000     0.03200000     0.01200000     0.00000000
     0.00700000     0.03200000     0.01300000     0.00000000
     0.00700000     0.03200000     0.01400000     0.00000000
     0.00700000     0.03300000     0.01300000     0.00000000
     0.00700000     0.03300000     0.01400000     0.00000000
     0.00700000     0.03300000     0.01500000     0.00000000
     0.00700000     0.03300000     0.01600000     0.00000000
     0.00700000     0.03400000     0.01400000     0.00000000
     0.00700000     0.03400000     0.01500000     0.00000000
     0.00700000     0.03400000     0.01600000     0.00000000
     0.00700000     0.03500000     0.01600000     0.00000000
     0.00700000     0.03500000     0.01700000     0.00000000
     0.00700000     0.03500000     0.01800000     0.00000000
     0.00700000     0.03600000     0.01800000     0.00000000
     0.00700000     0.03600000     0.01900000     0.00000000
     0.00700000     0.03600000     0.02000000     0.00000000
     0.00700000     0.03700000     0.01900000     0.00000000
     0.00700000     0.03700000     0.02000000     0.00000000
     0.00700000     0.03700000     0.02100000     0.00000000
     0.00700000     0.03700000     0.02200000     0.00000000
     0.00700000     0.03800000     0.02100000     0.00000000
     0.00700000     0.03800000     0.02200000     0.00000000
     0.00700000     0.03800000     0.02300000     0.00000000
     0.00700000     0.03800000     0.02400000     0.00000000
     0.00700000     0.03900000     0.02200000     0.00000000
     0.00700000     0.03900000     0.02300000     0.00000000
     0.00700000     0.03900000     0.02400000     0.00000000
     0.00700000     0.04000000     0.02300000     0.00000000
     0.00700000     0.04000000     0.02400000     0.00000000
     0.00700000     0.04000000     0.02500000     0.00000000
     0.00700000     0.04100000     0.02400000     0.00000000
     0.00700000     0.04100000     0.02500000     0.00000000
     0.00700000     0.04100000     0.02600000     0.00000000
     0.00700000     0.04200000     0.02500000     0.00000000
     0.00700000     0.04200000     0.02600000     0.00000000
     0.00700000     0.04300000     0.02600000     0.00000000
     0.00700000     0.04300000     0.02700000     0.00000000
     0.00700000     0.04300000     0.02800000     0.00000000
     0.00700000     0.04400000     0.02700000     0.00000000
     0.00700000     0.04400000     0.02800000     0.00000000
     0.00700000     0.04500000     0.02800000     0.00000000
     0.00700000     0.04500000     0.02900000     0.00000000
     0.00700000     0.04500000     0.03000000     0.00000000
     0.00700000     0.04600000     0.02900000     0.00000000
     0.00700000     0.04600000     0.03000000     0.00000000
     0.00700000     0.04700000     0.02900000     0.00000000
     0.00700000     0.04700000     0.03000000     0.00000000
     0.00700000     0.04700000     0.03100000     0.00000000
     0.00700000     0.04800000     0.03000000     0.00000000
     0.00700000     0.04800000     0.03100000     0.00000000
     0.00800000     0.00000000     0.00900000     0.00000000
     0.00800000     0.00100000     0.00800000     0.00000000
     0.00800000     0.00100000     0.00900000     0.00000000
     0.00800000     0.00200000     0.00700000     0.00000000
     0.00800000     0.00200000     0.00800000     0.00000000
     0.00800000     0.00200000     0.00900000     0.00000000
     0.00800000     0.00300000     0.00700000     0.00000000
     0.00800000     0.00300000     0.00800000     0.00000000
     0.00800000     0.00400000     0.00600000     0.00000000
     0.00800000     0.00400000     0.00700000     0.00000000
     0.00800000     0.00500000     0.00500000     0.00000000
     0.00800000     0.00500000     0.00600000     0.00000000
     0.00800000     0.00600000     0.00400000     0.00000000
     0.00800000     0.00600000     0.00500000     0.00000000
     0.00800000     0.00700000     0.00400000     0.00000000
     0.00800000     0.00700000     0.00500000     0.00000000
     0.00800000     0.00800000     0.00400000     0.00000000
     0.00800000     0.00900000     0.00300000    33.52213621
     0.00800000     0.00900000     0.00400000     0.00000000
     0.00800000     0.01000000     0.00300000     0.78095695
     0.00800000     0.01100000     0.00300000    50.13920651
     0.00800000     0.01200000     0.00300000  -215.65396316
     0.00800000     0.01300000     0.00300000   167.76030545
     0.00800000     0.01400000     0.00300000   411.12997197
     0.00800000     0.01500000     0.00300000   401.76431786
     0.00800000     0.01600000     0.00300000   172.01231183
     0.00800000     0.01700000     0.00300000  -212.52695735
     0.00800000     0.01800000     0.00300000    49.05274522
     0.00800000     0.01900000     0.00300000     6.08419565
     0.00800000     0.01900000     0.00400000     0.00000000
     0.00800000     0.02000000     0.00300000    23.75793458
     0.00800000     0.02000000     0.00400000     0.00000000
     0.00800000     0.02100000     0.00300000    16.03717013
     0.00800000     0.02100000     0.00400000     0.00000000
     0.00800000     0.02200000     0.00400000     0.00000000
     0.00800000     0.02300000     0.00400000     0.00000000
     0.00800000     0.02300000     0.00500000     0.00000000
     0.00800000     0.02300000     0.00600000     0.00000000
     0.00800000     0.02400000     0.00500000     0.00000000
     0.00800000     0.02400000     0.00600000     0.00000000
     0.00800000     0.02500000     0.00500000     0.00000000
     0.00800000     0.02500000     0.00600000     0.00000000
     0.00800000     0.02600000     0.00600000     0.00000000
     0.00800000     0.02600000     0.00700000     0.00000000
     0.00800000     0.02600000     0.00800000     0.00000000
     0.00800000     0.02700000     0.00700000     0.00000000
     0.00800000     0.02700000     0.00800000     0.00000000
     0.00800000     0.02800000     0.00800000     0.00000000
     0.00800000     0.02800000     0.00900000     0.00000000
     0.00800000     0.02800000     0.01000000     0.00000000
     0.00800000     0.02900000     0.00800000     0.00000000
     0.00800000     0.02900000     0.00900000     0.00000000
     0.00800000     0.02900000     0.01000000     0.00000000
     0.00800000     0.03000000     0.00900000     0.00000000
     0.00800000     0.03000000     0.01000000     0.00000000
     0.00800000     0.03000000     0.01100000     0.00000000
     0.00800000     0.03000000     0.01200000     0.00000000
     0.00800000     0.03100000     0.01000000     0.00000000
     0.00800000     0.03100000     0.01100000     0.00000000
     0.00800000     0.03100000     0.01200000     0.00000000
     0.00800000     0.03200000     0.01100000     0.00000000
     0.00800000     0.03200000     0.01200000     0.00000000
     0.00800000     0.03200000     0.01300000     0.00000000
     0.00800000     0.03200000     0.01400000     0.00000000
     0.00800000     0.03300000     0.01300000     0.00000000
     0.00800000     0.03300000     0.01400000     0.00000000
     0.00800000     0.03300000     0.01500000     0.00000000
     0.00800000     0.03300000     0.01600000     0.00000000
     0.00800000     0.03400000     0.01500000     0.00000000
     0.00800000     0.03400000     0.01600000     0.00000000
     0.00800000     0.03400000     0.01700000     0.00000000
     0.00800000     0.03500000     0.01600000     0.00000000
     0.00800000     0.03500000     0.01700000     0.00000000
     0.00800000     0.03500000     0.01800000     0.00000000
     0.00800000     0.03600000     0.01800000     0.00000000
     0.00800000     0.03600000     0.01900000     0.00000000
     0.00800000     0.03600000     0.02000000     0.00000000
     0.00800000     0.03700000     0.02000000     0.00000000
     0.00800000     0.03700000     0.02100000     0.00000000
     0.00800000     0.03700000     0.02200000     0.00000000
     0.00800000     0.03800000     0.02100000     0.00000000
     0.00800000     0.03800000     0.02200000     0.00000000
     0.00800000     0.03800000     0.02300000     0.00000000
     0.00800000     0.03800000     0.02400000     0.00000000
     0.00800000     0.03900000     0.02300000     0.00000000
     0.00800000     0.03900000     0.02400000     0.00000000
     0.00800000     0.04000000     0.02400000     0.00000000
     0.00800000     0.04000000     0.02500000     0.00000000
     0.00800000     0.04100000     0.02500000     0.00000000
     0.00800000     0.04100000     0.02600000     0.00000000
     0.00800000     0.04200000     0.02500000     0.00000000
     0.00800000     0.04200000     0.02600000     0.00000000
     0.00800000     0.04300000     0.02600000     0.00000000
     0.00800000     0.04300000     0.02700000     0.00000000
     0.00800000     0.04300000     0.02800000     0.00000000
     0.00800000     0.04400000     0.02700000     0.00000000
     0.00800000     0.04400000     0.02800000     0.00000000
     0.00800000     0.04500000     0.02800000     0.00000000
     0.00800000     0.04500000     0.02900000     0.00000000
     0.00800000     0.04500000     0.03000000     0.00000000
     0.00800000     0.04600000     0.02900000     0.00000000
     0.00800000     0.04600000     0.03000000     0.00000000
     0.00800000     0.04700000     0.03000000     0.00000000
     0.00800000     0.04700000     0.03100000     0.00000000
     0.00800000     0.04800000     0.03100000     0.00000000
     0.00900000     0.00000000     0.00900000     0.00000000
     0.00900000     0.00000000     0.01000000     0.00000000
     0.00900000     0.00100000     0.00900000     0.00000000
     0.00900000     0.00100000     0.01000000     0.00000000
     0.00900000     0.00200000     0.00800000     0.00000000
     0.00900000     0.00200000     0.00900000     0.00000000
     0.00900000     0.00300000     0.00700000     0.00000000
     0.00900000     0.00300000     0.00800000     0.00000000
     0.00900000     0.00400000     0.00600000     0.00000000
     0.00900000     0.00400000     0.00700000     0.00000000
     0.00900000     0.00500000     0.00500000     0.00000000
     0.00900000     0.00500000     0.00600000     0.00000000
     0.00900000     0.00500000     0.00700000     0.00000000
     0.00900000     0.00600000     0.00500000     0.00000000
     0.00900000     0.00700000     0.00400000     0.00000000
     0.00900000     0.00700000     0.00500000     0.00000000
     0.00900000     0.00800000     0.00400000     0.00000000
     0.00900000     0.00800000     0.00500000     0.00000000
     0.00900000     0.01000000     0.00300000    29.01761212
     0.00900000     0.01100000     0.00300000    12.52284044
     0.00900000     0.01200000     0.00300000    62.62650133
     0.00900000     0.01300000     0.00300000   112.89193316
     0.00900000     0.01400000     0.00300000    83.65418830
     0.00900000     0.01500000     0.00300000    84.62315172
     0.00900000     0.01600000     0.00300000   109.33050006
     0.00900000     0.01700000     0.00300000    50.34449980
     0.00900000     0.01700000     0.00400000     0.00000000
     0.00900000     0.01800000     0.00300000    21.25521451
     0.00900000     0.01800000     0.00400000     0.00000000
     0.00900000     0.01900000     0.00300000    23.49321286
     0.00900000     0.01900000     0.00400000     0.00000000
     0.00900000     0.02000000     0.00300000    18.31910541
     0.00900000     0.02000000     0.00400000     0.00000000
     0.00900000     0.02200000     0.00400000     0.00000000
     0.00900000     0.02200000     0.00500000     0.00000000
     0.00900000     0.02300000     0.00400000     0.00000000
     0.00900000     0.02300000     0.00500000     0.00000000
     0.00900000     0.02300000     0.00600000     0.00000000
     0.00900000     0.02400000     0.00500000     0.00000000
     0.00900000     0.02400000     0.00600000     0.00000000
     0.00900000     0.02500000     0.00600000     0.00000000
     0.00900000     0.02500000     0.00700000     0.00000000
     0.00900000     0.02500000     0.00800000     0.00000000
     0.00900000     0.02600000     0.00600000     0.00000000
     0.00900000     0.02600000     0.00700000     0.00000000
     0.00900000     0.02600000     0.00800000     0.00000000
     0.00900000     0.02700000     0.00700000     0.00000000
     0.00900000     0.02700000     0.00800000     0.00000000
     0.00900000     0.02700000     0.00900000     0.00000000
     0.00900000     0.02800000     0.00800000     0.00000000
     0.00900000     0.02800000     0.00900000     0.00000000
     0.00900000     0.02800000     0.01000000     0.00000000
     0.00900000     0.02900000     0.00900000     0.00000000
     0.00900000     0.02900000     0.01000000     0.00000000
     0.00900000     0.03000000     0.01000000     0.00000000
     0.00900000     0.03000000     0.01100000     0.00000000
     0.00900000     0.03000000     0.01200000     0.00000000
     0.00900000     0.03100000     0.01100000     0.00000000
     0.00900000     0.03100000     0.01200000     0.00000000
     0.00900000     0.03100000     0.01300000     0.00000000
     0.00900000     0.03100000     0.01400000     0.00000000
     0.00900000     0.03200000     0.01200000     0.00000000
     0.00900000     0.03200000     0.01300000     0.00000000
     0.00900000     0.03200000     0.01400000     0.00000000
     0.00900000     0.03200000     0.01500000     0.00000000
     0.00900000     0.03300000     0.01300000     0.00000000
     0.00900000     0.03300000     0.01400000     0.00000000
     0.00900000     0.03300000     0.01500000     0.00000000
     0.00900000     0.03300000     0.01600000     0.00000000
     0.00900000     0.03400000     0.01500000     0.00000000
     0.00900000     0.03400000     0.01600000     0.00000000
     0.00900000     0.03400000     0.01700000     0.00000000
     0.00900000     0.03500000     0.01700000     0.00000000
     0.01000000     0.00000000     0.01000000     0.00000000
     0.01000000     0.00100000     0.00900000     0.00000000
     0.01000000     0.00100000     0.01000000     0.00000000
     0.01000000     0.00200000     0.00800000     0.00000000
     0.01000000     0.00200000     0.00900000     0.00000000
     0.01000000     0.00200000     0.01000000     0.00000000
     0.01000000     0.00300000     0.00700000     0.00000000
     0.01000000     0.00300000     0.00800000     0.00000000
     0.01000000     0.00300000     0.00900000     0.00000000
     0.01000000     0.00400000     0.00700000     0.00000000
     0.01000000     0.00400000     0.00800000     0.00000000
     0.01000000     0.00500000     0.00600000     0.00000000
     0.01000000     0.00500000     0.00700000     0.00000000
     0.01000000     0.00500000     0.00800000     0.00000000
     0.01000000     0.00600000     0.00500000     0.00000000
     0.01000000     0.00600000     0.00600000     0.00000000
     0.01000000     0.00600000     0.00700000     0.00000000
     0.01000000     0.00700000     0.00500000     0.00000000
     0.01000000     0.00800000     0.00400000     0.00000000
     0.01000000     0.00800000     0.00500000     0.00000000
     0.01000000     0.00900000     0.00400000     0.00000000
     0.01000000     0.00900000     0.00500000     0.00000000
     0.01000000     0.01000000     0.00400000     0.00000000
     0.01000000     0.01000000     0.00500000     0.00000000
     0.01000000     0.01200000     0.00300000   -38.77428767
     0.01000000     0.01300000     0.00300000    22.32047564
     0.01000000     0.01400000     0.00300000    41.86763078
     0.01000000     0.01500000     0.00300000    43.12982597
     0.01000000     0.01600000     0.00300000    17.60393550
     0.01000000     0.01700000     0.00300000    -7.65895568
     0.01000000     0.01700000     0.00400000     0.00000000
     0.01000000     0.01800000     0.00300000    26.83339062
     0.01000000     0.01800000     0.00400000     0.00000000
     0.01000000     0.01900000     0.00400000     0.00000000
     0.01000000     0.01900000     0.00500000     0.00000000
     0.01000000     0.02000000     0.00400000     0.00000000
     0.01000000     0.02000000     0.00500000     0.00000000
     0.01000000     0.02100000     0.00400000     0.00000000
     0.01000000     0.02100000     0.00500000     0.00000000
     0.01000000     0.02100000     0.00600000     0.00000000
     0.01000000     0.02200000     0.00400000     0.00000000
     0.01000000     0.02200000     0.00500000     0.00000000
     0.01000000     0.02200000     0.00600000     0.00000000
     0.01000000     0.02300000     0.00500000     0.00000000
     0.01000000     0.02300000     0.00600000     0.00000000
     0.01000000     0.02400000     0.00500000     0.00000000
     0.01000000     0.02400000     0.00600000     0.00000000
     0.01000000     0.02400000     0.00700000     0.00000000
     0.01000000     0.02400000     0.00800000     0.00000000
     0.01000000     0.02500000     0.00600000     0.00000000
     0.01000000     0.02500000     0.00700000     0.00000000
     0.01000000     0.02500000     0.00800000     0.00000000
     0.01000000     0.02600000     0.00700000     0.00000000
     0.01000000     0.02600000     0.00800000     0.00000000
     0.01000000     0.02600000     0.00900000     0.00000000
     0.01000000     0.02700000     0.00800000     0.00000000
     0.01000000     0.02700000     0.00900000     0.00000000
     0.01000000     0.02700000     0.01000000     0.00000000
     0.01000000     0.02800000     0.00900000     0.00000000
     0.01000000     0.02800000     0.01000000     0.00000000
     0.01000000     0.02900000     0.00900000     0.00000000
     0.01000000     0.02900000     0.01000000     0.00000000
     0.01000000     0.02900000     0.01100000     0.00000000
     0.01000000     0.02900000     0.01200000     0.00000000
     0.01000000     0.03000000     0.01000000     0.00000000
     0.01000000     0.03000000     0.01100000     0.00000000
     0.01000000     0.03000000     0.01200000     0.00000000
     0.01000000     0.03100000     0.01100000     0.00000000
     0.01000000     0.03100000     0.01200000     0.00000000
     0.01000000     0.03100000     0.01300000     0.00000000
     0.01000000     0.03100000     0.01400000     0.00000000
     0.01000000     0.03200000     0.01300000     0.00000000
     0.01000000     0.03200000     0.01400000     0.00000000
     0.01000000     0.03200000     0.01500000     0.00000000
     0.01000000     0.03300000     0.01500000     0.00000000
     0.01100000     0.00100000     0.01000000     0.00000000
     0.01100000     0.00200000     0.00900000     0.00000000
     0.01100000     0.00200000     0.01000000     0.00000000
     0.01100000     0.00200000     0.01100000     0.00000000
     0.01100000     0.00300000     0.00800000     0.00000000
     0.01100000     0.00300000     0.00900000     0.00000000
     0.01100000     0.00300000     0.01000000     0.00000000
     0.01100000     0.00300000     0.01100000     0.00000000
     0.01100000     0.00400000     0.00800000     0.00000000
     0.01100000     0.00400000     0.00900000     0.00000000
     0.01100000     0.00400000     0.01000000     0.00000000
     0.01100000     0.00500000     0.00700000     0.00000000
     0.01100000     0.00500000     0.00800000     0.00000000
     0.01100000     0.00500000     0.00900000     0.00000000
     0.01100000     0.00600000     0.00600000     0.00000000
     0.01100000     0.00600000     0.00700000     0.00000000
     0.01100000     0.00600000     0.00800000     0.00000000
     0.01100000     0.00700000     0.00600000     0.00000000
     0.01100000     0.00700000     0.00700000     0.00000000
     0.01100000     0.00700000     0.00800000     0.00000000
     0.01100000     0.00800000     0.00500000     0.00000000
     0.01100000     0.00800000     0.00600000     0.00000000
     0.01100000     0.00800000     0.00700000     0.00000000
     0.01100000     0.00900000     0.00500000     0.00000000
     0.01100000     0.00900000     0.00600000     0.00000000
     0.01100000     0.01000000     0.00400000     0.00000000
     0.01100000     0.01000000     0.00500000     0.00000000
     0.01100000     0.01000000     0.00600000     0.00000000
     0.01100000     0.01100000     0.00400000     0.00000000
     0.01100000     0.01100000     0.00500000     0.00000000
     0.01100000     0.01100000     0.00600000     0.00000000
     0.01100000     0.01200000     0.00400000     0.00000000
     0.01100000     0.01200000     0.00500000     0.00000000
     0.01100000     0.01300000     0.00400000     0.00000000
     0.01100000     0.01300000     0.00500000     0.00000000
     0.01100000     0.01400000     0.00400000     0.00000000
     0.01100000     0.01400000     0.00500000     0.00000000
     0.01100000     0.01500000     0.00400000     0.00000000
     0.01100000     0.01500000     0.00500000     0.00000000
     0.01100000     0.01600000     0.00400000     0.00000000
     0.01100000     0.01600000     0.00500000     0.00000000
     0.01100000     0.01700000     0.00400000     0.00000000
     0.01100000     0.01700000     0.00500000     0.00000000
     0.01100000     0.01800000     0.00400000     0.00000000
     0.01100000     0.01800000     0.00500000     0.00000000
     0.01100000     0.01800000     0.00600000     0.00000000
     0.01100000     0.01900000     0.00400000     0.00000000
     0.01100000     0.01900000     0.00500000     0.00000000
     0.01100000     0.01900000     0.00600000     0.00000000
     0.01100000     0.02000000     0.00500000     0.00000000
     0.01100000     0.02000000     0.00600000     0.00000000
     0.01100000     0.02100000     0.00500000     0.00000000
     0.01100000     0.02100000     0.00600000     0.00000000
     0.01100000     0.02100000     0.00700000     0.00000000
     0.01100000     0.02200000     0.00500000     0.00000000
     0.01100000     0.02200000     0.00600000     0.00000000
     0.01100000     0.02200000     0.00700000     0.00000000
     0.01100000     0.02200000     0.00800000     0.00000000
     0.01100000     0.02300000     0.00600000     0.00000000
     0.01100000     0.02300000     0.00700000     0.00000000
     0.01100000     0.02300000     0.00800000     0.00000000
     0.01100000     0.02400000     0.00600000     0.00000000
     0.01100000     0.02400000     0.00700000     0.00000000
     0.01100000     0.02400000     0.00800000     0.00000000
     0.01100000     0.02500000     0.00700000     0.00000000
     0.01100000     0.02500000     0.00800000     0.00000000
     0.01100000     0.02500000     0.00900000     0.00000000
     0.01100000     0.02500000     0.01000000     0.00000000
     0.01100000     0.02600000     0.00800000     0.00000000
     0.01100000     0.02600000     0.00900000     0.00000000
     0.01100000     0.02600000     0.01000000     0.00000000
     0.01100000     0.02700000     0.00900000     0.00000000
     0.01100000     0.02700000     0.01000000     0.00000000
     0.01100000     0.02700000     0.01100000     0.00000000
     0.01100000     0.02700000     0.01200000     0.00000000
     0.01100000     0.02800000     0.00900000     0.00000000
     0.01100000     0.02800000     0.01000000     0.00000000
     0.01100000     0.02800000     0.01100000     0.00000000
     0.01100000     0.02800000     0.01200000     0.00000000
     0.01100000     0.02900000     0.01000000     0.00000000
     0.01100000     0.02900000     0.01100000     0.00000000
     0.01100000     0.02900000     0.01200000     0.00000000
     0.01100000     0.03000000     0.01100000     0.00000000
     0.01100000     0.03000000     0.01200000     0.00000000
     0.01100000     0.03100000     0.01200000     0.00000000
     0.01200000     0.00200000     0.01100000     0.00000000
     0.01200000     0.00300000     0.01000000     0.00000000
     0.01200000     0.00300000     0.01100000     0.00000000
     0.01200000     0.00400000     0.00900000     0.00000000
     0.01200000     0.00400000     0.01000000     0.00000000
     0.01200000     0.00500000     0.00800000     0.00000000
     0.01200000     0.00500000     0.00900000     0.00000000
     0.01200000     0.00600000     0.00800000     0.00000000
     0.01200000     0.00700000     0.00700000     0.00000000
     0.01200000     0.00700000     0.00800000     0.00000000
     0.01200000     0.00800000     0.00600000     0.00000000
     0.01200000     0.00800000     0.00700000     0.00000000
     0.01200000     0.00900000     0.00600000     0.00000000
     0.01200000     0.01000000     0.00600000     0.00000000
     0.01200000     0.01100000     0.00500000     0.00000000
     0.01200000     0.01100000     0.00600000     0.00000000
     0.01200000     0.01200000     0.00500000     0.00000000
     0.01200000     0.01300000     0.00500000     0.00000000
     0.01200000     0.01400000     0.00500000     0.00000000
     0.01200000     0.01500000     0.00500000     0.00000000
     0.01200000     0.01600000     0.00500000     0.00000000
     0.01200000     0.01700000     0.00500000     0.00000000
     0.01200000     0.01800000     0.00500000     0.00000000
     0.01200000     0.01800000     0.00600000     0.00000000
     0.01200000     0.01900000     0.00500000     0.00000000
     0.01200000     0.01900000     0.00600000     0.00000000
     0.01200000     0.02000000     0.00600000     0.00000000
     0.01200000     0.02100000     0.00600000     0.00000000
     0.01200000     0.02100000     0.00700000     0.00000000
     0.01200000     0.02200000     0.00700000     0.00000000
     0.01200000     0.02200000     0.00800000     0.00000000
     0.01200000     0.02300000     0.00700000     0.00000000
     0.01200000     0.02300000     0.00800000     0.00000000
     0.01200000     0.02400000     0.00800000     0.00000000
     0.01200000     0.02500000     0.00800000     0.00000000
     0.01200000     0.02500000     0.00900000     0.00000000
     0.01200000     0.02500000     0.01000000     0.00000000
     0.01200000     0.02600000     0.00900000     0.00000000
     0.01200000     0.02600000     0.01000000     0.00000000
     0.01200000     0.02700000     0.01000000     0.00000000
     0.01200000     0.02700000     0.01100000     0.00000000
     0.01200000     0.02700000     0.01200000     0.00000000
     0.01200000     0.02800000     0.01100000     0.00000000
     0.01200000     0.02800000     0.01200000     0.00000000
     0.01200000     0.02900000     0.01200000     0.00000000
