     0.00000000     0.00800000     0.00600000   136.44880816
     0.00100000     0.00300000     0.00800000   127.78190789
     0.00100000     0.00400000     0.00800000   129.03934303
     0.00100000     0.00600000     0.00600000   133.56770545
     0.00100000     0.00700000     0.00600000   135.05724971
     0.00100000     0.00800000     0.00500000   137.65602964
     0.00100000     0.00800000     0.00600000   137.55475179
     0.00100000     0.01000000     0.00400000   142.00888585
     0.00100000     0.01100000     0.00400000   143.70468934
     0.00100000     0.01200000     0.00400000   145.83107170
     0.00100000     0.01300000     0.00400000   148.13877348
     0.00100000     0.01400000     0.00400000   150.44698557
     0.00100000     0.01500000     0.00400000   152.77070458
     0.00100000     0.01600000     0.00400000   155.05937849
     0.00100000     0.01700000     0.00400000   157.21883467
     0.00100000     0.01800000     0.00400000   158.85653448
     0.00100000     0.01900000     0.00400000   159.07036075
     0.00100000     0.02200000     0.00500000   167.07088186
     0.00100000     0.02200000     0.00600000   170.02520688
     0.00100000     0.02300000     0.00600000   171.26262067
     0.00100000     0.02400000     0.00600000   173.46551880
     0.00100000     0.02600000     0.00800000   184.86941550
     0.00200000     0.00200000     0.00800000   127.20365487
     0.00200000     0.00300000     0.00700000   128.83749537
     0.00200000     0.00300000     0.00800000   128.93675008
     0.00200000     0.00400000     0.00700000   130.20016238
     0.00200000     0.00400000     0.00800000   130.38782440
     0.00200000     0.00500000     0.00600000   132.62505783
     0.00200000     0.00600000     0.00500000   134.47656935
     0.00200000     0.00600000     0.00600000   134.63283468
     0.00200000     0.00700000     0.00500000   136.01628617
     0.00200000     0.00700000     0.00600000   136.33727256
     0.00200000     0.00800000     0.00400000   138.34864944
     0.00200000     0.00800000     0.00500000   138.55288588
     0.00200000     0.00800000     0.00600000   138.47056357
     0.00200000     0.00900000     0.00400000   139.96872450
     0.00200000     0.01000000     0.00400000   142.42032822
     0.00200000     0.01100000     0.00400000   144.60475621
     0.00200000     0.01200000     0.00300000   146.93651289
     0.00200000     0.01200000     0.00400000   147.12596296
     0.00200000     0.01300000     0.00300000   148.65942372
     0.00200000     0.01300000     0.00400000   149.42528536
     0.00200000     0.01400000     0.00300000   150.74285510
     0.00200000     0.01400000     0.00400000   151.67238383
     0.00200000     0.01500000     0.00300000   152.92230381
     0.00200000     0.01500000     0.00400000   153.95634171
     0.00200000     0.01600000     0.00300000   155.01535693
     0.00200000     0.01600000     0.00400000   156.17643072
     0.00200000     0.01700000     0.00300000   156.58249463
     0.00200000     0.01700000     0.00400000   158.16296899
     0.00200000     0.01800000     0.00300000   156.72821917
     0.00200000     0.01800000     0.00400000   159.73801412
     0.00200000     0.01900000     0.00400000   161.60088564
     0.00200000     0.02000000     0.00400000   164.39889267
     0.00200000     0.02100000     0.00400000   165.93168470
     0.00200000     0.02200000     0.00400000   165.90139905
     0.00200000     0.02200000     0.00500000   168.93442918
     0.00200000     0.02200000     0.00600000   171.61062861
     0.00200000     0.02300000     0.00500000   171.62251962
     0.00200000     0.02300000     0.00600000   173.29861206
     0.00200000     0.02400000     0.00500000   171.40490365
     0.00200000     0.02400000     0.00600000   173.46551880
     0.00200000     0.02500000     0.00600000   176.85833018
     0.00200000     0.02600000     0.00700000   182.76378562
     0.00200000     0.02600000     0.00800000   186.48255118
     0.00200000     0.02700000     0.00800000   187.84848521
     0.00200000     0.03000000     0.01000000   199.22636865
     0.00300000     0.00200000     0.00800000   128.05013424
     0.00300000     0.00400000     0.00600000   131.45236132
     0.00300000     0.00700000     0.00400000   136.93418067
     0.00300000     0.00800000     0.00400000   138.83734829
     0.00300000     0.00900000     0.00400000   140.76386419
     0.00300000     0.01000000     0.00300000   142.88531429
     0.00300000     0.01000000     0.00400000   143.11608713
     0.00300000     0.02000000     0.00300000   161.18740368
     0.00300000     0.02000000     0.00400000   164.79317953
     0.00300000     0.02100000     0.00400000   166.93463827
     0.00300000     0.02200000     0.00400000   166.98089826
     0.00300000     0.02300000     0.00400000   172.77362346
     0.00300000     0.02400000     0.00500000   172.74488783
     0.00300000     0.02400000     0.00600000   175.48328962
     0.00300000     0.02500000     0.00600000   176.85833018
     0.00300000     0.02600000     0.00600000   184.87467073
     0.00300000     0.02800000     0.00800000   197.94043661
     0.00300000     0.03000000     0.01000000   200.57852463
     0.00300000     0.03200000     0.01200000   228.61713292
     0.00400000     0.00100000     0.00800000   126.84186186
     0.00400000     0.00200000     0.00700000   128.29734323
     0.00400000     0.00200000     0.00800000   128.60344784
     0.00400000     0.00400000     0.00600000   132.12566474
     0.00400000     0.00600000     0.00400000   135.53706684
     0.00400000     0.00700000     0.00400000   137.33191580
     0.00400000     0.00800000     0.00400000   139.20559249
     0.00400000     0.00900000     0.00300000   141.22586629
     0.00400000     0.00900000     0.00400000   141.41569023
     0.00400000     0.01000000     0.00300000   143.24625785
     0.00400000     0.01000000     0.00400000   143.75937734
     0.00400000     0.02000000     0.00300000   162.98292207
     0.00400000     0.02000000     0.00400000   165.12870156
     0.00400000     0.02100000     0.00300000   162.99333058
     0.00400000     0.02100000     0.00400000   166.87948901
     0.00400000     0.02200000     0.00400000   168.39086206
     0.00400000     0.02300000     0.00400000   168.44786679
     0.00400000     0.02400000     0.00500000   174.48408725
     0.00400000     0.02400000     0.00600000   176.91222057
     0.00400000     0.02500000     0.00500000   174.37905708
     0.00400000     0.02500000     0.00600000   177.18413551
     0.00400000     0.02600000     0.00600000   179.53104073
     0.00400000     0.02800000     0.00800000   190.97114879
     0.00400000     0.02900000     0.00800000   199.91800435
     0.00400000     0.03000000     0.00900000   199.96517828
     0.00400000     0.03000000     0.01000000   202.70629205
     0.00400000     0.03100000     0.01000000   212.67098804
     0.00400000     0.03200000     0.01100000   212.67098804
     0.00400000     0.03200000     0.01200000   230.95716289
     0.00400000     0.03400000     0.01500000   260.67177941
     0.00400000     0.03400000     0.01600000   267.98572715
     0.00400000     0.03500000     0.01600000   267.98572715
     0.00400000     0.03600000     0.01800000   294.89864227
     0.00400000     0.03800000     0.02100000   342.71295938
     0.00400000     0.03800000     0.02200000   346.39477041
     0.00400000     0.04000000     0.02400000  2705.55970962
     0.00400000     0.04200000     0.02500000     0.00000000
     0.00400000     0.04200000     0.02600000     0.00000000
     0.00400000     0.04300000     0.02600000     0.00000000
     0.00400000     0.04400000     0.02700000     0.00000000
     0.00400000     0.04400000     0.02800000     0.00000000
     0.00400000     0.04500000     0.02800000     0.00000000
     0.00500000     0.00100000     0.00800000   127.49093505
     0.00500000     0.00200000     0.00700000   128.98829924
     0.00500000     0.00200000     0.00800000   129.16942956
     0.00500000     0.00300000     0.00600000   129.98340218
     0.00500000     0.00400000     0.00600000   131.86703342
     0.00500000     0.00600000     0.00400000   136.21379881
     0.00500000     0.00700000     0.00400000   137.65235112
     0.00500000     0.00800000     0.00400000   139.39465152
     0.00500000     0.01300000     0.00200000   148.94511044
     0.00500000     0.01400000     0.00200000   150.33541887
     0.00500000     0.01500000     0.00200000   151.44766786
     0.00500000     0.01600000     0.00200000   151.32287296
     0.00500000     0.02200000     0.00400000   169.36223340
     0.00500000     0.02300000     0.00400000   169.33185955
     0.00500000     0.02600000     0.00600000   179.53104073
     0.00500000     0.02800000     0.00700000   187.41680957
     0.00500000     0.02800000     0.00800000   190.86766136
     0.00500000     0.02900000     0.00800000   201.29310681
     0.00500000     0.03000000     0.00900000   201.16819242
     0.00500000     0.03000000     0.01000000   203.87438894
     0.00500000     0.03100000     0.01000000   213.03503345
     0.00500000     0.03200000     0.01100000   213.03503345
     0.00500000     0.03200000     0.01200000   235.99309516
     0.00500000     0.03400000     0.01400000   251.41840914
     0.00500000     0.03400000     0.01500000   259.09145783
     0.00500000     0.03400000     0.01600000   267.53807092
     0.00500000     0.03500000     0.01600000   267.53807092
     0.00500000     0.03600000     0.01800000   304.92783665
     0.00500000     0.03600000     0.01900000   312.73342012
     0.00500000     0.03600000     0.02000000   317.95587792
     0.00500000     0.03700000     0.01900000   312.73342012
     0.00500000     0.03700000     0.02000000   344.83078862
     0.00500000     0.03800000     0.02100000   342.71295938
     0.00500000     0.03800000     0.02200000   346.39477041
     0.00500000     0.03900000     0.02200000   346.39477041
     0.00500000     0.04000000     0.02300000    28.21277242
     0.00500000     0.04000000     0.02400000  2165.42263960
     0.00500000     0.04100000     0.02400000  2165.42263960
     0.00500000     0.04200000     0.02500000     0.00000000
     0.00500000     0.04200000     0.02600000     0.00000000
     0.00500000     0.04300000     0.02600000     0.00000000
     0.00500000     0.04400000     0.02700000     0.00000000
     0.00500000     0.04400000     0.02800000     0.00000000
     0.00500000     0.04500000     0.02800000     0.00000000
     0.00500000     0.04600000     0.02900000     0.00000000
     0.00500000     0.04600000     0.03000000     0.00000000
     0.00500000     0.04700000     0.02900000     0.00000000
     0.00500000     0.04700000     0.03000000     0.00000000
     0.00500000     0.04800000     0.03000000     0.00000000
     0.00600000     0.00100000     0.00800000   127.60217760
     0.00600000     0.00200000     0.00700000   129.13196692
     0.00600000     0.00200000     0.00800000   129.25178061
     0.00600000     0.00300000     0.00600000   130.41304040
     0.00600000     0.00400000     0.00600000   131.87476338
     0.00600000     0.00600000     0.00400000   136.31558302
     0.00600000     0.00700000     0.00400000   137.68643004
     0.00600000     0.00800000     0.00400000   139.36513526
     0.00600000     0.01300000     0.00200000   149.51709800
     0.00600000     0.01400000     0.00200000   150.90781606
     0.00600000     0.01500000     0.00200000   152.01033871
     0.00600000     0.01600000     0.00200000   151.87880084
     0.00600000     0.02200000     0.00400000   169.47370593
     0.00600000     0.02300000     0.00400000   169.48667006
     0.00600000     0.02600000     0.00600000   180.19738097
     0.00600000     0.02800000     0.00700000   188.10141496
     0.00600000     0.02800000     0.00800000   190.83447397
     0.00600000     0.02900000     0.00800000   201.51581888
     0.00600000     0.03000000     0.00900000   201.41459211
     0.00600000     0.03000000     0.01000000   204.14086021
     0.00600000     0.03100000     0.01000000   213.12529856
     0.00600000     0.03200000     0.01100000   213.12529856
     0.00600000     0.03200000     0.01200000   238.47048526
     0.00600000     0.03400000     0.01400000   252.33213484
     0.00600000     0.03400000     0.01500000   258.46682441
     0.00600000     0.03400000     0.01600000   267.50492239
     0.00600000     0.03500000     0.01600000   267.50492239
     0.00600000     0.03600000     0.01800000   306.04627306
     0.00600000     0.03600000     0.01900000   312.65143113
     0.00600000     0.03600000     0.02000000   317.20415320
     0.00600000     0.03700000     0.01900000   312.65143113
     0.00600000     0.03700000     0.02000000   349.44268702
     0.00600000     0.03800000     0.02100000   348.23257939
     0.00600000     0.03800000     0.02200000   350.30616469
     0.00600000     0.03900000     0.02200000   350.30616469
     0.00600000     0.04000000     0.02300000    37.52482878
     0.00600000     0.04000000     0.02400000  2178.60183403
     0.00600000     0.04100000     0.02400000     0.00000000
     0.00600000     0.04200000     0.02500000     0.00000000
     0.00600000     0.04200000     0.02600000     0.00000000
     0.00600000     0.04300000     0.02600000     0.00000000
     0.00600000     0.04400000     0.02700000     0.00000000
     0.00600000     0.04400000     0.02800000     0.00000000
     0.00600000     0.04500000     0.02800000     0.00000000
     0.00600000     0.04600000     0.02900000     0.00000000
     0.00600000     0.04600000     0.03000000     0.00000000
     0.00600000     0.04700000     0.02900000     0.00000000
     0.00600000     0.04700000     0.03000000     0.00000000
     0.00600000     0.04800000     0.03000000     0.00000000
     0.00700000     0.00100000     0.00800000   127.28845767
     0.00700000     0.00200000     0.00700000   128.78413307
     0.00700000     0.00200000     0.00800000   128.94637596
     0.00700000     0.00300000     0.00600000   129.90486037
     0.00700000     0.00400000     0.00600000   131.66628618
     0.00700000     0.00600000     0.00400000   135.99984342
     0.00700000     0.00700000     0.00400000   137.41416228
     0.00700000     0.00800000     0.00400000   139.12661565
     0.00700000     0.01300000     0.00200000   148.88953965
     0.00700000     0.01400000     0.00200000   150.28159279
     0.00700000     0.01500000     0.00200000   151.39255546
     0.00700000     0.01600000     0.00200000   151.26693132
     0.00700000     0.02200000     0.00400000   169.14509201
     0.00700000     0.02300000     0.00400000   169.13843906
     0.00700000     0.02600000     0.00600000   179.46020628
     0.00700000     0.02800000     0.00700000   187.35545786
     0.00700000     0.02800000     0.00800000   190.72983530
     0.00700000     0.02900000     0.00800000   201.12851556
     0.00700000     0.03000000     0.00900000   201.02986447
     0.00700000     0.03000000     0.01000000   203.73029111
     0.00700000     0.03100000     0.01000000   212.87026238
     0.00700000     0.03200000     0.01100000   212.87026238
     0.00700000     0.03200000     0.01200000   235.88440355
     0.00700000     0.03400000     0.01400000   251.39682596
     0.00700000     0.03400000     0.01500000   259.03583848
     0.00700000     0.03400000     0.01600000   267.45787426
     0.00700000     0.03500000     0.01600000   267.45787426
     0.00700000     0.03600000     0.01800000   304.91165785
     0.00700000     0.03600000     0.01900000   312.70267556
     0.00700000     0.03600000     0.02000000   317.91736708
     0.00700000     0.03700000     0.01900000   312.70267556
     0.00700000     0.03700000     0.02000000   344.81672477
     0.00700000     0.03800000     0.02100000   342.70810686
     0.00700000     0.03800000     0.02200000   346.39098800
     0.00700000     0.03900000     0.02200000   346.39098800
     0.00700000     0.04000000     0.02300000    28.21301666
     0.00700000     0.04000000     0.02400000  2165.42253566
     0.00700000     0.04100000     0.02400000     0.00000000
     0.00700000     0.04200000     0.02500000     0.00000000
     0.00700000     0.04200000     0.02600000     0.00000000
     0.00700000     0.04300000     0.02600000     0.00000000
     0.00700000     0.04400000     0.02700000     0.00000000
     0.00700000     0.04400000     0.02800000     0.00000000
     0.00700000     0.04500000     0.02800000     0.00000000
     0.00700000     0.04600000     0.02900000     0.00000000
     0.00700000     0.04600000     0.03000000     0.00000000
     0.00700000     0.04700000     0.02900000     0.00000000
     0.00700000     0.04700000     0.03000000     0.00000000
     0.00700000     0.04800000     0.03000000     0.00000000
     0.00800000     0.00100000     0.00800000   126.53014620
     0.00800000     0.00200000     0.00700000   127.98339252
     0.00800000     0.00200000     0.00800000   128.19447992
     0.00800000     0.00400000     0.00600000   131.63229439
     0.00800000     0.00600000     0.00400000   135.21183190
     0.00800000     0.00700000     0.00400000   136.90504654
     0.00800000     0.00800000     0.00400000   138.69187390
     0.00800000     0.00900000     0.00300000   140.88824548
     0.00800000     0.00900000     0.00400000   140.90161777
     0.00800000     0.01000000     0.00300000   142.81363488
     0.00800000     0.01000000     0.00400000   143.24033543
     0.00800000     0.02000000     0.00300000   162.60209257
     0.00800000     0.02000000     0.00400000   164.67861413
     0.00800000     0.02100000     0.00300000   162.70113114
     0.00800000     0.02100000     0.00400000   166.44157533
     0.00800000     0.02200000     0.00400000   167.98353828
     0.00800000     0.02300000     0.00400000   168.15392213
     0.00800000     0.02400000     0.00500000   174.09931630
     0.00800000     0.02400000     0.00600000   176.48212475
     0.00800000     0.02500000     0.00500000   174.10565865
     0.00800000     0.02500000     0.00600000   176.80970789
     0.00800000     0.02600000     0.00600000   179.46020628
     0.00800000     0.02800000     0.00800000   190.69832392
     0.00800000     0.02900000     0.00800000   199.59568041
     0.00800000     0.03000000     0.00900000   199.76089856
     0.00800000     0.03000000     0.01000000   202.48828809
     0.00800000     0.03100000     0.01000000   212.36421517
     0.00800000     0.03200000     0.01100000   212.36421517
     0.00800000     0.03200000     0.01200000   230.67604080
     0.00800000     0.03400000     0.01500000   260.55649023
     0.00800000     0.03400000     0.01600000   267.84125812
     0.00800000     0.03500000     0.01600000   267.84125812
     0.00800000     0.03600000     0.01800000   294.78586967
     0.00800000     0.03800000     0.02100000   342.70810686
     0.00800000     0.03800000     0.02200000   346.39098800
     0.00800000     0.04000000     0.02400000  2705.55910969
     0.00800000     0.04200000     0.02500000     0.00000000
     0.00800000     0.04200000     0.02600000     0.00000000
     0.00800000     0.04300000     0.02600000     0.00000000
     0.00800000     0.04400000     0.02700000     0.00000000
     0.00800000     0.04400000     0.02800000     0.00000000
     0.00800000     0.04500000     0.02800000     0.00000000
     0.00900000     0.00200000     0.00800000   127.32094887
     0.00900000     0.00400000     0.00600000   130.84338359
     0.00900000     0.00500000     0.00500000   132.78935122
     0.00900000     0.00500000     0.00600000   132.81950195
     0.00900000     0.00600000     0.00500000   134.40801369
     0.00900000     0.00600000     0.00600000   134.66541626
     0.00900000     0.00700000     0.00400000   136.34267407
     0.00900000     0.00800000     0.00400000   138.13280724
     0.00900000     0.00900000     0.00400000   139.98623765
     0.00900000     0.01000000     0.00300000   142.30472414
     0.00900000     0.01000000     0.00400000   142.33759793
     0.00900000     0.01100000     0.00300000   143.98825954
     0.00900000     0.01100000     0.00400000   144.55425392
     0.00900000     0.01200000     0.00300000   146.53535140
     0.00900000     0.01200000     0.00400000   147.07113806
     0.00900000     0.01800000     0.00300000   158.40876527
     0.00900000     0.01800000     0.00400000   160.01246346
     0.00900000     0.01900000     0.00300000   160.56589485
     0.00900000     0.01900000     0.00400000   162.27225965
     0.00900000     0.02000000     0.00300000   160.67486158
     0.00900000     0.02000000     0.00400000   164.12583638
     0.00900000     0.02100000     0.00400000   166.26636552
     0.00900000     0.02200000     0.00400000   166.33397305
     0.00900000     0.02300000     0.00400000   172.12790742
     0.00900000     0.02400000     0.00500000   172.12480534
     0.00900000     0.02400000     0.00600000   174.85601977
     0.00900000     0.02500000     0.00600000   176.32803375
     0.00900000     0.02600000     0.00600000   184.27174358
     0.00900000     0.02600000     0.00700000   184.27174358
     0.00900000     0.02600000     0.00800000   187.06738955
     0.00900000     0.02700000     0.00700000   184.57116497
     0.00900000     0.02700000     0.00800000   187.60688556
     0.00900000     0.02800000     0.00800000   197.35292825
     0.00900000     0.03000000     0.01000000   200.01986997
     0.00900000     0.03200000     0.01200000   228.27066699
     0.01000000     0.00200000     0.00800000   126.36869687
     0.01000000     0.00300000     0.00700000   128.00902610
     0.01000000     0.00300000     0.00800000   128.01090182
     0.01000000     0.00400000     0.00700000   129.32922304
     0.01000000     0.00400000     0.00800000   129.37718615
     0.01000000     0.00500000     0.00600000   131.74189953
     0.01000000     0.00600000     0.00500000   133.63742687
     0.01000000     0.00600000     0.00600000   133.66377379
     0.01000000     0.00700000     0.00500000   135.13889881
     0.01000000     0.00700000     0.00600000   135.29716402
     0.01000000     0.00800000     0.00400000   137.49840812
     0.01000000     0.00800000     0.00500000   137.56999570
     0.01000000     0.00800000     0.00600000   137.32865220
     0.01000000     0.00900000     0.00400000   139.08546377
     0.01000000     0.01000000     0.00400000   141.41774429
     0.01000000     0.01100000     0.00400000   143.53453420
     0.01000000     0.01200000     0.00300000   146.09049576
     0.01000000     0.01200000     0.00400000   146.08492104
     0.01000000     0.01300000     0.00300000   147.80240293
     0.01000000     0.01300000     0.00400000   148.40615826
     0.01000000     0.01400000     0.00300000   149.88356196
     0.01000000     0.01400000     0.00400000   150.65735399
     0.01000000     0.01500000     0.00300000   152.07199831
     0.01000000     0.01500000     0.00400000   152.94646218
     0.01000000     0.01600000     0.00300000   154.18104757
     0.01000000     0.01600000     0.00400000   155.18801835
     0.01000000     0.01700000     0.00300000   155.77095887
     0.01000000     0.01700000     0.00400000   157.19886294
     0.01000000     0.01800000     0.00300000   155.93458658
     0.01000000     0.01800000     0.00400000   158.77467634
     0.01000000     0.01900000     0.00400000   160.67339438
     0.01000000     0.02000000     0.00400000   163.60316419
     0.01000000     0.02100000     0.00400000   165.18341132
     0.01000000     0.02200000     0.00400000   165.17529901
     0.01000000     0.02200000     0.00500000   168.10756669
     0.01000000     0.02200000     0.00600000   170.66655029
     0.01000000     0.02300000     0.00500000   170.90103490
     0.01000000     0.02300000     0.00600000   172.46558895
     0.01000000     0.02400000     0.00500000   170.72050668
     0.01000000     0.02400000     0.00600000   172.73423697
     0.01000000     0.02500000     0.00600000   180.96841711
     0.01000000     0.02600000     0.00700000   182.02257640
     0.01000000     0.02600000     0.00800000   185.66733891
     0.01000000     0.02700000     0.00800000   187.13937212
     0.01000000     0.03000000     0.01000000   198.59326700
     0.01100000     0.00300000     0.00800000   126.69631386
     0.01100000     0.00400000     0.00800000   127.87780589
     0.01100000     0.00600000     0.00600000   132.42318459
     0.01100000     0.00700000     0.00600000   133.85043264
     0.01100000     0.00800000     0.00500000   136.48478366
     0.01100000     0.00800000     0.00600000   136.22659550
     0.01100000     0.01000000     0.00400000   140.88498418
     0.01100000     0.01100000     0.00400000   142.55000488
     0.01100000     0.01200000     0.00400000   144.65378573
     0.01100000     0.01300000     0.00400000   146.95691467
     0.01100000     0.01400000     0.00400000   149.26896817
     0.01100000     0.01500000     0.00400000   151.61129905
     0.01100000     0.01600000     0.00400000   153.91561055
     0.01100000     0.01700000     0.00400000   156.10379348
     0.01100000     0.01800000     0.00400000   157.77153373
     0.01100000     0.01900000     0.00400000   158.00928739
     0.01100000     0.02200000     0.00500000   166.09574473
     0.01100000     0.02200000     0.00600000   168.97196986
     0.01100000     0.02300000     0.00600000   170.22521523
     0.01100000     0.02400000     0.00600000   172.73423697
     0.01100000     0.02600000     0.00800000   183.91413816
     0.01200000     0.00800000     0.00600000   134.95847303
     0.00000000     0.00200000     0.01100000   123.29823557
     0.00000000     0.00300000     0.01000000   125.37761184
     0.00000000     0.00300000     0.01100000   124.96745721
     0.00000000     0.00400000     0.00900000   127.58275992
     0.00000000     0.00400000     0.01000000   127.19070368
     0.00000000     0.00500000     0.00800000   129.71603234
     0.00000000     0.00500000     0.00900000   129.46419117
     0.00000000     0.00600000     0.00800000   131.02758300
     0.00000000     0.00700000     0.00700000   133.97060353
     0.00000000     0.00700000     0.00800000   133.39806535
     0.00000000     0.00800000     0.00600000   136.44880816
     0.00000000     0.00800000     0.00700000   136.19877154
     0.00000000     0.00900000     0.00600000   138.00079206
     0.00000000     0.01000000     0.00600000   139.97934066
     0.00000000     0.01100000     0.00500000   143.38160652
     0.00000000     0.01100000     0.00600000   143.06133722
     0.00000000     0.01200000     0.00500000   145.11022589
     0.00000000     0.01300000     0.00500000   147.27110459
     0.00000000     0.01400000     0.00500000   149.65912889
     0.00000000     0.01500000     0.00500000   152.12900707
     0.00000000     0.01600000     0.00500000   154.62199813
     0.00000000     0.01700000     0.00500000   157.02954181
     0.00000000     0.01800000     0.00500000   158.85544984
     0.00000000     0.01800000     0.00600000   160.18299764
     0.00000000     0.01900000     0.00500000   159.17669039
     0.00000000     0.01900000     0.00600000   161.95030043
     0.00000000     0.02000000     0.00600000   164.87387949
     0.00000000     0.02100000     0.00600000   165.34556847
     0.00000000     0.02100000     0.00700000   168.59434579
     0.00000000     0.02200000     0.00700000   172.01725021
     0.00000000     0.02200000     0.00800000   173.96108346
     0.00000000     0.02300000     0.00700000   172.59394020
     0.00000000     0.02300000     0.00800000   176.02254156
     0.00000000     0.02400000     0.00800000   177.73559232
     0.00000000     0.02500000     0.00800000   186.12160601
     0.00000000     0.02500000     0.00900000   186.12160601
     0.00000000     0.02500000     0.01000000   188.21327281
     0.00000000     0.02600000     0.00900000   186.50898000
     0.00000000     0.02600000     0.01000000   188.75133523
     0.00000000     0.02700000     0.01000000   198.94259239
     0.00000000     0.02700000     0.01100000   198.94259239
     0.00000000     0.02700000     0.01200000   201.46758235
     0.00000000     0.02800000     0.01100000   199.67523848
     0.00000000     0.02800000     0.01200000   203.74468453
     0.00000000     0.02900000     0.01200000   205.24211227
     0.00100000     0.00100000     0.01000000   124.30812840
     0.00100000     0.00200000     0.00900000   126.05416973
     0.00100000     0.00200000     0.01000000   125.93130366
     0.00100000     0.00200000     0.01100000   125.24075580
     0.00100000     0.00300000     0.00800000   127.78190789
     0.00100000     0.00300000     0.00900000   127.78413060
     0.00100000     0.00300000     0.01000000   127.17032324
     0.00100000     0.00300000     0.01100000   126.22043173
     0.00100000     0.00400000     0.00800000   129.03934303
     0.00100000     0.00400000     0.00900000   129.11498900
     0.00100000     0.00400000     0.01000000   128.39027165
     0.00100000     0.00500000     0.00700000   131.39122700
     0.00100000     0.00500000     0.00800000   131.03106290
     0.00100000     0.00500000     0.00900000   130.58399016
     0.00100000     0.00600000     0.00600000   133.56770545
     0.00100000     0.00600000     0.00700000   133.46790981
     0.00100000     0.00600000     0.00800000   132.67434885
     0.00100000     0.00700000     0.00600000   135.05724971
     0.00100000     0.00700000     0.00700000   135.25330474
     0.00100000     0.00700000     0.00800000   134.53922774
     0.00100000     0.00800000     0.00500000   137.65602964
     0.00100000     0.00800000     0.00600000   137.55475179
     0.00100000     0.00800000     0.00700000   137.22403172
     0.00100000     0.00900000     0.00500000   139.27986215
     0.00100000     0.00900000     0.00600000   139.46616613
     0.00100000     0.01000000     0.00400000   142.00888585
     0.00100000     0.01000000     0.00500000   142.00290381
     0.00100000     0.01000000     0.00600000   141.55454351
     0.00100000     0.01100000     0.00400000   143.70468934
     0.00100000     0.01100000     0.00500000   144.35935097
     0.00100000     0.01100000     0.00600000   144.12525521
     0.00100000     0.01200000     0.00400000   145.83107170
     0.00100000     0.01200000     0.00500000   146.45322881
     0.00100000     0.01300000     0.00400000   148.13877348
     0.00100000     0.01300000     0.00500000   148.72569552
     0.00100000     0.01400000     0.00400000   150.44698557
     0.00100000     0.01400000     0.00500000   151.10546548
     0.00100000     0.01500000     0.00400000   152.77070458
     0.00100000     0.01500000     0.00500000   153.53286453
     0.00100000     0.01600000     0.00400000   155.05937849
     0.00100000     0.01600000     0.00500000   155.96360137
     0.00100000     0.01700000     0.00400000   157.21883467
     0.00100000     0.01700000     0.00500000   158.30425927
     0.00100000     0.01800000     0.00400000   158.85653448
     0.00100000     0.01800000     0.00500000   160.27380834
     0.00100000     0.01800000     0.00600000   161.28263080
     0.00100000     0.01900000     0.00400000   159.07036075
     0.00100000     0.01900000     0.00500000   161.50016188
     0.00100000     0.01900000     0.00600000   163.58625600
     0.00100000     0.02000000     0.00500000   165.00836776
     0.00100000     0.02000000     0.00600000   166.36276363
     0.00100000     0.02100000     0.00500000   166.86637775
     0.00100000     0.02100000     0.00600000   168.21673505
     0.00100000     0.02100000     0.00700000   170.17364389
     0.00100000     0.02200000     0.00500000   167.07088186
     0.00100000     0.02200000     0.00600000   170.02520688
     0.00100000     0.02200000     0.00700000   173.06917068
     0.00100000     0.02200000     0.00800000   175.01923475
     0.00100000     0.02300000     0.00600000   171.26262067
     0.00100000     0.02300000     0.00700000   174.83517741
     0.00100000     0.02300000     0.00800000   177.88437216
     0.00100000     0.02400000     0.00600000   173.46551880
     0.00100000     0.02400000     0.00700000   178.86800477
     0.00100000     0.02400000     0.00800000   180.74959104
     0.00100000     0.02500000     0.00700000   179.42604250
     0.00100000     0.02500000     0.00800000   183.10985765
     0.00100000     0.02500000     0.00900000   187.10688506
     0.00100000     0.02500000     0.01000000   189.62771208
     0.00100000     0.02600000     0.00800000   184.86941550
     0.00100000     0.02600000     0.00900000   189.04294273
     0.00100000     0.02600000     0.01000000   192.14242393
     0.00100000     0.02700000     0.00900000   193.36957153
     0.00100000     0.02700000     0.01000000   195.78770171
     0.00100000     0.02700000     0.01100000   199.74689871
     0.00100000     0.02700000     0.01200000   202.70869721
     0.00100000     0.02800000     0.00900000   193.64826351
     0.00100000     0.02800000     0.01000000   196.15949422
     0.00100000     0.02800000     0.01100000   201.88059722
     0.00100000     0.02800000     0.01200000   205.95136938
     0.00100000     0.02900000     0.01000000   206.63991353
     0.00100000     0.02900000     0.01100000   206.63991353
     0.00100000     0.02900000     0.01200000   209.05113960
     0.00100000     0.03000000     0.01100000   207.04572152
     0.00100000     0.03000000     0.01200000   211.31471511
     0.00100000     0.03100000     0.01200000   212.20321249
     0.00200000     0.00000000     0.01000000   123.83523062
     0.00200000     0.00100000     0.00900000   125.47323691
     0.00200000     0.00100000     0.01000000   125.43649668
     0.00200000     0.00200000     0.00800000   127.20365487
     0.00200000     0.00200000     0.00900000   127.18754219
     0.00200000     0.00200000     0.01000000   126.96554740
     0.00200000     0.00300000     0.00700000   128.83749537
     0.00200000     0.00300000     0.00800000   128.93675008
     0.00200000     0.00300000     0.00900000   128.79759965
     0.00200000     0.00400000     0.00700000   130.20016238
     0.00200000     0.00400000     0.00800000   130.38782440
     0.00200000     0.00500000     0.00600000   132.62505783
     0.00200000     0.00500000     0.00700000   132.46310994
     0.00200000     0.00500000     0.00800000   132.13562538
     0.00200000     0.00600000     0.00500000   134.47656935
     0.00200000     0.00600000     0.00600000   134.63283468
     0.00200000     0.00600000     0.00700000   134.43880993
     0.00200000     0.00700000     0.00500000   136.01628617
     0.00200000     0.00800000     0.00400000   138.34864944
     0.00200000     0.00800000     0.00500000   138.55288588
     0.00200000     0.00900000     0.00400000   139.96872450
     0.00200000     0.00900000     0.00500000   140.50125660
     0.00200000     0.01000000     0.00400000   142.42032822
     0.00200000     0.01000000     0.00500000   142.86095946
     0.00200000     0.01100000     0.00400000   144.60475621
     0.00200000     0.01200000     0.00300000   146.93651289
     0.00200000     0.01200000     0.00400000   147.12596296
     0.00200000     0.01300000     0.00300000   148.65942372
     0.00200000     0.01400000     0.00300000   150.74285510
     0.00200000     0.01500000     0.00300000   152.92230381
     0.00200000     0.01600000     0.00300000   155.01535693
     0.00200000     0.01700000     0.00300000   156.58249463
     0.00200000     0.01700000     0.00400000   158.16296899
     0.00200000     0.01800000     0.00300000   156.72821917
     0.00200000     0.01800000     0.00400000   159.73801412
     0.00200000     0.01900000     0.00400000   161.60088564
     0.00200000     0.01900000     0.00500000   163.35404328
     0.00200000     0.02000000     0.00400000   164.39889267
     0.00200000     0.02000000     0.00500000   165.99772144
     0.00200000     0.02100000     0.00400000   165.93168470
     0.00200000     0.02100000     0.00500000   167.89884254
     0.00200000     0.02100000     0.00600000   169.75891598
     0.00200000     0.02200000     0.00400000   165.90139905
     0.00200000     0.02200000     0.00500000   168.93442918
     0.00200000     0.02200000     0.00600000   171.61062861
     0.00200000     0.02300000     0.00500000   171.62251962
     0.00200000     0.02300000     0.00600000   173.29861206
     0.00200000     0.02400000     0.00500000   171.40490365
     0.00200000     0.02400000     0.00600000   173.46551880
     0.00200000     0.02400000     0.00700000   179.18963242
     0.00200000     0.02400000     0.00800000   182.20088952
     0.00200000     0.02500000     0.00600000   176.85833018
     0.00200000     0.02500000     0.00700000   181.83467206
     0.00200000     0.02500000     0.00800000   184.74600709
     0.00200000     0.02600000     0.00700000   182.76378562
     0.00200000     0.02600000     0.00800000   186.48255118
     0.00200000     0.02600000     0.00900000   190.61078756
     0.00200000     0.02700000     0.00800000   187.84848521
     0.00200000     0.02700000     0.00900000   193.77116608
     0.00200000     0.02700000     0.01000000   197.15595967
     0.00200000     0.02800000     0.00900000   196.23620175
     0.00200000     0.02800000     0.01000000   198.75846272
     0.00200000     0.02900000     0.00900000   196.59064403
     0.00200000     0.02900000     0.01000000   199.22636865
     0.00200000     0.02900000     0.01100000   206.71237382
     0.00200000     0.02900000     0.01200000   210.71961307
     0.00200000     0.03000000     0.01000000   199.22636865
     0.00200000     0.03000000     0.01100000   208.40564399
     0.00200000     0.03000000     0.01200000   212.10702967
     0.00200000     0.03100000     0.01100000   211.42538779
     0.00200000     0.03100000     0.01200000   212.62233452
     0.00200000     0.03100000     0.01300000   218.75291427
     0.00200000     0.03100000     0.01400000   227.21510940
     0.00200000     0.03200000     0.01300000   233.87160765
     0.00200000     0.03200000     0.01400000   233.87160765
     0.00200000     0.03200000     0.01500000   243.34246614
     0.00200000     0.03300000     0.01500000   248.73164772
     0.00300000     0.00000000     0.00900000   124.85971111
     0.00300000     0.00000000     0.01000000   125.14108385
     0.00300000     0.00100000     0.00900000   126.18001286
     0.00300000     0.00100000     0.01000000   126.42193871
     0.00300000     0.00200000     0.00800000   128.05013424
     0.00300000     0.00200000     0.00900000   128.02732739
     0.00300000     0.00300000     0.00700000   129.72187543
     0.00300000     0.00300000     0.00800000   129.79685492
     0.00300000     0.00400000     0.00600000   131.45236132
     0.00300000     0.00400000     0.00700000   131.36098608
     0.00300000     0.00500000     0.00500000   133.38066786
     0.00300000     0.00500000     0.00600000   133.50844668
     0.00300000     0.00500000     0.00700000   133.33628885
     0.00300000     0.00600000     0.00500000   135.10194637
     0.00300000     0.00600000     0.00600000   135.43971232
     0.00300000     0.00700000     0.00400000   136.93418067
     0.00300000     0.00700000     0.00500000   137.10337140
     0.00300000     0.00800000     0.00400000   138.83734829
     0.00300000     0.00800000     0.00500000   139.27687449
     0.00300000     0.01000000     0.00300000   142.88531429
     0.00300000     0.01000000     0.00400000   143.11608713
     0.00300000     0.01100000     0.00300000   144.59090655
     0.00300000     0.01100000     0.00400000   145.33636156
     0.00300000     0.01200000     0.00300000   147.24809094
     0.00300000     0.01200000     0.00400000   147.89364011
     0.00300000     0.01300000     0.00300000   149.48366714
     0.00300000     0.01400000     0.00300000   151.64585317
     0.00300000     0.01500000     0.00300000   153.83058353
     0.00300000     0.01600000     0.00300000   155.95209930
     0.00300000     0.01700000     0.00300000   157.79843250
     0.00300000     0.01700000     0.00400000   158.83386394
     0.00300000     0.01800000     0.00300000   159.06971553
     0.00300000     0.01800000     0.00400000   160.76295834
     0.00300000     0.01900000     0.00300000   161.10668447
     0.00300000     0.01900000     0.00400000   162.95877035
     0.00300000     0.02000000     0.00300000   161.18740368
     0.00300000     0.02000000     0.00400000   164.79317953
     0.00300000     0.02200000     0.00400000   166.98089826
     0.00300000     0.02200000     0.00500000   170.13311490
     0.00300000     0.02300000     0.00400000   172.77362346
     0.00300000     0.02300000     0.00500000   172.77362346
     0.00300000     0.02300000     0.00600000   174.69518941
     0.00300000     0.02400000     0.00500000   172.74488783
     0.00300000     0.02400000     0.00600000   175.48328962
     0.00300000     0.02500000     0.00600000   176.85833018
     0.00300000     0.02500000     0.00700000   182.39459116
     0.00300000     0.02500000     0.00800000   185.66465808
     0.00300000     0.02600000     0.00600000   184.87467073
     0.00300000     0.02600000     0.00700000   184.87467073
     0.00300000     0.02600000     0.00800000   187.72509600
     0.00300000     0.02700000     0.00700000   185.06795999
     0.00300000     0.02700000     0.00800000   188.21800603
     0.00300000     0.02700000     0.00900000   193.86560020
     0.00300000     0.02800000     0.00800000   197.94043661
     0.00300000     0.02800000     0.00900000   197.94043661
     0.00300000     0.02800000     0.01000000   200.38459276
     0.00300000     0.02900000     0.00900000   198.01320590
     0.00300000     0.02900000     0.01000000   200.57852463
     0.00300000     0.03000000     0.01000000   200.57852463
     0.00300000     0.03000000     0.01100000   210.76867013
     0.00300000     0.03000000     0.01200000   214.09798084
     0.00300000     0.03100000     0.01100000   211.42538779
     0.00300000     0.03100000     0.01200000   214.95580633
     0.00300000     0.03100000     0.01300000   224.28950431
     0.00300000     0.03100000     0.01400000   231.60304330
     0.00300000     0.03200000     0.01200000   228.61713292
     0.00300000     0.03200000     0.01300000   228.61713292
     0.00300000     0.03200000     0.01400000   234.28958075
     0.00300000     0.03200000     0.01500000   245.49492374
     0.00300000     0.03300000     0.01300000   228.61713292
     0.00300000     0.03300000     0.01400000   251.83661490
     0.00300000     0.03300000     0.01500000   251.83661490
     0.00300000     0.03300000     0.01600000   259.98395314
     0.00300000     0.03400000     0.01500000   260.67177941
     0.00300000     0.03400000     0.01600000   268.50054207
     0.00300000     0.03400000     0.01700000   280.23080351
     0.00300000     0.03500000     0.01700000   286.35592346
     0.00400000     0.00000000     0.00900000   125.67981704
     0.00400000     0.00100000     0.00800000   126.84186186
     0.00400000     0.00100000     0.00900000   127.03053325
     0.00400000     0.00200000     0.00700000   128.29734323
     0.00400000     0.00200000     0.00800000   128.60344784
     0.00400000     0.00200000     0.00900000   128.60524501
     0.00400000     0.00300000     0.00700000   129.92559790
     0.00400000     0.00300000     0.00800000   130.25114013
     0.00400000     0.00400000     0.00600000   132.12566474
     0.00400000     0.00400000     0.00700000   132.06067551
     0.00400000     0.00500000     0.00500000   134.19201432
     0.00400000     0.00500000     0.00600000   134.16606614
     0.00400000     0.00600000     0.00400000   135.53706684
     0.00400000     0.00600000     0.00500000   135.84664806
     0.00400000     0.00700000     0.00400000   137.33191580
     0.00400000     0.00700000     0.00500000   137.81333777
     0.00400000     0.00800000     0.00400000   139.20559249
     0.00400000     0.00900000     0.00300000   141.22586629
     0.00400000     0.00900000     0.00400000   141.41569023
     0.00400000     0.01000000     0.00300000   143.24625785
     0.00400000     0.01100000     0.00300000   145.30616080
     0.00400000     0.01200000     0.00300000   147.54324227
     0.00400000     0.01300000     0.00300000   149.80867092
     0.00400000     0.01400000     0.00300000   151.98894305
     0.00400000     0.01500000     0.00300000   154.13314363
     0.00400000     0.01600000     0.00300000   156.31133857
     0.00400000     0.01700000     0.00300000   158.49389976
     0.00400000     0.01800000     0.00300000   160.53209035
     0.00400000     0.01900000     0.00300000   162.27657847
     0.00400000     0.01900000     0.00400000   163.48216080
     0.00400000     0.02000000     0.00300000   162.98292207
     0.00400000     0.02000000     0.00400000   165.12870156
     0.00400000     0.02100000     0.00300000   162.99333058
     0.00400000     0.02100000     0.00400000   166.87948901
     0.00400000     0.02200000     0.00400000   168.39086206
     0.00400000     0.02300000     0.00400000   168.44786679
     0.00400000     0.02300000     0.00500000   172.76363183
     0.00400000     0.02300000     0.00600000   175.26298598
     0.00400000     0.02400000     0.00500000   174.48408725
     0.00400000     0.02400000     0.00600000   176.91222057
     0.00400000     0.02500000     0.00500000   174.37905708
     0.00400000     0.02500000     0.00600000   177.18413551
     0.00400000     0.02600000     0.00600000   179.53104073
     0.00400000     0.02600000     0.00700000   186.12211533
     0.00400000     0.02600000     0.00800000   188.51441120
     0.00400000     0.02700000     0.00700000   186.30345481
     0.00400000     0.02700000     0.00800000   189.50696167
     0.00400000     0.02800000     0.00800000   190.97114879
     0.00400000     0.02800000     0.00900000   197.38962045
     0.00400000     0.02800000     0.01000000   200.83688192
     0.00400000     0.02900000     0.00800000   199.91800435
     0.00400000     0.02900000     0.00900000   199.91800435
     0.00400000     0.02900000     0.01000000   202.50634362
     0.00400000     0.03000000     0.00900000   199.96517828
     0.00400000     0.03000000     0.01000000   202.70629205
     0.00400000     0.03000000     0.01100000   210.92748932
     0.00400000     0.03000000     0.01200000   215.54954005
     0.00400000     0.03100000     0.01000000   212.67098804
     0.00400000     0.03100000     0.01100000   212.67098804
     0.00400000     0.03100000     0.01200000   216.31898833
     0.00400000     0.03200000     0.01100000   212.67098804
     0.00400000     0.03200000     0.01200000   230.95716289
     0.00400000     0.03200000     0.01300000   230.95716289
     0.00400000     0.03200000     0.01400000   235.69613494
     0.00400000     0.03300000     0.01300000   239.13400055
     0.00400000     0.03300000     0.01400000   257.72437761
     0.00400000     0.03300000     0.01500000   257.72437761
     0.00400000     0.03300000     0.01600000   264.96457609
     0.00400000     0.03400000     0.01500000   260.67177941
     0.00400000     0.03400000     0.01600000   267.98572715
     0.00400000     0.03400000     0.01700000   282.81323433
     0.00400000     0.03500000     0.01600000   267.98572715
     0.00400000     0.03500000     0.01700000   288.88220000
     0.00400000     0.03500000     0.01800000   294.89864227
     0.00400000     0.03600000     0.01800000   294.89864227
     0.00400000     0.03600000     0.01900000   313.29810031
     0.00400000     0.03600000     0.02000000   318.60392426
     0.00400000     0.03700000     0.02000000   338.11774839
     0.00400000     0.03700000     0.02100000   338.11774839
     0.00400000     0.03700000     0.02200000   338.75185282
     0.00400000     0.03800000     0.02100000   342.71295938
     0.00400000     0.03800000     0.02200000   346.39477041
     0.00400000     0.03800000     0.02300000   227.38821674
     0.00400000     0.03800000     0.02400000  2177.28023053
     0.00400000     0.03900000     0.02300000   -95.99088068
     0.00400000     0.03900000     0.02400000  2147.34473894
     0.00400000     0.04000000     0.02400000  2705.55970962
     0.00400000     0.04000000     0.02500000     0.00000000
     0.00400000     0.04100000     0.02500000     0.00000000
     0.00400000     0.04100000     0.02600000     0.00000000
     0.00400000     0.04200000     0.02500000     0.00000000
     0.00400000     0.04200000     0.02600000     0.00000000
     0.00400000     0.04300000     0.02600000     0.00000000
     0.00400000     0.04300000     0.02700000     0.00000000
     0.00400000     0.04300000     0.02800000     0.00000000
     0.00400000     0.04400000     0.02700000     0.00000000
     0.00400000     0.04400000     0.02800000     0.00000000
     0.00400000     0.04500000     0.02800000     0.00000000
     0.00400000     0.04500000     0.02900000     0.00000000
     0.00400000     0.04500000     0.03000000     0.00000000
     0.00400000     0.04600000     0.02900000     0.00000000
     0.00400000     0.04600000     0.03000000     0.00000000
     0.00400000     0.04700000     0.03000000     0.00000000
     0.00400000     0.04700000     0.03100000     0.00000000
     0.00400000     0.04800000     0.03100000     0.00000000
     0.00500000     0.00000000     0.00900000   126.09488817
     0.00500000     0.00100000     0.00800000   127.49093505
     0.00500000     0.00100000     0.00900000   127.64491218
     0.00500000     0.00200000     0.00700000   128.98829924
     0.00500000     0.00300000     0.00600000   129.98340218
     0.00500000     0.00300000     0.00700000   130.43209530
     0.00500000     0.00400000     0.00600000   131.86703342
     0.00500000     0.00400000     0.00700000   132.20878630
     0.00500000     0.00500000     0.00500000   134.51573472
     0.00500000     0.00500000     0.00600000   134.33069893
     0.00500000     0.00600000     0.00400000   136.21379881
     0.00500000     0.00600000     0.00500000   136.40461605
     0.00500000     0.00800000     0.00400000   139.39465152
     0.00500000     0.00900000     0.00300000   141.92018292
     0.00500000     0.00900000     0.00400000   141.92448720
     0.00500000     0.01000000     0.00300000   143.51910776
     0.00500000     0.01100000     0.00300000   145.53653945
     0.00500000     0.01200000     0.00300000   147.73496220
     0.00500000     0.01300000     0.00200000   148.94511044
     0.00500000     0.01300000     0.00300000   149.99346768
     0.00500000     0.01400000     0.00200000   150.33541887
     0.00500000     0.01400000     0.00300000   151.89804915
     0.00500000     0.01500000     0.00200000   151.44766786
     0.00500000     0.01500000     0.00300000   153.62473758
     0.00500000     0.01600000     0.00200000   151.32287296
     0.00500000     0.01600000     0.00300000   155.49694081
     0.00500000     0.01700000     0.00300000   158.59955313
     0.00500000     0.01800000     0.00300000   160.84987564
     0.00500000     0.01900000     0.00300000   162.83757925
     0.00500000     0.02000000     0.00300000   164.06379533
     0.00500000     0.02000000     0.00400000   165.55800860
     0.00500000     0.02100000     0.00300000   163.86862863
     0.00500000     0.02100000     0.00400000   166.97115928
     0.00500000     0.02200000     0.00400000   169.36223340
     0.00500000     0.02300000     0.00400000   169.33185955
     0.00500000     0.02300000     0.00500000   172.87015812
     0.00500000     0.02400000     0.00500000   175.59549082
     0.00500000     0.02400000     0.00600000   177.63070748
     0.00500000     0.02500000     0.00500000   175.43708774
     0.00500000     0.02500000     0.00600000   178.31965877
     0.00500000     0.02600000     0.00600000   179.53104073
     0.00500000     0.02600000     0.00700000   185.37673194
     0.00500000     0.02600000     0.00800000   188.65878240
     0.00500000     0.02700000     0.00700000   187.65262854
     0.00500000     0.02700000     0.00800000   190.61097828
     0.00500000     0.02800000     0.00700000   187.41680957
     0.00500000     0.02800000     0.00800000   190.86766136
     0.00500000     0.02900000     0.00800000   201.29310681
     0.00500000     0.02900000     0.00900000   201.29310681
     0.00500000     0.02900000     0.01000000   203.85686941
     0.00500000     0.03000000     0.00900000   201.16819242
     0.00500000     0.03000000     0.01000000   203.87438894
     0.00500000     0.03100000     0.01000000   213.03503345
     0.00500000     0.03100000     0.01100000   213.03503345
     0.00500000     0.03100000     0.01200000   216.82724434
     0.00500000     0.03200000     0.01100000   213.03503345
     0.00500000     0.03200000     0.01200000   235.99309516
     0.00500000     0.03200000     0.01300000   235.99309516
     0.00500000     0.03200000     0.01400000   241.01259868
     0.00500000     0.03300000     0.01300000   239.13400055
     0.00500000     0.03300000     0.01400000   247.44084094
     0.00500000     0.03300000     0.01500000   257.66123268
     0.00500000     0.03300000     0.01600000   266.31183082
     0.00500000     0.03400000     0.01400000   251.41840914
     0.00500000     0.03400000     0.01500000   259.09145783
     0.00500000     0.03400000     0.01600000   267.53807092
     0.00500000     0.03500000     0.01600000   267.53807092
     0.00500000     0.03500000     0.01700000   291.40126160
     0.00500000     0.03500000     0.01800000   300.18947038
     0.00500000     0.03600000     0.01800000   304.92783665
     0.00500000     0.03600000     0.01900000   312.73342012
     0.00500000     0.03600000     0.02000000   317.95587792
     0.00500000     0.03700000     0.01900000   312.73342012
     0.00500000     0.03700000     0.02000000   344.83078862
     0.00500000     0.03700000     0.02100000   344.83078862
     0.00500000     0.03700000     0.02200000   345.27153499
     0.00500000     0.03800000     0.02100000   342.71295938
     0.00500000     0.03800000     0.02200000   346.39477041
     0.00500000     0.03800000     0.02300000   337.41988119
     0.00500000     0.03800000     0.02400000  2161.95349571
     0.00500000     0.03900000     0.02200000   346.39477041
     0.00500000     0.03900000     0.02300000    56.80372104
     0.00500000     0.03900000     0.02400000  2150.24928327
     0.00500000     0.04000000     0.02300000    28.21277242
     0.00500000     0.04000000     0.02400000  2165.42263960
     0.00500000     0.04000000     0.02500000     0.00000000
     0.00500000     0.04100000     0.02400000  2165.42263960
     0.00500000     0.04100000     0.02500000     0.00000000
     0.00500000     0.04100000     0.02600000     0.00000000
     0.00500000     0.04200000     0.02500000     0.00000000
     0.00500000     0.04200000     0.02600000     0.00000000
     0.00500000     0.04300000     0.02600000     0.00000000
     0.00500000     0.04300000     0.02700000     0.00000000
     0.00500000     0.04300000     0.02800000     0.00000000
     0.00500000     0.04400000     0.02700000     0.00000000
     0.00500000     0.04400000     0.02800000     0.00000000
     0.00500000     0.04500000     0.02800000     0.00000000
     0.00500000     0.04500000     0.02900000     0.00000000
     0.00500000     0.04500000     0.03000000     0.00000000
     0.00500000     0.04600000     0.02900000     0.00000000
     0.00500000     0.04600000     0.03000000     0.00000000
     0.00500000     0.04700000     0.02900000     0.00000000
     0.00500000     0.04700000     0.03000000     0.00000000
     0.00500000     0.04700000     0.03100000     0.00000000
     0.00500000     0.04800000     0.03000000     0.00000000
     0.00500000     0.04800000     0.03100000     0.00000000
     0.00600000     0.00000000     0.00900000   126.13957322
     0.00600000     0.00100000     0.00800000   127.60217760
     0.00600000     0.00100000     0.00900000   127.71281989
     0.00600000     0.00200000     0.00700000   129.13196692
     0.00600000     0.00300000     0.00600000   130.41304040
     0.00600000     0.00300000     0.00700000   130.73998742
     0.00600000     0.00400000     0.00600000   131.87476338
     0.00600000     0.00500000     0.00500000   134.50173946
     0.00600000     0.00500000     0.00600000   134.26575018
     0.00600000     0.00600000     0.00400000   136.31558302
     0.00600000     0.00600000     0.00500000   136.43062970
     0.00600000     0.00800000     0.00400000   139.36513526
     0.00600000     0.00900000     0.00300000   142.01230307
     0.00600000     0.00900000     0.00400000   141.91587532
     0.00600000     0.01000000     0.00300000   143.54915943
     0.00600000     0.01100000     0.00300000   145.51600955
     0.00600000     0.01200000     0.00300000   147.70569992
     0.00600000     0.01300000     0.00200000   149.51709800
     0.00600000     0.01300000     0.00300000   150.21570713
     0.00600000     0.01600000     0.00200000   151.87880084
     0.00600000     0.01600000     0.00300000   155.07630392
     0.00600000     0.01700000     0.00300000   158.47871583
     0.00600000     0.01800000     0.00300000   160.83946520
     0.00600000     0.01900000     0.00300000   162.87952815
     0.00600000     0.02000000     0.00300000   164.19854068
     0.00600000     0.02000000     0.00400000   165.46850058
     0.00600000     0.02100000     0.00300000   164.02025435
     0.00600000     0.02100000     0.00400000   167.01299925
     0.00600000     0.02200000     0.00400000   169.47370593
     0.00600000     0.02300000     0.00400000   169.48667006
     0.00600000     0.02300000     0.00500000   172.94580878
     0.00600000     0.02400000     0.00500000   175.77066688
     0.00600000     0.02400000     0.00600000   177.82472725
     0.00600000     0.02500000     0.00500000   175.74103526
     0.00600000     0.02500000     0.00600000   179.11752549
     0.00600000     0.02600000     0.00600000   180.19738097
     0.00600000     0.02600000     0.00700000   184.94737332
     0.00600000     0.02700000     0.00700000   188.37791931
     0.00600000     0.02700000     0.00800000   190.88413837
     0.00600000     0.02800000     0.00700000   188.10141496
     0.00600000     0.02800000     0.00800000   190.83447397
     0.00600000     0.02900000     0.00800000   201.51581888
     0.00600000     0.02900000     0.00900000   201.51581888
     0.00600000     0.02900000     0.01000000   204.07531522
     0.00600000     0.03000000     0.00900000   201.41459211
     0.00600000     0.03000000     0.01000000   204.14086021
     0.00600000     0.03100000     0.01000000   213.12529856
     0.00600000     0.03100000     0.01100000   213.12529856
     0.00600000     0.03100000     0.01200000   216.92332573
     0.00600000     0.03200000     0.01100000   213.12529856
     0.00600000     0.03200000     0.01200000   238.47048526
     0.00600000     0.03200000     0.01300000   238.47048526
     0.00600000     0.03200000     0.01400000   243.66282382
     0.00600000     0.03300000     0.01300000   240.38075186
     0.00600000     0.03300000     0.01400000   248.46191062
     0.00600000     0.03400000     0.01400000   252.33213484
     0.00600000     0.03500000     0.01600000   267.50492239
     0.00600000     0.03500000     0.01700000   292.36024017
     0.00600000     0.03500000     0.01800000   302.46811917
     0.00600000     0.03600000     0.01800000   306.04627306
     0.00600000     0.03700000     0.02000000   349.44268702
     0.00600000     0.03700000     0.02100000   349.44268702
     0.00600000     0.03700000     0.02200000   351.86555185
     0.00600000     0.03800000     0.02100000   348.23257939
     0.00600000     0.03800000     0.02200000   350.30616469
     0.00600000     0.03900000     0.02200000   350.30616469
     0.00600000     0.03900000     0.02300000   103.50971765
     0.00600000     0.03900000     0.02400000  2159.21891812
     0.00600000     0.04000000     0.02300000    37.52482878
     0.00600000     0.04000000     0.02400000  2178.60183403
     0.00600000     0.04100000     0.02400000     0.00000000
     0.00600000     0.04100000     0.02500000     0.00000000
     0.00600000     0.04100000     0.02600000     0.00000000
     0.00600000     0.04200000     0.02500000     0.00000000
     0.00600000     0.04200000     0.02600000     0.00000000
     0.00600000     0.04300000     0.02600000     0.00000000
     0.00600000     0.04300000     0.02700000     0.00000000
     0.00600000     0.04300000     0.02800000     0.00000000
     0.00600000     0.04400000     0.02700000     0.00000000
     0.00600000     0.04400000     0.02800000     0.00000000
     0.00600000     0.04500000     0.02800000     0.00000000
     0.00600000     0.04500000     0.02900000     0.00000000
     0.00600000     0.04600000     0.02900000     0.00000000
     0.00700000     0.00000000     0.00900000   125.85883665
     0.00700000     0.00100000     0.00800000   127.28845767
     0.00700000     0.00100000     0.00900000   127.41252649
     0.00700000     0.00200000     0.00700000   128.78413307
     0.00700000     0.00300000     0.00600000   129.90486037
     0.00700000     0.00300000     0.00700000   130.23212736
     0.00700000     0.00400000     0.00600000   131.66628618
     0.00700000     0.00400000     0.00700000   131.96600408
     0.00700000     0.00500000     0.00500000   134.25442341
     0.00700000     0.00500000     0.00600000   134.05825849
     0.00700000     0.00600000     0.00400000   135.99984342
     0.00700000     0.00600000     0.00500000   136.15258343
     0.00700000     0.00800000     0.00400000   139.12661565
     0.00700000     0.00900000     0.00300000   141.69572618
     0.00700000     0.00900000     0.00400000   141.65596454
     0.00700000     0.01000000     0.00300000   143.27534941
     0.00700000     0.01100000     0.00300000   145.26816948
     0.00700000     0.01200000     0.00300000   147.45420497
     0.00700000     0.01300000     0.00200000   148.88953965
     0.00700000     0.01300000     0.00300000   149.76709074
     0.00700000     0.01400000     0.00200000   150.28159279
     0.00700000     0.01400000     0.00300000   151.69296576
     0.00700000     0.01500000     0.00200000   151.39255546
     0.00700000     0.01500000     0.00300000   153.43108770
     0.00700000     0.01600000     0.00200000   151.26693132
     0.00700000     0.01600000     0.00300000   155.26216418
     0.00700000     0.01700000     0.00300000   158.32739121
     0.00700000     0.01800000     0.00300000   160.58959811
     0.00700000     0.01900000     0.00300000   162.59561317
     0.00700000     0.02000000     0.00300000   163.84914603
     0.00700000     0.02000000     0.00400000   165.25631553
     0.00700000     0.02100000     0.00300000   163.67150193
     0.00700000     0.02100000     0.00400000   166.74349710
     0.00700000     0.02200000     0.00400000   169.14509201
     0.00700000     0.02300000     0.00400000   169.13843906
     0.00700000     0.02300000     0.00500000   172.64789740
     0.00700000     0.02400000     0.00500000   175.39197404
     0.00700000     0.02400000     0.00600000   177.40840518
     0.00700000     0.02500000     0.00500000   175.25729232
     0.00700000     0.02500000     0.00600000   178.14309191
     0.00700000     0.02600000     0.00600000   179.46020628
     0.00700000     0.02600000     0.00700000   185.18267791
     0.00700000     0.02600000     0.00800000   188.41516844
     0.00700000     0.02700000     0.00700000   187.48916523
     0.00700000     0.02700000     0.00800000   190.42132325
     0.00700000     0.02800000     0.00700000   187.35545786
     0.00700000     0.02800000     0.00800000   190.72983530
     0.00700000     0.02900000     0.00800000   201.12851556
     0.00700000     0.02900000     0.00900000   201.12851556
     0.00700000     0.02900000     0.01000000   203.68432275
     0.00700000     0.03000000     0.00900000   201.02986447
     0.00700000     0.03000000     0.01000000   203.73029111
     0.00700000     0.03100000     0.01000000   212.87026238
     0.00700000     0.03100000     0.01100000   212.87026238
     0.00700000     0.03100000     0.01200000   216.65753293
     0.00700000     0.03200000     0.01100000   212.87026238
     0.00700000     0.03200000     0.01200000   235.88440355
     0.00700000     0.03200000     0.01300000   235.88440355
     0.00700000     0.03200000     0.01400000   240.90179262
     0.00700000     0.03300000     0.01300000   239.10335535
     0.00700000     0.03300000     0.01400000   247.41179781
     0.00700000     0.03300000     0.01500000   257.59017807
     0.00700000     0.03300000     0.01600000   266.21744512
     0.00700000     0.03400000     0.01400000   251.39682596
     0.00700000     0.03400000     0.01500000   259.03583848
     0.00700000     0.03400000     0.01600000   267.45787426
     0.00700000     0.03500000     0.01600000   267.45787426
     0.00700000     0.03500000     0.01700000   291.33639030
     0.00700000     0.03500000     0.01800000   300.13636246
     0.00700000     0.03600000     0.01800000   304.91165785
     0.00700000     0.03600000     0.01900000   312.70267556
     0.00700000     0.03600000     0.02000000   317.91736708
     0.00700000     0.03700000     0.01900000   312.70267556
     0.00700000     0.03700000     0.02000000   344.81672477
     0.00700000     0.03700000     0.02100000   344.81672477
     0.00700000     0.03700000     0.02200000   345.25694647
     0.00700000     0.03800000     0.02100000   342.70810686
     0.00700000     0.03800000     0.02200000   346.39098800
     0.00700000     0.03800000     0.02300000   337.41568020
     0.00700000     0.03800000     0.02400000  2161.95391618
     0.00700000     0.03900000     0.02200000   346.39098800
     0.00700000     0.03900000     0.02300000    56.80304373
     0.00700000     0.03900000     0.02400000  2150.24955799
     0.00700000     0.04000000     0.02300000    28.21301666
     0.00700000     0.04000000     0.02400000  2165.42253566
     0.00700000     0.04000000     0.02500000     0.00000000
     0.00700000     0.04100000     0.02400000     0.00000000
     0.00700000     0.04100000     0.02500000     0.00000000
     0.00700000     0.04100000     0.02600000     0.00000000
     0.00700000     0.04200000     0.02500000     0.00000000
     0.00700000     0.04200000     0.02600000     0.00000000
     0.00700000     0.04300000     0.02600000     0.00000000
     0.00700000     0.04300000     0.02700000     0.00000000
     0.00700000     0.04300000     0.02800000     0.00000000
     0.00700000     0.04400000     0.02700000     0.00000000
     0.00700000     0.04400000     0.02800000     0.00000000
     0.00700000     0.04500000     0.02800000     0.00000000
     0.00700000     0.04500000     0.02900000     0.00000000
     0.00700000     0.04500000     0.03000000     0.00000000
     0.00700000     0.04600000     0.02900000     0.00000000
     0.00700000     0.04600000     0.03000000     0.00000000
     0.00700000     0.04700000     0.02900000     0.00000000
     0.00700000     0.04700000     0.03000000     0.00000000
     0.00700000     0.04700000     0.03100000     0.00000000
     0.00700000     0.04800000     0.03000000     0.00000000
     0.00700000     0.04800000     0.03100000     0.00000000
     0.00800000     0.00000000     0.00900000   125.24249561
     0.00800000     0.00100000     0.00800000   126.53014620
     0.00800000     0.00100000     0.00900000   126.59265436
     0.00800000     0.00200000     0.00700000   127.98339252
     0.00800000     0.00200000     0.00800000   128.19447992
     0.00800000     0.00200000     0.00900000   128.11298411
     0.00800000     0.00300000     0.00700000   129.47802007
     0.00800000     0.00300000     0.00800000   129.74898102
     0.00800000     0.00400000     0.00600000   131.63229439
     0.00800000     0.00400000     0.00700000   131.53003747
     0.00800000     0.00500000     0.00500000   133.71014531
     0.00800000     0.00500000     0.00600000   133.64646602
     0.00800000     0.00600000     0.00400000   135.21183190
     0.00800000     0.00600000     0.00500000   135.37481384
     0.00800000     0.00700000     0.00400000   136.90504654
     0.00800000     0.00700000     0.00500000   137.31308832
     0.00800000     0.00800000     0.00400000   138.69187390
     0.00800000     0.00900000     0.00300000   140.88824548
     0.00800000     0.00900000     0.00400000   140.90161777
     0.00800000     0.01000000     0.00300000   142.81363488
     0.00800000     0.01100000     0.00300000   144.81174486
     0.00800000     0.01200000     0.00300000   147.01324909
     0.00800000     0.01300000     0.00300000   149.25613652
     0.00800000     0.01400000     0.00300000   151.43669304
     0.00800000     0.01500000     0.00300000   153.57955716
     0.00800000     0.01600000     0.00300000   155.77683321
     0.00800000     0.01700000     0.00300000   157.96497357
     0.00800000     0.01800000     0.00300000   160.04090117
     0.00800000     0.01900000     0.00300000   161.83397574
     0.00800000     0.01900000     0.00400000   163.01077664
     0.00800000     0.02000000     0.00300000   162.60209257
     0.00800000     0.02000000     0.00400000   164.67861413
     0.00800000     0.02100000     0.00300000   162.70113114
     0.00800000     0.02100000     0.00400000   166.44157533
     0.00800000     0.02200000     0.00400000   167.98353828
     0.00800000     0.02300000     0.00400000   168.15392213
     0.00800000     0.02300000     0.00500000   172.33756513
     0.00800000     0.02300000     0.00600000   174.77117840
     0.00800000     0.02400000     0.00500000   174.09931630
     0.00800000     0.02400000     0.00600000   176.48212475
     0.00800000     0.02500000     0.00500000   174.10565865
     0.00800000     0.02500000     0.00600000   176.80970789
     0.00800000     0.02600000     0.00600000   179.46020628
     0.00800000     0.02600000     0.00700000   185.68178732
     0.00800000     0.02600000     0.00800000   188.04635480
     0.00800000     0.02700000     0.00700000   185.89873996
     0.00800000     0.02700000     0.00800000   189.10780620
     0.00800000     0.02800000     0.00800000   190.69832392
     0.00800000     0.02800000     0.00900000   197.00768946
     0.00800000     0.02800000     0.01000000   200.41145156
     0.00800000     0.02900000     0.00800000   199.59568041
     0.00800000     0.02900000     0.00900000   199.59568041
     0.00800000     0.02900000     0.01000000   202.17207800
     0.00800000     0.03000000     0.00900000   199.76089856
     0.00800000     0.03000000     0.01000000   202.48828809
     0.00800000     0.03000000     0.01100000   210.61308134
     0.00800000     0.03000000     0.01200000   215.20173261
     0.00800000     0.03100000     0.01000000   212.36421517
     0.00800000     0.03100000     0.01100000   212.36421517
     0.00800000     0.03100000     0.01200000   216.00587129
     0.00800000     0.03200000     0.01100000   212.36421517
     0.00800000     0.03200000     0.01200000   230.67604080
     0.00800000     0.03200000     0.01300000   230.67604080
     0.00800000     0.03200000     0.01400000   235.40629064
     0.00800000     0.03300000     0.01300000   239.10335535
     0.00800000     0.03300000     0.01400000   257.54038715
     0.00800000     0.03300000     0.01500000   257.54038715
     0.00800000     0.03300000     0.01600000   264.77791887
     0.00800000     0.03400000     0.01500000   260.55649023
     0.00800000     0.03400000     0.01600000   267.84125812
     0.00800000     0.03400000     0.01700000   282.67176828
     0.00800000     0.03500000     0.01600000   267.84125812
     0.00800000     0.03500000     0.01700000   288.76698104
     0.00800000     0.03500000     0.01800000   294.78586967
     0.00800000     0.03600000     0.01800000   294.78586967
     0.00800000     0.03600000     0.01900000   313.24186516
     0.00800000     0.03600000     0.02000000   318.54717401
     0.00800000     0.03700000     0.02000000   338.08619372
     0.00800000     0.03700000     0.02100000   338.08619372
     0.00800000     0.03700000     0.02200000   338.71975894
     0.00800000     0.03800000     0.02100000   342.70810686
     0.00800000     0.03800000     0.02200000   346.39098800
     0.00800000     0.03800000     0.02300000   227.37758492
     0.00800000     0.03800000     0.02400000  2177.27967550
     0.00800000     0.03900000     0.02300000   -95.98907199
     0.00800000     0.03900000     0.02400000  2147.34457757
     0.00800000     0.04000000     0.02400000  2705.55910969
     0.00800000     0.04000000     0.02500000     0.00000000
     0.00800000     0.04100000     0.02500000     0.00000000
     0.00800000     0.04100000     0.02600000     0.00000000
     0.00800000     0.04200000     0.02500000     0.00000000
     0.00800000     0.04200000     0.02600000     0.00000000
     0.00800000     0.04300000     0.02600000     0.00000000
     0.00800000     0.04300000     0.02700000     0.00000000
     0.00800000     0.04300000     0.02800000     0.00000000
     0.00800000     0.04400000     0.02700000     0.00000000
     0.00800000     0.04400000     0.02800000     0.00000000
     0.00800000     0.04500000     0.02800000     0.00000000
     0.00800000     0.04500000     0.02900000     0.00000000
     0.00800000     0.04500000     0.03000000     0.00000000
     0.00800000     0.04600000     0.02900000     0.00000000
     0.00800000     0.04600000     0.03000000     0.00000000
     0.00800000     0.04700000     0.03000000     0.00000000
     0.00800000     0.04700000     0.03100000     0.00000000
     0.00800000     0.04800000     0.03100000     0.00000000
     0.00900000     0.00000000     0.00900000   124.32330252
     0.00900000     0.00000000     0.01000000   124.51996767
     0.00900000     0.00100000     0.00900000   125.53140613
     0.00900000     0.00100000     0.01000000   125.72002038
     0.00900000     0.00200000     0.00800000   127.32094887
     0.00900000     0.00200000     0.00900000   127.27050690
     0.00900000     0.00300000     0.00700000   128.98474312
     0.00900000     0.00300000     0.00800000   129.02546167
     0.00900000     0.00400000     0.00600000   130.84338359
     0.00900000     0.00400000     0.00700000   130.62110920
     0.00900000     0.00500000     0.00500000   132.78935122
     0.00900000     0.00500000     0.00600000   132.81950195
     0.00900000     0.00500000     0.00700000   132.53138146
     0.00900000     0.00600000     0.00500000   134.40801369
     0.00900000     0.00700000     0.00400000   136.34267407
     0.00900000     0.00700000     0.00500000   136.36864588
     0.00900000     0.00800000     0.00400000   138.13280724
     0.00900000     0.00800000     0.00500000   138.49039326
     0.00900000     0.01000000     0.00300000   142.30472414
     0.00900000     0.01100000     0.00300000   143.98825954
     0.00900000     0.01200000     0.00300000   146.53535140
     0.00900000     0.01300000     0.00300000   148.71979227
     0.00900000     0.01400000     0.00300000   150.87616020
     0.00900000     0.01500000     0.00300000   153.06390174
     0.00900000     0.01600000     0.00300000   155.20222642
     0.00900000     0.01700000     0.00300000   157.07319466
     0.00900000     0.01700000     0.00400000   158.11733230
     0.00900000     0.01800000     0.00300000   158.40876527
     0.00900000     0.01800000     0.00400000   160.01246346
     0.00900000     0.01900000     0.00300000   160.56589485
     0.00900000     0.01900000     0.00400000   162.27225965
     0.00900000     0.02000000     0.00300000   160.67486158
     0.00900000     0.02000000     0.00400000   164.12583638
     0.00900000     0.02200000     0.00400000   166.33397305
     0.00900000     0.02200000     0.00500000   169.44475581
     0.00900000     0.02300000     0.00400000   172.12790742
     0.00900000     0.02300000     0.00500000   172.12790742
     0.00900000     0.02300000     0.00600000   174.00013603
     0.00900000     0.02400000     0.00500000   172.12480534
     0.00900000     0.02400000     0.00600000   174.85601977
     0.00900000     0.02500000     0.00600000   176.32803375
     0.00900000     0.02500000     0.00700000   181.73229310
     0.00900000     0.02500000     0.00800000   184.92357880
     0.00900000     0.02600000     0.00600000   184.27174358
     0.00900000     0.02600000     0.00700000   184.27174358
     0.00900000     0.02600000     0.00800000   187.06738955
     0.00900000     0.02700000     0.00700000   184.57116497
     0.00900000     0.02700000     0.00800000   187.60688556
     0.00900000     0.02700000     0.00900000   193.17793187
     0.00900000     0.02800000     0.00800000   197.35292825
     0.00900000     0.02800000     0.00900000   197.35292825
     0.00900000     0.02800000     0.01000000   199.77250334
     0.00900000     0.02900000     0.00900000   197.47050420
     0.00900000     0.02900000     0.01000000   200.01986997
     0.00900000     0.03000000     0.01000000   200.01986997
     0.00900000     0.03000000     0.01100000   210.28516317
     0.00900000     0.03000000     0.01200000   213.60035600
     0.00900000     0.03100000     0.01100000   211.05661857
     0.00900000     0.03100000     0.01200000   214.57403731
     0.00900000     0.03100000     0.01300000   223.85834139
     0.00900000     0.03100000     0.01400000   231.15450395
     0.00900000     0.03200000     0.01200000   228.27066699
     0.00900000     0.03200000     0.01300000   228.27066699
     0.00900000     0.03200000     0.01400000   233.90692349
     0.00900000     0.03200000     0.01500000   245.12762212
     0.00900000     0.03300000     0.01300000   228.27066699
     0.00900000     0.03300000     0.01400000   251.52727669
     0.00900000     0.03300000     0.01500000   251.52727669
     0.00900000     0.03300000     0.01600000   259.70285418
     0.00900000     0.03400000     0.01500000   268.31063610
     0.00900000     0.03400000     0.01600000   268.31063610
     0.00900000     0.03400000     0.01700000   280.06243088
     0.00900000     0.03500000     0.01700000   286.22132277
     0.01000000     0.00000000     0.01000000   123.09057882
     0.01000000     0.00100000     0.00900000   124.66482922
     0.01000000     0.00100000     0.01000000   124.55596167
     0.01000000     0.00200000     0.00800000   126.36869687
     0.01000000     0.00200000     0.00900000   126.27140160
     0.01000000     0.00200000     0.01000000   125.96357917
     0.01000000     0.00300000     0.00700000   128.00902610
     0.01000000     0.00300000     0.00800000   128.01090182
     0.01000000     0.00300000     0.00900000   127.77790466
     0.01000000     0.00400000     0.00700000   129.32922304
     0.01000000     0.00400000     0.00800000   129.37718615
     0.01000000     0.00500000     0.00600000   131.74189953
     0.01000000     0.00500000     0.00700000   131.45184110
     0.01000000     0.00500000     0.00800000   130.98941376
     0.01000000     0.00600000     0.00500000   133.63742687
     0.01000000     0.00600000     0.00600000   133.66377379
     0.01000000     0.00600000     0.00700000   133.33553361
     0.01000000     0.00700000     0.00500000   135.13889881
     0.01000000     0.00800000     0.00400000   137.49840812
     0.01000000     0.00800000     0.00500000   137.56999570
     0.01000000     0.00900000     0.00400000   139.08546377
     0.01000000     0.00900000     0.00500000   139.45938444
     0.01000000     0.01000000     0.00400000   141.41774429
     0.01000000     0.01000000     0.00500000   141.75513829
     0.01000000     0.01200000     0.00300000   146.09049576
     0.01000000     0.01300000     0.00300000   147.80240293
     0.01000000     0.01400000     0.00300000   149.88356196
     0.01000000     0.01500000     0.00300000   152.07199831
     0.01000000     0.01600000     0.00300000   154.18104757
     0.01000000     0.01700000     0.00300000   155.77095887
     0.01000000     0.01700000     0.00400000   157.19886294
     0.01000000     0.01800000     0.00300000   155.93458658
     0.01000000     0.01800000     0.00400000   158.77467634
     0.01000000     0.01900000     0.00400000   160.67339438
     0.01000000     0.01900000     0.00500000   162.31723785
     0.01000000     0.02000000     0.00400000   163.60316419
     0.01000000     0.02000000     0.00500000   165.04969682
     0.01000000     0.02100000     0.00400000   165.18341132
     0.01000000     0.02100000     0.00500000   167.01598409
     0.01000000     0.02100000     0.00600000   168.71557097
     0.01000000     0.02200000     0.00400000   165.17529901
     0.01000000     0.02200000     0.00500000   168.10756669
     0.01000000     0.02200000     0.00600000   170.66655029
     0.01000000     0.02300000     0.00500000   170.90103490
     0.01000000     0.02300000     0.00600000   172.46558895
     0.01000000     0.02400000     0.00500000   170.72050668
     0.01000000     0.02400000     0.00600000   172.73423697
     0.01000000     0.02400000     0.00700000   178.29154522
     0.01000000     0.02400000     0.00800000   181.42497759
     0.01000000     0.02500000     0.00600000   180.96841711
     0.01000000     0.02500000     0.00700000   180.96841711
     0.01000000     0.02500000     0.00800000   183.83682502
     0.01000000     0.02600000     0.00700000   182.02257640
     0.01000000     0.02600000     0.00800000   185.66733891
     0.01000000     0.02600000     0.00900000   189.70792543
     0.01000000     0.02700000     0.00800000   187.13937212
     0.01000000     0.02700000     0.00900000   192.96222046
     0.01000000     0.02700000     0.01000000   196.29547534
     0.01000000     0.02800000     0.00900000   195.52567297
     0.01000000     0.02800000     0.01000000   198.02515713
     0.01000000     0.02900000     0.00900000   195.98232365
     0.01000000     0.02900000     0.01000000   198.59326700
     0.01000000     0.02900000     0.01100000   206.00975032
     0.01000000     0.02900000     0.01200000   209.97261645
     0.01000000     0.03000000     0.01000000   198.59326700
     0.01000000     0.03000000     0.01100000   207.73747938
     0.01000000     0.03000000     0.01200000   211.42819008
     0.01000000     0.03100000     0.01100000   211.95511003
     0.01000000     0.03100000     0.01200000   211.95511003
     0.01000000     0.03100000     0.01300000   218.12510230
     0.01000000     0.03100000     0.01400000   226.64355823
     0.01000000     0.03200000     0.01300000   233.42856778
     0.01000000     0.03200000     0.01400000   233.42856778
     0.01000000     0.03200000     0.01500000   242.93752920
     0.01000000     0.03300000     0.01500000   248.38879883
     0.01100000     0.00100000     0.01000000   123.25992685
     0.01100000     0.00200000     0.00900000   124.98654943
     0.01100000     0.00200000     0.01000000   124.81741347
     0.01100000     0.00200000     0.01100000   123.98286663
     0.01100000     0.00300000     0.00800000   126.69631386
     0.01100000     0.00300000     0.00900000   126.65391439
     0.01100000     0.00300000     0.01000000   125.89550171
     0.01100000     0.00300000     0.01100000   124.77940527
     0.01100000     0.00400000     0.00800000   127.87780589
     0.01100000     0.00400000     0.00900000   127.82225234
     0.01100000     0.00400000     0.01000000   126.93509484
     0.01100000     0.00500000     0.00700000   130.19539848
     0.01100000     0.00500000     0.00800000   129.70029754
     0.01100000     0.00500000     0.00900000   129.11998568
     0.01100000     0.00600000     0.00600000   132.42318459
     0.01100000     0.00600000     0.00700000   132.23950617
     0.01100000     0.00600000     0.00800000   131.24838243
     0.01100000     0.00700000     0.00600000   133.85043264
     0.01100000     0.00700000     0.00700000   133.89240591
     0.01100000     0.00700000     0.00800000   132.97016840
     0.01100000     0.00800000     0.00500000   136.48478366
     0.01100000     0.00800000     0.00600000   136.22659550
     0.01100000     0.00800000     0.00700000   135.72943320
     0.01100000     0.00900000     0.00500000   138.07031109
     0.01100000     0.00900000     0.00600000   138.07336001
     0.01100000     0.01000000     0.00400000   140.88498418
     0.01100000     0.01000000     0.00500000   140.78514843
     0.01100000     0.01000000     0.00600000   140.10126362
     0.01100000     0.01100000     0.00400000   142.55000488
     0.01100000     0.01100000     0.00500000   143.07392350
     0.01100000     0.01100000     0.00600000   142.62016208
     0.01100000     0.01200000     0.00400000   144.65378573
     0.01100000     0.01200000     0.00500000   145.10270028
     0.01100000     0.01300000     0.00400000   146.95691467
     0.01100000     0.01300000     0.00500000   147.35966902
     0.01100000     0.01400000     0.00400000   149.26896817
     0.01100000     0.01400000     0.00500000   149.73722171
     0.01100000     0.01500000     0.00400000   151.61129905
     0.01100000     0.01500000     0.00500000   152.18666807
     0.01100000     0.01600000     0.00400000   153.91561055
     0.01100000     0.01600000     0.00500000   154.64284480
     0.01100000     0.01700000     0.00400000   156.10379348
     0.01100000     0.01700000     0.00500000   157.01955890
     0.01100000     0.01800000     0.00400000   157.77153373
     0.01100000     0.01800000     0.00500000   159.03262923
     0.01100000     0.01800000     0.00600000   159.86233481
     0.01100000     0.01900000     0.00400000   158.00928739
     0.01100000     0.01900000     0.00500000   160.30109706
     0.01100000     0.01900000     0.00600000   162.23805943
     0.01100000     0.02000000     0.00500000   163.90213751
     0.01100000     0.02000000     0.00600000   165.09148758
     0.01100000     0.02100000     0.00500000   165.84445870
     0.01100000     0.02100000     0.00600000   167.05973206
     0.01100000     0.02100000     0.00700000   168.81976923
     0.01100000     0.02200000     0.00500000   166.09574473
     0.01100000     0.02200000     0.00600000   168.97196986
     0.01100000     0.02200000     0.00700000   171.82552128
     0.01100000     0.02200000     0.00800000   173.59508438
     0.01100000     0.02300000     0.00600000   170.22521523
     0.01100000     0.02300000     0.00700000   173.67825120
     0.01100000     0.02300000     0.00800000   176.60186663
     0.01100000     0.02400000     0.00600000   172.73423697
     0.01100000     0.02400000     0.00700000   177.83631577
     0.01100000     0.02400000     0.00800000   179.62291657
     0.01100000     0.02500000     0.00700000   178.44260954
     0.01100000     0.02500000     0.00800000   182.09158100
     0.01100000     0.02500000     0.00900000   185.97245583
     0.01100000     0.02500000     0.01000000   188.28159141
     0.01100000     0.02600000     0.00800000   183.91413816
     0.01100000     0.02600000     0.00900000   187.99345652
     0.01100000     0.02600000     0.01000000   191.00202467
     0.01100000     0.02700000     0.00900000   192.49330360
     0.01100000     0.02700000     0.01000000   194.89703296
     0.01100000     0.02700000     0.01100000   198.70237069
     0.01100000     0.02700000     0.01200000   201.58050457
     0.01100000     0.02800000     0.00900000   192.83681949
     0.01100000     0.02800000     0.01000000   195.31869891
     0.01100000     0.02800000     0.01100000   200.98253749
     0.01100000     0.02800000     0.01200000   204.98937333
     0.01100000     0.02900000     0.01000000   205.87608877
     0.01100000     0.02900000     0.01100000   205.87608877
     0.01100000     0.02900000     0.01200000   208.23182507
     0.01100000     0.03000000     0.01100000   206.33829419
     0.01100000     0.03000000     0.01200000   210.60685068
     0.01100000     0.03100000     0.01200000   211.53020851
     0.01200000     0.00200000     0.01100000   121.81292236
     0.01200000     0.00300000     0.01000000   123.88841777
     0.01200000     0.00300000     0.01100000   123.42496108
     0.01200000     0.00400000     0.00900000   126.08201385
     0.01200000     0.00400000     0.01000000   125.63793985
     0.01200000     0.00500000     0.00800000   128.21320273
     0.01200000     0.00500000     0.00900000   127.90097028
     0.01200000     0.00600000     0.00800000   129.44774119
     0.01200000     0.00700000     0.00700000   132.39314510
     0.01200000     0.00700000     0.00800000   131.73052273
     0.01200000     0.00800000     0.00600000   134.95847303
     0.01200000     0.00800000     0.00700000   134.60624585
     0.01200000     0.00900000     0.00600000   136.46222765
     0.01200000     0.01000000     0.00600000   138.38157180
     0.01200000     0.01100000     0.00500000   141.91494258
     0.01200000     0.01100000     0.00600000   141.47013417
     0.01200000     0.01200000     0.00500000   143.62691856
     0.01200000     0.01300000     0.00500000   145.77133082
     0.01200000     0.01400000     0.00500000   148.15877018
     0.01200000     0.01500000     0.00500000   150.64107215
     0.01200000     0.01600000     0.00500000   153.16171328
     0.01200000     0.01700000     0.00500000   155.61221380
     0.01200000     0.01800000     0.00500000   157.48562562
     0.01200000     0.01800000     0.00600000   158.72209942
     0.01200000     0.01900000     0.00500000   157.84355160
     0.01200000     0.01900000     0.00600000   160.52122350
     0.01200000     0.02000000     0.00600000   163.47244188
     0.01200000     0.02100000     0.00600000   163.98543123
     0.01200000     0.02100000     0.00700000   167.15553339
     0.01200000     0.02200000     0.00700000   170.64451938
     0.01200000     0.02200000     0.00800000   172.50451683
     0.01200000     0.02300000     0.00700000   171.28302544
     0.01200000     0.02300000     0.00800000   174.64358504
     0.01200000     0.02400000     0.00800000   176.41009895
     0.01200000     0.02500000     0.00800000   184.87532397
     0.01200000     0.02500000     0.00900000   184.87532397
     0.01200000     0.02500000     0.01000000   186.90962697
     0.01200000     0.02600000     0.00900000   185.33742050
     0.01200000     0.02600000     0.01000000   187.52461109
     0.01200000     0.02700000     0.01000000   197.82145868
     0.01200000     0.02700000     0.01100000   197.82145868
     0.01200000     0.02700000     0.01200000   200.32929019
     0.01200000     0.02800000     0.01100000   198.64440973
     0.01200000     0.02800000     0.01200000   202.71917121
     0.01200000     0.02900000     0.01200000   204.29205865
