     0.00000000     0.00800000     0.00600000   617.88276006
     0.00100000     0.00300000     0.00800000   630.33427358
     0.00100000     0.00400000     0.00800000   654.49430425
     0.00100000     0.00600000     0.00600000   628.73833761
     0.00100000     0.00700000     0.00600000   628.63819934
     0.00100000     0.00800000     0.00500000   613.28641264
     0.00100000     0.00800000     0.00600000   623.57190995
     0.00100000     0.01000000     0.00400000   596.67399315
     0.00100000     0.01100000     0.00400000   598.06222922
     0.00100000     0.01200000     0.00400000   596.35335140
     0.00100000     0.01300000     0.00400000   593.12785468
     0.00100000     0.01400000     0.00400000   591.12329671
     0.00100000     0.01500000     0.00400000   589.75355415
     0.00100000     0.01600000     0.00400000   588.14582798
     0.00100000     0.01700000     0.00400000   589.57535491
     0.00100000     0.01800000     0.00400000   588.37838331
     0.00100000     0.01900000     0.00400000   586.18513904
     0.00100000     0.02200000     0.00500000   599.05009803
     0.00100000     0.02200000     0.00600000   606.63909591
     0.00100000     0.02300000     0.00600000   608.06909974
     0.00100000     0.02400000     0.00600000   610.20366225
     0.00100000     0.02600000     0.00800000   604.21168094
     0.00200000     0.00200000     0.00800000   628.86702044
     0.00200000     0.00300000     0.00700000   645.87905891
     0.00200000     0.00300000     0.00800000   637.62201447
     0.00200000     0.00400000     0.00700000   648.24035329
     0.00200000     0.00400000     0.00800000   657.19735772
     0.00200000     0.00500000     0.00600000   634.57008791
     0.00200000     0.00600000     0.00500000   624.55414344
     0.00200000     0.00600000     0.00600000   635.06432875
     0.00200000     0.00700000     0.00500000   625.29366238
     0.00200000     0.00700000     0.00600000   633.61551061
     0.00200000     0.00800000     0.00400000   607.27171425
     0.00200000     0.00800000     0.00500000   618.30095477
     0.00200000     0.00800000     0.00600000   628.55564574
     0.00200000     0.00900000     0.00400000   607.74866971
     0.00200000     0.01000000     0.00400000   603.75427078
     0.00200000     0.01100000     0.00400000   601.93412541
     0.00200000     0.01200000     0.00300000   582.53970812
     0.00200000     0.01200000     0.00400000   597.05219215
     0.00200000     0.01300000     0.00300000   584.77539719
     0.00200000     0.01300000     0.00400000   594.02876119
     0.00200000     0.01400000     0.00300000   584.39590872
     0.00200000     0.01400000     0.00400000   592.71558926
     0.00200000     0.01500000     0.00300000   583.29866151
     0.00200000     0.01500000     0.00400000   591.68083835
     0.00200000     0.01600000     0.00300000   583.13790252
     0.00200000     0.01600000     0.00400000   590.88648790
     0.00200000     0.01700000     0.00300000   582.10252646
     0.00200000     0.01700000     0.00400000   591.67921460
     0.00200000     0.01800000     0.00300000   579.56483079
     0.00200000     0.01800000     0.00400000   591.19458159
     0.00200000     0.01900000     0.00400000   592.16194605
     0.00200000     0.02000000     0.00400000   594.28205083
     0.00200000     0.02100000     0.00400000   595.35343764
     0.00200000     0.02200000     0.00400000   593.51173691
     0.00200000     0.02200000     0.00500000   604.10738974
     0.00200000     0.02200000     0.00600000   612.70483692
     0.00200000     0.02300000     0.00500000   607.90689494
     0.00200000     0.02300000     0.00600000   612.38557635
     0.00200000     0.02400000     0.00500000   605.05997776
     0.00200000     0.02400000     0.00600000   610.20366225
     0.00200000     0.02500000     0.00600000   614.80001225
     0.00200000     0.02600000     0.00700000   636.41968028
     0.00200000     0.02600000     0.00800000   616.32943257
     0.00200000     0.02700000     0.00800000   601.76062262
     0.00200000     0.03000000     0.01000000  2154.82868354
     0.00300000     0.00200000     0.00800000   654.53816164
     0.00300000     0.00400000     0.00600000   639.97080101
     0.00300000     0.00700000     0.00400000   613.50975215
     0.00300000     0.00800000     0.00400000   613.47779498
     0.00300000     0.00900000     0.00400000   611.39483291
     0.00300000     0.01000000     0.00300000   587.93568711
     0.00300000     0.01000000     0.00400000   603.60308980
     0.00300000     0.02000000     0.00300000   581.32060895
     0.00300000     0.02000000     0.00400000   594.73053676
     0.00300000     0.02100000     0.00400000   598.67783015
     0.00300000     0.02200000     0.00400000   596.95255055
     0.00300000     0.02300000     0.00400000   610.92222138
     0.00300000     0.02400000     0.00500000   607.76860157
     0.00300000     0.02400000     0.00600000   616.88578500
     0.00300000     0.02500000     0.00600000   614.80001225
     0.00300000     0.02600000     0.00600000   622.01324732
     0.00300000     0.02800000     0.00800000   287.93567511
     0.00300000     0.03000000     0.01000000  2155.86263122
     0.00300000     0.03200000     0.01200000     0.00000000
     0.00400000     0.00100000     0.00800000   638.23371139
     0.00400000     0.00200000     0.00700000   653.70805259
     0.00400000     0.00200000     0.00800000   647.30866687
     0.00400000     0.00400000     0.00600000   645.90188727
     0.00400000     0.00600000     0.00400000   619.20554810
     0.00400000     0.00700000     0.00400000   620.05333344
     0.00400000     0.00800000     0.00400000   617.91600484
     0.00400000     0.00900000     0.00300000   591.30157676
     0.00400000     0.00900000     0.00400000   608.67397568
     0.00400000     0.01000000     0.00300000   592.92546494
     0.00400000     0.01000000     0.00400000   602.14025694
     0.00400000     0.02000000     0.00300000   585.66685004
     0.00400000     0.02000000     0.00400000   593.90004222
     0.00400000     0.02100000     0.00300000   582.70506635
     0.00400000     0.02100000     0.00400000   596.60949698
     0.00400000     0.02200000     0.00400000   599.04638358
     0.00400000     0.02300000     0.00400000   596.34529039
     0.00400000     0.02400000     0.00500000   612.43190764
     0.00400000     0.02400000     0.00600000   618.93026429
     0.00400000     0.02500000     0.00500000   610.34462674
     0.00400000     0.02500000     0.00600000   618.99807804
     0.00400000     0.02600000     0.00600000   618.23516515
     0.00400000     0.02800000     0.00800000   615.01708075
     0.00400000     0.02900000     0.00800000    61.32356618
     0.00400000     0.03000000     0.00900000    30.37553202
     0.00400000     0.03000000     0.01000000  2169.97853680
     0.00400000     0.03100000     0.01000000     0.00000000
     0.00400000     0.03200000     0.01100000     0.00000000
     0.00400000     0.03200000     0.01200000     0.00000000
     0.00400000     0.03400000     0.01500000     0.00000000
     0.00400000     0.03400000     0.01600000     0.00000000
     0.00400000     0.03500000     0.01600000     0.00000000
     0.00400000     0.03600000     0.01800000     0.00000000
     0.00400000     0.03800000     0.02100000     0.00000000
     0.00400000     0.03800000     0.02200000     0.00000000
     0.00400000     0.04000000     0.02400000     0.00000000
     0.00400000     0.04200000     0.02500000     0.00000000
     0.00400000     0.04200000     0.02600000     0.00000000
     0.00400000     0.04300000     0.02600000     0.00000000
     0.00400000     0.04400000     0.02700000     0.00000000
     0.00400000     0.04400000     0.02800000     0.00000000
     0.00400000     0.04500000     0.02800000     0.00000000
     0.00500000     0.00100000     0.00800000   658.86346703
     0.00500000     0.00200000     0.00700000   660.08366785
     0.00500000     0.00200000     0.00800000   664.35230004
     0.00500000     0.00300000     0.00600000   647.87591371
     0.00500000     0.00400000     0.00600000   650.37107204
     0.00500000     0.00600000     0.00400000   622.55012442
     0.00500000     0.00700000     0.00400000   623.71722974
     0.00500000     0.00800000     0.00400000   618.76904167
     0.00500000     0.01300000     0.00200000   566.02081427
     0.00500000     0.01400000     0.00200000   568.64030333
     0.00500000     0.01500000     0.00200000   568.01238229
     0.00500000     0.01600000     0.00200000   564.68615901
     0.00500000     0.02200000     0.00400000   601.09162706
     0.00500000     0.02300000     0.00400000   599.22719402
     0.00500000     0.02600000     0.00600000   618.23516515
     0.00500000     0.02800000     0.00700000   624.91920180
     0.00500000     0.02800000     0.00800000   628.83287513
     0.00500000     0.02900000     0.00800000   152.97652666
     0.00500000     0.03000000     0.00900000    49.26605669
     0.00500000     0.03000000     0.01000000  2178.74691138
     0.00500000     0.03100000     0.01000000     0.00000000
     0.00500000     0.03200000     0.01100000     0.00000000
     0.00500000     0.03200000     0.01200000     0.00000000
     0.00500000     0.03400000     0.01400000     0.00000000
     0.00500000     0.03400000     0.01500000     0.00000000
     0.00500000     0.03400000     0.01600000     0.00000000
     0.00500000     0.03500000     0.01600000     0.00000000
     0.00500000     0.03600000     0.01800000     0.00000000
     0.00500000     0.03600000     0.01900000     0.00000000
     0.00500000     0.03600000     0.02000000     0.00000000
     0.00500000     0.03700000     0.01900000     0.00000000
     0.00500000     0.03700000     0.02000000     0.00000000
     0.00500000     0.03800000     0.02100000     0.00000000
     0.00500000     0.03800000     0.02200000     0.00000000
     0.00500000     0.03900000     0.02200000     0.00000000
     0.00500000     0.04000000     0.02300000     0.00000000
     0.00500000     0.04000000     0.02400000     0.00000000
     0.00500000     0.04100000     0.02400000     0.00000000
     0.00500000     0.04200000     0.02500000     0.00000000
     0.00500000     0.04200000     0.02600000     0.00000000
     0.00500000     0.04300000     0.02600000     0.00000000
     0.00500000     0.04400000     0.02700000     0.00000000
     0.00500000     0.04400000     0.02800000     0.00000000
     0.00500000     0.04500000     0.02800000     0.00000000
     0.00500000     0.04600000     0.02900000     0.00000000
     0.00500000     0.04600000     0.03000000     0.00000000
     0.00500000     0.04700000     0.02900000     0.00000000
     0.00500000     0.04700000     0.03000000     0.00000000
     0.00500000     0.04800000     0.03000000     0.00000000
     0.00600000     0.00100000     0.00800000   644.78278115
     0.00600000     0.00200000     0.00700000   659.74237719
     0.00600000     0.00200000     0.00800000   661.02629671
     0.00600000     0.00300000     0.00600000   649.50655731
     0.00600000     0.00400000     0.00600000   653.28023387
     0.00600000     0.00600000     0.00400000   623.57113978
     0.00600000     0.00700000     0.00400000   624.52253678
     0.00600000     0.00800000     0.00400000   618.88185335
     0.00600000     0.01300000     0.00200000   568.29326604
     0.00600000     0.01400000     0.00200000   570.93965644
     0.00600000     0.01500000     0.00200000   570.32636588
     0.00600000     0.01600000     0.00200000   566.98781206
     0.00600000     0.02200000     0.00400000   601.09781906
     0.00600000     0.02300000     0.00400000   599.60109175
     0.00600000     0.02600000     0.00600000   621.04904047
     0.00600000     0.02800000     0.00700000   627.53912726
     0.00600000     0.02800000     0.00800000   624.34235668
     0.00600000     0.02900000     0.00800000   127.75790312
     0.00600000     0.03000000     0.00900000    48.81649157
     0.00600000     0.03000000     0.01000000  2168.23961862
     0.00600000     0.03100000     0.01000000     0.00000000
     0.00600000     0.03200000     0.01100000     0.00000000
     0.00600000     0.03200000     0.01200000     0.00000000
     0.00600000     0.03400000     0.01400000     0.00000000
     0.00600000     0.03400000     0.01500000     0.00000000
     0.00600000     0.03400000     0.01600000     0.00000000
     0.00600000     0.03500000     0.01600000     0.00000000
     0.00600000     0.03600000     0.01800000     0.00000000
     0.00600000     0.03600000     0.01900000     0.00000000
     0.00600000     0.03600000     0.02000000     0.00000000
     0.00600000     0.03700000     0.01900000     0.00000000
     0.00600000     0.03700000     0.02000000     0.00000000
     0.00600000     0.03800000     0.02100000     0.00000000
     0.00600000     0.03800000     0.02200000     0.00000000
     0.00600000     0.03900000     0.02200000     0.00000000
     0.00600000     0.04000000     0.02300000     0.00000000
     0.00600000     0.04000000     0.02400000     0.00000000
     0.00600000     0.04100000     0.02400000     0.00000000
     0.00600000     0.04200000     0.02500000     0.00000000
     0.00600000     0.04200000     0.02600000     0.00000000
     0.00600000     0.04300000     0.02600000     0.00000000
     0.00600000     0.04400000     0.02700000     0.00000000
     0.00600000     0.04400000     0.02800000     0.00000000
     0.00600000     0.04500000     0.02800000     0.00000000
     0.00600000     0.04600000     0.02900000     0.00000000
     0.00600000     0.04600000     0.03000000     0.00000000
     0.00600000     0.04700000     0.02900000     0.00000000
     0.00600000     0.04700000     0.03000000     0.00000000
     0.00600000     0.04800000     0.03000000     0.00000000
     0.00700000     0.00100000     0.00800000   658.72783091
     0.00700000     0.00200000     0.00700000   659.93376403
     0.00700000     0.00200000     0.00800000   664.20325296
     0.00700000     0.00300000     0.00600000   647.79645130
     0.00700000     0.00400000     0.00600000   650.17261908
     0.00700000     0.00600000     0.00400000   622.25411987
     0.00700000     0.00700000     0.00400000   623.38359085
     0.00700000     0.00800000     0.00400000   618.35889291
     0.00700000     0.01300000     0.00200000   565.86395054
     0.00700000     0.01400000     0.00200000   568.50561107
     0.00700000     0.01500000     0.00200000   567.86316096
     0.00700000     0.01600000     0.00200000   564.53249592
     0.00700000     0.02200000     0.00400000   600.01453626
     0.00700000     0.02300000     0.00400000   598.15099307
     0.00700000     0.02600000     0.00600000   618.68194822
     0.00700000     0.02800000     0.00700000   623.15976439
     0.00700000     0.02800000     0.00800000   629.77414252
     0.00700000     0.02900000     0.00800000   153.94855991
     0.00700000     0.03000000     0.00900000    46.54240178
     0.00700000     0.03000000     0.01000000  2182.54732299
     0.00700000     0.03100000     0.01000000     0.00000000
     0.00700000     0.03200000     0.01100000     0.00000000
     0.00700000     0.03200000     0.01200000     0.00000000
     0.00700000     0.03400000     0.01400000     0.00000000
     0.00700000     0.03400000     0.01500000     0.00000000
     0.00700000     0.03400000     0.01600000     0.00000000
     0.00700000     0.03500000     0.01600000     0.00000000
     0.00700000     0.03600000     0.01800000     0.00000000
     0.00700000     0.03600000     0.01900000     0.00000000
     0.00700000     0.03600000     0.02000000     0.00000000
     0.00700000     0.03700000     0.01900000     0.00000000
     0.00700000     0.03700000     0.02000000     0.00000000
     0.00700000     0.03800000     0.02100000     0.00000000
     0.00700000     0.03800000     0.02200000     0.00000000
     0.00700000     0.03900000     0.02200000     0.00000000
     0.00700000     0.04000000     0.02300000     0.00000000
     0.00700000     0.04000000     0.02400000     0.00000000
     0.00700000     0.04100000     0.02400000     0.00000000
     0.00700000     0.04200000     0.02500000     0.00000000
     0.00700000     0.04200000     0.02600000     0.00000000
     0.00700000     0.04300000     0.02600000     0.00000000
     0.00700000     0.04400000     0.02700000     0.00000000
     0.00700000     0.04400000     0.02800000     0.00000000
     0.00700000     0.04500000     0.02800000     0.00000000
     0.00700000     0.04600000     0.02900000     0.00000000
     0.00700000     0.04600000     0.03000000     0.00000000
     0.00700000     0.04700000     0.02900000     0.00000000
     0.00700000     0.04700000     0.03000000     0.00000000
     0.00700000     0.04800000     0.03000000     0.00000000
     0.00800000     0.00100000     0.00800000   638.07832843
     0.00800000     0.00200000     0.00700000   653.44302812
     0.00800000     0.00200000     0.00800000   647.02602659
     0.00800000     0.00400000     0.00600000   645.44067802
     0.00800000     0.00600000     0.00400000   618.79061485
     0.00800000     0.00700000     0.00400000   619.48813742
     0.00800000     0.00800000     0.00400000   617.17764386
     0.00800000     0.00900000     0.00300000   590.68173127
     0.00800000     0.00900000     0.00400000   607.88578168
     0.00800000     0.01000000     0.00300000   592.13947142
     0.00800000     0.01000000     0.00400000   601.20346807
     0.00800000     0.02000000     0.00300000   584.04613878
     0.00800000     0.02000000     0.00400000   591.94687371
     0.00800000     0.02100000     0.00300000   581.35981989
     0.00800000     0.02100000     0.00400000   594.58826883
     0.00800000     0.02200000     0.00400000   597.17188241
     0.00800000     0.02300000     0.00400000   594.81208520
     0.00800000     0.02400000     0.00500000   609.75676875
     0.00800000     0.02400000     0.00600000   617.78773066
     0.00800000     0.02500000     0.00500000   609.30265648
     0.00800000     0.02500000     0.00600000   614.61216422
     0.00800000     0.02600000     0.00600000   618.68194822
     0.00800000     0.02800000     0.00800000   613.72430041
     0.00800000     0.02900000     0.00800000    68.05352791
     0.00800000     0.03000000     0.00900000    25.76865952
     0.00800000     0.03000000     0.01000000  2169.63630268
     0.00800000     0.03100000     0.01000000     0.00000000
     0.00800000     0.03200000     0.01100000     0.00000000
     0.00800000     0.03200000     0.01200000     0.00000000
     0.00800000     0.03400000     0.01500000     0.00000000
     0.00800000     0.03400000     0.01600000     0.00000000
     0.00800000     0.03500000     0.01600000     0.00000000
     0.00800000     0.03600000     0.01800000     0.00000000
     0.00800000     0.03800000     0.02100000     0.00000000
     0.00800000     0.03800000     0.02200000     0.00000000
     0.00800000     0.04000000     0.02400000     0.00000000
     0.00800000     0.04200000     0.02500000     0.00000000
     0.00800000     0.04200000     0.02600000     0.00000000
     0.00800000     0.04300000     0.02600000     0.00000000
     0.00800000     0.04400000     0.02700000     0.00000000
     0.00800000     0.04400000     0.02800000     0.00000000
     0.00800000     0.04500000     0.02800000     0.00000000
     0.00900000     0.00200000     0.00800000   654.01594028
     0.00900000     0.00400000     0.00600000   639.32368485
     0.00900000     0.00500000     0.00500000   629.72580417
     0.00900000     0.00500000     0.00600000   639.58429638
     0.00900000     0.00600000     0.00500000   630.36355497
     0.00900000     0.00600000     0.00600000   638.49515635
     0.00900000     0.00700000     0.00400000   612.67027474
     0.00900000     0.00800000     0.00400000   612.30743536
     0.00900000     0.00900000     0.00400000   610.25486042
     0.00900000     0.01000000     0.00300000   586.83219332
     0.00900000     0.01000000     0.00400000   602.10655538
     0.00900000     0.01100000     0.00300000   588.18450003
     0.00900000     0.01100000     0.00400000   597.79746949
     0.00900000     0.01200000     0.00300000   586.10090027
     0.00900000     0.01200000     0.00400000   593.78377400
     0.00900000     0.01800000     0.00300000   581.34331640
     0.00900000     0.01800000     0.00400000   588.28705281
     0.00900000     0.01900000     0.00300000   581.49317310
     0.00900000     0.01900000     0.00400000   589.75848901
     0.00900000     0.02000000     0.00300000   579.13942255
     0.00900000     0.02000000     0.00400000   591.81516455
     0.00900000     0.02100000     0.00400000   595.68232758
     0.00900000     0.02200000     0.00400000   593.84499623
     0.00900000     0.02300000     0.00400000   608.13632659
     0.00900000     0.02400000     0.00500000   604.40234753
     0.00900000     0.02400000     0.00600000   615.02626188
     0.00900000     0.02500000     0.00600000   610.51840025
     0.00900000     0.02600000     0.00600000   612.76131468
     0.00900000     0.02600000     0.00700000   612.76131468
     0.00900000     0.02600000     0.00800000   637.57403702
     0.00900000     0.02700000     0.00700000   626.16302916
     0.00900000     0.02700000     0.00800000   620.46482844
     0.00900000     0.02800000     0.00800000   270.86286248
     0.00900000     0.03000000     0.01000000  2150.35602861
     0.00900000     0.03200000     0.01200000     0.00000000
     0.01000000     0.00200000     0.00800000   628.21164644
     0.01000000     0.00300000     0.00700000   645.21448806
     0.01000000     0.00300000     0.00800000   637.06238878
     0.01000000     0.00400000     0.00700000   647.35789613
     0.01000000     0.00400000     0.00800000   656.49983999
     0.01000000     0.00500000     0.00600000   633.79164552
     0.01000000     0.00600000     0.00500000   623.48194254
     0.01000000     0.00600000     0.00600000   634.26597914
     0.01000000     0.00700000     0.00500000   624.03290277
     0.01000000     0.00700000     0.00600000   632.54747490
     0.01000000     0.00800000     0.00400000   606.07136229
     0.01000000     0.00800000     0.00500000   616.96150714
     0.01000000     0.00800000     0.00600000   627.55364325
     0.01000000     0.00900000     0.00400000   606.51994054
     0.01000000     0.01000000     0.00400000   602.12704489
     0.01000000     0.01100000     0.00400000   600.27523174
     0.01000000     0.01200000     0.00300000   580.78526370
     0.01000000     0.01200000     0.00400000   594.76966657
     0.01000000     0.01300000     0.00300000   582.82759232
     0.01000000     0.01300000     0.00400000   591.91215683
     0.01000000     0.01400000     0.00300000   582.15561048
     0.01000000     0.01400000     0.00400000   590.19475407
     0.01000000     0.01500000     0.00300000   580.98230556
     0.01000000     0.01500000     0.00400000   588.73021763
     0.01000000     0.01600000     0.00300000   580.32667268
     0.01000000     0.01600000     0.00400000   588.06561518
     0.01000000     0.01700000     0.00300000   579.44702478
     0.01000000     0.01700000     0.00400000   587.68265585
     0.01000000     0.01800000     0.00300000   576.49842464
     0.01000000     0.01800000     0.00400000   587.83387602
     0.01000000     0.01900000     0.00400000   588.66206655
     0.01000000     0.02000000     0.00400000   590.92406743
     0.01000000     0.02100000     0.00400000   592.06490473
     0.01000000     0.02200000     0.00400000   590.15735017
     0.01000000     0.02200000     0.00500000   600.24419948
     0.01000000     0.02200000     0.00600000   608.57218094
     0.01000000     0.02300000     0.00500000   604.87111395
     0.01000000     0.02300000     0.00600000   608.42623877
     0.01000000     0.02400000     0.00500000   600.38337456
     0.01000000     0.02400000     0.00600000   606.85248819
     0.01000000     0.02500000     0.00600000   621.00118584
     0.01000000     0.02600000     0.00700000   614.30579448
     0.01000000     0.02600000     0.00800000   626.83396948
     0.01000000     0.02700000     0.00800000   592.49399365
     0.01000000     0.03000000     0.01000000  2150.00813843
     0.01100000     0.00300000     0.00800000   629.60407239
     0.01100000     0.00400000     0.00800000   653.14239770
     0.01100000     0.00600000     0.00600000   626.50158565
     0.01100000     0.00700000     0.00600000   627.44177652
     0.01100000     0.00800000     0.00500000   612.24356221
     0.01100000     0.00800000     0.00600000   620.24186231
     0.01100000     0.01000000     0.00400000   593.79748360
     0.01100000     0.01100000     0.00400000   596.38251794
     0.01100000     0.01200000     0.00400000   593.62432578
     0.01100000     0.01300000     0.00400000   591.10355479
     0.01100000     0.01400000     0.00400000   588.74774463
     0.01100000     0.01500000     0.00400000   587.37759720
     0.01100000     0.01600000     0.00400000   586.52190154
     0.01100000     0.01700000     0.00400000   586.42609787
     0.01100000     0.01800000     0.00400000   585.94649341
     0.01100000     0.01900000     0.00400000   583.57927315
     0.01100000     0.02200000     0.00500000   594.53020949
     0.01100000     0.02200000     0.00600000   601.98816335
     0.01100000     0.02300000     0.00600000   604.35821010
     0.01100000     0.02400000     0.00600000   606.85248819
     0.01100000     0.02600000     0.00800000   599.72858405
     0.01200000     0.00800000     0.00600000   617.49811259
     0.00000000     0.00200000     0.01100000     0.00000000
     0.00000000     0.00300000     0.01000000  2659.44867010
     0.00000000     0.00300000     0.01100000     0.00000000
     0.00000000     0.00400000     0.00900000   719.70608397
     0.00000000     0.00400000     0.01000000  2174.73192072
     0.00000000     0.00500000     0.00800000   630.20083348
     0.00000000     0.00500000     0.00900000   624.62595935
     0.00000000     0.00600000     0.00800000   646.96053496
     0.00000000     0.00700000     0.00700000   624.72688324
     0.00000000     0.00700000     0.00800000   632.65407013
     0.00000000     0.00800000     0.00600000   617.88276006
     0.00000000     0.00800000     0.00700000   624.73419657
     0.00000000     0.00900000     0.00600000   618.99577799
     0.00000000     0.01000000     0.00600000   616.13411711
     0.00000000     0.01100000     0.00500000   598.75076109
     0.00000000     0.01100000     0.00600000   609.30774499
     0.00000000     0.01200000     0.00500000   599.67542661
     0.00000000     0.01300000     0.00500000   599.04943601
     0.00000000     0.01400000     0.00500000   596.40701034
     0.00000000     0.01500000     0.00500000   594.39232218
     0.00000000     0.01600000     0.00500000   596.19107276
     0.00000000     0.01700000     0.00500000   592.28001508
     0.00000000     0.01800000     0.00500000   595.63862517
     0.00000000     0.01800000     0.00600000   600.60787900
     0.00000000     0.01900000     0.00500000   592.19579709
     0.00000000     0.01900000     0.00600000   600.91449831
     0.00000000     0.02000000     0.00600000   604.60113579
     0.00000000     0.02100000     0.00600000   600.83245979
     0.00000000     0.02100000     0.00700000   608.03049989
     0.00000000     0.02200000     0.00700000   610.69705560
     0.00000000     0.02200000     0.00800000   619.35204190
     0.00000000     0.02300000     0.00700000   604.28009334
     0.00000000     0.02300000     0.00800000   622.22647386
     0.00000000     0.02400000     0.00800000   615.55632320
     0.00000000     0.02500000     0.00800000   466.91887783
     0.00000000     0.02500000     0.00900000   466.91887783
     0.00000000     0.02500000     0.01000000  2191.08667529
     0.00000000     0.02600000     0.00900000   189.81459301
     0.00000000     0.02600000     0.01000000  2138.07498376
     0.00000000     0.02700000     0.01000000     0.00000000
     0.00000000     0.02700000     0.01100000     0.00000000
     0.00000000     0.02700000     0.01200000     0.00000000
     0.00000000     0.02800000     0.01100000     0.00000000
     0.00000000     0.02800000     0.01200000     0.00000000
     0.00000000     0.02900000     0.01200000     0.00000000
     0.00100000     0.00100000     0.01000000  2657.10262603
     0.00100000     0.00200000     0.00900000   733.89006259
     0.00100000     0.00200000     0.01000000  2170.97645011
     0.00100000     0.00200000     0.01100000     0.00000000
     0.00100000     0.00300000     0.00800000   630.33427358
     0.00100000     0.00300000     0.00900000   637.28280618
     0.00100000     0.00300000     0.01000000  2146.01589049
     0.00100000     0.00300000     0.01100000     0.00000000
     0.00100000     0.00400000     0.00800000   654.49430425
     0.00100000     0.00400000     0.00900000   627.29888763
     0.00100000     0.00400000     0.01000000  2162.35594248
     0.00100000     0.00500000     0.00700000   636.32461082
     0.00100000     0.00500000     0.00800000   630.71355835
     0.00100000     0.00500000     0.00900000   650.28985024
     0.00100000     0.00600000     0.00600000   628.73833761
     0.00100000     0.00600000     0.00700000   637.39889653
     0.00100000     0.00600000     0.00800000   643.48460210
     0.00100000     0.00700000     0.00600000   628.63819934
     0.00100000     0.00700000     0.00700000   635.43669101
     0.00100000     0.00700000     0.00800000   637.24061616
     0.00100000     0.00800000     0.00500000   613.28641264
     0.00100000     0.00800000     0.00600000   623.57190995
     0.00100000     0.00800000     0.00700000   632.55479363
     0.00100000     0.00900000     0.00500000   614.08517061
     0.00100000     0.00900000     0.00600000   621.68355795
     0.00100000     0.01000000     0.00400000   596.67399315
     0.00100000     0.01000000     0.00500000   607.83750700
     0.00100000     0.01000000     0.00600000   618.10336370
     0.00100000     0.01100000     0.00400000   598.06222922
     0.00100000     0.01100000     0.00500000   605.48288274
     0.00100000     0.01100000     0.00600000   612.34877451
     0.00100000     0.01200000     0.00400000   596.35335140
     0.00100000     0.01200000     0.00500000   604.16350164
     0.00100000     0.01300000     0.00400000   593.12785468
     0.00100000     0.01300000     0.00500000   602.50944364
     0.00100000     0.01400000     0.00400000   591.12329671
     0.00100000     0.01400000     0.00500000   600.02591845
     0.00100000     0.01500000     0.00400000   589.75355415
     0.00100000     0.01500000     0.00500000   598.85019277
     0.00100000     0.01600000     0.00400000   588.14582798
     0.00100000     0.01600000     0.00500000   599.64154634
     0.00100000     0.01700000     0.00400000   589.57535491
     0.00100000     0.01700000     0.00500000   597.28348449
     0.00100000     0.01800000     0.00400000   588.37838331
     0.00100000     0.01800000     0.00500000   599.23931855
     0.00100000     0.01800000     0.00600000   602.46841233
     0.00100000     0.01900000     0.00400000   586.18513904
     0.00100000     0.01900000     0.00500000   597.64893310
     0.00100000     0.01900000     0.00600000   604.29169843
     0.00100000     0.02000000     0.00500000   600.69389528
     0.00100000     0.02000000     0.00600000   606.65563493
     0.00100000     0.02100000     0.00500000   602.40207266
     0.00100000     0.02100000     0.00600000   607.15865426
     0.00100000     0.02100000     0.00700000   615.62829041
     0.00100000     0.02200000     0.00500000   599.05009803
     0.00100000     0.02200000     0.00600000   606.63909591
     0.00100000     0.02200000     0.00700000   618.13928655
     0.00100000     0.02200000     0.00800000   614.67221680
     0.00100000     0.02300000     0.00600000   608.06909974
     0.00100000     0.02300000     0.00700000   618.47892064
     0.00100000     0.02300000     0.00800000   621.53844085
     0.00100000     0.02400000     0.00600000   610.20366225
     0.00100000     0.02400000     0.00700000   624.19505045
     0.00100000     0.02400000     0.00800000   610.97928171
     0.00100000     0.02500000     0.00700000   611.54091735
     0.00100000     0.02500000     0.00800000   626.09730048
     0.00100000     0.02500000     0.00900000   599.03747164
     0.00100000     0.02500000     0.01000000  2189.68599269
     0.00100000     0.02600000     0.00800000   604.21168094
     0.00100000     0.02600000     0.00900000   621.59706688
     0.00100000     0.02600000     0.01000000  2127.77545226
     0.00100000     0.02700000     0.00900000   424.05653569
     0.00100000     0.02700000     0.01000000  2173.24770504
     0.00100000     0.02700000     0.01100000     0.00000000
     0.00100000     0.02700000     0.01200000     0.00000000
     0.00100000     0.02800000     0.00900000  -170.13464350
     0.00100000     0.02800000     0.01000000  2139.71452807
     0.00100000     0.02800000     0.01100000     0.00000000
     0.00100000     0.02800000     0.01200000     0.00000000
     0.00100000     0.02900000     0.01000000     0.00000000
     0.00100000     0.02900000     0.01100000     0.00000000
     0.00100000     0.02900000     0.01200000     0.00000000
     0.00100000     0.03000000     0.01100000     0.00000000
     0.00100000     0.03000000     0.01200000     0.00000000
     0.00100000     0.03100000     0.01200000     0.00000000
     0.00200000     0.00000000     0.01000000  2693.87995954
     0.00200000     0.00100000     0.00900000   179.87144447
     0.00200000     0.00100000     0.01000000  2141.43357670
     0.00200000     0.00200000     0.00800000   628.86702044
     0.00200000     0.00200000     0.00900000   636.87332521
     0.00200000     0.00200000     0.01000000  2148.11027423
     0.00200000     0.00300000     0.00700000   645.87905891
     0.00200000     0.00300000     0.00800000   637.62201447
     0.00200000     0.00300000     0.00900000   654.95209948
     0.00200000     0.00400000     0.00700000   648.24035329
     0.00200000     0.00400000     0.00800000   657.19735772
     0.00200000     0.00500000     0.00600000   634.57008791
     0.00200000     0.00500000     0.00700000   644.60264099
     0.00200000     0.00500000     0.00800000   649.07968601
     0.00200000     0.00600000     0.00500000   624.55414344
     0.00200000     0.00600000     0.00600000   635.06432875
     0.00200000     0.00600000     0.00700000   641.75270963
     0.00200000     0.00700000     0.00500000   625.29366238
     0.00200000     0.00800000     0.00400000   607.27171425
     0.00200000     0.00800000     0.00500000   618.30095477
     0.00200000     0.00900000     0.00400000   607.74866971
     0.00200000     0.00900000     0.00500000   616.32474786
     0.00200000     0.01000000     0.00400000   603.75427078
     0.00200000     0.01000000     0.00500000   611.45910755
     0.00200000     0.01100000     0.00400000   601.93412541
     0.00200000     0.01200000     0.00300000   582.53970812
     0.00200000     0.01200000     0.00400000   597.05219215
     0.00200000     0.01300000     0.00300000   584.77539719
     0.00200000     0.01400000     0.00300000   584.39590872
     0.00200000     0.01500000     0.00300000   583.29866151
     0.00200000     0.01600000     0.00300000   583.13790252
     0.00200000     0.01700000     0.00300000   582.10252646
     0.00200000     0.01700000     0.00400000   591.67921460
     0.00200000     0.01800000     0.00300000   579.56483079
     0.00200000     0.01800000     0.00400000   591.19458159
     0.00200000     0.01900000     0.00400000   592.16194605
     0.00200000     0.01900000     0.00500000   599.42394902
     0.00200000     0.02000000     0.00400000   594.28205083
     0.00200000     0.02000000     0.00500000   602.09401854
     0.00200000     0.02100000     0.00400000   595.35343764
     0.00200000     0.02100000     0.00500000   603.98385374
     0.00200000     0.02100000     0.00600000   610.99402363
     0.00200000     0.02200000     0.00400000   593.51173691
     0.00200000     0.02200000     0.00500000   604.10738974
     0.00200000     0.02200000     0.00600000   612.70483692
     0.00200000     0.02300000     0.00500000   607.90689494
     0.00200000     0.02300000     0.00600000   612.38557635
     0.00200000     0.02400000     0.00500000   605.05997776
     0.00200000     0.02400000     0.00600000   610.20366225
     0.00200000     0.02400000     0.00700000   625.92885407
     0.00200000     0.02400000     0.00800000   623.43002021
     0.00200000     0.02500000     0.00600000   614.80001225
     0.00200000     0.02500000     0.00700000   615.95295156
     0.00200000     0.02500000     0.00800000   631.76133668
     0.00200000     0.02600000     0.00700000   636.41968028
     0.00200000     0.02600000     0.00800000   616.32943257
     0.00200000     0.02600000     0.00900000   642.52467002
     0.00200000     0.02700000     0.00800000   601.76062262
     0.00200000     0.02700000     0.00900000   592.35279678
     0.00200000     0.02700000     0.01000000  2155.50685092
     0.00200000     0.02800000     0.00900000    73.83856869
     0.00200000     0.02800000     0.01000000  2157.38471233
     0.00200000     0.02900000     0.00900000    73.69076726
     0.00200000     0.02900000     0.01000000  2154.82868354
     0.00200000     0.02900000     0.01100000     0.00000000
     0.00200000     0.02900000     0.01200000     0.00000000
     0.00200000     0.03000000     0.01000000  2154.82868354
     0.00200000     0.03000000     0.01100000     0.00000000
     0.00200000     0.03000000     0.01200000     0.00000000
     0.00200000     0.03100000     0.01100000     0.00000000
     0.00200000     0.03100000     0.01200000     0.00000000
     0.00200000     0.03100000     0.01300000     0.00000000
     0.00200000     0.03100000     0.01400000     0.00000000
     0.00200000     0.03200000     0.01300000     0.00000000
     0.00200000     0.03200000     0.01400000     0.00000000
     0.00200000     0.03200000     0.01500000     0.00000000
     0.00200000     0.03300000     0.01500000     0.00000000
     0.00300000     0.00000000     0.00900000  -224.73897975
     0.00300000     0.00000000     0.01000000  2136.14847333
     0.00300000     0.00100000     0.00900000   359.64353669
     0.00300000     0.00100000     0.01000000  2170.54287984
     0.00300000     0.00200000     0.00800000   654.53816164
     0.00300000     0.00200000     0.00900000   633.01199956
     0.00300000     0.00300000     0.00700000   652.72444124
     0.00300000     0.00300000     0.00800000   662.85227819
     0.00300000     0.00400000     0.00600000   639.97080101
     0.00300000     0.00400000     0.00700000   648.65968531
     0.00300000     0.00500000     0.00500000   630.32863401
     0.00300000     0.00500000     0.00600000   640.35767732
     0.00300000     0.00500000     0.00700000   650.45719256
     0.00300000     0.00600000     0.00500000   631.16401743
     0.00300000     0.00600000     0.00600000   639.45697606
     0.00300000     0.00700000     0.00400000   613.50975215
     0.00300000     0.00700000     0.00500000   627.65320363
     0.00300000     0.00800000     0.00400000   613.47779498
     0.00300000     0.00800000     0.00500000   622.30503516
     0.00300000     0.01000000     0.00300000   587.93568711
     0.00300000     0.01000000     0.00400000   603.60308980
     0.00300000     0.01100000     0.00300000   589.39314561
     0.00300000     0.01100000     0.00400000   599.17924864
     0.00300000     0.01200000     0.00300000   587.65765321
     0.00300000     0.01200000     0.00400000   595.44175189
     0.00300000     0.01300000     0.00300000   587.87827532
     0.00300000     0.01400000     0.00300000   586.58617352
     0.00300000     0.01500000     0.00300000   585.59197032
     0.00300000     0.01600000     0.00300000   585.36560343
     0.00300000     0.01700000     0.00300000   584.78207024
     0.00300000     0.01700000     0.00400000   590.31810127
     0.00300000     0.01800000     0.00300000   583.85097399
     0.00300000     0.01800000     0.00400000   591.00606120
     0.00300000     0.01900000     0.00300000   583.70202062
     0.00300000     0.01900000     0.00400000   592.43055189
     0.00300000     0.02000000     0.00300000   581.32060895
     0.00300000     0.02000000     0.00400000   594.73053676
     0.00300000     0.02200000     0.00400000   596.95255055
     0.00300000     0.02200000     0.00500000   606.58397753
     0.00300000     0.02300000     0.00400000   610.92222138
     0.00300000     0.02300000     0.00500000   610.92222138
     0.00300000     0.02300000     0.00600000   617.56650693
     0.00300000     0.02400000     0.00500000   607.76860157
     0.00300000     0.02400000     0.00600000   616.88578500
     0.00300000     0.02500000     0.00600000   614.80001225
     0.00300000     0.02500000     0.00700000   619.41091180
     0.00300000     0.02500000     0.00800000   638.44812004
     0.00300000     0.02600000     0.00600000   622.01324732
     0.00300000     0.02600000     0.00700000   622.01324732
     0.00300000     0.02600000     0.00800000   632.36937996
     0.00300000     0.02700000     0.00700000   627.43491896
     0.00300000     0.02700000     0.00800000   626.02895158
     0.00300000     0.02700000     0.00900000   617.69368973
     0.00300000     0.02800000     0.00800000   287.93567511
     0.00300000     0.02800000     0.00900000   287.93567511
     0.00300000     0.02800000     0.01000000  2161.54126615
     0.00300000     0.02900000     0.00900000   -77.62420081
     0.00300000     0.02900000     0.01000000  2155.86263122
     0.00300000     0.03000000     0.01000000  2155.86263122
     0.00300000     0.03000000     0.01100000     0.00000000
     0.00300000     0.03000000     0.01200000     0.00000000
     0.00300000     0.03100000     0.01100000     0.00000000
     0.00300000     0.03100000     0.01200000     0.00000000
     0.00300000     0.03100000     0.01300000     0.00000000
     0.00300000     0.03100000     0.01400000     0.00000000
     0.00300000     0.03200000     0.01200000     0.00000000
     0.00300000     0.03200000     0.01300000     0.00000000
     0.00300000     0.03200000     0.01400000     0.00000000
     0.00300000     0.03200000     0.01500000     0.00000000
     0.00300000     0.03300000     0.01300000     0.00000000
     0.00300000     0.03300000     0.01400000     0.00000000
     0.00300000     0.03300000     0.01500000     0.00000000
     0.00300000     0.03300000     0.01600000     0.00000000
     0.00300000     0.03400000     0.01500000     0.00000000
     0.00300000     0.03400000     0.01600000     0.00000000
     0.00300000     0.03400000     0.01700000     0.00000000
     0.00300000     0.03500000     0.01700000     0.00000000
     0.00400000     0.00000000     0.00900000   104.02929361
     0.00400000     0.00100000     0.00800000   638.23371139
     0.00400000     0.00100000     0.00900000   631.12374208
     0.00400000     0.00200000     0.00700000   653.70805259
     0.00400000     0.00200000     0.00800000   647.30866687
     0.00400000     0.00200000     0.00900000   662.21114897
     0.00400000     0.00300000     0.00700000   655.96236860
     0.00400000     0.00300000     0.00800000   659.00168745
     0.00400000     0.00400000     0.00600000   645.90188727
     0.00400000     0.00400000     0.00700000   655.47254847
     0.00400000     0.00500000     0.00500000   634.21404046
     0.00400000     0.00500000     0.00600000   644.37105553
     0.00400000     0.00600000     0.00400000   619.20554810
     0.00400000     0.00600000     0.00500000   633.07140620
     0.00400000     0.00700000     0.00400000   620.05333344
     0.00400000     0.00700000     0.00500000   628.86437059
     0.00400000     0.00800000     0.00400000   617.91600484
     0.00400000     0.00900000     0.00300000   591.30157676
     0.00400000     0.00900000     0.00400000   608.67397568
     0.00400000     0.01000000     0.00300000   592.92546494
     0.00400000     0.01100000     0.00300000   592.50018329
     0.00400000     0.01200000     0.00300000   589.66230116
     0.00400000     0.01300000     0.00300000   586.90833707
     0.00400000     0.01400000     0.00300000   584.75965028
     0.00400000     0.01500000     0.00300000   583.67106070
     0.00400000     0.01600000     0.00300000   583.71544184
     0.00400000     0.01700000     0.00300000   584.60854955
     0.00400000     0.01800000     0.00300000   585.70942264
     0.00400000     0.01900000     0.00300000   586.80136573
     0.00400000     0.01900000     0.00400000   591.83629213
     0.00400000     0.02000000     0.00300000   585.66685004
     0.00400000     0.02000000     0.00400000   593.90004222
     0.00400000     0.02100000     0.00300000   582.70506635
     0.00400000     0.02100000     0.00400000   596.60949698
     0.00400000     0.02200000     0.00400000   599.04638358
     0.00400000     0.02300000     0.00400000   596.34529039
     0.00400000     0.02300000     0.00500000   610.41459032
     0.00400000     0.02300000     0.00600000   617.72751370
     0.00400000     0.02400000     0.00500000   612.43190764
     0.00400000     0.02400000     0.00600000   618.93026429
     0.00400000     0.02500000     0.00500000   610.34462674
     0.00400000     0.02500000     0.00600000   618.99807804
     0.00400000     0.02600000     0.00600000   618.23516515
     0.00400000     0.02600000     0.00700000   629.89941116
     0.00400000     0.02600000     0.00800000   636.09803979
     0.00400000     0.02700000     0.00700000   629.32152472
     0.00400000     0.02700000     0.00800000   619.62378878
     0.00400000     0.02800000     0.00800000   615.01708075
     0.00400000     0.02800000     0.00900000   610.02290515
     0.00400000     0.02800000     0.01000000  2156.13996531
     0.00400000     0.02900000     0.00800000    61.32356618
     0.00400000     0.02900000     0.00900000    61.32356618
     0.00400000     0.02900000     0.01000000  2143.58441223
     0.00400000     0.03000000     0.00900000    30.37553202
     0.00400000     0.03000000     0.01000000  2169.97853680
     0.00400000     0.03000000     0.01100000     0.00000000
     0.00400000     0.03000000     0.01200000     0.00000000
     0.00400000     0.03100000     0.01000000     0.00000000
     0.00400000     0.03100000     0.01100000     0.00000000
     0.00400000     0.03100000     0.01200000     0.00000000
     0.00400000     0.03200000     0.01100000     0.00000000
     0.00400000     0.03200000     0.01200000     0.00000000
     0.00400000     0.03200000     0.01300000     0.00000000
     0.00400000     0.03200000     0.01400000     0.00000000
     0.00400000     0.03300000     0.01300000     0.00000000
     0.00400000     0.03300000     0.01400000     0.00000000
     0.00400000     0.03300000     0.01500000     0.00000000
     0.00400000     0.03300000     0.01600000     0.00000000
     0.00400000     0.03400000     0.01500000     0.00000000
     0.00400000     0.03400000     0.01600000     0.00000000
     0.00400000     0.03400000     0.01700000     0.00000000
     0.00400000     0.03500000     0.01600000     0.00000000
     0.00400000     0.03500000     0.01700000     0.00000000
     0.00400000     0.03500000     0.01800000     0.00000000
     0.00400000     0.03600000     0.01800000     0.00000000
     0.00400000     0.03600000     0.01900000     0.00000000
     0.00400000     0.03600000     0.02000000     0.00000000
     0.00400000     0.03700000     0.02000000     0.00000000
     0.00400000     0.03700000     0.02100000     0.00000000
     0.00400000     0.03700000     0.02200000     0.00000000
     0.00400000     0.03800000     0.02100000     0.00000000
     0.00400000     0.03800000     0.02200000     0.00000000
     0.00400000     0.03800000     0.02300000     0.00000000
     0.00400000     0.03800000     0.02400000     0.00000000
     0.00400000     0.03900000     0.02300000     0.00000000
     0.00400000     0.03900000     0.02400000     0.00000000
     0.00400000     0.04000000     0.02400000     0.00000000
     0.00400000     0.04000000     0.02500000     0.00000000
     0.00400000     0.04100000     0.02500000     0.00000000
     0.00400000     0.04100000     0.02600000     0.00000000
     0.00400000     0.04200000     0.02500000     0.00000000
     0.00400000     0.04200000     0.02600000     0.00000000
     0.00400000     0.04300000     0.02600000     0.00000000
     0.00400000     0.04300000     0.02700000     0.00000000
     0.00400000     0.04300000     0.02800000     0.00000000
     0.00400000     0.04400000     0.02700000     0.00000000
     0.00400000     0.04400000     0.02800000     0.00000000
     0.00400000     0.04500000     0.02800000     0.00000000
     0.00400000     0.04500000     0.02900000     0.00000000
     0.00400000     0.04500000     0.03000000     0.00000000
     0.00400000     0.04600000     0.02900000     0.00000000
     0.00400000     0.04600000     0.03000000     0.00000000
     0.00400000     0.04700000     0.03000000     0.00000000
     0.00400000     0.04700000     0.03100000     0.00000000
     0.00400000     0.04800000     0.03100000     0.00000000
     0.00500000     0.00000000     0.00900000   268.47905759
     0.00500000     0.00100000     0.00800000   658.86346703
     0.00500000     0.00100000     0.00900000   636.38695991
     0.00500000     0.00200000     0.00700000   660.08366785
     0.00500000     0.00300000     0.00600000   647.87591371
     0.00500000     0.00300000     0.00700000   656.93747263
     0.00500000     0.00400000     0.00600000   650.37107204
     0.00500000     0.00400000     0.00700000   657.41785186
     0.00500000     0.00500000     0.00500000   635.37054967
     0.00500000     0.00500000     0.00600000   646.25033862
     0.00500000     0.00600000     0.00400000   622.55012442
     0.00500000     0.00600000     0.00500000   633.79751583
     0.00500000     0.00800000     0.00400000   618.76904167
     0.00500000     0.00900000     0.00300000   594.20217476
     0.00500000     0.00900000     0.00400000   607.04785356
     0.00500000     0.01000000     0.00300000   595.73596613
     0.00500000     0.01100000     0.00300000   592.81449574
     0.00500000     0.01200000     0.00300000   588.38760147
     0.00500000     0.01300000     0.00200000   566.02081427
     0.00500000     0.01300000     0.00300000   581.62541224
     0.00500000     0.01400000     0.00200000   568.64030333
     0.00500000     0.01400000     0.00300000   579.06976744
     0.00500000     0.01500000     0.00200000   568.01238229
     0.00500000     0.01500000     0.00300000   578.09592467
     0.00500000     0.01600000     0.00200000   564.68615901
     0.00500000     0.01600000     0.00300000   578.72425643
     0.00500000     0.01700000     0.00300000   582.68280062
     0.00500000     0.01800000     0.00300000   584.95719541
     0.00500000     0.01900000     0.00300000   587.28415311
     0.00500000     0.02000000     0.00300000   588.11641063
     0.00500000     0.02000000     0.00400000   593.61709096
     0.00500000     0.02100000     0.00300000   585.64585180
     0.00500000     0.02100000     0.00400000   595.85758115
     0.00500000     0.02200000     0.00400000   601.09162706
     0.00500000     0.02300000     0.00400000   599.22719402
     0.00500000     0.02300000     0.00500000   610.31988295
     0.00500000     0.02400000     0.00500000   615.57023701
     0.00500000     0.02400000     0.00600000   622.25120051
     0.00500000     0.02500000     0.00500000   612.45596337
     0.00500000     0.02500000     0.00600000   620.28752885
     0.00500000     0.02600000     0.00600000   618.23516515
     0.00500000     0.02600000     0.00700000   626.76851928
     0.00500000     0.02600000     0.00800000   635.55326267
     0.00500000     0.02700000     0.00700000   630.90072724
     0.00500000     0.02700000     0.00800000   637.20515211
     0.00500000     0.02800000     0.00700000   624.91920180
     0.00500000     0.02800000     0.00800000   628.83287513
     0.00500000     0.02900000     0.00800000   152.97652666
     0.00500000     0.02900000     0.00900000   152.97652666
     0.00500000     0.02900000     0.01000000  2156.23482230
     0.00500000     0.03000000     0.00900000    49.26605669
     0.00500000     0.03000000     0.01000000  2178.74691138
     0.00500000     0.03100000     0.01000000     0.00000000
     0.00500000     0.03100000     0.01100000     0.00000000
     0.00500000     0.03100000     0.01200000     0.00000000
     0.00500000     0.03200000     0.01100000     0.00000000
     0.00500000     0.03200000     0.01200000     0.00000000
     0.00500000     0.03200000     0.01300000     0.00000000
     0.00500000     0.03200000     0.01400000     0.00000000
     0.00500000     0.03300000     0.01300000     0.00000000
     0.00500000     0.03300000     0.01400000     0.00000000
     0.00500000     0.03300000     0.01500000     0.00000000
     0.00500000     0.03300000     0.01600000     0.00000000
     0.00500000     0.03400000     0.01400000     0.00000000
     0.00500000     0.03400000     0.01500000     0.00000000
     0.00500000     0.03400000     0.01600000     0.00000000
     0.00500000     0.03500000     0.01600000     0.00000000
     0.00500000     0.03500000     0.01700000     0.00000000
     0.00500000     0.03500000     0.01800000     0.00000000
     0.00500000     0.03600000     0.01800000     0.00000000
     0.00500000     0.03600000     0.01900000     0.00000000
     0.00500000     0.03600000     0.02000000     0.00000000
     0.00500000     0.03700000     0.01900000     0.00000000
     0.00500000     0.03700000     0.02000000     0.00000000
     0.00500000     0.03700000     0.02100000     0.00000000
     0.00500000     0.03700000     0.02200000     0.00000000
     0.00500000     0.03800000     0.02100000     0.00000000
     0.00500000     0.03800000     0.02200000     0.00000000
     0.00500000     0.03800000     0.02300000     0.00000000
     0.00500000     0.03800000     0.02400000     0.00000000
     0.00500000     0.03900000     0.02200000     0.00000000
     0.00500000     0.03900000     0.02300000     0.00000000
     0.00500000     0.03900000     0.02400000     0.00000000
     0.00500000     0.04000000     0.02300000     0.00000000
     0.00500000     0.04000000     0.02400000     0.00000000
     0.00500000     0.04000000     0.02500000     0.00000000
     0.00500000     0.04100000     0.02400000     0.00000000
     0.00500000     0.04100000     0.02500000     0.00000000
     0.00500000     0.04100000     0.02600000     0.00000000
     0.00500000     0.04200000     0.02500000     0.00000000
     0.00500000     0.04200000     0.02600000     0.00000000
     0.00500000     0.04300000     0.02600000     0.00000000
     0.00500000     0.04300000     0.02700000     0.00000000
     0.00500000     0.04300000     0.02800000     0.00000000
     0.00500000     0.04400000     0.02700000     0.00000000
     0.00500000     0.04400000     0.02800000     0.00000000
     0.00500000     0.04500000     0.02800000     0.00000000
     0.00500000     0.04500000     0.02900000     0.00000000
     0.00500000     0.04500000     0.03000000     0.00000000
     0.00500000     0.04600000     0.02900000     0.00000000
     0.00500000     0.04600000     0.03000000     0.00000000
     0.00500000     0.04700000     0.02900000     0.00000000
     0.00500000     0.04700000     0.03000000     0.00000000
     0.00500000     0.04700000     0.03100000     0.00000000
     0.00500000     0.04800000     0.03000000     0.00000000
     0.00500000     0.04800000     0.03100000     0.00000000
     0.00600000     0.00000000     0.00900000   218.76453512
     0.00600000     0.00100000     0.00800000   644.78278115
     0.00600000     0.00100000     0.00900000   648.35884149
     0.00600000     0.00200000     0.00700000   659.74237719
     0.00600000     0.00300000     0.00600000   649.50655731
     0.00600000     0.00300000     0.00700000   659.06091369
     0.00600000     0.00400000     0.00600000   653.28023387
     0.00600000     0.00500000     0.00500000   635.55321079
     0.00600000     0.00500000     0.00600000   647.30011830
     0.00600000     0.00600000     0.00400000   623.57113978
     0.00600000     0.00600000     0.00500000   633.91719914
     0.00600000     0.00800000     0.00400000   618.88185335
     0.00600000     0.00900000     0.00300000   594.58599843
     0.00600000     0.00900000     0.00400000   606.95414321
     0.00600000     0.01000000     0.00300000   595.79302494
     0.00600000     0.01100000     0.00300000   592.24035013
     0.00600000     0.01200000     0.00300000   587.31114689
     0.00600000     0.01300000     0.00200000   568.29326604
     0.00600000     0.01300000     0.00300000   579.69232473
     0.00600000     0.01600000     0.00200000   566.98781206
     0.00600000     0.01600000     0.00300000   577.00511447
     0.00600000     0.01700000     0.00300000   581.41996867
     0.00600000     0.01800000     0.00300000   584.01760252
     0.00600000     0.01900000     0.00300000   586.67992667
     0.00600000     0.02000000     0.00300000   588.02582168
     0.00600000     0.02000000     0.00400000   592.86013926
     0.00600000     0.02100000     0.00300000   585.81825625
     0.00600000     0.02100000     0.00400000   595.49197204
     0.00600000     0.02200000     0.00400000   601.09781906
     0.00600000     0.02300000     0.00400000   599.60109175
     0.00600000     0.02300000     0.00500000   610.24867939
     0.00600000     0.02400000     0.00500000   615.06395536
     0.00600000     0.02400000     0.00600000   621.82652168
     0.00600000     0.02500000     0.00500000   614.58976885
     0.00600000     0.02500000     0.00600000   621.90046825
     0.00600000     0.02600000     0.00600000   621.04904047
     0.00600000     0.02600000     0.00700000   629.01724501
     0.00600000     0.02700000     0.00700000   630.99965150
     0.00600000     0.02700000     0.00800000   631.30533426
     0.00600000     0.02800000     0.00700000   627.53912726
     0.00600000     0.02800000     0.00800000   624.34235668
     0.00600000     0.02900000     0.00800000   127.75790312
     0.00600000     0.02900000     0.00900000   127.75790312
     0.00600000     0.02900000     0.01000000  2146.45395766
     0.00600000     0.03000000     0.00900000    48.81649157
     0.00600000     0.03000000     0.01000000  2168.23961862
     0.00600000     0.03100000     0.01000000     0.00000000
     0.00600000     0.03100000     0.01100000     0.00000000
     0.00600000     0.03100000     0.01200000     0.00000000
     0.00600000     0.03200000     0.01100000     0.00000000
     0.00600000     0.03200000     0.01200000     0.00000000
     0.00600000     0.03200000     0.01300000     0.00000000
     0.00600000     0.03200000     0.01400000     0.00000000
     0.00600000     0.03300000     0.01300000     0.00000000
     0.00600000     0.03300000     0.01400000     0.00000000
     0.00600000     0.03400000     0.01400000     0.00000000
     0.00600000     0.03500000     0.01600000     0.00000000
     0.00600000     0.03500000     0.01700000     0.00000000
     0.00600000     0.03500000     0.01800000     0.00000000
     0.00600000     0.03600000     0.01800000     0.00000000
     0.00600000     0.03700000     0.02000000     0.00000000
     0.00600000     0.03700000     0.02100000     0.00000000
     0.00600000     0.03700000     0.02200000     0.00000000
     0.00600000     0.03800000     0.02100000     0.00000000
     0.00600000     0.03800000     0.02200000     0.00000000
     0.00600000     0.03900000     0.02200000     0.00000000
     0.00600000     0.03900000     0.02300000     0.00000000
     0.00600000     0.03900000     0.02400000     0.00000000
     0.00600000     0.04000000     0.02300000     0.00000000
     0.00600000     0.04000000     0.02400000     0.00000000
     0.00600000     0.04100000     0.02400000     0.00000000
     0.00600000     0.04100000     0.02500000     0.00000000
     0.00600000     0.04100000     0.02600000     0.00000000
     0.00600000     0.04200000     0.02500000     0.00000000
     0.00600000     0.04200000     0.02600000     0.00000000
     0.00600000     0.04300000     0.02600000     0.00000000
     0.00600000     0.04300000     0.02700000     0.00000000
     0.00600000     0.04300000     0.02800000     0.00000000
     0.00600000     0.04400000     0.02700000     0.00000000
     0.00600000     0.04400000     0.02800000     0.00000000
     0.00600000     0.04500000     0.02800000     0.00000000
     0.00600000     0.04500000     0.02900000     0.00000000
     0.00600000     0.04600000     0.02900000     0.00000000
     0.00700000     0.00000000     0.00900000   268.43263079
     0.00700000     0.00100000     0.00800000   658.72783091
     0.00700000     0.00100000     0.00900000   636.26635138
     0.00700000     0.00200000     0.00700000   659.93376403
     0.00700000     0.00300000     0.00600000   647.79645130
     0.00700000     0.00300000     0.00700000   656.77770251
     0.00700000     0.00400000     0.00600000   650.17261908
     0.00700000     0.00400000     0.00700000   657.21232418
     0.00700000     0.00500000     0.00500000   635.08194555
     0.00700000     0.00500000     0.00600000   645.94059886
     0.00700000     0.00600000     0.00400000   622.25411987
     0.00700000     0.00600000     0.00500000   633.49815859
     0.00700000     0.00800000     0.00400000   618.35889291
     0.00700000     0.00900000     0.00300000   593.84132306
     0.00700000     0.00900000     0.00400000   606.62439994
     0.00700000     0.01000000     0.00300000   595.29361027
     0.00700000     0.01100000     0.00300000   592.27842001
     0.00700000     0.01200000     0.00300000   587.80348249
     0.00700000     0.01300000     0.00200000   565.86395054
     0.00700000     0.01300000     0.00300000   581.08411106
     0.00700000     0.01400000     0.00200000   568.50561107
     0.00700000     0.01400000     0.00300000   578.51446342
     0.00700000     0.01500000     0.00200000   567.86316096
     0.00700000     0.01500000     0.00300000   577.53040143
     0.00700000     0.01600000     0.00200000   564.53249592
     0.00700000     0.01600000     0.00300000   577.96337308
     0.00700000     0.01700000     0.00300000   581.76257900
     0.00700000     0.01800000     0.00300000   583.93874852
     0.00700000     0.01900000     0.00300000   586.28490404
     0.00700000     0.02000000     0.00300000   587.17114332
     0.00700000     0.02000000     0.00400000   592.42957296
     0.00700000     0.02100000     0.00300000   584.76295637
     0.00700000     0.02100000     0.00400000   594.79119099
     0.00700000     0.02200000     0.00400000   600.01453626
     0.00700000     0.02300000     0.00400000   598.15099307
     0.00700000     0.02300000     0.00500000   609.36041953
     0.00700000     0.02400000     0.00500000   614.01064796
     0.00700000     0.02400000     0.00600000   621.42722699
     0.00700000     0.02500000     0.00500000   612.50078381
     0.00700000     0.02500000     0.00600000   618.77190208
     0.00700000     0.02600000     0.00600000   618.68194822
     0.00700000     0.02600000     0.00700000   623.48282637
     0.00700000     0.02600000     0.00800000   637.69288135
     0.00700000     0.02700000     0.00700000   630.95782765
     0.00700000     0.02700000     0.00800000   635.19109372
     0.00700000     0.02800000     0.00700000   623.15976439
     0.00700000     0.02800000     0.00800000   629.77414252
     0.00700000     0.02900000     0.00800000   153.94855991
     0.00700000     0.02900000     0.00900000   153.94855991
     0.00700000     0.02900000     0.01000000  2153.81480199
     0.00700000     0.03000000     0.00900000    46.54240178
     0.00700000     0.03000000     0.01000000  2182.54732299
     0.00700000     0.03100000     0.01000000     0.00000000
     0.00700000     0.03100000     0.01100000     0.00000000
     0.00700000     0.03100000     0.01200000     0.00000000
     0.00700000     0.03200000     0.01100000     0.00000000
     0.00700000     0.03200000     0.01200000     0.00000000
     0.00700000     0.03200000     0.01300000     0.00000000
     0.00700000     0.03200000     0.01400000     0.00000000
     0.00700000     0.03300000     0.01300000     0.00000000
     0.00700000     0.03300000     0.01400000     0.00000000
     0.00700000     0.03300000     0.01500000     0.00000000
     0.00700000     0.03300000     0.01600000     0.00000000
     0.00700000     0.03400000     0.01400000     0.00000000
     0.00700000     0.03400000     0.01500000     0.00000000
     0.00700000     0.03400000     0.01600000     0.00000000
     0.00700000     0.03500000     0.01600000     0.00000000
     0.00700000     0.03500000     0.01700000     0.00000000
     0.00700000     0.03500000     0.01800000     0.00000000
     0.00700000     0.03600000     0.01800000     0.00000000
     0.00700000     0.03600000     0.01900000     0.00000000
     0.00700000     0.03600000     0.02000000     0.00000000
     0.00700000     0.03700000     0.01900000     0.00000000
     0.00700000     0.03700000     0.02000000     0.00000000
     0.00700000     0.03700000     0.02100000     0.00000000
     0.00700000     0.03700000     0.02200000     0.00000000
     0.00700000     0.03800000     0.02100000     0.00000000
     0.00700000     0.03800000     0.02200000     0.00000000
     0.00700000     0.03800000     0.02300000     0.00000000
     0.00700000     0.03800000     0.02400000     0.00000000
     0.00700000     0.03900000     0.02200000     0.00000000
     0.00700000     0.03900000     0.02300000     0.00000000
     0.00700000     0.03900000     0.02400000     0.00000000
     0.00700000     0.04000000     0.02300000     0.00000000
     0.00700000     0.04000000     0.02400000     0.00000000
     0.00700000     0.04000000     0.02500000     0.00000000
     0.00700000     0.04100000     0.02400000     0.00000000
     0.00700000     0.04100000     0.02500000     0.00000000
     0.00700000     0.04100000     0.02600000     0.00000000
     0.00700000     0.04200000     0.02500000     0.00000000
     0.00700000     0.04200000     0.02600000     0.00000000
     0.00700000     0.04300000     0.02600000     0.00000000
     0.00700000     0.04300000     0.02700000     0.00000000
     0.00700000     0.04300000     0.02800000     0.00000000
     0.00700000     0.04400000     0.02700000     0.00000000
     0.00700000     0.04400000     0.02800000     0.00000000
     0.00700000     0.04500000     0.02800000     0.00000000
     0.00700000     0.04500000     0.02900000     0.00000000
     0.00700000     0.04500000     0.03000000     0.00000000
     0.00700000     0.04600000     0.02900000     0.00000000
     0.00700000     0.04600000     0.03000000     0.00000000
     0.00700000     0.04700000     0.02900000     0.00000000
     0.00700000     0.04700000     0.03000000     0.00000000
     0.00700000     0.04700000     0.03100000     0.00000000
     0.00700000     0.04800000     0.03000000     0.00000000
     0.00700000     0.04800000     0.03100000     0.00000000
     0.00800000     0.00000000     0.00900000   103.99062631
     0.00800000     0.00100000     0.00800000   638.07832843
     0.00800000     0.00100000     0.00900000   630.94401255
     0.00800000     0.00200000     0.00700000   653.44302812
     0.00800000     0.00200000     0.00800000   647.02602659
     0.00800000     0.00200000     0.00900000   661.89108181
     0.00800000     0.00300000     0.00700000   655.60305057
     0.00800000     0.00300000     0.00800000   658.66022208
     0.00800000     0.00400000     0.00600000   645.44067802
     0.00800000     0.00400000     0.00700000   654.95310974
     0.00800000     0.00500000     0.00500000   633.63062963
     0.00800000     0.00500000     0.00600000   643.85095413
     0.00800000     0.00600000     0.00400000   618.79061485
     0.00800000     0.00600000     0.00500000   632.48715521
     0.00800000     0.00700000     0.00400000   619.48813742
     0.00800000     0.00700000     0.00500000   628.16732483
     0.00800000     0.00800000     0.00400000   617.17764386
     0.00800000     0.00900000     0.00300000   590.68173127
     0.00800000     0.00900000     0.00400000   607.88578168
     0.00800000     0.01000000     0.00300000   592.13947142
     0.00800000     0.01100000     0.00300000   591.49193477
     0.00800000     0.01200000     0.00300000   588.56331415
     0.00800000     0.01300000     0.00300000   585.64443122
     0.00800000     0.01400000     0.00300000   583.33826683
     0.00800000     0.01500000     0.00300000   582.14745998
     0.00800000     0.01600000     0.00300000   582.08299792
     0.00800000     0.01700000     0.00300000   582.88573544
     0.00800000     0.01800000     0.00300000   583.92994921
     0.00800000     0.01900000     0.00300000   585.00556700
     0.00800000     0.01900000     0.00400000   589.90574040
     0.00800000     0.02000000     0.00300000   584.04613878
     0.00800000     0.02000000     0.00400000   591.94687371
     0.00800000     0.02100000     0.00300000   581.35981989
     0.00800000     0.02100000     0.00400000   594.58826883
     0.00800000     0.02200000     0.00400000   597.17188241
     0.00800000     0.02300000     0.00400000   594.81208520
     0.00800000     0.02300000     0.00500000   608.47628561
     0.00800000     0.02300000     0.00600000   614.99976084
     0.00800000     0.02400000     0.00500000   609.75676875
     0.00800000     0.02400000     0.00600000   617.78773066
     0.00800000     0.02500000     0.00500000   609.30265648
     0.00800000     0.02500000     0.00600000   614.61216422
     0.00800000     0.02600000     0.00600000   618.68194822
     0.00800000     0.02600000     0.00700000   625.81294267
     0.00800000     0.02600000     0.00800000   635.39998259
     0.00800000     0.02700000     0.00700000   632.88737376
     0.00800000     0.02700000     0.00800000   614.14819147
     0.00800000     0.02800000     0.00800000   613.72430041
     0.00800000     0.02800000     0.00900000   606.53982648
     0.00800000     0.02800000     0.01000000  2161.94354526
     0.00800000     0.02900000     0.00800000    68.05352791
     0.00800000     0.02900000     0.00900000    68.05352791
     0.00800000     0.02900000     0.01000000  2135.81353886
     0.00800000     0.03000000     0.00900000    25.76865952
     0.00800000     0.03000000     0.01000000  2169.63630268
     0.00800000     0.03000000     0.01100000     0.00000000
     0.00800000     0.03000000     0.01200000     0.00000000
     0.00800000     0.03100000     0.01000000     0.00000000
     0.00800000     0.03100000     0.01100000     0.00000000
     0.00800000     0.03100000     0.01200000     0.00000000
     0.00800000     0.03200000     0.01100000     0.00000000
     0.00800000     0.03200000     0.01200000     0.00000000
     0.00800000     0.03200000     0.01300000     0.00000000
     0.00800000     0.03200000     0.01400000     0.00000000
     0.00800000     0.03300000     0.01300000     0.00000000
     0.00800000     0.03300000     0.01400000     0.00000000
     0.00800000     0.03300000     0.01500000     0.00000000
     0.00800000     0.03300000     0.01600000     0.00000000
     0.00800000     0.03400000     0.01500000     0.00000000
     0.00800000     0.03400000     0.01600000     0.00000000
     0.00800000     0.03400000     0.01700000     0.00000000
     0.00800000     0.03500000     0.01600000     0.00000000
     0.00800000     0.03500000     0.01700000     0.00000000
     0.00800000     0.03500000     0.01800000     0.00000000
     0.00800000     0.03600000     0.01800000     0.00000000
     0.00800000     0.03600000     0.01900000     0.00000000
     0.00800000     0.03600000     0.02000000     0.00000000
     0.00800000     0.03700000     0.02000000     0.00000000
     0.00800000     0.03700000     0.02100000     0.00000000
     0.00800000     0.03700000     0.02200000     0.00000000
     0.00800000     0.03800000     0.02100000     0.00000000
     0.00800000     0.03800000     0.02200000     0.00000000
     0.00800000     0.03800000     0.02300000     0.00000000
     0.00800000     0.03800000     0.02400000     0.00000000
     0.00800000     0.03900000     0.02300000     0.00000000
     0.00800000     0.03900000     0.02400000     0.00000000
     0.00800000     0.04000000     0.02400000     0.00000000
     0.00800000     0.04000000     0.02500000     0.00000000
     0.00800000     0.04100000     0.02500000     0.00000000
     0.00800000     0.04100000     0.02600000     0.00000000
     0.00800000     0.04200000     0.02500000     0.00000000
     0.00800000     0.04200000     0.02600000     0.00000000
     0.00800000     0.04300000     0.02600000     0.00000000
     0.00800000     0.04300000     0.02700000     0.00000000
     0.00800000     0.04300000     0.02800000     0.00000000
     0.00800000     0.04400000     0.02700000     0.00000000
     0.00800000     0.04400000     0.02800000     0.00000000
     0.00800000     0.04500000     0.02800000     0.00000000
     0.00800000     0.04500000     0.02900000     0.00000000
     0.00800000     0.04500000     0.03000000     0.00000000
     0.00800000     0.04600000     0.02900000     0.00000000
     0.00800000     0.04600000     0.03000000     0.00000000
     0.00800000     0.04700000     0.03000000     0.00000000
     0.00800000     0.04700000     0.03100000     0.00000000
     0.00800000     0.04800000     0.03100000     0.00000000
     0.00900000     0.00000000     0.00900000  -224.66664344
     0.00900000     0.00000000     0.01000000  2136.13087176
     0.00900000     0.00100000     0.00900000   359.45218408
     0.00900000     0.00100000     0.01000000  2170.48744518
     0.00900000     0.00200000     0.00800000   654.01594028
     0.00900000     0.00200000     0.00900000   632.61494789
     0.00900000     0.00300000     0.00700000   652.18677921
     0.00900000     0.00300000     0.00800000   662.19778452
     0.00900000     0.00400000     0.00600000   639.32368485
     0.00900000     0.00400000     0.00700000   648.06786976
     0.00900000     0.00500000     0.00500000   629.72580417
     0.00900000     0.00500000     0.00600000   639.58429638
     0.00900000     0.00500000     0.00700000   649.75147280
     0.00900000     0.00600000     0.00500000   630.36355497
     0.00900000     0.00700000     0.00400000   612.67027474
     0.00900000     0.00700000     0.00500000   626.81219522
     0.00900000     0.00800000     0.00400000   612.30743536
     0.00900000     0.00800000     0.00500000   621.27044099
     0.00900000     0.01000000     0.00300000   586.83219332
     0.00900000     0.01100000     0.00300000   588.18450003
     0.00900000     0.01200000     0.00300000   586.10090027
     0.00900000     0.01300000     0.00300000   586.02451801
     0.00900000     0.01400000     0.00300000   584.65327175
     0.00900000     0.01500000     0.00300000   583.51158308
     0.00900000     0.01600000     0.00300000   582.97891410
     0.00900000     0.01700000     0.00300000   582.70788364
     0.00900000     0.01700000     0.00400000   587.49879337
     0.00900000     0.01800000     0.00300000   581.34331640
     0.00900000     0.01800000     0.00400000   588.28705281
     0.00900000     0.01900000     0.00300000   581.49317310
     0.00900000     0.01900000     0.00400000   589.75848901
     0.00900000     0.02000000     0.00300000   579.13942255
     0.00900000     0.02000000     0.00400000   591.81516455
     0.00900000     0.02200000     0.00400000   593.84499623
     0.00900000     0.02200000     0.00500000   603.18159894
     0.00900000     0.02300000     0.00400000   608.13632659
     0.00900000     0.02300000     0.00500000   608.13632659
     0.00900000     0.02300000     0.00600000   613.68590006
     0.00900000     0.02400000     0.00500000   604.40234753
     0.00900000     0.02400000     0.00600000   615.02626188
     0.00900000     0.02500000     0.00600000   610.51840025
     0.00900000     0.02500000     0.00700000   624.39464391
     0.00900000     0.02500000     0.00800000   625.31110203
     0.00900000     0.02600000     0.00600000   612.76131468
     0.00900000     0.02600000     0.00700000   612.76131468
     0.00900000     0.02600000     0.00800000   637.57403702
     0.00900000     0.02700000     0.00700000   626.16302916
     0.00900000     0.02700000     0.00800000   620.46482844
     0.00900000     0.02700000     0.00900000   632.28805244
     0.00900000     0.02800000     0.00800000   270.86286248
     0.00900000     0.02800000     0.00900000   270.86286248
     0.00900000     0.02800000     0.01000000  2179.66279325
     0.00900000     0.02900000     0.00900000   -69.18571953
     0.00900000     0.02900000     0.01000000  2150.35602861
     0.00900000     0.03000000     0.01000000  2150.35602861
     0.00900000     0.03000000     0.01100000     0.00000000
     0.00900000     0.03000000     0.01200000     0.00000000
     0.00900000     0.03100000     0.01100000     0.00000000
     0.00900000     0.03100000     0.01200000     0.00000000
     0.00900000     0.03100000     0.01300000     0.00000000
     0.00900000     0.03100000     0.01400000     0.00000000
     0.00900000     0.03200000     0.01200000     0.00000000
     0.00900000     0.03200000     0.01300000     0.00000000
     0.00900000     0.03200000     0.01400000     0.00000000
     0.00900000     0.03200000     0.01500000     0.00000000
     0.00900000     0.03300000     0.01300000     0.00000000
     0.00900000     0.03300000     0.01400000     0.00000000
     0.00900000     0.03300000     0.01500000     0.00000000
     0.00900000     0.03300000     0.01600000     0.00000000
     0.00900000     0.03400000     0.01500000     0.00000000
     0.00900000     0.03400000     0.01600000     0.00000000
     0.00900000     0.03400000     0.01700000     0.00000000
     0.00900000     0.03500000     0.01700000     0.00000000
     0.01000000     0.00000000     0.01000000  2694.17699860
     0.01000000     0.00100000     0.00900000   179.75831058
     0.01000000     0.00100000     0.01000000  2141.59816649
     0.01000000     0.00200000     0.00800000   628.21164644
     0.01000000     0.00200000     0.00900000   636.20158842
     0.01000000     0.00200000     0.01000000  2148.13497824
     0.01000000     0.00300000     0.00700000   645.21448806
     0.01000000     0.00300000     0.00800000   637.06238878
     0.01000000     0.00300000     0.00900000   654.15240771
     0.01000000     0.00400000     0.00700000   647.35789613
     0.01000000     0.00400000     0.00800000   656.49983999
     0.01000000     0.00500000     0.00600000   633.79164552
     0.01000000     0.00500000     0.00700000   643.45740675
     0.01000000     0.00500000     0.00800000   648.37546352
     0.01000000     0.00600000     0.00500000   623.48194254
     0.01000000     0.00600000     0.00600000   634.26597914
     0.01000000     0.00600000     0.00700000   640.61662118
     0.01000000     0.00700000     0.00500000   624.03290277
     0.01000000     0.00800000     0.00400000   606.07136229
     0.01000000     0.00800000     0.00500000   616.96150714
     0.01000000     0.00900000     0.00400000   606.51994054
     0.01000000     0.00900000     0.00500000   614.20584043
     0.01000000     0.01000000     0.00400000   602.12704489
     0.01000000     0.01000000     0.00500000   609.81855832
     0.01000000     0.01200000     0.00300000   580.78526370
     0.01000000     0.01300000     0.00300000   582.82759232
     0.01000000     0.01400000     0.00300000   582.15561048
     0.01000000     0.01500000     0.00300000   580.98230556
     0.01000000     0.01600000     0.00300000   580.32667268
     0.01000000     0.01700000     0.00300000   579.44702478
     0.01000000     0.01700000     0.00400000   587.68265585
     0.01000000     0.01800000     0.00300000   576.49842464
     0.01000000     0.01800000     0.00400000   587.83387602
     0.01000000     0.01900000     0.00400000   588.66206655
     0.01000000     0.01900000     0.00500000   595.70225842
     0.01000000     0.02000000     0.00400000   590.92406743
     0.01000000     0.02000000     0.00500000   598.39425046
     0.01000000     0.02100000     0.00400000   592.06490473
     0.01000000     0.02100000     0.00500000   600.08233824
     0.01000000     0.02100000     0.00600000   606.70166450
     0.01000000     0.02200000     0.00400000   590.15735017
     0.01000000     0.02200000     0.00500000   600.24419948
     0.01000000     0.02200000     0.00600000   608.57218094
     0.01000000     0.02300000     0.00500000   604.87111395
     0.01000000     0.02300000     0.00600000   608.42623877
     0.01000000     0.02400000     0.00500000   600.38337456
     0.01000000     0.02400000     0.00600000   606.85248819
     0.01000000     0.02400000     0.00700000   614.62305718
     0.01000000     0.02400000     0.00800000   627.26320838
     0.01000000     0.02500000     0.00600000   621.00118584
     0.01000000     0.02500000     0.00700000   621.00118584
     0.01000000     0.02500000     0.00800000   623.14034903
     0.01000000     0.02600000     0.00700000   614.30579448
     0.01000000     0.02600000     0.00800000   626.83396948
     0.01000000     0.02600000     0.00900000   601.61311975
     0.01000000     0.02700000     0.00800000   592.49399365
     0.01000000     0.02700000     0.00900000   616.67950258
     0.01000000     0.02700000     0.01000000  2149.05985188
     0.01000000     0.02800000     0.00900000    51.23890630
     0.01000000     0.02800000     0.01000000  2173.17340430
     0.01000000     0.02900000     0.00900000    89.92692858
     0.01000000     0.02900000     0.01000000  2150.00813843
     0.01000000     0.02900000     0.01100000     0.00000000
     0.01000000     0.02900000     0.01200000     0.00000000
     0.01000000     0.03000000     0.01000000  2150.00813843
     0.01000000     0.03000000     0.01100000     0.00000000
     0.01000000     0.03000000     0.01200000     0.00000000
     0.01000000     0.03100000     0.01100000     0.00000000
     0.01000000     0.03100000     0.01200000     0.00000000
     0.01000000     0.03100000     0.01300000     0.00000000
     0.01000000     0.03100000     0.01400000     0.00000000
     0.01000000     0.03200000     0.01300000     0.00000000
     0.01000000     0.03200000     0.01400000     0.00000000
     0.01000000     0.03200000     0.01500000     0.00000000
     0.01000000     0.03300000     0.01500000     0.00000000
     0.01100000     0.00100000     0.01000000  2656.45390916
     0.01100000     0.00200000     0.00900000   733.27700044
     0.01100000     0.00200000     0.01000000  2170.61991539
     0.01100000     0.00200000     0.01100000     0.00000000
     0.01100000     0.00300000     0.00800000   629.60407239
     0.01100000     0.00300000     0.00900000   636.73719817
     0.01100000     0.00300000     0.01000000  2145.91395057
     0.01100000     0.00300000     0.01100000     0.00000000
     0.01100000     0.00400000     0.00800000   653.14239770
     0.01100000     0.00400000     0.00900000   626.70235700
     0.01100000     0.00400000     0.01000000  2161.35533481
     0.01100000     0.00500000     0.00700000   635.91255608
     0.01100000     0.00500000     0.00800000   629.89831033
     0.01100000     0.00500000     0.00900000   649.80918517
     0.01100000     0.00600000     0.00600000   626.50158565
     0.01100000     0.00600000     0.00700000   636.30077265
     0.01100000     0.00600000     0.00800000   641.04947339
     0.01100000     0.00700000     0.00600000   627.44177652
     0.01100000     0.00700000     0.00700000   635.15584921
     0.01100000     0.00700000     0.00800000   636.53047957
     0.01100000     0.00800000     0.00500000   612.24356221
     0.01100000     0.00800000     0.00600000   620.24186231
     0.01100000     0.00800000     0.00700000   631.09708001
     0.01100000     0.00900000     0.00500000   613.00261279
     0.01100000     0.00900000     0.00600000   620.35378740
     0.01100000     0.01000000     0.00400000   593.79748360
     0.01100000     0.01000000     0.00500000   606.44647455
     0.01100000     0.01000000     0.00600000   613.22038549
     0.01100000     0.01100000     0.00400000   596.38251794
     0.01100000     0.01100000     0.00500000   603.35548715
     0.01100000     0.01100000     0.00600000   611.17971249
     0.01100000     0.01200000     0.00400000   593.62432578
     0.01100000     0.01200000     0.00500000   601.70638402
     0.01100000     0.01300000     0.00400000   591.10355479
     0.01100000     0.01300000     0.00500000   599.21937377
     0.01100000     0.01400000     0.00400000   588.74774463
     0.01100000     0.01400000     0.00500000   596.41559273
     0.01100000     0.01500000     0.00400000   587.37759720
     0.01100000     0.01500000     0.00500000   594.91958996
     0.01100000     0.01600000     0.00400000   586.52190154
     0.01100000     0.01600000     0.00500000   593.84247606
     0.01100000     0.01700000     0.00400000   586.42609787
     0.01100000     0.01700000     0.00500000   593.82732100
     0.01100000     0.01800000     0.00400000   585.94649341
     0.01100000     0.01800000     0.00500000   593.57656193
     0.01100000     0.01800000     0.00600000   599.78755647
     0.01100000     0.01900000     0.00400000   583.57927315
     0.01100000     0.01900000     0.00500000   592.69334437
     0.01100000     0.01900000     0.00600000   600.77251618
     0.01100000     0.02000000     0.00500000   595.91043159
     0.01100000     0.02000000     0.00600000   601.93446351
     0.01100000     0.02100000     0.00500000   597.79460284
     0.01100000     0.02100000     0.00600000   603.39143230
     0.01100000     0.02100000     0.00700000   610.45730429
     0.01100000     0.02200000     0.00500000   594.53020949
     0.01100000     0.02200000     0.00600000   601.98816335
     0.01100000     0.02200000     0.00700000   611.80436136
     0.01100000     0.02200000     0.00800000   610.18205849
     0.01100000     0.02300000     0.00600000   604.35821010
     0.01100000     0.02300000     0.00700000   614.54275837
     0.01100000     0.02300000     0.00800000   617.77901287
     0.01100000     0.02400000     0.00600000   606.85248819
     0.01100000     0.02400000     0.00700000   613.82517400
     0.01100000     0.02400000     0.00800000   613.87948710
     0.01100000     0.02500000     0.00700000   620.61122919
     0.01100000     0.02500000     0.00800000   607.38052292
     0.01100000     0.02500000     0.00900000   619.58174305
     0.01100000     0.02500000     0.01000000  2140.05545398
     0.01100000     0.02600000     0.00800000   599.72858405
     0.01100000     0.02600000     0.00900000   603.73391346
     0.01100000     0.02600000     0.01000000  2168.41659625
     0.01100000     0.02700000     0.00900000   445.56663314
     0.01100000     0.02700000     0.01000000  2139.77907132
     0.01100000     0.02700000     0.01100000     0.00000000
     0.01100000     0.02700000     0.01200000     0.00000000
     0.01100000     0.02800000     0.00900000  -181.35940040
     0.01100000     0.02800000     0.01000000  2149.38643442
     0.01100000     0.02800000     0.01100000     0.00000000
     0.01100000     0.02800000     0.01200000     0.00000000
     0.01100000     0.02900000     0.01000000     0.00000000
     0.01100000     0.02900000     0.01100000     0.00000000
     0.01100000     0.02900000     0.01200000     0.00000000
     0.01100000     0.03000000     0.01100000     0.00000000
     0.01100000     0.03000000     0.01200000     0.00000000
     0.01100000     0.03100000     0.01200000     0.00000000
     0.01200000     0.00200000     0.01100000     0.00000000
     0.01200000     0.00300000     0.01000000  2661.59753271
     0.01200000     0.00300000     0.01100000     0.00000000
     0.01200000     0.00400000     0.00900000   719.40368317
     0.01200000     0.00400000     0.01000000  2175.23956194
     0.01200000     0.00500000     0.00800000   628.79141978
     0.01200000     0.00500000     0.00900000   621.27789476
     0.01200000     0.00600000     0.00800000   646.98585529
     0.01200000     0.00700000     0.00700000   620.61171773
     0.01200000     0.00700000     0.00800000   631.18787722
     0.01200000     0.00800000     0.00600000   617.49811259
     0.01200000     0.00800000     0.00700000   623.81473255
     0.01200000     0.00900000     0.00600000   617.78853009
     0.01200000     0.01000000     0.00600000   615.93252105
     0.01200000     0.01100000     0.00500000   595.07163122
     0.01200000     0.01100000     0.00600000   607.14226892
     0.01200000     0.01200000     0.00500000   598.15815830
     0.01200000     0.01300000     0.00500000   595.87686425
     0.01200000     0.01400000     0.00500000   594.12319494
     0.01200000     0.01500000     0.00500000   592.27691899
     0.01200000     0.01600000     0.00500000   591.56785912
     0.01200000     0.01700000     0.00500000   591.22172318
     0.01200000     0.01800000     0.00500000   590.79169900
     0.01200000     0.01800000     0.00600000   596.55122405
     0.01200000     0.01900000     0.00500000   587.77764554
     0.01200000     0.01900000     0.00600000   596.12647765
     0.01200000     0.02000000     0.00600000   598.97477551
     0.01200000     0.02100000     0.00600000   596.26918089
     0.01200000     0.02100000     0.00700000   603.13240039
     0.01200000     0.02200000     0.00700000   604.83662046
     0.01200000     0.02200000     0.00800000   614.13177894
     0.01200000     0.02300000     0.00700000   600.80998012
     0.01200000     0.02300000     0.00800000   614.91453720
     0.01200000     0.02400000     0.00800000   607.16259638
     0.01200000     0.02500000     0.00800000   480.48550235
     0.01200000     0.02500000     0.00900000   480.48550235
     0.01200000     0.02500000     0.01000000  2160.38073590
     0.01200000     0.02600000     0.00900000   169.24738562
     0.01200000     0.02600000     0.01000000  2170.60992636
     0.01200000     0.02700000     0.01000000     0.00000000
     0.01200000     0.02700000     0.01100000     0.00000000
     0.01200000     0.02700000     0.01200000     0.00000000
     0.01200000     0.02800000     0.01100000     0.00000000
     0.01200000     0.02800000     0.01200000     0.00000000
     0.01200000     0.02900000     0.01200000     0.00000000
