     0.00000000     0.00800000     0.00600000   281.94430418
     0.00100000     0.00300000     0.00800000   278.70766567
     0.00100000     0.00400000     0.00800000   281.27547283
     0.00100000     0.00600000     0.00600000   279.68518661
     0.00100000     0.00700000     0.00600000   281.84400297
     0.00100000     0.00800000     0.00500000   280.43243032
     0.00100000     0.00800000     0.00600000   283.62304702
     0.00100000     0.01000000     0.00400000   281.19954968
     0.00100000     0.01100000     0.00400000   283.42224525
     0.00100000     0.01200000     0.00400000   285.26830564
     0.00100000     0.01300000     0.00400000   286.99707623
     0.00100000     0.01400000     0.00400000   288.82532845
     0.00100000     0.01500000     0.00400000   290.78053543
     0.00100000     0.01600000     0.00400000   292.82630614
     0.00100000     0.01700000     0.00400000   294.86561021
     0.00100000     0.01800000     0.00400000   296.36827140
     0.00100000     0.01900000     0.00400000   295.93990803
     0.00100000     0.02200000     0.00500000   308.01066298
     0.00100000     0.02200000     0.00600000   314.56888766
     0.00100000     0.02300000     0.00600000   317.03796360
     0.00100000     0.02400000     0.00600000   318.38300251
     0.00100000     0.02600000     0.00800000   347.67988306
     0.00200000     0.00200000     0.00800000   276.49053356
     0.00200000     0.00300000     0.00700000   276.86757401
     0.00200000     0.00300000     0.00800000   279.69808598
     0.00200000     0.00400000     0.00700000   279.16325178
     0.00200000     0.00400000     0.00800000   282.25824831
     0.00200000     0.00500000     0.00600000   278.46860724
     0.00200000     0.00600000     0.00500000   277.87646148
     0.00200000     0.00600000     0.00600000   280.97632426
     0.00200000     0.00700000     0.00500000   279.95131229
     0.00200000     0.00700000     0.00600000   283.02885633
     0.00200000     0.00800000     0.00400000   278.66166048
     0.00200000     0.00800000     0.00500000   281.78978906
     0.00200000     0.00800000     0.00600000   284.66390231
     0.00200000     0.00900000     0.00400000   280.72935556
     0.00200000     0.01000000     0.00400000   282.87857312
     0.00200000     0.01100000     0.00400000   285.04089008
     0.00200000     0.01200000     0.00300000   282.95790592
     0.00200000     0.01200000     0.00400000   286.55985201
     0.00200000     0.01300000     0.00300000   285.24934901
     0.00200000     0.01300000     0.00400000   288.31582313
     0.00200000     0.01400000     0.00300000   287.21602344
     0.00200000     0.01400000     0.00400000   290.19863713
     0.00200000     0.01500000     0.00300000   289.07414732
     0.00200000     0.01500000     0.00400000   292.13781496
     0.00200000     0.01600000     0.00300000   290.89724391
     0.00200000     0.01600000     0.00400000   294.10203451
     0.00200000     0.01700000     0.00300000   292.11064830
     0.00200000     0.01700000     0.00400000   295.89780333
     0.00200000     0.01800000     0.00300000   291.45438116
     0.00200000     0.01800000     0.00400000   297.45047963
     0.00200000     0.01900000     0.00400000   299.43933610
     0.00200000     0.02000000     0.00400000   302.53720514
     0.00200000     0.02100000     0.00400000   304.39443784
     0.00200000     0.02200000     0.00400000   303.90259697
     0.00200000     0.02200000     0.00500000   310.38817496
     0.00200000     0.02200000     0.00600000   316.59935456
     0.00200000     0.02300000     0.00500000   314.51054570
     0.00200000     0.02300000     0.00600000   318.90736822
     0.00200000     0.02400000     0.00500000   313.78411367
     0.00200000     0.02400000     0.00600000   318.38300251
     0.00200000     0.02500000     0.00600000   324.24548123
     0.00200000     0.02600000     0.00700000   339.39683774
     0.00200000     0.02600000     0.00800000   348.83275936
     0.00200000     0.02700000     0.00800000   351.81980825
     0.00200000     0.03000000     0.01000000   380.21065173
     0.00300000     0.00200000     0.00800000   277.64612843
     0.00300000     0.00400000     0.00600000   276.74258026
     0.00300000     0.00700000     0.00400000   277.54668616
     0.00300000     0.00800000     0.00400000   280.13243947
     0.00300000     0.00900000     0.00400000   282.16725075
     0.00300000     0.01000000     0.00300000   279.52197915
     0.00300000     0.01000000     0.00400000   283.31714198
     0.00300000     0.02000000     0.00300000   295.83322191
     0.00300000     0.02000000     0.00400000   302.82331545
     0.00300000     0.02100000     0.00400000   305.94009245
     0.00300000     0.02200000     0.00400000   305.57966329
     0.00300000     0.02300000     0.00400000   316.26078227
     0.00300000     0.02400000     0.00500000   316.00786798
     0.00300000     0.02400000     0.00600000   321.70207713
     0.00300000     0.02500000     0.00600000   324.24548123
     0.00300000     0.02600000     0.00600000   342.46290670
     0.00300000     0.02800000     0.00800000   375.08648246
     0.00300000     0.03000000     0.01000000   381.92569655
     0.00300000     0.03200000     0.01200000   445.05136135
     0.00400000     0.00100000     0.00800000   273.46821520
     0.00400000     0.00200000     0.00700000   274.45267737
     0.00400000     0.00200000     0.00800000   276.95330176
     0.00400000     0.00400000     0.00600000   277.94241224
     0.00400000     0.00600000     0.00400000   276.29629681
     0.00400000     0.00700000     0.00400000   278.90473490
     0.00400000     0.00800000     0.00400000   281.00853384
     0.00400000     0.00900000     0.00300000   278.08229936
     0.00400000     0.00900000     0.00400000   281.93988849
     0.00400000     0.01000000     0.00300000   280.85232427
     0.00400000     0.01000000     0.00400000   283.41548394
     0.00400000     0.02000000     0.00300000   298.56073646
     0.00400000     0.02000000     0.00400000   302.70822363
     0.00400000     0.02100000     0.00300000   297.69621707
     0.00400000     0.02100000     0.00400000   305.08868151
     0.00400000     0.02200000     0.00400000   307.17093048
     0.00400000     0.02300000     0.00400000   306.53653778
     0.00400000     0.02400000     0.00500000   318.28422386
     0.00400000     0.02400000     0.00600000   323.43394331
     0.00400000     0.02500000     0.00500000   317.62578359
     0.00400000     0.02500000     0.00600000   323.85219839
     0.00400000     0.02600000     0.00600000   328.22765460
     0.00400000     0.02800000     0.00800000   355.26973975
     0.00400000     0.02900000     0.00800000   377.75431243
     0.00400000     0.03000000     0.00900000   377.79966735
     0.00400000     0.03000000     0.01000000   384.29608929
     0.00400000     0.03100000     0.01000000   410.76240963
     0.00400000     0.03200000     0.01100000   410.76240963
     0.00400000     0.03200000     0.01200000   448.64506720
     0.00400000     0.03400000     0.01500000   483.02049099
     0.00400000     0.03400000     0.01600000   490.33103182
     0.00400000     0.03500000     0.01600000   490.33103182
     0.00400000     0.03600000     0.01800000   499.73372715
     0.00400000     0.03800000     0.02100000     0.00000000
     0.00400000     0.03800000     0.02200000     0.00000000
     0.00400000     0.04000000     0.02400000     0.00000000
     0.00400000     0.04200000     0.02500000     0.00000000
     0.00400000     0.04200000     0.02600000     0.00000000
     0.00400000     0.04300000     0.02600000     0.00000000
     0.00400000     0.04400000     0.02700000     0.00000000
     0.00400000     0.04400000     0.02800000     0.00000000
     0.00400000     0.04500000     0.02800000     0.00000000
     0.00500000     0.00100000     0.00800000   274.71969472
     0.00500000     0.00200000     0.00700000   275.73394932
     0.00500000     0.00200000     0.00800000   277.55887607
     0.00500000     0.00300000     0.00600000   274.43707725
     0.00500000     0.00400000     0.00600000   277.57497234
     0.00500000     0.00600000     0.00400000   277.65739173
     0.00500000     0.00700000     0.00400000   279.73761918
     0.00500000     0.00800000     0.00400000   281.06702533
     0.00500000     0.01300000     0.00200000   281.38762860
     0.00500000     0.01400000     0.00200000   283.42237007
     0.00500000     0.01500000     0.00200000   284.35934581
     0.00500000     0.01600000     0.00200000   283.39217717
     0.00500000     0.02200000     0.00400000   308.48611382
     0.00500000     0.02300000     0.00400000   308.07795270
     0.00500000     0.02600000     0.00600000   328.22765460
     0.00500000     0.02800000     0.00700000   346.02849112
     0.00500000     0.02800000     0.00800000   353.98578856
     0.00500000     0.02900000     0.00800000   379.80186439
     0.00500000     0.03000000     0.00900000   379.97955402
     0.00500000     0.03000000     0.01000000   386.31953596
     0.00500000     0.03100000     0.01000000   410.31048229
     0.00500000     0.03200000     0.01100000   410.31048229
     0.00500000     0.03200000     0.01200000   456.23030263
     0.00500000     0.03400000     0.01400000   476.62530967
     0.00500000     0.03400000     0.01500000   484.36000403
     0.00500000     0.03400000     0.01600000   492.39017660
     0.00500000     0.03500000     0.01600000   492.39017660
     0.00500000     0.03600000     0.01800000   181.61796504
     0.00500000     0.03600000     0.01900000  2145.70995381
     0.00500000     0.03600000     0.02000000     0.00000000
     0.00500000     0.03700000     0.01900000  2145.70995381
     0.00500000     0.03700000     0.02000000     0.00000000
     0.00500000     0.03800000     0.02100000     0.00000000
     0.00500000     0.03800000     0.02200000     0.00000000
     0.00500000     0.03900000     0.02200000     0.00000000
     0.00500000     0.04000000     0.02300000     0.00000000
     0.00500000     0.04000000     0.02400000     0.00000000
     0.00500000     0.04100000     0.02400000     0.00000000
     0.00500000     0.04200000     0.02500000     0.00000000
     0.00500000     0.04200000     0.02600000     0.00000000
     0.00500000     0.04300000     0.02600000     0.00000000
     0.00500000     0.04400000     0.02700000     0.00000000
     0.00500000     0.04400000     0.02800000     0.00000000
     0.00500000     0.04500000     0.02800000     0.00000000
     0.00500000     0.04600000     0.02900000     0.00000000
     0.00500000     0.04600000     0.03000000     0.00000000
     0.00500000     0.04700000     0.02900000     0.00000000
     0.00500000     0.04700000     0.03000000     0.00000000
     0.00500000     0.04800000     0.03000000     0.00000000
     0.00600000     0.00100000     0.00800000   274.82570433
     0.00600000     0.00200000     0.00700000   275.84143296
     0.00600000     0.00200000     0.00800000   277.50721798
     0.00600000     0.00300000     0.00600000   275.41967927
     0.00600000     0.00400000     0.00600000   277.80032772
     0.00600000     0.00600000     0.00400000   277.79465525
     0.00600000     0.00700000     0.00400000   279.71832276
     0.00600000     0.00800000     0.00400000   280.83317343
     0.00600000     0.01300000     0.00200000   282.51308709
     0.00600000     0.01400000     0.00200000   284.55227319
     0.00600000     0.01500000     0.00200000   285.48175953
     0.00600000     0.01600000     0.00200000   284.50755449
     0.00600000     0.02200000     0.00400000   308.60101334
     0.00600000     0.02300000     0.00400000   308.34378601
     0.00600000     0.02600000     0.00600000   329.47479862
     0.00600000     0.02800000     0.00700000   347.34693117
     0.00600000     0.02800000     0.00800000   353.54365851
     0.00600000     0.02900000     0.00800000   380.13103654
     0.00600000     0.03000000     0.00900000   380.47608808
     0.00600000     0.03000000     0.01000000   386.84171353
     0.00600000     0.03100000     0.01000000   410.20908840
     0.00600000     0.03200000     0.01100000   410.20908840
     0.00600000     0.03200000     0.01200000   460.40733435
     0.00600000     0.03400000     0.01400000   478.33519863
     0.00600000     0.03400000     0.01500000   485.14842812
     0.00600000     0.03400000     0.01600000   492.79705685
     0.00600000     0.03500000     0.01600000   492.79705685
     0.00600000     0.03600000     0.01800000   180.31749923
     0.00600000     0.03600000     0.01900000  2150.93017746
     0.00600000     0.03600000     0.02000000     0.00000000
     0.00600000     0.03700000     0.01900000  2150.93017746
     0.00600000     0.03700000     0.02000000     0.00000000
     0.00600000     0.03800000     0.02100000     0.00000000
     0.00600000     0.03800000     0.02200000     0.00000000
     0.00600000     0.03900000     0.02200000     0.00000000
     0.00600000     0.04000000     0.02300000     0.00000000
     0.00600000     0.04000000     0.02400000     0.00000000
     0.00600000     0.04100000     0.02400000     0.00000000
     0.00600000     0.04200000     0.02500000     0.00000000
     0.00600000     0.04200000     0.02600000     0.00000000
     0.00600000     0.04300000     0.02600000     0.00000000
     0.00600000     0.04400000     0.02700000     0.00000000
     0.00600000     0.04400000     0.02800000     0.00000000
     0.00600000     0.04500000     0.02800000     0.00000000
     0.00600000     0.04600000     0.02900000     0.00000000
     0.00600000     0.04600000     0.03000000     0.00000000
     0.00600000     0.04700000     0.02900000     0.00000000
     0.00600000     0.04700000     0.03000000     0.00000000
     0.00600000     0.04800000     0.03000000     0.00000000
     0.00700000     0.00100000     0.00800000   274.26894237
     0.00700000     0.00200000     0.00700000   275.28164866
     0.00700000     0.00200000     0.00800000   277.06290489
     0.00700000     0.00300000     0.00600000   274.26484783
     0.00700000     0.00400000     0.00600000   277.13589115
     0.00700000     0.00600000     0.00400000   277.20457081
     0.00700000     0.00700000     0.00400000   279.23619856
     0.00700000     0.00800000     0.00400000   280.50764211
     0.00700000     0.01300000     0.00200000   281.28342003
     0.00700000     0.01400000     0.00200000   283.32542662
     0.00700000     0.01500000     0.00200000   284.26281217
     0.00700000     0.01600000     0.00200000   283.29561100
     0.00700000     0.02200000     0.00400000   308.24364828
     0.00700000     0.02300000     0.00400000   307.87448165
     0.00700000     0.02600000     0.00600000   328.20167992
     0.00700000     0.02800000     0.00700000   346.03963648
     0.00700000     0.02800000     0.00800000   354.03049430
     0.00700000     0.02900000     0.00800000   379.95571548
     0.00700000     0.03000000     0.00900000   380.12814842
     0.00700000     0.03000000     0.01000000   386.49033785
     0.00700000     0.03100000     0.01000000   410.62465171
     0.00700000     0.03200000     0.01100000   410.62465171
     0.00700000     0.03200000     0.01200000   456.53343165
     0.00700000     0.03400000     0.01400000   476.70324659
     0.00700000     0.03400000     0.01500000   484.57610185
     0.00700000     0.03400000     0.01600000   492.70593396
     0.00700000     0.03500000     0.01600000   492.70593396
     0.00700000     0.03600000     0.01800000   181.71342160
     0.00700000     0.03600000     0.01900000  2145.71282286
     0.00700000     0.03600000     0.02000000     0.00000000
     0.00700000     0.03700000     0.01900000  2145.71282286
     0.00700000     0.03700000     0.02000000     0.00000000
     0.00700000     0.03800000     0.02100000     0.00000000
     0.00700000     0.03800000     0.02200000     0.00000000
     0.00700000     0.03900000     0.02200000     0.00000000
     0.00700000     0.04000000     0.02300000     0.00000000
     0.00700000     0.04000000     0.02400000     0.00000000
     0.00700000     0.04100000     0.02400000     0.00000000
     0.00700000     0.04200000     0.02500000     0.00000000
     0.00700000     0.04200000     0.02600000     0.00000000
     0.00700000     0.04300000     0.02600000     0.00000000
     0.00700000     0.04400000     0.02700000     0.00000000
     0.00700000     0.04400000     0.02800000     0.00000000
     0.00700000     0.04500000     0.02800000     0.00000000
     0.00700000     0.04600000     0.02900000     0.00000000
     0.00700000     0.04600000     0.03000000     0.00000000
     0.00700000     0.04700000     0.02900000     0.00000000
     0.00700000     0.04700000     0.03000000     0.00000000
     0.00700000     0.04800000     0.03000000     0.00000000
     0.00800000     0.00100000     0.00800000   272.77358032
     0.00800000     0.00200000     0.00700000   273.75652290
     0.00800000     0.00200000     0.00800000   276.04139996
     0.00800000     0.00400000     0.00600000   276.86204756
     0.00800000     0.00600000     0.00400000   275.60754899
     0.00800000     0.00700000     0.00400000   278.00633539
     0.00800000     0.00800000     0.00400000   279.93535431
     0.00800000     0.00900000     0.00300000   277.40707994
     0.00800000     0.00900000     0.00400000   280.88153282
     0.00800000     0.01000000     0.00300000   279.99372612
     0.00800000     0.01000000     0.00400000   282.36525928
     0.00800000     0.02000000     0.00300000   298.02649862
     0.00800000     0.02000000     0.00400000   302.09420950
     0.00800000     0.02100000     0.00300000   297.30630025
     0.00800000     0.02100000     0.00400000   304.54107418
     0.00800000     0.02200000     0.00400000   306.70190761
     0.00800000     0.02300000     0.00400000   306.22537550
     0.00800000     0.02400000     0.00500000   317.97109895
     0.00800000     0.02400000     0.00600000   323.11857970
     0.00800000     0.02500000     0.00500000   317.43488035
     0.00800000     0.02500000     0.00600000   323.62176964
     0.00800000     0.02600000     0.00600000   328.20167992
     0.00800000     0.02800000     0.00800000   355.36217284
     0.00800000     0.02900000     0.00800000   378.03067104
     0.00800000     0.03000000     0.00900000   378.01597286
     0.00800000     0.03000000     0.01000000   384.55300587
     0.00800000     0.03100000     0.01000000   411.34178793
     0.00800000     0.03200000     0.01100000   411.34178793
     0.00800000     0.03200000     0.01200000   449.41118009
     0.00800000     0.03400000     0.01500000   483.46462052
     0.00800000     0.03400000     0.01600000   490.91011004
     0.00800000     0.03500000     0.01600000   490.91011004
     0.00800000     0.03600000     0.01800000   500.25961942
     0.00800000     0.03800000     0.02100000     0.00000000
     0.00800000     0.03800000     0.02200000     0.00000000
     0.00800000     0.04000000     0.02400000     0.00000000
     0.00800000     0.04200000     0.02500000     0.00000000
     0.00800000     0.04200000     0.02600000     0.00000000
     0.00800000     0.04300000     0.02600000     0.00000000
     0.00800000     0.04400000     0.02700000     0.00000000
     0.00800000     0.04400000     0.02800000     0.00000000
     0.00800000     0.04500000     0.02800000     0.00000000
     0.00900000     0.00200000     0.00800000   276.01218735
     0.00900000     0.00400000     0.00600000   275.40726752
     0.00900000     0.00500000     0.00500000   275.32522918
     0.00900000     0.00500000     0.00600000   277.95023688
     0.00900000     0.00600000     0.00500000   277.80169833
     0.00900000     0.00600000     0.00600000   280.17177540
     0.00900000     0.00700000     0.00400000   276.30298427
     0.00900000     0.00800000     0.00400000   278.66150031
     0.00900000     0.00900000     0.00400000   280.55726216
     0.00900000     0.01000000     0.00300000   278.36847553
     0.00900000     0.01000000     0.00400000   281.73758751
     0.00900000     0.01100000     0.00300000   280.57091363
     0.00900000     0.01100000     0.00400000   283.35387387
     0.00900000     0.01200000     0.00300000   282.98994343
     0.00900000     0.01200000     0.00400000   285.31725553
     0.00900000     0.01800000     0.00300000   293.69204178
     0.00900000     0.01800000     0.00400000   297.05473873
     0.00900000     0.01900000     0.00300000   295.62575481
     0.00900000     0.01900000     0.00400000   299.53856008
     0.00900000     0.02000000     0.00300000   295.09963368
     0.00900000     0.02000000     0.00400000   301.91300318
     0.00900000     0.02100000     0.00400000   305.10546747
     0.00900000     0.02200000     0.00400000   304.80637151
     0.00900000     0.02300000     0.00400000   315.65252968
     0.00900000     0.02400000     0.00500000   315.46323011
     0.00900000     0.02400000     0.00600000   321.20537881
     0.00900000     0.02500000     0.00600000   323.92884258
     0.00900000     0.02600000     0.00600000   342.34452799
     0.00900000     0.02600000     0.00700000   342.34452799
     0.00900000     0.02600000     0.00800000   349.31723416
     0.00900000     0.02700000     0.00700000   342.47683892
     0.00900000     0.02700000     0.00800000   350.49675906
     0.00900000     0.02800000     0.00800000   375.46568735
     0.00900000     0.03000000     0.01000000   382.40990570
     0.00900000     0.03200000     0.01200000   445.98842236
     0.01000000     0.00200000     0.00800000   274.61580001
     0.01000000     0.00300000     0.00700000   275.02077638
     0.01000000     0.00300000     0.00800000   277.61909568
     0.01000000     0.00400000     0.00700000   277.22429958
     0.01000000     0.00400000     0.00800000   279.98851172
     0.01000000     0.00500000     0.00600000   276.53036241
     0.01000000     0.00600000     0.00500000   276.06630141
     0.01000000     0.00600000     0.00600000   278.86218859
     0.01000000     0.00700000     0.00500000   278.06774178
     0.01000000     0.00700000     0.00600000   280.77084881
     0.01000000     0.00800000     0.00400000   276.88698503
     0.01000000     0.00800000     0.00500000   279.70875367
     0.01000000     0.00800000     0.00600000   282.20893000
     0.01000000     0.00900000     0.00400000   278.90007784
     0.01000000     0.01000000     0.00400000   280.83320908
     0.01000000     0.01100000     0.00400000   282.89652030
     0.01000000     0.01200000     0.00300000   281.34487796
     0.01000000     0.01200000     0.00400000   284.50676459
     0.01000000     0.01300000     0.00300000   283.64055917
     0.01000000     0.01300000     0.00400000   286.37583591
     0.01000000     0.01400000     0.00300000   285.63278437
     0.01000000     0.01400000     0.00400000   288.32009058
     0.01000000     0.01500000     0.00300000   287.56805100
     0.01000000     0.01500000     0.00400000   290.33020271
     0.01000000     0.01600000     0.00300000   289.47142105
     0.01000000     0.01600000     0.00400000   292.39818147
     0.01000000     0.01700000     0.00300000   290.77106153
     0.01000000     0.01700000     0.00400000   294.30094646
     0.01000000     0.01800000     0.00300000   290.17011134
     0.01000000     0.01800000     0.00400000   295.92153511
     0.01000000     0.01900000     0.00400000   298.04617360
     0.01000000     0.02000000     0.00400000   301.45613319
     0.01000000     0.02100000     0.00400000   303.45662689
     0.01000000     0.02200000     0.00400000   303.03146289
     0.01000000     0.02200000     0.00500000   309.44102528
     0.01000000     0.02200000     0.00600000   315.56749834
     0.01000000     0.02300000     0.00500000   313.82332948
     0.01000000     0.02300000     0.00600000   318.11929891
     0.01000000     0.02400000     0.00500000   313.17526172
     0.01000000     0.02400000     0.00600000   317.76139064
     0.01000000     0.02500000     0.00600000   337.66332950
     0.01000000     0.02600000     0.00700000   339.19890360
     0.01000000     0.02600000     0.00800000   348.70345780
     0.01000000     0.02700000     0.00800000   351.89509724
     0.01000000     0.03000000     0.01000000   380.74303301
     0.01100000     0.00300000     0.00800000   276.25724185
     0.01100000     0.00400000     0.00800000   278.65170735
     0.01100000     0.00600000     0.00600000   277.17513105
     0.01100000     0.00700000     0.00600000   279.20548135
     0.01100000     0.00800000     0.00500000   277.94195616
     0.01100000     0.00800000     0.00600000   280.75200848
     0.01100000     0.01000000     0.00400000   278.91645704
     0.01100000     0.01100000     0.00400000   281.10334454
     0.01100000     0.01200000     0.00400000   282.93930767
     0.01100000     0.01300000     0.00400000   284.72475597
     0.01100000     0.01400000     0.00400000   286.63403950
     0.01100000     0.01500000     0.00400000   288.68178793
     0.01100000     0.01600000     0.00400000   290.83881179
     0.01100000     0.01700000     0.00400000   293.00749348
     0.01100000     0.01800000     0.00400000   294.64039862
     0.01100000     0.01900000     0.00400000   294.29642046
     0.01100000     0.02200000     0.00500000   306.85192356
     0.01100000     0.02200000     0.00600000   313.38827010
     0.01100000     0.02300000     0.00600000   315.99566344
     0.01100000     0.02400000     0.00600000   317.76139064
     0.01100000     0.02600000     0.00800000   347.48964589
     0.01200000     0.00800000     0.00600000   278.70811294
     0.00000000     0.00200000     0.01100000   281.48843251
     0.00000000     0.00300000     0.01000000   282.75305599
     0.00000000     0.00300000     0.01100000   284.75974336
     0.00000000     0.00400000     0.00900000   283.08820928
     0.00000000     0.00400000     0.01000000   285.53919121
     0.00000000     0.00500000     0.00800000   282.58506585
     0.00000000     0.00500000     0.00900000   285.36115247
     0.00000000     0.00600000     0.00800000   284.70366585
     0.00000000     0.00700000     0.00700000   282.90046479
     0.00000000     0.00700000     0.00800000   285.91257223
     0.00000000     0.00800000     0.00600000   281.94430418
     0.00000000     0.00800000     0.00700000   284.75947209
     0.00000000     0.00900000     0.00600000   283.96485051
     0.00000000     0.01000000     0.00600000   285.38061976
     0.00000000     0.01100000     0.00500000   284.06211109
     0.00000000     0.01100000     0.00600000   286.69038633
     0.00000000     0.01200000     0.00500000   286.25319933
     0.00000000     0.01300000     0.00500000   288.10238476
     0.00000000     0.01400000     0.00500000   289.98443498
     0.00000000     0.01500000     0.00500000   292.07049708
     0.00000000     0.01600000     0.00500000   294.35341762
     0.00000000     0.01700000     0.00500000   296.73704625
     0.00000000     0.01800000     0.00500000   298.48428757
     0.00000000     0.01800000     0.00600000   301.80040478
     0.00000000     0.01900000     0.00500000   298.19283772
     0.00000000     0.01900000     0.00600000   304.02269742
     0.00000000     0.02000000     0.00600000   308.55167009
     0.00000000     0.02100000     0.00600000   308.83853102
     0.00000000     0.02100000     0.00700000   316.24470511
     0.00000000     0.02200000     0.00700000   322.64397578
     0.00000000     0.02200000     0.00800000   327.95992831
     0.00000000     0.02300000     0.00700000   323.37318096
     0.00000000     0.02300000     0.00800000   331.89874451
     0.00000000     0.02400000     0.00800000   335.91187196
     0.00000000     0.02500000     0.00800000   355.89607934
     0.00000000     0.02500000     0.00900000   355.89607934
     0.00000000     0.02500000     0.01000000   362.27337999
     0.00000000     0.02600000     0.00900000   356.48739544
     0.00000000     0.02600000     0.01000000   363.07287723
     0.00000000     0.02700000     0.01000000   391.24203581
     0.00000000     0.02700000     0.01100000   391.24203581
     0.00000000     0.02700000     0.01200000   398.83778368
     0.00000000     0.02800000     0.01100000   392.51177703
     0.00000000     0.02800000     0.01200000   403.49022550
     0.00000000     0.02900000     0.01200000   407.33683961
     0.00100000     0.00100000     0.01000000   275.84811298
     0.00100000     0.00200000     0.00900000   277.84053630
     0.00100000     0.00200000     0.01000000   279.52772311
     0.00100000     0.00200000     0.01100000   281.55738127
     0.00100000     0.00300000     0.00800000   278.70766567
     0.00100000     0.00300000     0.00900000   280.93829277
     0.00100000     0.00300000     0.01000000   283.44544310
     0.00100000     0.00300000     0.01100000   285.81880526
     0.00100000     0.00400000     0.00800000   281.27547283
     0.00100000     0.00400000     0.00900000   284.11370320
     0.00100000     0.00400000     0.01000000   286.83282941
     0.00100000     0.00500000     0.00700000   280.55209036
     0.00100000     0.00500000     0.00800000   283.84732395
     0.00100000     0.00500000     0.00900000   286.82543715
     0.00100000     0.00600000     0.00600000   279.68518661
     0.00100000     0.00600000     0.00700000   282.55642533
     0.00100000     0.00600000     0.00800000   285.96043972
     0.00100000     0.00700000     0.00600000   281.84400297
     0.00100000     0.00700000     0.00700000   284.61152528
     0.00100000     0.00700000     0.00800000   287.49127828
     0.00100000     0.00800000     0.00500000   280.43243032
     0.00100000     0.00800000     0.00600000   283.62304702
     0.00100000     0.00800000     0.00700000   286.50029613
     0.00100000     0.00900000     0.00500000   282.48618397
     0.00100000     0.00900000     0.00600000   285.52352256
     0.00100000     0.01000000     0.00400000   281.19954968
     0.00100000     0.01000000     0.00500000   283.96440882
     0.00100000     0.01000000     0.00600000   286.94260177
     0.00100000     0.01100000     0.00400000   283.42224525
     0.00100000     0.01100000     0.00500000   286.00988314
     0.00100000     0.01100000     0.00600000   288.48486117
     0.00100000     0.01200000     0.00400000   285.26830564
     0.00100000     0.01200000     0.00500000   288.04336309
     0.00100000     0.01300000     0.00400000   286.99707623
     0.00100000     0.01300000     0.00500000   289.81978412
     0.00100000     0.01400000     0.00400000   288.82532845
     0.00100000     0.01400000     0.00500000   291.67620390
     0.00100000     0.01500000     0.00400000   290.78053543
     0.00100000     0.01500000     0.00500000   293.71787395
     0.00100000     0.01600000     0.00400000   292.82630614
     0.00100000     0.01600000     0.00500000   295.92631292
     0.00100000     0.01700000     0.00400000   294.86561021
     0.00100000     0.01700000     0.00500000   298.21683395
     0.00100000     0.01800000     0.00400000   296.36827140
     0.00100000     0.01800000     0.00500000   300.18360966
     0.00100000     0.01800000     0.00600000   303.57838946
     0.00100000     0.01900000     0.00400000   295.93990803
     0.00100000     0.01900000     0.00500000   301.23327461
     0.00100000     0.01900000     0.00600000   306.29323898
     0.00100000     0.02000000     0.00500000   305.89403971
     0.00100000     0.02000000     0.00600000   310.06689108
     0.00100000     0.02100000     0.00500000   308.20595541
     0.00100000     0.02100000     0.00600000   312.20059393
     0.00100000     0.02100000     0.00700000   318.21979572
     0.00100000     0.02200000     0.00500000   308.01066298
     0.00100000     0.02200000     0.00600000   314.56888766
     0.00100000     0.02200000     0.00700000   322.95971854
     0.00100000     0.02200000     0.00800000   329.50379042
     0.00100000     0.02300000     0.00600000   317.03796360
     0.00100000     0.02300000     0.00700000   325.97941332
     0.00100000     0.02300000     0.00800000   334.33209426
     0.00100000     0.02400000     0.00600000   318.38300251
     0.00100000     0.02400000     0.00700000   333.42976098
     0.00100000     0.02400000     0.00800000   339.21159059
     0.00100000     0.02500000     0.00700000   334.39552333
     0.00100000     0.02500000     0.00800000   343.30476253
     0.00100000     0.02500000     0.00900000   355.29194463
     0.00100000     0.02500000     0.01000000   364.27736017
     0.00100000     0.02600000     0.00800000   347.67988306
     0.00100000     0.02600000     0.00900000   359.19524228
     0.00100000     0.02600000     0.01000000   368.47324909
     0.00100000     0.02700000     0.00900000   368.31545644
     0.00100000     0.02700000     0.01000000   375.05527838
     0.00100000     0.02700000     0.01100000   389.35377310
     0.00100000     0.02700000     0.01200000   400.50809565
     0.00100000     0.02800000     0.00900000   369.06102248
     0.00100000     0.02800000     0.01000000   375.80369495
     0.00100000     0.02800000     0.01100000   393.78817335
     0.00100000     0.02800000     0.01200000   406.26435210
     0.00100000     0.02900000     0.01000000   404.24120462
     0.00100000     0.02900000     0.01100000   404.24120462
     0.00100000     0.02900000     0.01200000   411.72470673
     0.00100000     0.03000000     0.01100000   405.12128732
     0.00100000     0.03000000     0.01200000   415.52211815
     0.00100000     0.03100000     0.01200000   418.32324325
     0.00200000     0.00000000     0.01000000   271.24964875
     0.00200000     0.00100000     0.00900000   274.76710067
     0.00200000     0.00100000     0.01000000   276.29404050
     0.00200000     0.00200000     0.00800000   276.49053356
     0.00200000     0.00200000     0.00900000   278.73436830
     0.00200000     0.00200000     0.01000000   280.53791963
     0.00200000     0.00300000     0.00700000   276.86757401
     0.00200000     0.00300000     0.00800000   279.69808598
     0.00200000     0.00300000     0.00900000   282.08969835
     0.00200000     0.00400000     0.00700000   279.16325178
     0.00200000     0.00400000     0.00800000   282.25824831
     0.00200000     0.00500000     0.00600000   278.46860724
     0.00200000     0.00500000     0.00700000   281.57073165
     0.00200000     0.00500000     0.00800000   284.49748910
     0.00200000     0.00600000     0.00500000   277.87646148
     0.00200000     0.00600000     0.00600000   280.97632426
     0.00200000     0.00600000     0.00700000   283.86075729
     0.00200000     0.00700000     0.00500000   279.95131229
     0.00200000     0.00800000     0.00400000   278.66166048
     0.00200000     0.00800000     0.00500000   281.78978906
     0.00200000     0.00900000     0.00400000   280.72935556
     0.00200000     0.00900000     0.00500000   283.74652321
     0.00200000     0.01000000     0.00400000   282.87857312
     0.00200000     0.01000000     0.00500000   285.45065576
     0.00200000     0.01100000     0.00400000   285.04089008
     0.00200000     0.01200000     0.00300000   282.95790592
     0.00200000     0.01200000     0.00400000   286.55985201
     0.00200000     0.01300000     0.00300000   285.24934901
     0.00200000     0.01400000     0.00300000   287.21602344
     0.00200000     0.01500000     0.00300000   289.07414732
     0.00200000     0.01600000     0.00300000   290.89724391
     0.00200000     0.01700000     0.00300000   292.11064830
     0.00200000     0.01700000     0.00400000   295.89780333
     0.00200000     0.01800000     0.00300000   291.45438116
     0.00200000     0.01800000     0.00400000   297.45047963
     0.00200000     0.01900000     0.00400000   299.43933610
     0.00200000     0.01900000     0.00500000   303.34295558
     0.00200000     0.02000000     0.00400000   302.53720514
     0.00200000     0.02000000     0.00500000   306.64434851
     0.00200000     0.02100000     0.00400000   304.39443784
     0.00200000     0.02100000     0.00500000   309.12565186
     0.00200000     0.02100000     0.00600000   313.87917109
     0.00200000     0.02200000     0.00400000   303.90259697
     0.00200000     0.02200000     0.00500000   310.38817496
     0.00200000     0.02200000     0.00600000   316.59935456
     0.00200000     0.02300000     0.00500000   314.51054570
     0.00200000     0.02300000     0.00600000   318.90736822
     0.00200000     0.02400000     0.00500000   313.78411367
     0.00200000     0.02400000     0.00600000   318.38300251
     0.00200000     0.02400000     0.00700000   332.54043443
     0.00200000     0.02400000     0.00800000   340.47335061
     0.00200000     0.02500000     0.00600000   324.24548123
     0.00200000     0.02500000     0.00700000   338.06274373
     0.00200000     0.02500000     0.00800000   345.26155703
     0.00200000     0.02600000     0.00700000   339.39683774
     0.00200000     0.02600000     0.00800000   348.83275936
     0.00200000     0.02600000     0.00900000   359.91957526
     0.00200000     0.02700000     0.00800000   351.81980825
     0.00200000     0.02700000     0.00900000   367.23522993
     0.00200000     0.02700000     0.01000000   376.60919513
     0.00200000     0.02800000     0.00900000   373.17978696
     0.00200000     0.02800000     0.01000000   379.76963179
     0.00200000     0.02900000     0.00900000   373.49856350
     0.00200000     0.02900000     0.01000000   380.21065173
     0.00200000     0.02900000     0.01100000   401.78712724
     0.00200000     0.02900000     0.01200000   413.01118255
     0.00200000     0.03000000     0.01000000   380.21065173
     0.00200000     0.03000000     0.01100000   406.83378112
     0.00200000     0.03000000     0.01200000   416.05168340
     0.00200000     0.03100000     0.01100000   409.03549448
     0.00200000     0.03100000     0.01200000   419.03932716
     0.00200000     0.03100000     0.01300000   431.31618407
     0.00200000     0.03100000     0.01400000   447.11362777
     0.00200000     0.03200000     0.01300000   455.14683652
     0.00200000     0.03200000     0.01400000   455.14683652
     0.00200000     0.03200000     0.01500000   467.93891817
     0.00200000     0.03300000     0.01500000   472.27466675
     0.00300000     0.00000000     0.00900000   271.61642793
     0.00300000     0.00000000     0.01000000   273.18009840
     0.00300000     0.00100000     0.00900000   275.28476478
     0.00300000     0.00100000     0.01000000   276.77806753
     0.00300000     0.00200000     0.00800000   277.64612843
     0.00300000     0.00200000     0.00900000   279.22733166
     0.00300000     0.00300000     0.00700000   278.21398540
     0.00300000     0.00300000     0.00800000   280.36592433
     0.00300000     0.00400000     0.00600000   276.74258026
     0.00300000     0.00400000     0.00700000   280.14877212
     0.00300000     0.00500000     0.00500000   276.60392595
     0.00300000     0.00500000     0.00600000   279.45419986
     0.00300000     0.00500000     0.00700000   282.13675443
     0.00300000     0.00600000     0.00500000   279.29707340
     0.00300000     0.00600000     0.00600000   281.85329100
     0.00300000     0.00700000     0.00400000   277.54668616
     0.00300000     0.00700000     0.00500000   281.07597024
     0.00300000     0.00800000     0.00400000   280.13243947
     0.00300000     0.00800000     0.00500000   282.72785366
     0.00300000     0.01000000     0.00300000   279.52197915
     0.00300000     0.01000000     0.00400000   283.31714198
     0.00300000     0.01100000     0.00300000   281.76051037
     0.00300000     0.01100000     0.00400000   284.90613838
     0.00300000     0.01200000     0.00300000   284.35544171
     0.00300000     0.01200000     0.00400000   286.89903617
     0.00300000     0.01300000     0.00300000   286.76960008
     0.00300000     0.01400000     0.00300000   288.68518592
     0.00300000     0.01500000     0.00300000   290.55897045
     0.00300000     0.01600000     0.00300000   292.43074024
     0.00300000     0.01700000     0.00300000   294.02465706
     0.00300000     0.01700000     0.00400000   296.27403947
     0.00300000     0.01800000     0.00300000   294.73662938
     0.00300000     0.01800000     0.00400000   298.23125950
     0.00300000     0.01900000     0.00300000   296.42402693
     0.00300000     0.01900000     0.00400000   300.54388696
     0.00300000     0.02000000     0.00300000   295.83322191
     0.00300000     0.02000000     0.00400000   302.82331545
     0.00300000     0.02200000     0.00400000   305.57966329
     0.00300000     0.02200000     0.00500000   311.77494548
     0.00300000     0.02300000     0.00400000   316.26078227
     0.00300000     0.02300000     0.00500000   316.26078227
     0.00300000     0.02300000     0.00600000   320.51673575
     0.00300000     0.02400000     0.00500000   316.00786798
     0.00300000     0.02400000     0.00600000   321.70207713
     0.00300000     0.02500000     0.00600000   324.24548123
     0.00300000     0.02500000     0.00700000   337.16214190
     0.00300000     0.02500000     0.00800000   345.18527501
     0.00300000     0.02600000     0.00600000   342.46290670
     0.00300000     0.02600000     0.00700000   342.46290670
     0.00300000     0.02600000     0.00800000   349.39198092
     0.00300000     0.02700000     0.00700000   342.49897837
     0.00300000     0.02700000     0.00800000   350.51975007
     0.00300000     0.02700000     0.00900000   365.01649895
     0.00300000     0.02800000     0.00800000   375.08648246
     0.00300000     0.02800000     0.00900000   375.08648246
     0.00300000     0.02800000     0.01000000   381.35186515
     0.00300000     0.02900000     0.00900000   375.54858156
     0.00300000     0.02900000     0.01000000   381.92569655
     0.00300000     0.03000000     0.01000000   381.92569655
     0.00300000     0.03000000     0.01100000   408.52021795
     0.00300000     0.03000000     0.01200000   416.46625741
     0.00300000     0.03100000     0.01100000   409.03549448
     0.00300000     0.03100000     0.01200000   416.90894155
     0.00300000     0.03100000     0.01300000   438.08532297
     0.00300000     0.03100000     0.01400000   452.56281807
     0.00300000     0.03200000     0.01200000   445.05136135
     0.00300000     0.03200000     0.01300000   445.05136135
     0.00300000     0.03200000     0.01400000   455.51908405
     0.00300000     0.03200000     0.01500000   471.52665559
     0.00300000     0.03300000     0.01300000   445.05136135
     0.00300000     0.03300000     0.01400000   476.82676812
     0.00300000     0.03300000     0.01500000   476.82676812
     0.00300000     0.03300000     0.01600000   484.24055073
     0.00300000     0.03400000     0.01500000   483.02049099
     0.00300000     0.03400000     0.01600000   487.10442964
     0.00300000     0.03400000     0.01700000   494.14068238
     0.00300000     0.03500000     0.01700000   490.85188931
     0.00400000     0.00000000     0.00900000   272.96887023
     0.00400000     0.00100000     0.00800000   273.46821520
     0.00400000     0.00100000     0.00900000   275.71391095
     0.00400000     0.00200000     0.00700000   274.45267737
     0.00400000     0.00200000     0.00800000   276.95330176
     0.00400000     0.00200000     0.00900000   278.74117761
     0.00400000     0.00300000     0.00700000   277.72707776
     0.00400000     0.00300000     0.00800000   279.88011482
     0.00400000     0.00400000     0.00600000   277.94241224
     0.00400000     0.00400000     0.00700000   280.25067090
     0.00400000     0.00500000     0.00500000   277.95387474
     0.00400000     0.00500000     0.00600000   280.25897763
     0.00400000     0.00600000     0.00400000   276.29629681
     0.00400000     0.00600000     0.00500000   279.81203055
     0.00400000     0.00700000     0.00400000   278.90473490
     0.00400000     0.00700000     0.00500000   281.48127658
     0.00400000     0.00800000     0.00400000   281.00853384
     0.00400000     0.00900000     0.00300000   278.08229936
     0.00400000     0.00900000     0.00400000   281.93988849
     0.00400000     0.01000000     0.00300000   280.85232427
     0.00400000     0.01100000     0.00300000   283.16798155
     0.00400000     0.01200000     0.00300000   285.08401236
     0.00400000     0.01300000     0.00300000   286.92263529
     0.00400000     0.01400000     0.00300000   288.66415230
     0.00400000     0.01500000     0.00300000   290.48846541
     0.00400000     0.01600000     0.00300000   292.48759988
     0.00400000     0.01700000     0.00300000   294.62280872
     0.00400000     0.01800000     0.00300000   296.61304533
     0.00400000     0.01900000     0.00300000   298.31484459
     0.00400000     0.01900000     0.00400000   300.75748249
     0.00400000     0.02000000     0.00300000   298.56073646
     0.00400000     0.02000000     0.00400000   302.70822363
     0.00400000     0.02100000     0.00300000   297.69621707
     0.00400000     0.02100000     0.00400000   305.08868151
     0.00400000     0.02200000     0.00400000   307.17093048
     0.00400000     0.02300000     0.00400000   306.53653778
     0.00400000     0.02300000     0.00500000   315.25658433
     0.00400000     0.02300000     0.00600000   320.50425871
     0.00400000     0.02400000     0.00500000   318.28422386
     0.00400000     0.02400000     0.00600000   323.43394331
     0.00400000     0.02500000     0.00500000   317.62578359
     0.00400000     0.02500000     0.00600000   323.85219839
     0.00400000     0.02600000     0.00600000   328.22765460
     0.00400000     0.02600000     0.00700000   343.84733597
     0.00400000     0.02600000     0.00800000   349.36904878
     0.00400000     0.02700000     0.00700000   344.35680107
     0.00400000     0.02700000     0.00800000   351.67819284
     0.00400000     0.02800000     0.00800000   355.26973975
     0.00400000     0.02800000     0.00900000   371.31120763
     0.00400000     0.02800000     0.01000000   380.09861354
     0.00400000     0.02900000     0.00800000   377.75431243
     0.00400000     0.02900000     0.00900000   377.75431243
     0.00400000     0.02900000     0.01000000   383.97411967
     0.00400000     0.03000000     0.00900000   377.79966735
     0.00400000     0.03000000     0.01000000   384.29608929
     0.00400000     0.03000000     0.01100000   405.86676139
     0.00400000     0.03000000     0.01200000   417.22465235
     0.00400000     0.03100000     0.01000000   410.76240963
     0.00400000     0.03100000     0.01100000   410.76240963
     0.00400000     0.03100000     0.01200000   418.78763294
     0.00400000     0.03200000     0.01100000   410.76240963
     0.00400000     0.03200000     0.01200000   448.64506720
     0.00400000     0.03200000     0.01300000   448.64506720
     0.00400000     0.03200000     0.01400000   457.15068848
     0.00400000     0.03300000     0.01300000   459.97286216
     0.00400000     0.03300000     0.01400000   483.14284357
     0.00400000     0.03300000     0.01500000   483.14284357
     0.00400000     0.03300000     0.01600000   490.33928097
     0.00400000     0.03400000     0.01500000   483.02049099
     0.00400000     0.03400000     0.01600000   490.33103182
     0.00400000     0.03400000     0.01700000   495.93313369
     0.00400000     0.03500000     0.01600000   490.33103182
     0.00400000     0.03500000     0.01700000   492.66440027
     0.00400000     0.03500000     0.01800000   499.73372715
     0.00400000     0.03600000     0.01800000   499.73372715
     0.00400000     0.03600000     0.01900000  2656.56342143
     0.00400000     0.03600000     0.02000000     0.00000000
     0.00400000     0.03700000     0.02000000     0.00000000
     0.00400000     0.03700000     0.02100000     0.00000000
     0.00400000     0.03700000     0.02200000     0.00000000
     0.00400000     0.03800000     0.02100000     0.00000000
     0.00400000     0.03800000     0.02200000     0.00000000
     0.00400000     0.03800000     0.02300000     0.00000000
     0.00400000     0.03800000     0.02400000     0.00000000
     0.00400000     0.03900000     0.02300000     0.00000000
     0.00400000     0.03900000     0.02400000     0.00000000
     0.00400000     0.04000000     0.02400000     0.00000000
     0.00400000     0.04000000     0.02500000     0.00000000
     0.00400000     0.04100000     0.02500000     0.00000000
     0.00400000     0.04100000     0.02600000     0.00000000
     0.00400000     0.04200000     0.02500000     0.00000000
     0.00400000     0.04200000     0.02600000     0.00000000
     0.00400000     0.04300000     0.02600000     0.00000000
     0.00400000     0.04300000     0.02700000     0.00000000
     0.00400000     0.04300000     0.02800000     0.00000000
     0.00400000     0.04400000     0.02700000     0.00000000
     0.00400000     0.04400000     0.02800000     0.00000000
     0.00400000     0.04500000     0.02800000     0.00000000
     0.00400000     0.04500000     0.02900000     0.00000000
     0.00400000     0.04500000     0.03000000     0.00000000
     0.00400000     0.04600000     0.02900000     0.00000000
     0.00400000     0.04600000     0.03000000     0.00000000
     0.00400000     0.04700000     0.03000000     0.00000000
     0.00400000     0.04700000     0.03100000     0.00000000
     0.00400000     0.04800000     0.03100000     0.00000000
     0.00500000     0.00000000     0.00900000   273.16137919
     0.00500000     0.00100000     0.00800000   274.71969472
     0.00500000     0.00100000     0.00900000   276.13470426
     0.00500000     0.00200000     0.00700000   275.73394932
     0.00500000     0.00300000     0.00600000   274.43707725
     0.00500000     0.00300000     0.00700000   277.79090360
     0.00500000     0.00400000     0.00600000   277.57497234
     0.00500000     0.00400000     0.00700000   279.79928416
     0.00500000     0.00500000     0.00500000   278.09504245
     0.00500000     0.00500000     0.00600000   280.10643845
     0.00500000     0.00600000     0.00400000   277.65739173
     0.00500000     0.00600000     0.00500000   280.10738589
     0.00500000     0.00800000     0.00400000   281.06702533
     0.00500000     0.00900000     0.00300000   279.40851943
     0.00500000     0.00900000     0.00400000   281.95597193
     0.00500000     0.01000000     0.00300000   281.62643457
     0.00500000     0.01100000     0.00300000   283.39612363
     0.00500000     0.01200000     0.00300000   284.95652192
     0.00500000     0.01300000     0.00200000   281.38762860
     0.00500000     0.01300000     0.00300000   285.94695403
     0.00500000     0.01400000     0.00200000   283.42237007
     0.00500000     0.01400000     0.00300000   287.36870484
     0.00500000     0.01500000     0.00200000   284.35934581
     0.00500000     0.01500000     0.00300000   288.81935890
     0.00500000     0.01600000     0.00200000   283.39217717
     0.00500000     0.01600000     0.00300000   290.63722922
     0.00500000     0.01700000     0.00300000   294.30741636
     0.00500000     0.01800000     0.00300000   296.73888083
     0.00500000     0.01900000     0.00300000   298.96333160
     0.00500000     0.02000000     0.00300000   300.15377187
     0.00500000     0.02000000     0.00400000   302.96938835
     0.00500000     0.02100000     0.00300000   299.24537772
     0.00500000     0.02100000     0.00400000   304.85246550
     0.00500000     0.02200000     0.00400000   308.48611382
     0.00500000     0.02300000     0.00400000   308.07795270
     0.00500000     0.02300000     0.00500000   314.89656591
     0.00500000     0.02400000     0.00500000   319.89240383
     0.00500000     0.02400000     0.00600000   324.10157576
     0.00500000     0.02500000     0.00500000   319.48742236
     0.00500000     0.02500000     0.00600000   325.50225569
     0.00500000     0.02600000     0.00600000   328.22765460
     0.00500000     0.02600000     0.00700000   341.07717956
     0.00500000     0.02600000     0.00800000   348.55766591
     0.00500000     0.02700000     0.00700000   346.35756162
     0.00500000     0.02700000     0.00800000   353.04699202
     0.00500000     0.02800000     0.00700000   346.02849112
     0.00500000     0.02800000     0.00800000   353.98578856
     0.00500000     0.02900000     0.00800000   379.80186439
     0.00500000     0.02900000     0.00900000   379.80186439
     0.00500000     0.02900000     0.01000000   385.88066703
     0.00500000     0.03000000     0.00900000   379.97955402
     0.00500000     0.03000000     0.01000000   386.31953596
     0.00500000     0.03100000     0.01000000   410.31048229
     0.00500000     0.03100000     0.01100000   410.31048229
     0.00500000     0.03100000     0.01200000   418.62747360
     0.00500000     0.03200000     0.01100000   410.31048229
     0.00500000     0.03200000     0.01200000   456.23030263
     0.00500000     0.03200000     0.01300000   456.23030263
     0.00500000     0.03200000     0.01400000   464.35742347
     0.00500000     0.03300000     0.01300000   459.97286216
     0.00500000     0.03300000     0.01400000   472.19096256
     0.00500000     0.03300000     0.01500000   484.67423372
     0.00500000     0.03300000     0.01600000   492.29876394
     0.00500000     0.03400000     0.01400000   476.62530967
     0.00500000     0.03400000     0.01500000   484.36000403
     0.00500000     0.03400000     0.01600000   492.39017660
     0.00500000     0.03500000     0.01600000   492.39017660
     0.00500000     0.03500000     0.01700000   492.81323372
     0.00500000     0.03500000     0.01800000   497.13272267
     0.00500000     0.03600000     0.01800000   181.61796504
     0.00500000     0.03600000     0.01900000  2145.70995381
     0.00500000     0.03600000     0.02000000     0.00000000
     0.00500000     0.03700000     0.01900000  2145.70995381
     0.00500000     0.03700000     0.02000000     0.00000000
     0.00500000     0.03700000     0.02100000     0.00000000
     0.00500000     0.03700000     0.02200000     0.00000000
     0.00500000     0.03800000     0.02100000     0.00000000
     0.00500000     0.03800000     0.02200000     0.00000000
     0.00500000     0.03800000     0.02300000     0.00000000
     0.00500000     0.03800000     0.02400000     0.00000000
     0.00500000     0.03900000     0.02200000     0.00000000
     0.00500000     0.03900000     0.02300000     0.00000000
     0.00500000     0.03900000     0.02400000     0.00000000
     0.00500000     0.04000000     0.02300000     0.00000000
     0.00500000     0.04000000     0.02400000     0.00000000
     0.00500000     0.04000000     0.02500000     0.00000000
     0.00500000     0.04100000     0.02400000     0.00000000
     0.00500000     0.04100000     0.02500000     0.00000000
     0.00500000     0.04100000     0.02600000     0.00000000
     0.00500000     0.04200000     0.02500000     0.00000000
     0.00500000     0.04200000     0.02600000     0.00000000
     0.00500000     0.04300000     0.02600000     0.00000000
     0.00500000     0.04300000     0.02700000     0.00000000
     0.00500000     0.04300000     0.02800000     0.00000000
     0.00500000     0.04400000     0.02700000     0.00000000
     0.00500000     0.04400000     0.02800000     0.00000000
     0.00500000     0.04500000     0.02800000     0.00000000
     0.00500000     0.04500000     0.02900000     0.00000000
     0.00500000     0.04500000     0.03000000     0.00000000
     0.00500000     0.04600000     0.02900000     0.00000000
     0.00500000     0.04600000     0.03000000     0.00000000
     0.00500000     0.04700000     0.02900000     0.00000000
     0.00500000     0.04700000     0.03000000     0.00000000
     0.00500000     0.04700000     0.03100000     0.00000000
     0.00500000     0.04800000     0.03000000     0.00000000
     0.00500000     0.04800000     0.03100000     0.00000000
     0.00600000     0.00000000     0.00900000   272.94421081
     0.00600000     0.00100000     0.00800000   274.82570433
     0.00600000     0.00100000     0.00900000   275.99236923
     0.00600000     0.00200000     0.00700000   275.84143296
     0.00600000     0.00300000     0.00600000   275.41967927
     0.00600000     0.00300000     0.00700000   277.93109773
     0.00600000     0.00400000     0.00600000   277.80032772
     0.00600000     0.00500000     0.00500000   277.85169618
     0.00600000     0.00500000     0.00600000   279.80134635
     0.00600000     0.00600000     0.00400000   277.79465525
     0.00600000     0.00600000     0.00500000   279.97795352
     0.00600000     0.00800000     0.00400000   280.83317343
     0.00600000     0.00900000     0.00300000   279.52960943
     0.00600000     0.00900000     0.00400000   281.77016845
     0.00600000     0.01000000     0.00300000   281.59928252
     0.00600000     0.01100000     0.00300000   283.17993165
     0.00600000     0.01200000     0.00300000   284.64697583
     0.00600000     0.01300000     0.00200000   282.51308709
     0.00600000     0.01300000     0.00300000   285.75958833
     0.00600000     0.01600000     0.00200000   284.50755449
     0.00600000     0.01600000     0.00300000   289.90664553
     0.00600000     0.01700000     0.00300000   293.93201784
     0.00600000     0.01800000     0.00300000   296.56334615
     0.00600000     0.01900000     0.00300000   298.90465407
     0.00600000     0.02000000     0.00300000   300.31732014
     0.00600000     0.02000000     0.00400000   302.72207000
     0.00600000     0.02100000     0.00300000   299.50486038
     0.00600000     0.02100000     0.00400000   304.81695753
     0.00600000     0.02200000     0.00400000   308.60101334
     0.00600000     0.02300000     0.00400000   308.34378601
     0.00600000     0.02300000     0.00500000   314.92084677
     0.00600000     0.02400000     0.00500000   320.13261863
     0.00600000     0.02400000     0.00600000   324.32717906
     0.00600000     0.02500000     0.00500000   320.05739472
     0.00600000     0.02500000     0.00600000   327.01273866
     0.00600000     0.02600000     0.00600000   329.47479862
     0.00600000     0.02600000     0.00700000   339.85813271
     0.00600000     0.02700000     0.00700000   347.67563269
     0.00600000     0.02700000     0.00800000   353.31558915
     0.00600000     0.02800000     0.00700000   347.34693117
     0.00600000     0.02800000     0.00800000   353.54365851
     0.00600000     0.02900000     0.00800000   380.13103654
     0.00600000     0.02900000     0.00900000   380.13103654
     0.00600000     0.02900000     0.01000000   386.12321722
     0.00600000     0.03000000     0.00900000   380.47608808
     0.00600000     0.03000000     0.01000000   386.84171353
     0.00600000     0.03100000     0.01000000   410.20908840
     0.00600000     0.03100000     0.01100000   410.20908840
     0.00600000     0.03100000     0.01200000   418.45044385
     0.00600000     0.03200000     0.01100000   410.20908840
     0.00600000     0.03200000     0.01200000   460.40733435
     0.00600000     0.03200000     0.01300000   460.40733435
     0.00600000     0.03200000     0.01400000   468.57538978
     0.00600000     0.03300000     0.01300000   462.35469318
     0.00600000     0.03300000     0.01400000   474.25998647
     0.00600000     0.03400000     0.01400000   478.33519863
     0.00600000     0.03500000     0.01600000   492.79705685
     0.00600000     0.03500000     0.01700000   492.53714403
     0.00600000     0.03500000     0.01800000   490.82890781
     0.00600000     0.03600000     0.01800000   180.31749923
     0.00600000     0.03700000     0.02000000     0.00000000
     0.00600000     0.03700000     0.02100000     0.00000000
     0.00600000     0.03700000     0.02200000     0.00000000
     0.00600000     0.03800000     0.02100000     0.00000000
     0.00600000     0.03800000     0.02200000     0.00000000
     0.00600000     0.03900000     0.02200000     0.00000000
     0.00600000     0.03900000     0.02300000     0.00000000
     0.00600000     0.03900000     0.02400000     0.00000000
     0.00600000     0.04000000     0.02300000     0.00000000
     0.00600000     0.04000000     0.02400000     0.00000000
     0.00600000     0.04100000     0.02400000     0.00000000
     0.00600000     0.04100000     0.02500000     0.00000000
     0.00600000     0.04100000     0.02600000     0.00000000
     0.00600000     0.04200000     0.02500000     0.00000000
     0.00600000     0.04200000     0.02600000     0.00000000
     0.00600000     0.04300000     0.02600000     0.00000000
     0.00600000     0.04300000     0.02700000     0.00000000
     0.00600000     0.04300000     0.02800000     0.00000000
     0.00600000     0.04400000     0.02700000     0.00000000
     0.00600000     0.04400000     0.02800000     0.00000000
     0.00600000     0.04500000     0.02800000     0.00000000
     0.00600000     0.04500000     0.02900000     0.00000000
     0.00600000     0.04600000     0.02900000     0.00000000
     0.00700000     0.00000000     0.00900000   272.63406733
     0.00700000     0.00100000     0.00800000   274.26894237
     0.00700000     0.00100000     0.00900000   275.61587173
     0.00700000     0.00200000     0.00700000   275.28164866
     0.00700000     0.00300000     0.00600000   274.26484783
     0.00700000     0.00300000     0.00700000   277.34858476
     0.00700000     0.00400000     0.00600000   277.13589115
     0.00700000     0.00400000     0.00700000   279.26501097
     0.00700000     0.00500000     0.00500000   277.53207569
     0.00700000     0.00500000     0.00600000   279.51476386
     0.00700000     0.00600000     0.00400000   277.20457081
     0.00700000     0.00600000     0.00500000   279.56860384
     0.00700000     0.00800000     0.00400000   280.50764211
     0.00700000     0.00900000     0.00300000   278.96513630
     0.00700000     0.00900000     0.00400000   281.41136640
     0.00700000     0.01000000     0.00300000   281.14047628
     0.00700000     0.01100000     0.00300000   282.86891866
     0.00700000     0.01200000     0.00300000   284.42409270
     0.00700000     0.01300000     0.00200000   281.28342003
     0.00700000     0.01300000     0.00300000   285.52388692
     0.00700000     0.01400000     0.00200000   283.32542662
     0.00700000     0.01400000     0.00300000   286.99282347
     0.00700000     0.01500000     0.00200000   284.26281217
     0.00700000     0.01500000     0.00300000   288.47643832
     0.00700000     0.01600000     0.00200000   283.29561100
     0.00700000     0.01600000     0.00300000   290.23921871
     0.00700000     0.01700000     0.00300000   293.86756974
     0.00700000     0.01800000     0.00300000   296.33767803
     0.00700000     0.01900000     0.00300000   298.61149916
     0.00700000     0.02000000     0.00300000   299.85786658
     0.00700000     0.02000000     0.00400000   302.55401459
     0.00700000     0.02100000     0.00300000   298.98160580
     0.00700000     0.02100000     0.00400000   304.56691559
     0.00700000     0.02200000     0.00400000   308.24364828
     0.00700000     0.02300000     0.00400000   307.87448165
     0.00700000     0.02300000     0.00500000   314.68585387
     0.00700000     0.02400000     0.00500000   319.73557365
     0.00700000     0.02400000     0.00600000   323.94345702
     0.00700000     0.02500000     0.00500000   319.36318229
     0.00700000     0.02500000     0.00600000   325.39501909
     0.00700000     0.02600000     0.00600000   328.20167992
     0.00700000     0.02600000     0.00700000   341.05078892
     0.00700000     0.02600000     0.00800000   348.54787348
     0.00700000     0.02700000     0.00700000   346.35811349
     0.00700000     0.02700000     0.00800000   353.07233391
     0.00700000     0.02800000     0.00700000   346.03963648
     0.00700000     0.02800000     0.00800000   354.03049430
     0.00700000     0.02900000     0.00800000   379.95571548
     0.00700000     0.02900000     0.00900000   379.95571548
     0.00700000     0.02900000     0.01000000   386.05869131
     0.00700000     0.03000000     0.00900000   380.12814842
     0.00700000     0.03000000     0.01000000   386.49033785
     0.00700000     0.03100000     0.01000000   410.62465171
     0.00700000     0.03100000     0.01100000   410.62465171
     0.00700000     0.03100000     0.01200000   418.97243104
     0.00700000     0.03200000     0.01100000   410.62465171
     0.00700000     0.03200000     0.01200000   456.53343165
     0.00700000     0.03200000     0.01300000   456.53343165
     0.00700000     0.03200000     0.01400000   464.67859074
     0.00700000     0.03300000     0.01300000   460.06396743
     0.00700000     0.03300000     0.01400000   472.28399707
     0.00700000     0.03300000     0.01500000   484.93485843
     0.00700000     0.03300000     0.01600000   492.65910088
     0.00700000     0.03400000     0.01400000   476.70324659
     0.00700000     0.03400000     0.01500000   484.57610185
     0.00700000     0.03400000     0.01600000   492.70593396
     0.00700000     0.03500000     0.01600000   492.70593396
     0.00700000     0.03500000     0.01700000   493.11479339
     0.00700000     0.03500000     0.01800000   497.42531886
     0.00700000     0.03600000     0.01800000   181.71342160
     0.00700000     0.03600000     0.01900000  2145.71282286
     0.00700000     0.03600000     0.02000000     0.00000000
     0.00700000     0.03700000     0.01900000  2145.71282286
     0.00700000     0.03700000     0.02000000     0.00000000
     0.00700000     0.03700000     0.02100000     0.00000000
     0.00700000     0.03700000     0.02200000     0.00000000
     0.00700000     0.03800000     0.02100000     0.00000000
     0.00700000     0.03800000     0.02200000     0.00000000
     0.00700000     0.03800000     0.02300000     0.00000000
     0.00700000     0.03800000     0.02400000     0.00000000
     0.00700000     0.03900000     0.02200000     0.00000000
     0.00700000     0.03900000     0.02300000     0.00000000
     0.00700000     0.03900000     0.02400000     0.00000000
     0.00700000     0.04000000     0.02300000     0.00000000
     0.00700000     0.04000000     0.02400000     0.00000000
     0.00700000     0.04000000     0.02500000     0.00000000
     0.00700000     0.04100000     0.02400000     0.00000000
     0.00700000     0.04100000     0.02500000     0.00000000
     0.00700000     0.04100000     0.02600000     0.00000000
     0.00700000     0.04200000     0.02500000     0.00000000
     0.00700000     0.04200000     0.02600000     0.00000000
     0.00700000     0.04300000     0.02600000     0.00000000
     0.00700000     0.04300000     0.02700000     0.00000000
     0.00700000     0.04300000     0.02800000     0.00000000
     0.00700000     0.04400000     0.02700000     0.00000000
     0.00700000     0.04400000     0.02800000     0.00000000
     0.00700000     0.04500000     0.02800000     0.00000000
     0.00700000     0.04500000     0.02900000     0.00000000
     0.00700000     0.04500000     0.03000000     0.00000000
     0.00700000     0.04600000     0.02900000     0.00000000
     0.00700000     0.04600000     0.03000000     0.00000000
     0.00700000     0.04700000     0.02900000     0.00000000
     0.00700000     0.04700000     0.03000000     0.00000000
     0.00700000     0.04700000     0.03100000     0.00000000
     0.00700000     0.04800000     0.03000000     0.00000000
     0.00700000     0.04800000     0.03100000     0.00000000
     0.00800000     0.00000000     0.00900000   271.99064893
     0.00800000     0.00100000     0.00800000   272.77358032
     0.00800000     0.00100000     0.00900000   274.73381790
     0.00800000     0.00200000     0.00700000   273.75652290
     0.00800000     0.00200000     0.00800000   276.04139996
     0.00800000     0.00200000     0.00900000   277.63871246
     0.00800000     0.00300000     0.00700000   276.73436189
     0.00800000     0.00300000     0.00800000   278.76151200
     0.00800000     0.00400000     0.00600000   276.86204756
     0.00800000     0.00400000     0.00700000   279.07964689
     0.00800000     0.00500000     0.00500000   276.91383809
     0.00800000     0.00500000     0.00600000   279.12800864
     0.00800000     0.00600000     0.00400000   275.60754899
     0.00800000     0.00600000     0.00500000   278.79930263
     0.00800000     0.00700000     0.00400000   278.00633539
     0.00800000     0.00700000     0.00500000   280.41884588
     0.00800000     0.00800000     0.00400000   279.93535431
     0.00800000     0.00900000     0.00300000   277.40707994
     0.00800000     0.00900000     0.00400000   280.88153282
     0.00800000     0.01000000     0.00300000   279.99372612
     0.00800000     0.01100000     0.00300000   282.19808119
     0.00800000     0.01200000     0.00300000   284.06608088
     0.00800000     0.01300000     0.00300000   285.88828172
     0.00800000     0.01400000     0.00300000   287.65408018
     0.00800000     0.01500000     0.00300000   289.51440719
     0.00800000     0.01600000     0.00300000   291.58176036
     0.00800000     0.01700000     0.00300000   293.76139972
     0.00800000     0.01800000     0.00300000   295.85145218
     0.00800000     0.01900000     0.00300000   297.66613844
     0.00800000     0.01900000     0.00400000   300.07337908
     0.00800000     0.02000000     0.00300000   298.02649862
     0.00800000     0.02000000     0.00400000   302.09420950
     0.00800000     0.02100000     0.00300000   297.30630025
     0.00800000     0.02100000     0.00400000   304.54107418
     0.00800000     0.02200000     0.00400000   306.70190761
     0.00800000     0.02300000     0.00400000   306.22537550
     0.00800000     0.02300000     0.00500000   314.85525729
     0.00800000     0.02300000     0.00600000   320.07037818
     0.00800000     0.02400000     0.00500000   317.97109895
     0.00800000     0.02400000     0.00600000   323.11857970
     0.00800000     0.02500000     0.00500000   317.43488035
     0.00800000     0.02500000     0.00600000   323.62176964
     0.00800000     0.02600000     0.00600000   328.20167992
     0.00800000     0.02600000     0.00700000   343.78662551
     0.00800000     0.02600000     0.00800000   349.34157409
     0.00800000     0.02700000     0.00700000   344.34133767
     0.00800000     0.02700000     0.00800000   351.71127497
     0.00800000     0.02800000     0.00800000   355.36217284
     0.00800000     0.02800000     0.00900000   371.54721814
     0.00800000     0.02800000     0.01000000   380.42013434
     0.00800000     0.02900000     0.00800000   378.03067104
     0.00800000     0.02900000     0.00900000   378.03067104
     0.00800000     0.02900000     0.01000000   384.29534179
     0.00800000     0.03000000     0.00900000   378.01597286
     0.00800000     0.03000000     0.01000000   384.55300587
     0.00800000     0.03000000     0.01100000   406.39280588
     0.00800000     0.03000000     0.01200000   417.87402165
     0.00800000     0.03100000     0.01000000   411.34178793
     0.00800000     0.03100000     0.01100000   411.34178793
     0.00800000     0.03100000     0.01200000   419.41962614
     0.00800000     0.03200000     0.01100000   411.34178793
     0.00800000     0.03200000     0.01200000   449.41118009
     0.00800000     0.03200000     0.01300000   449.41118009
     0.00800000     0.03200000     0.01400000   457.98036832
     0.00800000     0.03300000     0.01300000   460.06396743
     0.00800000     0.03300000     0.01400000   483.80028282
     0.00800000     0.03300000     0.01500000   483.80028282
     0.00800000     0.03300000     0.01600000   491.04671795
     0.00800000     0.03400000     0.01500000   483.46462052
     0.00800000     0.03400000     0.01600000   490.91011004
     0.00800000     0.03400000     0.01700000   496.53170544
     0.00800000     0.03500000     0.01600000   490.91011004
     0.00800000     0.03500000     0.01700000   493.18297056
     0.00800000     0.03500000     0.01800000   500.25961942
     0.00800000     0.03600000     0.01800000   500.25961942
     0.00800000     0.03600000     0.01900000  2656.52925348
     0.00800000     0.03600000     0.02000000     0.00000000
     0.00800000     0.03700000     0.02000000     0.00000000
     0.00800000     0.03700000     0.02100000     0.00000000
     0.00800000     0.03700000     0.02200000     0.00000000
     0.00800000     0.03800000     0.02100000     0.00000000
     0.00800000     0.03800000     0.02200000     0.00000000
     0.00800000     0.03800000     0.02300000     0.00000000
     0.00800000     0.03800000     0.02400000     0.00000000
     0.00800000     0.03900000     0.02300000     0.00000000
     0.00800000     0.03900000     0.02400000     0.00000000
     0.00800000     0.04000000     0.02400000     0.00000000
     0.00800000     0.04000000     0.02500000     0.00000000
     0.00800000     0.04100000     0.02500000     0.00000000
     0.00800000     0.04100000     0.02600000     0.00000000
     0.00800000     0.04200000     0.02500000     0.00000000
     0.00800000     0.04200000     0.02600000     0.00000000
     0.00800000     0.04300000     0.02600000     0.00000000
     0.00800000     0.04300000     0.02700000     0.00000000
     0.00800000     0.04300000     0.02800000     0.00000000
     0.00800000     0.04400000     0.02700000     0.00000000
     0.00800000     0.04400000     0.02800000     0.00000000
     0.00800000     0.04500000     0.02800000     0.00000000
     0.00800000     0.04500000     0.02900000     0.00000000
     0.00800000     0.04500000     0.03000000     0.00000000
     0.00800000     0.04600000     0.02900000     0.00000000
     0.00800000     0.04600000     0.03000000     0.00000000
     0.00800000     0.04700000     0.03000000     0.00000000
     0.00800000     0.04700000     0.03100000     0.00000000
     0.00800000     0.04800000     0.03100000     0.00000000
     0.00900000     0.00000000     0.00900000   270.41476304
     0.00900000     0.00000000     0.01000000   271.78508541
     0.00900000     0.00100000     0.00900000   273.82750832
     0.00900000     0.00100000     0.01000000   275.19712306
     0.00900000     0.00200000     0.00800000   276.01218735
     0.00900000     0.00200000     0.00900000   277.52513366
     0.00900000     0.00300000     0.00700000   276.57384525
     0.00900000     0.00300000     0.00800000   278.64082605
     0.00900000     0.00400000     0.00600000   275.40726752
     0.00900000     0.00400000     0.00700000   278.50815415
     0.00900000     0.00500000     0.00500000   275.32522918
     0.00900000     0.00500000     0.00600000   277.95023688
     0.00900000     0.00500000     0.00700000   280.36043262
     0.00900000     0.00600000     0.00500000   277.80169833
     0.00900000     0.00700000     0.00400000   276.30298427
     0.00900000     0.00700000     0.00500000   279.50690370
     0.00900000     0.00800000     0.00400000   278.66150031
     0.00900000     0.00800000     0.00500000   281.06970271
     0.00900000     0.01000000     0.00300000   278.36847553
     0.00900000     0.01100000     0.00300000   280.57091363
     0.00900000     0.01200000     0.00300000   282.98994343
     0.00900000     0.01300000     0.00300000   285.33282700
     0.00900000     0.01400000     0.00300000   287.27748946
     0.00900000     0.01500000     0.00300000   289.20336127
     0.00900000     0.01600000     0.00300000   291.15403359
     0.00900000     0.01700000     0.00300000   292.83450167
     0.00900000     0.01700000     0.00400000   295.06411989
     0.00900000     0.01800000     0.00300000   293.69204178
     0.00900000     0.01800000     0.00400000   297.05473873
     0.00900000     0.01900000     0.00300000   295.62575481
     0.00900000     0.01900000     0.00400000   299.53856008
     0.00900000     0.02000000     0.00300000   295.09963368
     0.00900000     0.02000000     0.00400000   301.91300318
     0.00900000     0.02200000     0.00400000   304.80637151
     0.00900000     0.02200000     0.00500000   311.00567716
     0.00900000     0.02300000     0.00400000   315.65252968
     0.00900000     0.02300000     0.00500000   315.65252968
     0.00900000     0.02300000     0.00600000   319.88452990
     0.00900000     0.02400000     0.00500000   315.46323011
     0.00900000     0.02400000     0.00600000   321.20537881
     0.00900000     0.02500000     0.00600000   323.92884258
     0.00900000     0.02500000     0.00700000   336.89674646
     0.00900000     0.02500000     0.00800000   344.95456645
     0.00900000     0.02600000     0.00600000   342.34452799
     0.00900000     0.02600000     0.00700000   342.34452799
     0.00900000     0.02600000     0.00800000   349.31723416
     0.00900000     0.02700000     0.00700000   342.47683892
     0.00900000     0.02700000     0.00800000   350.49675906
     0.00900000     0.02700000     0.00900000   365.11480719
     0.00900000     0.02800000     0.00800000   375.46568735
     0.00900000     0.02800000     0.00900000   375.46568735
     0.00900000     0.02800000     0.01000000   381.79732381
     0.00900000     0.02900000     0.00900000   375.97124077
     0.00900000     0.02900000     0.01000000   382.40990570
     0.00900000     0.03000000     0.01000000   382.40990570
     0.00900000     0.03000000     0.01100000   409.31053558
     0.00900000     0.03000000     0.01200000   417.34202242
     0.00900000     0.03100000     0.01100000   409.73219348
     0.00900000     0.03100000     0.01200000   417.66784767
     0.00900000     0.03100000     0.01300000   439.10757497
     0.00900000     0.03100000     0.01400000   453.73516818
     0.00900000     0.03200000     0.01200000   445.98842236
     0.00900000     0.03200000     0.01300000   445.98842236
     0.00900000     0.03200000     0.01400000   456.60588252
     0.00900000     0.03200000     0.01500000   472.70112898
     0.00900000     0.03300000     0.01300000   445.98842236
     0.00900000     0.03300000     0.01400000   477.90916347
     0.00900000     0.03300000     0.01500000   477.90916347
     0.00900000     0.03300000     0.01600000   485.26092973
     0.00900000     0.03400000     0.01500000   487.85832638
     0.00900000     0.03400000     0.01600000   487.85832638
     0.00900000     0.03400000     0.01700000   494.85938836
     0.00900000     0.03500000     0.01700000   491.46153939
     0.01000000     0.00000000     0.01000000   269.57231747
     0.01000000     0.00100000     0.00900000   272.94505926
     0.01000000     0.00100000     0.01000000   274.30100134
     0.01000000     0.00200000     0.00800000   274.61580001
     0.01000000     0.00200000     0.00900000   276.66583942
     0.01000000     0.00200000     0.01000000   278.26264990
     0.01000000     0.00300000     0.00700000   275.02077638
     0.01000000     0.00300000     0.00800000   277.61909568
     0.01000000     0.00300000     0.00900000   279.78452979
     0.01000000     0.00400000     0.00700000   277.22429958
     0.01000000     0.00400000     0.00800000   279.98851172
     0.01000000     0.00500000     0.00600000   276.53036241
     0.01000000     0.00500000     0.00700000   279.33000685
     0.01000000     0.00500000     0.00800000   281.92628739
     0.01000000     0.00600000     0.00500000   276.06630141
     0.01000000     0.00600000     0.00600000   278.86218859
     0.01000000     0.00600000     0.00700000   281.42163310
     0.01000000     0.00700000     0.00500000   278.06774178
     0.01000000     0.00800000     0.00400000   276.88698503
     0.01000000     0.00800000     0.00500000   279.70875367
     0.01000000     0.00900000     0.00400000   278.90007784
     0.01000000     0.00900000     0.00500000   281.56222346
     0.01000000     0.01000000     0.00400000   280.83320908
     0.01000000     0.01000000     0.00500000   283.17191076
     0.01000000     0.01200000     0.00300000   281.34487796
     0.01000000     0.01300000     0.00300000   283.64055917
     0.01000000     0.01400000     0.00300000   285.63278437
     0.01000000     0.01500000     0.00300000   287.56805100
     0.01000000     0.01600000     0.00300000   289.47142105
     0.01000000     0.01700000     0.00300000   290.77106153
     0.01000000     0.01700000     0.00400000   294.30094646
     0.01000000     0.01800000     0.00300000   290.17011134
     0.01000000     0.01800000     0.00400000   295.92153511
     0.01000000     0.01900000     0.00400000   298.04617360
     0.01000000     0.01900000     0.00500000   301.79871518
     0.01000000     0.02000000     0.00400000   301.45613319
     0.01000000     0.02000000     0.00500000   305.35626787
     0.01000000     0.02100000     0.00400000   303.45662689
     0.01000000     0.02100000     0.00500000   308.02795147
     0.01000000     0.02100000     0.00600000   312.58332165
     0.01000000     0.02200000     0.00400000   303.03146289
     0.01000000     0.02200000     0.00500000   309.44102528
     0.01000000     0.02200000     0.00600000   315.56749834
     0.01000000     0.02300000     0.00500000   313.82332948
     0.01000000     0.02300000     0.00600000   318.11929891
     0.01000000     0.02400000     0.00500000   313.17526172
     0.01000000     0.02400000     0.00600000   317.76139064
     0.01000000     0.02400000     0.00700000   331.98334909
     0.01000000     0.02400000     0.00800000   340.25207210
     0.01000000     0.02500000     0.00600000   337.66332950
     0.01000000     0.02500000     0.00700000   337.66332950
     0.01000000     0.02500000     0.00800000   344.93476964
     0.01000000     0.02600000     0.00700000   339.19890360
     0.01000000     0.02600000     0.00800000   348.70345780
     0.01000000     0.02600000     0.00900000   359.90504713
     0.01000000     0.02700000     0.00800000   351.89509724
     0.01000000     0.02700000     0.00900000   367.42528394
     0.01000000     0.02700000     0.01000000   376.89931494
     0.01000000     0.02800000     0.00900000   373.59552498
     0.01000000     0.02800000     0.01000000   380.26652297
     0.01000000     0.02900000     0.00900000   373.96687812
     0.01000000     0.02900000     0.01000000   380.74303301
     0.01000000     0.02900000     0.01100000   402.69007849
     0.01000000     0.02900000     0.01200000   414.06687858
     0.01000000     0.03000000     0.01000000   380.74303301
     0.01000000     0.03000000     0.01100000   407.85995127
     0.01000000     0.03000000     0.01200000   417.21131934
     0.01000000     0.03100000     0.01100000   420.38354606
     0.01000000     0.03100000     0.01200000   420.38354606
     0.01000000     0.03100000     0.01300000   432.66861479
     0.01000000     0.03100000     0.01400000   448.52249768
     0.01000000     0.03200000     0.01300000   456.43377748
     0.01000000     0.03200000     0.01400000   456.43377748
     0.01000000     0.03200000     0.01500000   469.21255255
     0.01000000     0.03300000     0.01500000   473.44636581
     0.01100000     0.00100000     0.01000000   273.46295527
     0.01100000     0.00200000     0.00900000   275.41835919
     0.01100000     0.00200000     0.01000000   276.99014203
     0.01100000     0.00200000     0.01100000   278.66603995
     0.01100000     0.00300000     0.00800000   276.25724185
     0.01100000     0.00300000     0.00900000   278.37467120
     0.01100000     0.00300000     0.01000000   280.52482548
     0.01100000     0.00300000     0.01100000   282.48387063
     0.01100000     0.00400000     0.00800000   278.65170735
     0.01100000     0.00400000     0.00900000   281.16960585
     0.01100000     0.00400000     0.01000000   283.48270022
     0.01100000     0.00500000     0.00700000   277.88751253
     0.01100000     0.00500000     0.00800000   280.83113353
     0.01100000     0.00500000     0.00900000   283.47970656
     0.01100000     0.00600000     0.00600000   277.17513105
     0.01100000     0.00600000     0.00700000   279.83323948
     0.01100000     0.00600000     0.00800000   282.72506117
     0.01100000     0.00700000     0.00600000   279.20548135
     0.01100000     0.00700000     0.00700000   281.60367265
     0.01100000     0.00700000     0.00800000   283.96322744
     0.01100000     0.00800000     0.00500000   277.94195616
     0.01100000     0.00800000     0.00600000   280.75200848
     0.01100000     0.00800000     0.00700000   283.21714321
     0.01100000     0.00900000     0.00500000   279.92963012
     0.01100000     0.00900000     0.00600000   282.53786211
     0.01100000     0.01000000     0.00400000   278.91645704
     0.01100000     0.01000000     0.00500000   281.45546796
     0.01100000     0.01000000     0.00600000   283.86797153
     0.01100000     0.01100000     0.00400000   281.10334454
     0.01100000     0.01100000     0.00500000   283.40258014
     0.01100000     0.01100000     0.00600000   285.37129490
     0.01100000     0.01200000     0.00400000   282.93930767
     0.01100000     0.01200000     0.00500000   285.34910013
     0.01100000     0.01300000     0.00400000   284.72475597
     0.01100000     0.01300000     0.00500000   287.16158837
     0.01100000     0.01400000     0.00400000   286.63403950
     0.01100000     0.01400000     0.00500000   289.09838360
     0.01100000     0.01500000     0.00400000   288.68178793
     0.01100000     0.01500000     0.00500000   291.25242199
     0.01100000     0.01600000     0.00400000   290.83881179
     0.01100000     0.01600000     0.00500000   293.60331389
     0.01100000     0.01700000     0.00400000   293.00749348
     0.01100000     0.01700000     0.00500000   296.05895167
     0.01100000     0.01800000     0.00400000   294.64039862
     0.01100000     0.01800000     0.00500000   298.20096503
     0.01100000     0.01800000     0.00600000   301.30987664
     0.01100000     0.01900000     0.00400000   294.29642046
     0.01100000     0.01900000     0.00500000   299.40314339
     0.01100000     0.01900000     0.00600000   304.25879985
     0.01100000     0.02000000     0.00500000   304.37932785
     0.01100000     0.02000000     0.00600000   308.31442558
     0.01100000     0.02100000     0.00500000   306.92818424
     0.01100000     0.02100000     0.00600000   310.74113844
     0.01100000     0.02100000     0.00700000   316.54135477
     0.01100000     0.02200000     0.00500000   306.85192356
     0.01100000     0.02200000     0.00600000   313.38827010
     0.01100000     0.02200000     0.00700000   321.63342403
     0.01100000     0.02200000     0.00800000   328.07580223
     0.01100000     0.02300000     0.00600000   315.99566344
     0.01100000     0.02300000     0.00700000   324.91685939
     0.01100000     0.02300000     0.00800000   333.23138580
     0.01100000     0.02400000     0.00600000   317.76139064
     0.01100000     0.02400000     0.00700000   332.75416370
     0.01100000     0.02400000     0.00800000   338.49111479
     0.01100000     0.02500000     0.00700000   333.86244837
     0.01100000     0.02500000     0.00800000   342.85970854
     0.01100000     0.02500000     0.00900000   354.96328493
     0.01100000     0.02500000     0.01000000   363.79230319
     0.01100000     0.02600000     0.00800000   347.48964589
     0.01100000     0.02600000     0.00900000   359.05595363
     0.01100000     0.02600000     0.01000000   368.41035670
     0.01100000     0.02700000     0.00900000   368.57843144
     0.01100000     0.02700000     0.01000000   375.44581950
     0.01100000     0.02700000     0.01100000   389.90161359
     0.01100000     0.02700000     0.01200000   401.15334959
     0.01100000     0.02800000     0.00900000   369.45726385
     0.01100000     0.02800000     0.01000000   376.28573383
     0.01100000     0.02800000     0.01100000   394.61795304
     0.01100000     0.02800000     0.01200000   407.25168914
     0.01100000     0.02900000     0.01000000   405.27784256
     0.01100000     0.02900000     0.01100000   405.27784256
     0.01100000     0.02900000     0.01200000   412.86243463
     0.01100000     0.03000000     0.01100000   406.22452562
     0.01100000     0.03000000     0.01200000   416.75284543
     0.01100000     0.03100000     0.01200000   419.67112639
     0.01200000     0.00200000     0.01100000   278.04096841
     0.01200000     0.00300000     0.01000000   279.31048320
     0.01200000     0.00300000     0.01100000   281.17766493
     0.01200000     0.00400000     0.00900000   279.64149844
     0.01200000     0.00400000     0.01000000   281.94597215
     0.01200000     0.00500000     0.00800000   279.16656399
     0.01200000     0.00500000     0.00900000   281.78174133
     0.01200000     0.00600000     0.00800000   281.11569750
     0.01200000     0.00700000     0.00700000   279.38835339
     0.01200000     0.00700000     0.00800000   282.14726625
     0.01200000     0.00800000     0.00600000   278.70811294
     0.01200000     0.00800000     0.00700000   281.25105380
     0.01200000     0.00900000     0.00600000   280.64067497
     0.01200000     0.01000000     0.00600000   281.96782853
     0.01200000     0.01100000     0.00500000   281.07974291
     0.01200000     0.01100000     0.00600000   283.38453084
     0.01200000     0.01200000     0.00500000   283.26726009
     0.01200000     0.01300000     0.00500000   285.14665436
     0.01200000     0.01400000     0.00500000   287.10570356
     0.01200000     0.01500000     0.00500000   289.31382223
     0.01200000     0.01600000     0.00500000   291.76265450
     0.01200000     0.01700000     0.00500000   294.33869841
     0.01200000     0.01800000     0.00500000   296.27246370
     0.01200000     0.01800000     0.00600000   299.43884345
     0.01200000     0.01900000     0.00500000   296.09897564
     0.01200000     0.01900000     0.00600000   301.83803658
     0.01200000     0.02000000     0.00600000   306.59271590
     0.01200000     0.02100000     0.00600000   307.02051014
     0.01200000     0.02100000     0.00700000   314.42220281
     0.01200000     0.02200000     0.00700000   321.16476511
     0.01200000     0.02200000     0.00800000   326.41547045
     0.01200000     0.02300000     0.00700000   322.07575073
     0.01200000     0.02300000     0.00800000   330.65024554
     0.01200000     0.02400000     0.00800000   334.91582813
     0.01200000     0.02500000     0.00800000   355.52565376
     0.01200000     0.02500000     0.00900000   355.52565376
     0.01200000     0.02500000     0.01000000   361.91337156
     0.01200000     0.02600000     0.00900000   356.29408679
     0.01200000     0.02600000     0.01000000   362.91037288
     0.01200000     0.02700000     0.01000000   391.87185421
     0.01200000     0.02700000     0.01100000   391.87185421
     0.01200000     0.02700000     0.01200000   399.57145188
     0.01200000     0.02800000     0.01100000   393.30814970
     0.01200000     0.02800000     0.01200000   404.47083528
     0.01200000     0.02900000     0.01200000   408.50084507
