     0.00000000     0.00800000     0.00600000   118.55244247
     0.00100000     0.00300000     0.00800000   110.69955954
     0.00100000     0.00400000     0.00800000   111.78728628
     0.00100000     0.00600000     0.00600000   115.94127636
     0.00100000     0.00700000     0.00600000   117.24614188
     0.00100000     0.00800000     0.00500000   119.66482499
     0.00100000     0.00800000     0.00600000   119.49194484
     0.00100000     0.01000000     0.00400000   123.63025700
     0.00100000     0.01100000     0.00400000   125.11470573
     0.00100000     0.01200000     0.00400000   127.00168206
     0.00100000     0.01300000     0.00400000   129.05057782
     0.00100000     0.01400000     0.00400000   131.08611009
     0.00100000     0.01500000     0.00400000   133.11902037
     0.00100000     0.01600000     0.00400000   135.10365751
     0.00100000     0.01700000     0.00400000   136.95690159
     0.00100000     0.01800000     0.00400000   138.34486375
     0.00100000     0.01900000     0.00400000   138.51343861
     0.00100000     0.02200000     0.00500000   144.99077725
     0.00100000     0.02200000     0.00600000   147.31979832
     0.00100000     0.02300000     0.00600000   148.19194863
     0.00100000     0.02400000     0.00600000   150.14366624
     0.00100000     0.02600000     0.00800000   158.42941789
     0.00200000     0.00200000     0.00800000   110.17660925
     0.00200000     0.00300000     0.00700000   111.64864067
     0.00200000     0.00300000     0.00800000   111.68123697
     0.00200000     0.00400000     0.00700000   112.83236868
     0.00200000     0.00400000     0.00800000   112.94703362
     0.00200000     0.00500000     0.00600000   115.07424162
     0.00200000     0.00600000     0.00500000   116.78441112
     0.00200000     0.00600000     0.00600000   116.84830048
     0.00200000     0.00700000     0.00500000   118.13724939
     0.00200000     0.00700000     0.00600000   118.35635063
     0.00200000     0.00800000     0.00400000   120.32849941
     0.00200000     0.00800000     0.00500000   120.42425175
     0.00200000     0.00800000     0.00600000   120.27467918
     0.00200000     0.00900000     0.00400000   121.75463049
     0.00200000     0.01000000     0.00400000   123.94801801
     0.00200000     0.01100000     0.00400000   125.88776609
     0.00200000     0.01200000     0.00300000   128.09612059
     0.00200000     0.01200000     0.00400000   128.15120909
     0.00200000     0.01300000     0.00300000   129.59995391
     0.00200000     0.01300000     0.00400000   130.19721665
     0.00200000     0.01400000     0.00300000   131.43542039
     0.00200000     0.01400000     0.00400000   132.18034504
     0.00200000     0.01500000     0.00300000   133.35168796
     0.00200000     0.01500000     0.00400000   134.18343920
     0.00200000     0.01600000     0.00300000   135.17788502
     0.00200000     0.01600000     0.00400000   136.11426935
     0.00200000     0.01700000     0.00300000   136.53735315
     0.00200000     0.01700000     0.00400000   137.82522602
     0.00200000     0.01800000     0.00300000   136.66725845
     0.00200000     0.01800000     0.00400000   139.15024864
     0.00200000     0.01900000     0.00400000   140.70016185
     0.00200000     0.02000000     0.00400000   143.04063823
     0.00200000     0.02100000     0.00400000   144.27961485
     0.00200000     0.02200000     0.00400000   144.21185751
     0.00200000     0.02200000     0.00500000   146.63095943
     0.00200000     0.02200000     0.00600000   148.72053529
     0.00200000     0.02300000     0.00500000   148.73556629
     0.00200000     0.02300000     0.00600000   150.03504174
     0.00200000     0.02400000     0.00500000   148.50114820
     0.00200000     0.02400000     0.00600000   150.14366624
     0.00200000     0.02500000     0.00600000   152.77931300
     0.00200000     0.02600000     0.00700000   157.06986488
     0.00200000     0.02600000     0.00800000   159.90592950
     0.00200000     0.02700000     0.00800000   160.84351511
     0.00200000     0.03000000     0.01000000   169.26984775
     0.00300000     0.00200000     0.00800000   110.89213677
     0.00300000     0.00400000     0.00600000   114.01108792
     0.00300000     0.00700000     0.00400000   119.03865821
     0.00300000     0.00800000     0.00400000   120.71669221
     0.00300000     0.00900000     0.00400000   122.43250625
     0.00300000     0.01000000     0.00300000   124.48254692
     0.00300000     0.01000000     0.00400000   124.56795118
     0.00300000     0.02000000     0.00300000   140.49290180
     0.00300000     0.02000000     0.00400000   143.44761288
     0.00300000     0.02100000     0.00400000   145.16805752
     0.00300000     0.02200000     0.00400000   145.16172069
     0.00300000     0.02300000     0.00400000   149.74432332
     0.00300000     0.02400000     0.00500000   149.65103324
     0.00300000     0.02400000     0.00600000   151.82638562
     0.00300000     0.02500000     0.00600000   152.77931300
     0.00300000     0.02600000     0.00600000   158.85382916
     0.00300000     0.02800000     0.00800000   168.53924244
     0.00300000     0.03000000     0.01000000   170.46841018
     0.00300000     0.03200000     0.01200000   191.23230787
     0.00400000     0.00100000     0.00800000   109.84547501
     0.00400000     0.00200000     0.00700000   111.14923277
     0.00400000     0.00200000     0.00800000   111.36553509
     0.00400000     0.00400000     0.00600000   114.57738206
     0.00400000     0.00600000     0.00400000   117.77130860
     0.00400000     0.00700000     0.00400000   119.34714198
     0.00400000     0.00800000     0.00400000   121.01438879
     0.00400000     0.00900000     0.00300000   122.99215739
     0.00400000     0.00900000     0.00400000   123.03258282
     0.00400000     0.01000000     0.00300000   124.76633457
     0.00400000     0.01000000     0.00400000   125.15171694
     0.00400000     0.02000000     0.00300000   142.03688796
     0.00400000     0.02000000     0.00400000   143.81255723
     0.00400000     0.02100000     0.00300000   142.02927332
     0.00400000     0.02100000     0.00400000   145.21065575
     0.00400000     0.02200000     0.00400000   146.38814047
     0.00400000     0.02300000     0.00400000   146.38314063
     0.00400000     0.02400000     0.00500000   151.12565861
     0.00400000     0.02400000     0.00600000   153.06177916
     0.00400000     0.02500000     0.00500000   150.96424745
     0.00400000     0.02500000     0.00600000   153.18091336
     0.00400000     0.02600000     0.00600000   154.91271229
     0.00400000     0.02800000     0.00800000   163.44742079
     0.00400000     0.02900000     0.00800000   170.12614092
     0.00400000     0.03000000     0.00900000   170.06004139
     0.00400000     0.03000000     0.01000000   172.19736258
     0.00400000     0.03100000     0.01000000   179.39514399
     0.00400000     0.03200000     0.01100000   179.39514399
     0.00400000     0.03200000     0.01200000   193.18272373
     0.00400000     0.03400000     0.01500000   217.72852882
     0.00400000     0.03400000     0.01600000   224.43566908
     0.00400000     0.03500000     0.01600000   224.43566908
     0.00400000     0.03600000     0.01800000   250.81308385
     0.00400000     0.03800000     0.02100000   373.78628414
     0.00400000     0.03800000     0.02200000   375.89589850
     0.00400000     0.04000000     0.02400000   456.58947475
     0.00400000     0.04200000     0.02500000   148.14836128
     0.00400000     0.04200000     0.02600000     0.00000000
     0.00400000     0.04300000     0.02600000     0.00000000
     0.00400000     0.04400000     0.02700000     0.00000000
     0.00400000     0.04400000     0.02800000     0.00000000
     0.00400000     0.04500000     0.02800000     0.00000000
     0.00500000     0.00100000     0.00800000   110.39198709
     0.00500000     0.00200000     0.00700000   111.73391243
     0.00500000     0.00200000     0.00800000   111.84456260
     0.00500000     0.00300000     0.00600000   112.68780869
     0.00500000     0.00400000     0.00600000   114.32799939
     0.00500000     0.00600000     0.00400000   118.34548681
     0.00500000     0.00700000     0.00400000   119.60609291
     0.00500000     0.00800000     0.00400000   121.17818516
     0.00500000     0.01300000     0.00200000   130.01886159
     0.00500000     0.01400000     0.00200000   131.22749641
     0.00500000     0.01500000     0.00200000   132.21150986
     0.00500000     0.01600000     0.00200000   132.12209121
     0.00500000     0.02200000     0.00400000   147.23175710
     0.00500000     0.02300000     0.00400000   147.14985138
     0.00500000     0.02600000     0.00600000   154.91271229
     0.00500000     0.02800000     0.00700000   160.79253598
     0.00500000     0.02800000     0.00800000   163.50483081
     0.00500000     0.02900000     0.00800000   171.29346718
     0.00500000     0.03000000     0.00900000   171.06985011
     0.00500000     0.03000000     0.01000000   173.19219453
     0.00500000     0.03100000     0.01000000   179.82583632
     0.00500000     0.03200000     0.01100000   179.82583632
     0.00500000     0.03200000     0.01200000   197.44932790
     0.00500000     0.03400000     0.01400000   210.16489308
     0.00500000     0.03400000     0.01500000   216.52293086
     0.00500000     0.03400000     0.01600000   224.06287301
     0.00500000     0.03500000     0.01600000   224.06287301
     0.00500000     0.03600000     0.01800000   265.48924811
     0.00500000     0.03600000     0.01900000   274.42198018
     0.00500000     0.03600000     0.02000000   286.54086387
     0.00500000     0.03700000     0.01900000   274.42198018
     0.00500000     0.03700000     0.02000000   360.78961277
     0.00500000     0.03800000     0.02100000   373.78628414
     0.00500000     0.03800000     0.02200000   375.89589850
     0.00500000     0.03900000     0.02200000   375.89589850
     0.00500000     0.04000000     0.02300000   415.57459141
     0.00500000     0.04000000     0.02400000   406.84773181
     0.00500000     0.04100000     0.02400000   406.84773181
     0.00500000     0.04200000     0.02500000   146.19029763
     0.00500000     0.04200000     0.02600000     0.00000000
     0.00500000     0.04300000     0.02600000     0.00000000
     0.00500000     0.04400000     0.02700000     0.00000000
     0.00500000     0.04400000     0.02800000     0.00000000
     0.00500000     0.04500000     0.02800000     0.00000000
     0.00500000     0.04600000     0.02900000     0.00000000
     0.00500000     0.04600000     0.03000000     0.00000000
     0.00500000     0.04700000     0.02900000     0.00000000
     0.00500000     0.04700000     0.03000000     0.00000000
     0.00500000     0.04800000     0.03000000     0.00000000
     0.00600000     0.00100000     0.00800000   110.48668333
     0.00600000     0.00200000     0.00700000   111.85849166
     0.00600000     0.00200000     0.00800000   111.91546348
     0.00600000     0.00300000     0.00600000   113.04876678
     0.00600000     0.00400000     0.00600000   114.32054509
     0.00600000     0.00600000     0.00400000   118.43360873
     0.00600000     0.00700000     0.00400000   119.63621565
     0.00600000     0.00800000     0.00400000   121.15670401
     0.00600000     0.01300000     0.00200000   130.50881304
     0.00600000     0.01400000     0.00200000   131.71774449
     0.00600000     0.01500000     0.00200000   132.69324379
     0.00600000     0.01600000     0.00200000   132.59796070
     0.00600000     0.02200000     0.00400000   147.33782786
     0.00600000     0.02300000     0.00400000   147.28924972
     0.00600000     0.02600000     0.00600000   155.48236613
     0.00600000     0.02800000     0.00700000   161.38064009
     0.00600000     0.02800000     0.00800000   163.54065355
     0.00600000     0.02900000     0.00800000   171.49657375
     0.00600000     0.03000000     0.00900000   171.30035772
     0.00600000     0.03000000     0.01000000   173.43202983
     0.00600000     0.03100000     0.01000000   179.93150434
     0.00600000     0.03200000     0.01100000   179.93150434
     0.00600000     0.03200000     0.01200000   199.46329863
     0.00600000     0.03400000     0.01400000   210.91562531
     0.00600000     0.03400000     0.01500000   215.88569263
     0.00600000     0.03400000     0.01600000   224.11305205
     0.00600000     0.03500000     0.01600000   224.11305205
     0.00600000     0.03600000     0.01800000   264.74926460
     0.00600000     0.03600000     0.01900000   273.75183323
     0.00600000     0.03600000     0.02000000   280.20920029
     0.00600000     0.03700000     0.01900000   273.75183323
     0.00600000     0.03700000     0.02000000   368.95712448
     0.00600000     0.03800000     0.02100000   375.52095966
     0.00600000     0.03800000     0.02200000   373.09339079
     0.00600000     0.03900000     0.02200000   373.09339079
     0.00600000     0.04000000     0.02300000   437.68689168
     0.00600000     0.04000000     0.02400000   399.91272986
     0.00600000     0.04100000     0.02400000   393.52785856
     0.00600000     0.04200000     0.02500000   146.77345468
     0.00600000     0.04200000     0.02600000     0.00000000
     0.00600000     0.04300000     0.02600000     0.00000000
     0.00600000     0.04400000     0.02700000     0.00000000
     0.00600000     0.04400000     0.02800000     0.00000000
     0.00600000     0.04500000     0.02800000     0.00000000
     0.00600000     0.04600000     0.02900000     0.00000000
     0.00600000     0.04600000     0.03000000     0.00000000
     0.00600000     0.04700000     0.02900000     0.00000000
     0.00600000     0.04700000     0.03000000     0.00000000
     0.00600000     0.04800000     0.03000000     0.00000000
     0.00700000     0.00100000     0.00800000   110.22270740
     0.00700000     0.00200000     0.00700000   111.56312820
     0.00700000     0.00200000     0.00800000   111.65802713
     0.00700000     0.00300000     0.00600000   112.62205724
     0.00700000     0.00400000     0.00600000   114.15987865
     0.00700000     0.00600000     0.00400000   118.16598836
     0.00700000     0.00700000     0.00400000   119.40619479
     0.00700000     0.00800000     0.00400000   120.95315565
     0.00700000     0.01300000     0.00200000   129.97207707
     0.00700000     0.01400000     0.00200000   131.18210317
     0.00700000     0.01500000     0.00200000   132.16498583
     0.00700000     0.01600000     0.00200000   132.07485136
     0.00700000     0.02200000     0.00400000   147.04773103
     0.00700000     0.02300000     0.00400000   146.98590628
     0.00700000     0.02600000     0.00600000   154.85254346
     0.00700000     0.02800000     0.00700000   160.74050733
     0.00700000     0.02800000     0.00800000   163.38773620
     0.00700000     0.02900000     0.00800000   171.15353732
     0.00700000     0.03000000     0.00900000   170.95230383
     0.00700000     0.03000000     0.01000000   173.06957181
     0.00700000     0.03100000     0.01000000   179.68540665
     0.00700000     0.03200000     0.01100000   179.68540665
     0.00700000     0.03200000     0.01200000   197.35670436
     0.00700000     0.03400000     0.01400000   210.14647771
     0.00700000     0.03400000     0.01500000   216.47559775
     0.00700000     0.03400000     0.01600000   223.99472954
     0.00700000     0.03500000     0.01600000   223.99472954
     0.00700000     0.03600000     0.01800000   265.47588682
     0.00700000     0.03600000     0.01900000   274.39749511
     0.00700000     0.03600000     0.02000000   286.51076481
     0.00700000     0.03700000     0.01900000   274.39749511
     0.00700000     0.03700000     0.02000000   360.78069394
     0.00700000     0.03800000     0.02100000   373.78298583
     0.00700000     0.03800000     0.02200000   375.89374827
     0.00700000     0.03900000     0.02200000   375.89374827
     0.00700000     0.04000000     0.02300000   415.57406407
     0.00700000     0.04000000     0.02400000   406.84721392
     0.00700000     0.04100000     0.02400000   387.87446949
     0.00700000     0.04200000     0.02500000   146.19031905
     0.00700000     0.04200000     0.02600000     0.00000000
     0.00700000     0.04300000     0.02600000     0.00000000
     0.00700000     0.04400000     0.02700000     0.00000000
     0.00700000     0.04400000     0.02800000     0.00000000
     0.00700000     0.04500000     0.02800000     0.00000000
     0.00700000     0.04600000     0.02900000     0.00000000
     0.00700000     0.04600000     0.03000000     0.00000000
     0.00700000     0.04700000     0.02900000     0.00000000
     0.00700000     0.04700000     0.03000000     0.00000000
     0.00700000     0.04800000     0.03000000     0.00000000
     0.00800000     0.00100000     0.00800000   109.58486091
     0.00800000     0.00200000     0.00700000   110.88661399
     0.00800000     0.00200000     0.00800000   111.02351493
     0.00800000     0.00400000     0.00600000   114.16417087
     0.00800000     0.00600000     0.00400000   117.49844762
     0.00800000     0.00700000     0.00400000   118.98886827
     0.00800000     0.00800000     0.00400000   120.58305662
     0.00800000     0.00900000     0.00300000   122.70813873
     0.00800000     0.00900000     0.00400000   122.60066522
     0.00800000     0.01000000     0.00300000   124.40233280
     0.00800000     0.01000000     0.00400000   124.71543194
     0.00800000     0.02000000     0.00300000   141.71462739
     0.00800000     0.02000000     0.00400000   143.43163175
     0.00800000     0.02100000     0.00300000   141.78187576
     0.00800000     0.02100000     0.00400000   144.83991141
     0.00800000     0.02200000     0.00400000   146.04312741
     0.00800000     0.02300000     0.00400000   146.13404435
     0.00800000     0.02400000     0.00500000   150.79942740
     0.00800000     0.02400000     0.00600000   152.69719626
     0.00800000     0.02500000     0.00500000   150.73233689
     0.00800000     0.02500000     0.00600000   152.86350833
     0.00800000     0.02600000     0.00600000   154.85254346
     0.00800000     0.02800000     0.00800000   163.21573643
     0.00800000     0.02900000     0.00800000   169.85229600
     0.00800000     0.03000000     0.00900000   169.88631621
     0.00800000     0.03000000     0.01000000   172.01187815
     0.00800000     0.03100000     0.01000000   179.13373217
     0.00800000     0.03200000     0.01100000   179.13373217
     0.00800000     0.03200000     0.01200000   192.94318983
     0.00800000     0.03400000     0.01500000   217.63035309
     0.00800000     0.03400000     0.01600000   224.31286806
     0.00800000     0.03500000     0.01600000   224.31286806
     0.00800000     0.03600000     0.01800000   250.71859567
     0.00800000     0.03800000     0.02100000   373.78298583
     0.00800000     0.03800000     0.02200000   375.89374827
     0.00800000     0.04000000     0.02400000   456.58691417
     0.00800000     0.04200000     0.02500000   148.14837035
     0.00800000     0.04200000     0.02600000     0.00000000
     0.00800000     0.04300000     0.02600000     0.00000000
     0.00800000     0.04400000     0.02700000     0.00000000
     0.00800000     0.04400000     0.02800000     0.00000000
     0.00800000     0.04500000     0.02800000     0.00000000
     0.00900000     0.00200000     0.00800000   110.28229611
     0.00900000     0.00400000     0.00600000   113.50104349
     0.00900000     0.00500000     0.00500000   115.29167372
     0.00900000     0.00500000     0.00600000   115.24663354
     0.00900000     0.00600000     0.00500000   116.71291442
     0.00900000     0.00600000     0.00600000   116.88341055
     0.00900000     0.00700000     0.00400000   118.54213559
     0.00900000     0.00800000     0.00400000   120.12503111
     0.00900000     0.00900000     0.00400000   121.77924014
     0.00900000     0.01000000     0.00300000   123.99414207
     0.00900000     0.01000000     0.00400000   123.91341807
     0.00900000     0.01100000     0.00300000   125.47342008
     0.00900000     0.01100000     0.00400000   125.90429846
     0.00900000     0.01200000     0.00300000   127.73945884
     0.00900000     0.01200000     0.00400000   128.15578576
     0.00900000     0.01800000     0.00300000   138.13520902
     0.00900000     0.01800000     0.00400000   139.46361100
     0.00900000     0.01900000     0.00300000   139.97961207
     0.00900000     0.01900000     0.00400000   141.36604101
     0.00900000     0.02000000     0.00300000   140.05928905
     0.00900000     0.02000000     0.00400000   142.88310797
     0.00900000     0.02100000     0.00400000   144.60242485
     0.00900000     0.02200000     0.00400000   144.61402258
     0.00900000     0.02300000     0.00400000   149.19737404
     0.00900000     0.02400000     0.00500000   149.12566993
     0.00900000     0.02400000     0.00600000   151.29484267
     0.00900000     0.02500000     0.00600000   152.32966815
     0.00900000     0.02600000     0.00600000   158.34256148
     0.00900000     0.02600000     0.00700000   158.34256148
     0.00900000     0.02600000     0.00800000   160.50851089
     0.00900000     0.02700000     0.00700000   158.50473280
     0.00900000     0.02700000     0.00800000   160.82960853
     0.00900000     0.02800000     0.00800000   168.04119117
     0.00900000     0.03000000     0.01000000   169.99429456
     0.00900000     0.03200000     0.01200000   190.93723941
     0.01000000     0.00200000     0.00800000   109.47830203
     0.01000000     0.00300000     0.00700000   110.95536429
     0.01000000     0.00300000     0.00800000   110.90666138
     0.01000000     0.00400000     0.00700000   112.10335662
     0.01000000     0.00400000     0.00800000   112.10126259
     0.01000000     0.00500000     0.00600000   114.33424151
     0.01000000     0.00600000     0.00500000   116.08070271
     0.01000000     0.00600000     0.00600000   116.03591095
     0.01000000     0.00700000     0.00500000   117.40123961
     0.01000000     0.00700000     0.00600000   117.48405472
     0.01000000     0.00800000     0.00400000   119.61441694
     0.01000000     0.00800000     0.00500000   119.59910827
     0.01000000     0.00800000     0.00600000   119.31642378
     0.01000000     0.00900000     0.00400000   121.01255671
     0.01000000     0.01000000     0.00400000   123.10520523
     0.01000000     0.01100000     0.00400000   124.98744898
     0.01000000     0.01200000     0.00300000   127.38348509
     0.01000000     0.01200000     0.00400000   127.27545453
     0.01000000     0.01300000     0.00300000   128.87761924
     0.01000000     0.01300000     0.00400000   129.33867332
     0.01000000     0.01400000     0.00300000   130.71117954
     0.01000000     0.01400000     0.00400000   131.32474021
     0.01000000     0.01500000     0.00300000   132.63414645
     0.01000000     0.01500000     0.00400000   133.33157317
     0.01000000     0.01600000     0.00300000   134.47350999
     0.01000000     0.01600000     0.00400000   135.28015872
     0.01000000     0.01700000     0.00300000   135.85194949
     0.01000000     0.01700000     0.00400000   137.01134757
     0.01000000     0.01800000     0.00300000   135.99682639
     0.01000000     0.01800000     0.00400000   138.33673423
     0.01000000     0.01900000     0.00400000   139.91650339
     0.01000000     0.02000000     0.00400000   142.36769519
     0.01000000     0.02100000     0.00400000   143.64640473
     0.01000000     0.02200000     0.00400000   143.59729568
     0.01000000     0.02200000     0.00500000   145.93131638
     0.01000000     0.02200000     0.00600000   147.92217525
     0.01000000     0.02300000     0.00500000   148.12452460
     0.01000000     0.02300000     0.00600000   149.33004323
     0.01000000     0.02400000     0.00500000   147.92122724
     0.01000000     0.02400000     0.00600000   149.52425606
     0.01000000     0.02500000     0.00600000   155.67612228
     0.01000000     0.02600000     0.00700000   156.44112873
     0.01000000     0.02600000     0.00800000   159.21512700
     0.01000000     0.02700000     0.00800000   160.24181985
     0.01000000     0.03000000     0.01000000   168.73343386
     0.01100000     0.00300000     0.00800000   109.79132703
     0.01100000     0.00400000     0.00800000   110.81525513
     0.01100000     0.00600000     0.00600000   114.98175173
     0.01100000     0.00700000     0.00600000   116.23413392
     0.01100000     0.00800000     0.00500000   118.68150430
     0.01100000     0.00800000     0.00600000   118.37739205
     0.01100000     0.01000000     0.00400000   122.68527150
     0.01100000     0.01100000     0.00400000   124.14330209
     0.01100000     0.01200000     0.00400000   126.01106362
     0.01100000     0.01300000     0.00400000   128.05527643
     0.01100000     0.01400000     0.00400000   130.09301154
     0.01100000     0.01500000     0.00400000   132.14178579
     0.01100000     0.01600000     0.00400000   134.13886000
     0.01100000     0.01700000     0.00400000   136.01608502
     0.01100000     0.01800000     0.00400000   137.42874460
     0.01100000     0.01900000     0.00400000   137.61713232
     0.01100000     0.02200000     0.00500000   144.16623539
     0.01100000     0.02200000     0.00600000   146.42944711
     0.01100000     0.02300000     0.00600000   147.31489796
     0.01100000     0.02400000     0.00600000   149.52425606
     0.01100000     0.02600000     0.00800000   157.61971340
     0.01200000     0.00800000     0.00600000   117.30172903
     0.00000000     0.00200000     0.01100000   106.76364896
     0.00000000     0.00300000     0.01000000   108.57455879
     0.00000000     0.00300000     0.01100000   108.19189508
     0.00000000     0.00400000     0.00900000   110.52794615
     0.00000000     0.00400000     0.01000000   110.14410569
     0.00000000     0.00500000     0.00800000   112.44649961
     0.00000000     0.00500000     0.00900000   112.17223382
     0.00000000     0.00600000     0.00800000   113.58992074
     0.00000000     0.00700000     0.00700000   116.29174619
     0.00000000     0.00700000     0.00800000   115.71328736
     0.00000000     0.00800000     0.00600000   118.55244247
     0.00000000     0.00800000     0.00700000   118.26185924
     0.00000000     0.00900000     0.00600000   119.91129642
     0.00000000     0.01000000     0.00600000   121.67459221
     0.00000000     0.01100000     0.00500000   124.79951422
     0.00000000     0.01100000     0.00600000   124.43684451
     0.00000000     0.01200000     0.00500000   126.30558462
     0.00000000     0.01300000     0.00500000   128.20434364
     0.00000000     0.01400000     0.00500000   130.29654401
     0.00000000     0.01500000     0.00500000   132.44339824
     0.00000000     0.01600000     0.00500000   134.59120590
     0.00000000     0.01700000     0.00500000   136.64353947
     0.00000000     0.01800000     0.00500000   138.18452470
     0.00000000     0.01800000     0.00600000   139.24526535
     0.00000000     0.01900000     0.00500000   138.44159233
     0.00000000     0.01900000     0.00600000   140.67353792
     0.00000000     0.02000000     0.00600000   143.00757966
     0.00000000     0.02100000     0.00600000   143.35347785
     0.00000000     0.02100000     0.00700000   145.89682676
     0.00000000     0.02200000     0.00700000   148.53620918
     0.00000000     0.02200000     0.00800000   150.01322176
     0.00000000     0.02300000     0.00700000   148.93971918
     0.00000000     0.02300000     0.00800000   151.56250038
     0.00000000     0.02400000     0.00800000   152.76499925
     0.00000000     0.02500000     0.00800000   159.07166575
     0.00000000     0.02500000     0.00900000   159.07166575
     0.00000000     0.02500000     0.01000000   160.60807191
     0.00000000     0.02600000     0.00900000   159.30541185
     0.00000000     0.02600000     0.01000000   160.96950616
     0.00000000     0.02700000     0.01000000   168.27481445
     0.00000000     0.02700000     0.01100000   168.27481445
     0.00000000     0.02700000     0.01200000   170.08777136
     0.00000000     0.02800000     0.01100000   168.76792153
     0.00000000     0.02800000     0.01200000   171.74785195
     0.00000000     0.02900000     0.01200000   172.71057551
     0.00100000     0.00100000     0.01000000   107.64234971
     0.00100000     0.00200000     0.00900000   109.16327322
     0.00100000     0.00200000     0.01000000   109.02832173
     0.00100000     0.00200000     0.01100000   108.41585275
     0.00100000     0.00300000     0.00800000   110.69955954
     0.00100000     0.00300000     0.00900000   110.65864161
     0.00100000     0.00300000     0.01000000   110.09511965
     0.00100000     0.00300000     0.01100000   109.25288130
     0.00100000     0.00400000     0.00800000   111.78728628
     0.00100000     0.00400000     0.00900000   111.82082051
     0.00100000     0.00400000     0.01000000   111.15856156
     0.00100000     0.00500000     0.00700000   113.94787430
     0.00100000     0.00500000     0.00800000   113.56237251
     0.00100000     0.00500000     0.00900000   113.11841892
     0.00100000     0.00600000     0.00600000   115.94127636
     0.00100000     0.00600000     0.00700000   115.78317939
     0.00100000     0.00600000     0.00800000   115.01392092
     0.00100000     0.00700000     0.00600000   117.24614188
     0.00100000     0.00700000     0.00700000   117.37075084
     0.00100000     0.00700000     0.00800000   116.68456713
     0.00100000     0.00800000     0.00500000   119.66482499
     0.00100000     0.00800000     0.00600000   119.49194484
     0.00100000     0.00800000     0.00700000   119.12992747
     0.00100000     0.00900000     0.00500000   121.09170951
     0.00100000     0.00900000     0.00600000   121.18729679
     0.00100000     0.01000000     0.00400000   123.63025700
     0.00100000     0.01000000     0.00500000   123.54157056
     0.00100000     0.01000000     0.00600000   123.05557008
     0.00100000     0.01100000     0.00400000   125.11470573
     0.00100000     0.01100000     0.00500000   125.63517072
     0.00100000     0.01100000     0.00600000   125.35299913
     0.00100000     0.01200000     0.00400000   127.00168206
     0.00100000     0.01200000     0.00500000   127.48283569
     0.00100000     0.01300000     0.00400000   129.05057782
     0.00100000     0.01300000     0.00500000   129.49130250
     0.00100000     0.01400000     0.00400000   131.08611009
     0.00100000     0.01400000     0.00500000   131.58342924
     0.00100000     0.01500000     0.00400000   133.11902037
     0.00100000     0.01500000     0.00500000   133.69962912
     0.00100000     0.01600000     0.00400000   135.10365751
     0.00100000     0.01600000     0.00500000   135.79957559
     0.00100000     0.01700000     0.00400000   136.95690159
     0.00100000     0.01700000     0.00500000   137.80027101
     0.00100000     0.01800000     0.00400000   138.34486375
     0.00100000     0.01800000     0.00500000   139.46376285
     0.00100000     0.01800000     0.00600000   140.20335946
     0.00100000     0.01900000     0.00400000   138.51343861
     0.00100000     0.01900000     0.00500000   140.47376416
     0.00100000     0.01900000     0.00600000   142.11150300
     0.00100000     0.02000000     0.00500000   143.35528425
     0.00100000     0.02000000     0.00600000   144.37228218
     0.00100000     0.02100000     0.00500000   144.86247515
     0.00100000     0.02100000     0.00600000   145.88574255
     0.00100000     0.02100000     0.00700000   147.30228191
     0.00100000     0.02200000     0.00500000   144.99077725
     0.00100000     0.02200000     0.00600000   147.31979832
     0.00100000     0.02200000     0.00700000   149.57963888
     0.00100000     0.02200000     0.00800000   150.94533076
     0.00100000     0.02300000     0.00600000   148.19194863
     0.00100000     0.02300000     0.00700000   150.91529678
     0.00100000     0.02300000     0.00800000   153.18978689
     0.00100000     0.02400000     0.00600000   150.14366624
     0.00100000     0.02400000     0.00700000   154.01775288
     0.00100000     0.02400000     0.00800000   155.40972573
     0.00100000     0.02500000     0.00700000   154.37782574
     0.00100000     0.02500000     0.00800000   157.21519969
     0.00100000     0.02500000     0.00900000   160.10902507
     0.00100000     0.02500000     0.01000000   161.83861464
     0.00100000     0.02600000     0.00800000   158.42941789
     0.00100000     0.02600000     0.00900000   161.53090714
     0.00100000     0.02600000     0.01000000   163.78942253
     0.00100000     0.02700000     0.00900000   164.78171824
     0.00100000     0.02700000     0.01000000   166.59852192
     0.00100000     0.02700000     0.01100000   169.24758369
     0.00100000     0.02700000     0.01200000   171.18510706
     0.00100000     0.02800000     0.00900000   164.89341614
     0.00100000     0.02800000     0.01000000   166.80180500
     0.00100000     0.02800000     0.01100000   170.79622361
     0.00100000     0.02800000     0.01200000   173.67536923
     0.00100000     0.02900000     0.01000000   174.30824157
     0.00100000     0.02900000     0.01100000   174.30824157
     0.00100000     0.02900000     0.01200000   176.02227273
     0.00100000     0.03000000     0.01100000   174.51662446
     0.00100000     0.03000000     0.01200000   177.68150605
     0.00100000     0.03100000     0.01200000   178.09295635
     0.00200000     0.00000000     0.01000000   107.24660998
     0.00200000     0.00100000     0.00900000   108.65087575
     0.00200000     0.00100000     0.01000000   108.59937928
     0.00200000     0.00200000     0.00800000   110.17660925
     0.00200000     0.00200000     0.00900000   110.12315429
     0.00200000     0.00200000     0.01000000   109.90274647
     0.00200000     0.00300000     0.00700000   111.64864067
     0.00200000     0.00300000     0.00800000   111.68123697
     0.00200000     0.00300000     0.00900000   111.51559631
     0.00200000     0.00400000     0.00700000   112.83236868
     0.00200000     0.00400000     0.00800000   112.94703362
     0.00200000     0.00500000     0.00600000   115.07424162
     0.00200000     0.00500000     0.00700000   114.85539483
     0.00200000     0.00500000     0.00800000   114.50352096
     0.00200000     0.00600000     0.00500000   116.78441112
     0.00200000     0.00600000     0.00600000   116.84830048
     0.00200000     0.00600000     0.00700000   116.60686985
     0.00200000     0.00700000     0.00500000   118.13724939
     0.00200000     0.00800000     0.00400000   120.32849941
     0.00200000     0.00800000     0.00500000   120.42425175
     0.00200000     0.00900000     0.00400000   121.75463049
     0.00200000     0.00900000     0.00500000   122.15790188
     0.00200000     0.01000000     0.00400000   123.94801801
     0.00200000     0.01000000     0.00500000   124.27536238
     0.00200000     0.01100000     0.00400000   125.88776609
     0.00200000     0.01200000     0.00300000   128.09612059
     0.00200000     0.01200000     0.00400000   128.15120909
     0.00200000     0.01300000     0.00300000   129.59995391
     0.00200000     0.01400000     0.00300000   131.43542039
     0.00200000     0.01500000     0.00300000   133.35168796
     0.00200000     0.01600000     0.00300000   135.17788502
     0.00200000     0.01700000     0.00300000   136.53735315
     0.00200000     0.01700000     0.00400000   137.82522602
     0.00200000     0.01800000     0.00300000   136.66725845
     0.00200000     0.01800000     0.00400000   139.15024864
     0.00200000     0.01900000     0.00400000   140.70016185
     0.00200000     0.01900000     0.00500000   142.11999817
     0.00200000     0.02000000     0.00400000   143.04063823
     0.00200000     0.02000000     0.00500000   144.29989954
     0.00200000     0.02100000     0.00400000   144.27961485
     0.00200000     0.02100000     0.00500000   145.83743071
     0.00200000     0.02100000     0.00600000   147.27662110
     0.00200000     0.02200000     0.00400000   144.21185751
     0.00200000     0.02200000     0.00500000   146.63095943
     0.00200000     0.02200000     0.00600000   148.72053529
     0.00200000     0.02300000     0.00500000   148.73556629
     0.00200000     0.02300000     0.00600000   150.03504174
     0.00200000     0.02400000     0.00500000   148.50114820
     0.00200000     0.02400000     0.00600000   150.14366624
     0.00200000     0.02400000     0.00700000   154.45602321
     0.00200000     0.02400000     0.00800000   156.71942371
     0.00200000     0.02500000     0.00600000   152.77931300
     0.00200000     0.02500000     0.00700000   156.40923545
     0.00200000     0.02500000     0.00800000   158.65227419
     0.00200000     0.02600000     0.00700000   157.06986488
     0.00200000     0.02600000     0.00800000   159.90592950
     0.00200000     0.02600000     0.00900000   162.99197085
     0.00200000     0.02700000     0.00800000   160.84351511
     0.00200000     0.02700000     0.00900000   165.30112981
     0.00200000     0.02700000     0.01000000   167.80972513
     0.00200000     0.02800000     0.00900000   167.06103481
     0.00200000     0.02800000     0.01000000   168.98054657
     0.00200000     0.02900000     0.00900000   167.26546261
     0.00200000     0.02900000     0.01000000   169.26984775
     0.00200000     0.02900000     0.01100000   174.64780607
     0.00200000     0.02900000     0.01200000   177.53669408
     0.00200000     0.03000000     0.01000000   169.26984775
     0.00200000     0.03000000     0.01100000   175.73839684
     0.00200000     0.03000000     0.01200000   178.44995191
     0.00200000     0.03100000     0.01100000   178.29283046
     0.00200000     0.03100000     0.01200000   178.45020908
     0.00200000     0.03100000     0.01300000   183.22898016
     0.00200000     0.03100000     0.01400000   189.77102521
     0.00200000     0.03200000     0.01300000   194.98753694
     0.00200000     0.03200000     0.01400000   194.98753694
     0.00200000     0.03200000     0.01500000   202.51782283
     0.00200000     0.03300000     0.01500000   206.90903746
     0.00300000     0.00000000     0.00900000   108.12124418
     0.00300000     0.00000000     0.01000000   108.35054448
     0.00300000     0.00100000     0.00900000   109.24185029
     0.00300000     0.00100000     0.01000000   109.43339743
     0.00300000     0.00200000     0.00800000   110.89213677
     0.00300000     0.00200000     0.00900000   110.83394525
     0.00300000     0.00300000     0.00700000   112.39917501
     0.00300000     0.00300000     0.00800000   112.41212149
     0.00300000     0.00400000     0.00600000   114.01108792
     0.00300000     0.00400000     0.00700000   113.84067004
     0.00300000     0.00500000     0.00500000   115.78732087
     0.00300000     0.00500000     0.00600000   115.82390982
     0.00300000     0.00500000     0.00700000   115.59986229
     0.00300000     0.00600000     0.00500000   117.29478333
     0.00300000     0.00600000     0.00600000   117.53249419
     0.00300000     0.00700000     0.00400000   119.03865821
     0.00300000     0.00700000     0.00500000   119.08616160
     0.00300000     0.00800000     0.00400000   120.71669221
     0.00300000     0.00800000     0.00500000   121.04098459
     0.00300000     0.01000000     0.00300000   124.48254692
     0.00300000     0.01000000     0.00400000   124.56795118
     0.00300000     0.01100000     0.00300000   125.98040455
     0.00300000     0.01100000     0.00400000   126.56242437
     0.00300000     0.01200000     0.00300000   128.33977209
     0.00300000     0.01200000     0.00400000   128.84879617
     0.00300000     0.01300000     0.00300000   130.31143806
     0.00300000     0.01400000     0.00300000   132.22288075
     0.00300000     0.01500000     0.00300000   134.14504578
     0.00300000     0.01600000     0.00300000   135.99691979
     0.00300000     0.01700000     0.00300000   137.59629517
     0.00300000     0.01700000     0.00400000   138.46060047
     0.00300000     0.01800000     0.00300000   138.69381689
     0.00300000     0.01800000     0.00400000   140.09779835
     0.00300000     0.01900000     0.00300000   140.43702729
     0.00300000     0.01900000     0.00400000   141.94659194
     0.00300000     0.02000000     0.00300000   140.49290180
     0.00300000     0.02000000     0.00400000   143.44761288
     0.00300000     0.02200000     0.00400000   145.16172069
     0.00300000     0.02200000     0.00500000   147.70504405
     0.00300000     0.02300000     0.00400000   149.74432332
     0.00300000     0.02300000     0.00500000   149.74432332
     0.00300000     0.02300000     0.00600000   151.27580964
     0.00300000     0.02400000     0.00500000   149.65103324
     0.00300000     0.02400000     0.00600000   151.82638562
     0.00300000     0.02500000     0.00600000   152.77931300
     0.00300000     0.02500000     0.00700000   157.04215740
     0.00300000     0.02500000     0.00800000   159.54286562
     0.00300000     0.02600000     0.00600000   158.85382916
     0.00300000     0.02600000     0.00700000   158.85382916
     0.00300000     0.02600000     0.00800000   161.06621948
     0.00300000     0.02700000     0.00700000   158.92661764
     0.00300000     0.02700000     0.00800000   161.34636370
     0.00300000     0.02700000     0.00900000   165.58590908
     0.00300000     0.02800000     0.00800000   168.53924244
     0.00300000     0.02800000     0.00900000   168.53924244
     0.00300000     0.02800000     0.01000000   170.41506992
     0.00300000     0.02900000     0.00900000   168.49628293
     0.00300000     0.02900000     0.01000000   170.46841018
     0.00300000     0.03000000     0.01000000   170.46841018
     0.00300000     0.03000000     0.01100000   177.83357715
     0.00300000     0.03000000     0.01200000   180.35852591
     0.00300000     0.03100000     0.01100000   178.29283046
     0.00300000     0.03100000     0.01200000   181.02523310
     0.00300000     0.03100000     0.01300000   187.91710728
     0.00300000     0.03100000     0.01400000   193.45392549
     0.00300000     0.03200000     0.01200000   191.23230787
     0.00300000     0.03200000     0.01300000   191.23230787
     0.00300000     0.03200000     0.01400000   195.59747637
     0.00300000     0.03200000     0.01500000   204.57833892
     0.00300000     0.03300000     0.01300000   191.23230787
     0.00300000     0.03300000     0.01400000   209.64349452
     0.00300000     0.03300000     0.01500000   209.64349452
     0.00300000     0.03300000     0.01600000   216.66666113
     0.00300000     0.03400000     0.01500000   217.72852882
     0.00300000     0.03400000     0.01600000   224.85474116
     0.00300000     0.03400000     0.01700000   235.88275734
     0.00300000     0.03500000     0.01700000   242.81339017
     0.00400000     0.00000000     0.00900000   108.81376769
     0.00400000     0.00100000     0.00800000   109.84547501
     0.00400000     0.00100000     0.00900000   109.96764664
     0.00400000     0.00200000     0.00700000   111.14923277
     0.00400000     0.00200000     0.00800000   111.36553509
     0.00400000     0.00200000     0.00900000   111.32711796
     0.00400000     0.00300000     0.00700000   112.55770492
     0.00400000     0.00300000     0.00800000   112.79787210
     0.00400000     0.00400000     0.00600000   114.57738206
     0.00400000     0.00400000     0.00700000   114.44893176
     0.00400000     0.00500000     0.00500000   116.47972453
     0.00400000     0.00500000     0.00600000   116.38266166
     0.00400000     0.00600000     0.00400000   117.77130860
     0.00400000     0.00600000     0.00500000   117.94445883
     0.00400000     0.00700000     0.00400000   119.34714198
     0.00400000     0.00700000     0.00500000   119.70790883
     0.00400000     0.00800000     0.00400000   121.01438879
     0.00400000     0.00900000     0.00300000   122.99215739
     0.00400000     0.00900000     0.00400000   123.03258282
     0.00400000     0.01000000     0.00300000   124.76633457
     0.00400000     0.01100000     0.00300000   126.59152873
     0.00400000     0.01200000     0.00300000   128.59057444
     0.00400000     0.01300000     0.00300000   130.61256083
     0.00400000     0.01400000     0.00300000   132.55029923
     0.00400000     0.01500000     0.00300000   134.44055581
     0.00400000     0.01600000     0.00300000   136.34221836
     0.00400000     0.01700000     0.00300000   138.22866290
     0.00400000     0.01800000     0.00300000   139.97477001
     0.00400000     0.01900000     0.00300000   141.45273070
     0.00400000     0.01900000     0.00400000   142.45921669
     0.00400000     0.02000000     0.00300000   142.03688796
     0.00400000     0.02000000     0.00400000   143.81255723
     0.00400000     0.02100000     0.00300000   142.02927332
     0.00400000     0.02100000     0.00400000   145.21065575
     0.00400000     0.02200000     0.00400000   146.38814047
     0.00400000     0.02300000     0.00400000   146.38314063
     0.00400000     0.02300000     0.00500000   149.84233720
     0.00400000     0.02300000     0.00600000   151.82523809
     0.00400000     0.02400000     0.00500000   151.12565861
     0.00400000     0.02400000     0.00600000   153.06177916
     0.00400000     0.02500000     0.00500000   150.96424745
     0.00400000     0.02500000     0.00600000   153.18091336
     0.00400000     0.02600000     0.00600000   154.91271229
     0.00400000     0.02600000     0.00700000   159.95035831
     0.00400000     0.02600000     0.00800000   161.82300732
     0.00400000     0.02700000     0.00700000   159.99406346
     0.00400000     0.02700000     0.00800000   162.48106844
     0.00400000     0.02800000     0.00800000   163.44742079
     0.00400000     0.02800000     0.00900000   168.33045454
     0.00400000     0.02800000     0.01000000   170.93767563
     0.00400000     0.02900000     0.00800000   170.12614092
     0.00400000     0.02900000     0.00900000   170.12614092
     0.00400000     0.02900000     0.01000000   172.12124435
     0.00400000     0.03000000     0.00900000   170.06004139
     0.00400000     0.03000000     0.01000000   172.19736258
     0.00400000     0.03000000     0.01100000   178.24866122
     0.00400000     0.03000000     0.01200000   181.70417339
     0.00400000     0.03100000     0.01000000   179.39514399
     0.00400000     0.03100000     0.01100000   179.39514399
     0.00400000     0.03100000     0.01200000   182.22377945
     0.00400000     0.03200000     0.01100000   179.39514399
     0.00400000     0.03200000     0.01200000   193.18272373
     0.00400000     0.03200000     0.01300000   193.18272373
     0.00400000     0.03200000     0.01400000   196.99698105
     0.00400000     0.03300000     0.01300000   199.92616181
     0.00400000     0.03300000     0.01400000   215.07105314
     0.00400000     0.03300000     0.01500000   215.07105314
     0.00400000     0.03300000     0.01600000   221.48873564
     0.00400000     0.03400000     0.01500000   217.72852882
     0.00400000     0.03400000     0.01600000   224.43566908
     0.00400000     0.03400000     0.01700000   237.88102640
     0.00400000     0.03500000     0.01600000   224.43566908
     0.00400000     0.03500000     0.01700000   244.89312068
     0.00400000     0.03500000     0.01800000   250.81308385
     0.00400000     0.03600000     0.01800000   250.81308385
     0.00400000     0.03600000     0.01900000   277.09072634
     0.00400000     0.03600000     0.02000000   285.65377749
     0.00400000     0.03700000     0.02000000   336.05450872
     0.00400000     0.03700000     0.02100000   336.05450872
     0.00400000     0.03700000     0.02200000   360.96894224
     0.00400000     0.03800000     0.02100000   373.78628414
     0.00400000     0.03800000     0.02200000   375.89589850
     0.00400000     0.03800000     0.02300000   413.06688835
     0.00400000     0.03800000     0.02400000   391.46377261
     0.00400000     0.03900000     0.02300000   398.12725298
     0.00400000     0.03900000     0.02400000   399.32201385
     0.00400000     0.04000000     0.02400000   456.58947475
     0.00400000     0.04000000     0.02500000  2181.11379908
     0.00400000     0.04100000     0.02500000   389.88008125
     0.00400000     0.04100000     0.02600000     0.00000000
     0.00400000     0.04200000     0.02500000   148.14836128
     0.00400000     0.04200000     0.02600000     0.00000000
     0.00400000     0.04300000     0.02600000     0.00000000
     0.00400000     0.04300000     0.02700000     0.00000000
     0.00400000     0.04300000     0.02800000     0.00000000
     0.00400000     0.04400000     0.02700000     0.00000000
     0.00400000     0.04400000     0.02800000     0.00000000
     0.00400000     0.04500000     0.02800000     0.00000000
     0.00400000     0.04500000     0.02900000     0.00000000
     0.00400000     0.04500000     0.03000000     0.00000000
     0.00400000     0.04600000     0.02900000     0.00000000
     0.00400000     0.04600000     0.03000000     0.00000000
     0.00400000     0.04700000     0.03000000     0.00000000
     0.00400000     0.04700000     0.03100000     0.00000000
     0.00400000     0.04800000     0.03100000     0.00000000
     0.00500000     0.00000000     0.00900000   109.16761305
     0.00500000     0.00100000     0.00800000   110.39198709
     0.00500000     0.00100000     0.00900000   110.49376300
     0.00500000     0.00200000     0.00700000   111.73391243
     0.00500000     0.00300000     0.00600000   112.68780869
     0.00500000     0.00300000     0.00700000   112.99670539
     0.00500000     0.00400000     0.00600000   114.32799939
     0.00500000     0.00400000     0.00700000   114.57233005
     0.00500000     0.00500000     0.00500000   116.76170480
     0.00500000     0.00500000     0.00600000   116.52202230
     0.00500000     0.00600000     0.00400000   118.34548681
     0.00500000     0.00600000     0.00500000   118.43773299
     0.00500000     0.00800000     0.00400000   121.17818516
     0.00500000     0.00900000     0.00300000   123.58649398
     0.00500000     0.00900000     0.00400000   123.49680584
     0.00500000     0.01000000     0.00300000   124.98939100
     0.00500000     0.01100000     0.00300000   126.79620098
     0.00500000     0.01200000     0.00300000   128.77489385
     0.00500000     0.01300000     0.00200000   130.01886159
     0.00500000     0.01300000     0.00300000   130.82460787
     0.00500000     0.01400000     0.00200000   131.22749641
     0.00500000     0.01400000     0.00300000   132.52597451
     0.00500000     0.01500000     0.00200000   132.21150986
     0.00500000     0.01500000     0.00300000   134.05169575
     0.00500000     0.01600000     0.00200000   132.12209121
     0.00500000     0.01600000     0.00300000   135.68243963
     0.00500000     0.01700000     0.00300000   138.35327713
     0.00500000     0.01800000     0.00300000   140.27742078
     0.00500000     0.01900000     0.00300000   141.95588290
     0.00500000     0.02000000     0.00300000   142.97435756
     0.00500000     0.02000000     0.00400000   144.22180757
     0.00500000     0.02100000     0.00300000   142.78842260
     0.00500000     0.02100000     0.00400000   145.34436308
     0.00500000     0.02200000     0.00400000   147.23175710
     0.00500000     0.02300000     0.00400000   147.14985138
     0.00500000     0.02300000     0.00500000   150.00028908
     0.00500000     0.02400000     0.00500000   152.07322118
     0.00500000     0.02400000     0.00600000   153.71005195
     0.00500000     0.02500000     0.00500000   151.86796900
     0.00500000     0.02500000     0.00600000   154.14755482
     0.00500000     0.02600000     0.00600000   154.91271229
     0.00500000     0.02600000     0.00700000   159.47487037
     0.00500000     0.02600000     0.00800000   162.02032088
     0.00500000     0.02700000     0.00700000   161.10795192
     0.00500000     0.02700000     0.00800000   163.43281397
     0.00500000     0.02800000     0.00700000   160.79253598
     0.00500000     0.02800000     0.00800000   163.50483081
     0.00500000     0.02900000     0.00800000   171.29346718
     0.00500000     0.02900000     0.00900000   171.29346718
     0.00500000     0.02900000     0.01000000   173.28307364
     0.00500000     0.03000000     0.00900000   171.06985011
     0.00500000     0.03000000     0.01000000   173.19219453
     0.00500000     0.03100000     0.01000000   179.82583632
     0.00500000     0.03100000     0.01100000   179.82583632
     0.00500000     0.03100000     0.01200000   182.75489552
     0.00500000     0.03200000     0.01100000   179.82583632
     0.00500000     0.03200000     0.01200000   197.44932790
     0.00500000     0.03200000     0.01300000   197.44932790
     0.00500000     0.03200000     0.01400000   201.47057795
     0.00500000     0.03300000     0.01300000   199.92616181
     0.00500000     0.03300000     0.01400000   206.75299813
     0.00500000     0.03300000     0.01500000   215.28154498
     0.00500000     0.03300000     0.01600000   222.65273912
     0.00500000     0.03400000     0.01400000   210.16489308
     0.00500000     0.03400000     0.01500000   216.52293086
     0.00500000     0.03400000     0.01600000   224.06287301
     0.00500000     0.03500000     0.01600000   224.06287301
     0.00500000     0.03500000     0.01700000   247.54169845
     0.00500000     0.03500000     0.01800000   256.82840598
     0.00500000     0.03600000     0.01800000   265.48924811
     0.00500000     0.03600000     0.01900000   274.42198018
     0.00500000     0.03600000     0.02000000   286.54086387
     0.00500000     0.03700000     0.01900000   274.42198018
     0.00500000     0.03700000     0.02000000   360.78961277
     0.00500000     0.03700000     0.02100000   360.78961277
     0.00500000     0.03700000     0.02200000   367.13818781
     0.00500000     0.03800000     0.02100000   373.78628414
     0.00500000     0.03800000     0.02200000   375.89589850
     0.00500000     0.03800000     0.02300000   400.23998080
     0.00500000     0.03800000     0.02400000   404.98792851
     0.00500000     0.03900000     0.02200000   375.89589850
     0.00500000     0.03900000     0.02300000   399.43568702
     0.00500000     0.03900000     0.02400000   422.10108936
     0.00500000     0.04000000     0.02300000   415.57459141
     0.00500000     0.04000000     0.02400000   406.84773181
     0.00500000     0.04000000     0.02500000  2155.38076385
     0.00500000     0.04100000     0.02400000   406.84773181
     0.00500000     0.04100000     0.02500000   387.87451634
     0.00500000     0.04100000     0.02600000     0.00000000
     0.00500000     0.04200000     0.02500000   146.19029763
     0.00500000     0.04200000     0.02600000     0.00000000
     0.00500000     0.04300000     0.02600000     0.00000000
     0.00500000     0.04300000     0.02700000     0.00000000
     0.00500000     0.04300000     0.02800000     0.00000000
     0.00500000     0.04400000     0.02700000     0.00000000
     0.00500000     0.04400000     0.02800000     0.00000000
     0.00500000     0.04500000     0.02800000     0.00000000
     0.00500000     0.04500000     0.02900000     0.00000000
     0.00500000     0.04500000     0.03000000     0.00000000
     0.00500000     0.04600000     0.02900000     0.00000000
     0.00500000     0.04600000     0.03000000     0.00000000
     0.00500000     0.04700000     0.02900000     0.00000000
     0.00500000     0.04700000     0.03000000     0.00000000
     0.00500000     0.04700000     0.03100000     0.00000000
     0.00500000     0.04800000     0.03000000     0.00000000
     0.00500000     0.04800000     0.03100000     0.00000000
     0.00600000     0.00000000     0.00900000   109.20721180
     0.00600000     0.00100000     0.00800000   110.48668333
     0.00600000     0.00100000     0.00900000   110.55294929
     0.00600000     0.00200000     0.00700000   111.85849166
     0.00600000     0.00300000     0.00600000   113.04876678
     0.00600000     0.00300000     0.00700000   113.26918309
     0.00600000     0.00400000     0.00600000   114.32054509
     0.00600000     0.00500000     0.00500000   116.75270510
     0.00600000     0.00500000     0.00600000   116.46636957
     0.00600000     0.00600000     0.00400000   118.43360873
     0.00600000     0.00600000     0.00500000   118.46290785
     0.00600000     0.00800000     0.00400000   121.15670401
     0.00600000     0.00900000     0.00300000   123.66789619
     0.00600000     0.00900000     0.00400000   123.49430077
     0.00600000     0.01000000     0.00300000   125.01861754
     0.00600000     0.01100000     0.00300000   126.78596733
     0.00600000     0.01200000     0.00300000   128.76112980
     0.00600000     0.01300000     0.00200000   130.50881304
     0.00600000     0.01300000     0.00300000   131.03988951
     0.00600000     0.01600000     0.00200000   132.59796070
     0.00600000     0.01600000     0.00300000   135.33304773
     0.00600000     0.01700000     0.00300000   138.26370190
     0.00600000     0.01800000     0.00300000   140.28186425
     0.00600000     0.01900000     0.00300000   142.00461218
     0.00600000     0.02000000     0.00300000   143.09901159
     0.00600000     0.02000000     0.00400000   144.16462003
     0.00600000     0.02100000     0.00300000   142.92523007
     0.00600000     0.02100000     0.00400000   145.39489426
     0.00600000     0.02200000     0.00400000   147.33782786
     0.00600000     0.02300000     0.00400000   147.28924972
     0.00600000     0.02300000     0.00500000   150.07865182
     0.00600000     0.02400000     0.00500000   152.23235991
     0.00600000     0.02400000     0.00600000   153.88284470
     0.00600000     0.02500000     0.00500000   152.12513384
     0.00600000     0.02500000     0.00600000   154.78784205
     0.00600000     0.02600000     0.00600000   155.48236613
     0.00600000     0.02600000     0.00700000   159.19426164
     0.00600000     0.02700000     0.00700000   161.70677747
     0.00600000     0.02700000     0.00800000   163.68201605
     0.00600000     0.02800000     0.00700000   161.38064009
     0.00600000     0.02800000     0.00800000   163.54065355
     0.00600000     0.02900000     0.00800000   171.49657375
     0.00600000     0.02900000     0.00900000   171.49657375
     0.00600000     0.02900000     0.01000000   173.47809463
     0.00600000     0.03000000     0.00900000   171.30035772
     0.00600000     0.03000000     0.01000000   173.43202983
     0.00600000     0.03100000     0.01000000   179.93150434
     0.00600000     0.03100000     0.01100000   179.93150434
     0.00600000     0.03100000     0.01200000   182.88857269
     0.00600000     0.03200000     0.01100000   179.93150434
     0.00600000     0.03200000     0.01200000   199.46329863
     0.00600000     0.03200000     0.01300000   199.46329863
     0.00600000     0.03200000     0.01400000   203.67784799
     0.00600000     0.03300000     0.01300000   200.92664212
     0.00600000     0.03300000     0.01400000   207.66496641
     0.00600000     0.03400000     0.01400000   210.91562531
     0.00600000     0.03500000     0.01600000   224.11305205
     0.00600000     0.03500000     0.01700000   249.15928010
     0.00600000     0.03500000     0.01800000   259.26201201
     0.00600000     0.03600000     0.01800000   264.74926460
     0.00600000     0.03700000     0.02000000   368.95712448
     0.00600000     0.03700000     0.02100000   368.95712448
     0.00600000     0.03700000     0.02200000   369.57023799
     0.00600000     0.03800000     0.02100000   375.52095966
     0.00600000     0.03800000     0.02200000   373.09339079
     0.00600000     0.03900000     0.02200000   373.09339079
     0.00600000     0.03900000     0.02300000   415.54206453
     0.00600000     0.03900000     0.02400000   413.70931225
     0.00600000     0.04000000     0.02300000   437.68689168
     0.00600000     0.04000000     0.02400000   399.91272986
     0.00600000     0.04100000     0.02400000   393.52785856
     0.00600000     0.04100000     0.02500000   393.52785856
     0.00600000     0.04100000     0.02600000     0.00000000
     0.00600000     0.04200000     0.02500000   146.77345468
     0.00600000     0.04200000     0.02600000     0.00000000
     0.00600000     0.04300000     0.02600000     0.00000000
     0.00600000     0.04300000     0.02700000     0.00000000
     0.00600000     0.04300000     0.02800000     0.00000000
     0.00600000     0.04400000     0.02700000     0.00000000
     0.00600000     0.04400000     0.02800000     0.00000000
     0.00600000     0.04500000     0.02800000     0.00000000
     0.00600000     0.04500000     0.02900000     0.00000000
     0.00600000     0.04600000     0.02900000     0.00000000
     0.00700000     0.00000000     0.00900000   108.97032984
     0.00700000     0.00100000     0.00800000   110.22270740
     0.00700000     0.00100000     0.00900000   110.29951414
     0.00700000     0.00200000     0.00700000   111.56312820
     0.00700000     0.00300000     0.00600000   112.62205724
     0.00700000     0.00300000     0.00700000   112.82938949
     0.00700000     0.00400000     0.00600000   114.15987865
     0.00700000     0.00400000     0.00700000   114.36907660
     0.00700000     0.00500000     0.00500000   116.54266361
     0.00700000     0.00500000     0.00600000   116.29374645
     0.00700000     0.00600000     0.00400000   118.16598836
     0.00700000     0.00600000     0.00500000   118.22638059
     0.00700000     0.00800000     0.00400000   120.95315565
     0.00700000     0.00900000     0.00300000   123.39744318
     0.00700000     0.00900000     0.00400000   123.27098619
     0.00700000     0.01000000     0.00300000   124.78437828
     0.00700000     0.01100000     0.00300000   126.57037312
     0.00700000     0.01200000     0.00300000   128.53817861
     0.00700000     0.01300000     0.00200000   129.97207707
     0.00700000     0.01300000     0.00300000   130.63389326
     0.00700000     0.01400000     0.00200000   131.18210317
     0.00700000     0.01400000     0.00300000   132.35307630
     0.00700000     0.01500000     0.00200000   132.16498583
     0.00700000     0.01500000     0.00300000   133.88837536
     0.00700000     0.01600000     0.00200000   132.07485136
     0.00700000     0.01600000     0.00300000   135.48415683
     0.00700000     0.01700000     0.00300000   138.12328090
     0.00700000     0.01800000     0.00300000   140.05733353
     0.00700000     0.01900000     0.00300000   141.75113769
     0.00700000     0.02000000     0.00300000   142.79265718
     0.00700000     0.02000000     0.00400000   143.96881413
     0.00700000     0.02100000     0.00300000   142.62162904
     0.00700000     0.02100000     0.00400000   145.15161203
     0.00700000     0.02200000     0.00400000   147.04773103
     0.00700000     0.02300000     0.00400000   146.98590628
     0.00700000     0.02300000     0.00500000   149.81189505
     0.00700000     0.02400000     0.00500000   151.90065688
     0.00700000     0.02400000     0.00600000   153.52153264
     0.00700000     0.02500000     0.00500000   151.71543385
     0.00700000     0.02500000     0.00600000   153.99774838
     0.00700000     0.02600000     0.00600000   154.85254346
     0.00700000     0.02600000     0.00700000   159.31025914
     0.00700000     0.02600000     0.00800000   161.81352105
     0.00700000     0.02700000     0.00700000   160.96918215
     0.00700000     0.02700000     0.00800000   163.27181465
     0.00700000     0.02800000     0.00700000   160.74050733
     0.00700000     0.02800000     0.00800000   163.38773620
     0.00700000     0.02900000     0.00800000   171.15353732
     0.00700000     0.02900000     0.00900000   171.15353732
     0.00700000     0.02900000     0.01000000   173.13640853
     0.00700000     0.03000000     0.00900000   170.95230383
     0.00700000     0.03000000     0.01000000   173.06957181
     0.00700000     0.03100000     0.01000000   179.68540665
     0.00700000     0.03100000     0.01100000   179.68540665
     0.00700000     0.03100000     0.01200000   182.61033370
     0.00700000     0.03200000     0.01100000   179.68540665
     0.00700000     0.03200000     0.01200000   197.35670436
     0.00700000     0.03200000     0.01300000   197.35670436
     0.00700000     0.03200000     0.01400000   201.37607465
     0.00700000     0.03300000     0.01300000   199.90000245
     0.00700000     0.03300000     0.01400000   206.72827299
     0.00700000     0.03300000     0.01500000   215.22102593
     0.00700000     0.03300000     0.01600000   222.57248094
     0.00700000     0.03400000     0.01400000   210.14647771
     0.00700000     0.03400000     0.01500000   216.47559775
     0.00700000     0.03400000     0.01600000   223.99472954
     0.00700000     0.03500000     0.01600000   223.99472954
     0.00700000     0.03500000     0.01700000   247.48710819
     0.00700000     0.03500000     0.01800000   256.78406192
     0.00700000     0.03600000     0.01800000   265.47588682
     0.00700000     0.03600000     0.01900000   274.39749511
     0.00700000     0.03600000     0.02000000   286.51076481
     0.00700000     0.03700000     0.01900000   274.39749511
     0.00700000     0.03700000     0.02000000   360.78069394
     0.00700000     0.03700000     0.02100000   360.78069394
     0.00700000     0.03700000     0.02200000   367.12951451
     0.00700000     0.03800000     0.02100000   373.78298583
     0.00700000     0.03800000     0.02200000   375.89374827
     0.00700000     0.03800000     0.02300000   400.23638916
     0.00700000     0.03800000     0.02400000   404.98429770
     0.00700000     0.03900000     0.02200000   375.89374827
     0.00700000     0.03900000     0.02300000   399.43348532
     0.00700000     0.03900000     0.02400000   422.09901878
     0.00700000     0.04000000     0.02300000   415.57406407
     0.00700000     0.04000000     0.02400000   406.84721392
     0.00700000     0.04000000     0.02500000  2155.38090644
     0.00700000     0.04100000     0.02400000   387.87446949
     0.00700000     0.04100000     0.02500000   387.87446949
     0.00700000     0.04100000     0.02600000     0.00000000
     0.00700000     0.04200000     0.02500000   146.19031905
     0.00700000     0.04200000     0.02600000     0.00000000
     0.00700000     0.04300000     0.02600000     0.00000000
     0.00700000     0.04300000     0.02700000     0.00000000
     0.00700000     0.04300000     0.02800000     0.00000000
     0.00700000     0.04400000     0.02700000     0.00000000
     0.00700000     0.04400000     0.02800000     0.00000000
     0.00700000     0.04500000     0.02800000     0.00000000
     0.00700000     0.04500000     0.02900000     0.00000000
     0.00700000     0.04500000     0.03000000     0.00000000
     0.00700000     0.04600000     0.02900000     0.00000000
     0.00700000     0.04600000     0.03000000     0.00000000
     0.00700000     0.04700000     0.02900000     0.00000000
     0.00700000     0.04700000     0.03000000     0.00000000
     0.00700000     0.04700000     0.03100000     0.00000000
     0.00700000     0.04800000     0.03000000     0.00000000
     0.00700000     0.04800000     0.03100000     0.00000000
     0.00800000     0.00000000     0.00900000   108.44826971
     0.00800000     0.00100000     0.00800000   109.58486091
     0.00800000     0.00100000     0.00900000   109.60163368
     0.00800000     0.00200000     0.00700000   110.88661399
     0.00800000     0.00200000     0.00800000   111.02351493
     0.00800000     0.00200000     0.00900000   110.91553232
     0.00800000     0.00300000     0.00700000   112.18319332
     0.00800000     0.00300000     0.00800000   112.37777896
     0.00800000     0.00400000     0.00600000   114.16417087
     0.00800000     0.00400000     0.00700000   114.00468996
     0.00800000     0.00500000     0.00500000   116.07581080
     0.00800000     0.00500000     0.00600000   115.94729088
     0.00800000     0.00600000     0.00400000   117.49844762
     0.00800000     0.00600000     0.00500000   117.54881876
     0.00800000     0.00700000     0.00400000   118.98886827
     0.00800000     0.00700000     0.00500000   119.28818886
     0.00800000     0.00800000     0.00400000   120.58305662
     0.00800000     0.00900000     0.00300000   122.70813873
     0.00800000     0.00900000     0.00400000   122.60066522
     0.00800000     0.01000000     0.00300000   124.40233280
     0.00800000     0.01100000     0.00300000   126.17539696
     0.00800000     0.01200000     0.00300000   128.14421206
     0.00800000     0.01300000     0.00300000   130.14681582
     0.00800000     0.01400000     0.00300000   132.08472367
     0.00800000     0.01500000     0.00300000   133.97325316
     0.00800000     0.01600000     0.00300000   135.89093373
     0.00800000     0.01700000     0.00300000   137.78174311
     0.00800000     0.01800000     0.00300000   139.55949513
     0.00800000     0.01900000     0.00300000   141.07828815
     0.00800000     0.01900000     0.00400000   142.05985424
     0.00800000     0.02000000     0.00300000   141.71462739
     0.00800000     0.02000000     0.00400000   143.43163175
     0.00800000     0.02100000     0.00300000   141.78187576
     0.00800000     0.02100000     0.00400000   144.83991141
     0.00800000     0.02200000     0.00400000   146.04312741
     0.00800000     0.02300000     0.00400000   146.13404435
     0.00800000     0.02300000     0.00500000   149.48129182
     0.00800000     0.02300000     0.00600000   151.40859166
     0.00800000     0.02400000     0.00500000   150.79942740
     0.00800000     0.02400000     0.00600000   152.69719626
     0.00800000     0.02500000     0.00500000   150.73233689
     0.00800000     0.02500000     0.00600000   152.86350833
     0.00800000     0.02600000     0.00600000   154.85254346
     0.00800000     0.02600000     0.00700000   159.57660089
     0.00800000     0.02600000     0.00800000   161.42562884
     0.00800000     0.02700000     0.00700000   159.65040055
     0.00800000     0.02700000     0.00800000   162.14236977
     0.00800000     0.02800000     0.00800000   163.21573643
     0.00800000     0.02800000     0.00900000   168.00641342
     0.00800000     0.02800000     0.01000000   170.57644754
     0.00800000     0.02900000     0.00800000   169.85229600
     0.00800000     0.02900000     0.00900000   169.85229600
     0.00800000     0.02900000     0.01000000   171.83750040
     0.00800000     0.03000000     0.00900000   169.88631621
     0.00800000     0.03000000     0.01000000   172.01187815
     0.00800000     0.03000000     0.01100000   177.98109146
     0.00800000     0.03000000     0.01200000   181.40797133
     0.00800000     0.03100000     0.01000000   179.13373217
     0.00800000     0.03100000     0.01100000   179.13373217
     0.00800000     0.03100000     0.01200000   181.95735883
     0.00800000     0.03200000     0.01100000   179.13373217
     0.00800000     0.03200000     0.01200000   192.94318983
     0.00800000     0.03200000     0.01300000   192.94318983
     0.00800000     0.03200000     0.01400000   196.74987321
     0.00800000     0.03300000     0.01300000   199.90000245
     0.00800000     0.03300000     0.01400000   214.91447682
     0.00800000     0.03300000     0.01500000   214.91447682
     0.00800000     0.03300000     0.01600000   221.33003564
     0.00800000     0.03400000     0.01500000   217.63035309
     0.00800000     0.03400000     0.01600000   224.31286806
     0.00800000     0.03400000     0.01700000   237.76148352
     0.00800000     0.03500000     0.01600000   224.31286806
     0.00800000     0.03500000     0.01700000   244.79615216
     0.00800000     0.03500000     0.01800000   250.71859567
     0.00800000     0.03600000     0.01800000   250.71859567
     0.00800000     0.03600000     0.01900000   277.04614730
     0.00800000     0.03600000     0.02000000   285.60967460
     0.00800000     0.03700000     0.02000000   336.03458715
     0.00800000     0.03700000     0.02100000   336.03458715
     0.00800000     0.03700000     0.02200000   360.94910448
     0.00800000     0.03800000     0.02100000   373.78298583
     0.00800000     0.03800000     0.02200000   375.89374827
     0.00800000     0.03800000     0.02300000   413.06090765
     0.00800000     0.03800000     0.02400000   391.45803939
     0.00800000     0.03900000     0.02300000   398.12360651
     0.00800000     0.03900000     0.02400000   399.31820136
     0.00800000     0.04000000     0.02400000   456.58691417
     0.00800000     0.04000000     0.02500000  2181.11361408
     0.00800000     0.04100000     0.02500000   389.87993984
     0.00800000     0.04100000     0.02600000     0.00000000
     0.00800000     0.04200000     0.02500000   148.14837035
     0.00800000     0.04200000     0.02600000     0.00000000
     0.00800000     0.04300000     0.02600000     0.00000000
     0.00800000     0.04300000     0.02700000     0.00000000
     0.00800000     0.04300000     0.02800000     0.00000000
     0.00800000     0.04400000     0.02700000     0.00000000
     0.00800000     0.04400000     0.02800000     0.00000000
     0.00800000     0.04500000     0.02800000     0.00000000
     0.00800000     0.04500000     0.02900000     0.00000000
     0.00800000     0.04500000     0.03000000     0.00000000
     0.00800000     0.04600000     0.02900000     0.00000000
     0.00800000     0.04600000     0.03000000     0.00000000
     0.00800000     0.04700000     0.03000000     0.00000000
     0.00800000     0.04700000     0.03100000     0.00000000
     0.00800000     0.04800000     0.03100000     0.00000000
     0.00900000     0.00000000     0.00900000   107.67292584
     0.00900000     0.00000000     0.01000000   107.83143673
     0.00900000     0.00100000     0.00900000   108.69968492
     0.00900000     0.00100000     0.01000000   108.84670182
     0.00900000     0.00200000     0.00800000   110.28229611
     0.00900000     0.00200000     0.00900000   110.20113217
     0.00900000     0.00300000     0.00700000   111.78231782
     0.00900000     0.00300000     0.00800000   111.76677415
     0.00900000     0.00400000     0.00600000   113.50104349
     0.00900000     0.00400000     0.00700000   113.22131531
     0.00900000     0.00500000     0.00500000   115.29167372
     0.00900000     0.00500000     0.00600000   115.24663354
     0.00900000     0.00500000     0.00700000   114.92568990
     0.00900000     0.00600000     0.00500000   116.71291442
     0.00900000     0.00700000     0.00400000   118.54213559
     0.00900000     0.00700000     0.00500000   118.46976418
     0.00900000     0.00800000     0.00400000   120.12503111
     0.00900000     0.00800000     0.00500000   120.38072552
     0.00900000     0.01000000     0.00300000   123.99414207
     0.00900000     0.01100000     0.00300000   125.47342008
     0.00900000     0.01200000     0.00300000   127.73945884
     0.00900000     0.01300000     0.00300000   129.66777498
     0.00900000     0.01400000     0.00300000   131.57382002
     0.00900000     0.01500000     0.00300000   133.49804584
     0.00900000     0.01600000     0.00300000   135.36370597
     0.00900000     0.01700000     0.00300000   136.98365406
     0.00900000     0.01700000     0.00400000   137.85605686
     0.00900000     0.01800000     0.00300000   138.13520902
     0.00900000     0.01800000     0.00400000   139.46361100
     0.00900000     0.01900000     0.00300000   139.97961207
     0.00900000     0.01900000     0.00400000   141.36604101
     0.00900000     0.02000000     0.00300000   140.05928905
     0.00900000     0.02000000     0.00400000   142.88310797
     0.00900000     0.02200000     0.00400000   144.61402258
     0.00900000     0.02200000     0.00500000   147.12231966
     0.00900000     0.02300000     0.00400000   149.19737404
     0.00900000     0.02300000     0.00500000   149.19737404
     0.00900000     0.02300000     0.00600000   150.68714258
     0.00900000     0.02400000     0.00500000   149.12566993
     0.00900000     0.02400000     0.00600000   151.29484267
     0.00900000     0.02500000     0.00600000   152.32966815
     0.00900000     0.02500000     0.00700000   156.48049753
     0.00900000     0.02500000     0.00800000   158.91476435
     0.00900000     0.02600000     0.00600000   158.34256148
     0.00900000     0.02600000     0.00700000   158.34256148
     0.00900000     0.02600000     0.00800000   160.50851089
     0.00900000     0.02700000     0.00700000   158.50473280
     0.00900000     0.02700000     0.00800000   160.82960853
     0.00900000     0.02700000     0.00900000   165.00743364
     0.00900000     0.02800000     0.00800000   168.04119117
     0.00900000     0.02800000     0.00900000   168.04119117
     0.00900000     0.02800000     0.01000000   169.89573943
     0.00900000     0.02900000     0.00900000   168.03575092
     0.00900000     0.02900000     0.01000000   169.99429456
     0.00900000     0.03000000     0.01000000   169.99429456
     0.00900000     0.03000000     0.01100000   177.42299212
     0.00900000     0.03000000     0.01200000   179.93496501
     0.00900000     0.03100000     0.01100000   177.97861429
     0.00900000     0.03100000     0.01200000   180.70021584
     0.00900000     0.03100000     0.01300000   187.54995151
     0.00900000     0.03100000     0.01400000   193.07229662
     0.00900000     0.03200000     0.01200000   190.93723941
     0.00900000     0.03200000     0.01300000   190.93723941
     0.00900000     0.03200000     0.01400000   195.27136575
     0.00900000     0.03200000     0.01500000   204.26569407
     0.00900000     0.03300000     0.01300000   190.93723941
     0.00900000     0.03300000     0.01400000   209.38016868
     0.00900000     0.03300000     0.01500000   209.38016868
     0.00900000     0.03300000     0.01600000   216.42772983
     0.00900000     0.03400000     0.01500000   224.69338064
     0.00900000     0.03400000     0.01600000   224.69338064
     0.00900000     0.03400000     0.01700000   235.74021473
     0.00900000     0.03500000     0.01700000   242.70018043
     0.01000000     0.00000000     0.01000000   106.62425214
     0.01000000     0.00100000     0.00900000   107.97507398
     0.01000000     0.00100000     0.01000000   107.86335156
     0.01000000     0.00200000     0.00800000   109.47830203
     0.01000000     0.00200000     0.00900000   109.35710080
     0.01000000     0.00200000     0.01000000   109.06505866
     0.01000000     0.00300000     0.00700000   110.95536429
     0.01000000     0.00300000     0.00800000   110.90666138
     0.01000000     0.00300000     0.00900000   110.66270243
     0.01000000     0.00400000     0.00700000   112.10335662
     0.01000000     0.00400000     0.00800000   112.10126259
     0.01000000     0.00500000     0.00600000   114.33424151
     0.01000000     0.00500000     0.00700000   114.00835690
     0.01000000     0.00500000     0.00800000   113.54377295
     0.01000000     0.00600000     0.00500000   116.08070271
     0.01000000     0.00600000     0.00600000   116.03591095
     0.01000000     0.00600000     0.00700000   115.68234666
     0.01000000     0.00700000     0.00500000   117.40123961
     0.01000000     0.00800000     0.00400000   119.61441694
     0.01000000     0.00800000     0.00500000   119.59910827
     0.01000000     0.00900000     0.00400000   121.01255671
     0.01000000     0.00900000     0.00500000   121.28283075
     0.01000000     0.01000000     0.00400000   123.10520523
     0.01000000     0.01000000     0.00500000   123.34596755
     0.01000000     0.01200000     0.00300000   127.38348509
     0.01000000     0.01300000     0.00300000   128.87761924
     0.01000000     0.01400000     0.00300000   130.71117954
     0.01000000     0.01500000     0.00300000   132.63414645
     0.01000000     0.01600000     0.00300000   134.47350999
     0.01000000     0.01700000     0.00300000   135.85194949
     0.01000000     0.01700000     0.00400000   137.01134757
     0.01000000     0.01800000     0.00300000   135.99682639
     0.01000000     0.01800000     0.00400000   138.33673423
     0.01000000     0.01900000     0.00400000   139.91650339
     0.01000000     0.01900000     0.00500000   141.24424418
     0.01000000     0.02000000     0.00400000   142.36769519
     0.01000000     0.02000000     0.00500000   143.49861839
     0.01000000     0.02100000     0.00400000   143.64640473
     0.01000000     0.02100000     0.00500000   145.09077485
     0.01000000     0.02100000     0.00600000   146.39468920
     0.01000000     0.02200000     0.00400000   143.59729568
     0.01000000     0.02200000     0.00500000   145.93131638
     0.01000000     0.02200000     0.00600000   147.92217525
     0.01000000     0.02300000     0.00500000   148.12452460
     0.01000000     0.02300000     0.00600000   149.33004323
     0.01000000     0.02400000     0.00500000   147.92122724
     0.01000000     0.02400000     0.00600000   149.52425606
     0.01000000     0.02400000     0.00700000   153.69435894
     0.01000000     0.02400000     0.00800000   156.06630788
     0.01000000     0.02500000     0.00600000   155.67612228
     0.01000000     0.02500000     0.00700000   155.67612228
     0.01000000     0.02500000     0.00800000   157.88267562
     0.01000000     0.02600000     0.00700000   156.44112873
     0.01000000     0.02600000     0.00800000   159.21512700
     0.01000000     0.02600000     0.00900000   162.22587713
     0.01000000     0.02700000     0.00800000   160.24181985
     0.01000000     0.02700000     0.00900000   164.61840729
     0.01000000     0.02700000     0.01000000   167.08607095
     0.01000000     0.02800000     0.00900000   166.45838340
     0.01000000     0.02800000     0.01000000   168.35821872
     0.01000000     0.02900000     0.00900000   166.74917204
     0.01000000     0.02900000     0.01000000   168.73343386
     0.01000000     0.02900000     0.01100000   174.05078673
     0.01000000     0.02900000     0.01200000   176.90418383
     0.01000000     0.03000000     0.01000000   168.73343386
     0.01000000     0.03000000     0.01100000   175.17080426
     0.01000000     0.03000000     0.01200000   177.87269160
     0.01000000     0.03100000     0.01100000   177.88335480
     0.01000000     0.03100000     0.01200000   177.88335480
     0.01000000     0.03100000     0.01300000   182.69483258
     0.01000000     0.03100000     0.01400000   189.28520437
     0.01000000     0.03200000     0.01300000   194.61001625
     0.01000000     0.03200000     0.01400000   194.61001625
     0.01000000     0.03200000     0.01500000   202.17320527
     0.01000000     0.03300000     0.01500000   206.61746506
     0.01100000     0.00100000     0.01000000   106.76614557
     0.01100000     0.00200000     0.00900000   108.27052164
     0.01100000     0.00200000     0.01000000   108.09703253
     0.01100000     0.00200000     0.01100000   107.36426240
     0.01100000     0.00300000     0.00800000   109.79132703
     0.01100000     0.00300000     0.00900000   109.71327951
     0.01100000     0.00300000     0.01000000   109.02898828
     0.01100000     0.00300000     0.01100000   108.04790876
     0.01100000     0.00400000     0.00800000   110.81525513
     0.01100000     0.00400000     0.00900000   110.73910385
     0.01100000     0.00400000     0.01000000   109.94113532
     0.01100000     0.00500000     0.00700000   112.94613351
     0.01100000     0.00500000     0.00800000   112.44829534
     0.01100000     0.00500000     0.00900000   111.89288168
     0.01100000     0.00600000     0.00600000   114.98175173
     0.01100000     0.00600000     0.00700000   114.75365729
     0.01100000     0.00600000     0.00800000   113.81976342
     0.01100000     0.00700000     0.00600000   116.23413392
     0.01100000     0.00700000     0.00700000   116.22971665
     0.01100000     0.00700000     0.00800000   115.36943565
     0.01100000     0.00800000     0.00500000   118.68150430
     0.01100000     0.00800000     0.00600000   118.37739205
     0.01100000     0.00800000     0.00700000   117.87614721
     0.01100000     0.00900000     0.00500000   120.07599293
     0.01100000     0.00900000     0.00600000   120.01803756
     0.01100000     0.01000000     0.00400000   122.68527150
     0.01100000     0.01000000     0.00500000   122.51792384
     0.01100000     0.01000000     0.00600000   121.83494264
     0.01100000     0.01100000     0.00400000   124.14330209
     0.01100000     0.01100000     0.00500000   124.55422156
     0.01100000     0.01100000     0.00600000   124.08790948
     0.01100000     0.01200000     0.00400000   126.01106362
     0.01100000     0.01200000     0.00500000   126.34648524
     0.01100000     0.01300000     0.00400000   128.05527643
     0.01100000     0.01300000     0.00500000   128.34116803
     0.01100000     0.01400000     0.00400000   130.09301154
     0.01100000     0.01400000     0.00500000   130.43034818
     0.01100000     0.01500000     0.00400000   132.14178579
     0.01100000     0.01500000     0.00500000   132.56533396
     0.01100000     0.01600000     0.00400000   134.13886000
     0.01100000     0.01600000     0.00500000   134.68611984
     0.01100000     0.01700000     0.00400000   136.01608502
     0.01100000     0.01700000     0.00500000   136.71668218
     0.01100000     0.01800000     0.00400000   137.42874460
     0.01100000     0.01800000     0.00500000   138.41618433
     0.01100000     0.01800000     0.00600000   139.00485077
     0.01100000     0.01900000     0.00400000   137.61713232
     0.01100000     0.01900000     0.00500000   139.46163838
     0.01100000     0.01900000     0.00600000   140.97402993
     0.01100000     0.02000000     0.00500000   142.42073578
     0.01100000     0.02000000     0.00600000   143.29916639
     0.01100000     0.02100000     0.00500000   143.99856526
     0.01100000     0.02100000     0.00600000   144.90829115
     0.01100000     0.02100000     0.00700000   146.15956867
     0.01100000     0.02200000     0.00500000   144.16623539
     0.01100000     0.02200000     0.00600000   146.42944711
     0.01100000     0.02200000     0.00700000   148.52954197
     0.01100000     0.02200000     0.00800000   149.73974176
     0.01100000     0.02300000     0.00600000   147.31489796
     0.01100000     0.02300000     0.00700000   149.93767900
     0.01100000     0.02300000     0.00800000   152.10708025
     0.01100000     0.02400000     0.00600000   149.52425606
     0.01100000     0.02400000     0.00700000   153.14659642
     0.01100000     0.02400000     0.00800000   154.45854512
     0.01100000     0.02500000     0.00700000   153.54653586
     0.01100000     0.02500000     0.00800000   156.35511826
     0.01100000     0.02500000     0.00900000   159.15047723
     0.01100000     0.02500000     0.01000000   160.70873803
     0.01100000     0.02600000     0.00800000   157.61971340
     0.01100000     0.02600000     0.00900000   160.64696416
     0.01100000     0.02600000     0.01000000   162.82733495
     0.01100000     0.02700000     0.00900000   164.04101934
     0.01100000     0.02700000     0.01000000   165.84407723
     0.01100000     0.02700000     0.01100000   168.36321656
     0.01100000     0.02700000     0.01200000   170.23646427
     0.01100000     0.02800000     0.00900000   164.20684033
     0.01100000     0.02800000     0.01000000   166.08848073
     0.01100000     0.02800000     0.01100000   170.03433983
     0.01100000     0.02800000     0.01200000   172.86022739
     0.01100000     0.02900000     0.01000000   173.65955924
     0.01100000     0.02900000     0.01100000   173.65955924
     0.01100000     0.02900000     0.01200000   175.32729924
     0.01100000     0.03000000     0.01100000   173.91594074
     0.01100000     0.03000000     0.01200000   177.07957244
     0.01100000     0.03100000     0.01200000   177.52064403
     0.01200000     0.00200000     0.01100000   105.52186844
     0.01200000     0.00300000     0.01000000   107.32903086
     0.01200000     0.00300000     0.01100000   106.90201090
     0.01200000     0.00400000     0.00900000   109.27202716
     0.01200000     0.00400000     0.01000000   108.84505335
     0.01200000     0.00500000     0.00800000   111.18797944
     0.01200000     0.00500000     0.00900000   110.86348354
     0.01200000     0.00600000     0.00800000   112.26646966
     0.01200000     0.00700000     0.00700000   114.96899666
     0.01200000     0.00700000     0.00800000   114.31559775
     0.01200000     0.00800000     0.00600000   117.30172903
     0.01200000     0.00800000     0.00700000   116.92590035
     0.01200000     0.00900000     0.00600000   118.61982698
     0.01200000     0.01000000     0.00600000   120.33288723
     0.01200000     0.01100000     0.00500000   123.56623370
     0.01200000     0.01100000     0.00600000   123.09957857
     0.01200000     0.01200000     0.00500000   125.05809759
     0.01200000     0.01300000     0.00500000   126.94250020
     0.01200000     0.01400000     0.00500000   129.03380668
     0.01200000     0.01500000     0.00500000   131.19041025
     0.01200000     0.01600000     0.00500000   133.36051192
     0.01200000     0.01700000     0.00500000   135.44846488
     0.01200000     0.01800000     0.00500000   137.02898647
     0.01200000     0.01800000     0.00600000   138.01344851
     0.01200000     0.01900000     0.00500000   137.31679532
     0.01200000     0.01900000     0.00600000   139.46823845
     0.01200000     0.02000000     0.00600000   141.82532777
     0.01200000     0.02100000     0.00600000   142.20601002
     0.01200000     0.02100000     0.00700000   144.68347399
     0.01200000     0.02200000     0.00700000   147.37792117
     0.01200000     0.02200000     0.00800000   148.78524640
     0.01200000     0.02300000     0.00700000   147.83333336
     0.01200000     0.02300000     0.00800000   150.39970908
     0.01200000     0.02400000     0.00800000   151.64714401
     0.01200000     0.02500000     0.00800000   158.01949931
     0.01200000     0.02500000     0.00900000   158.01949931
     0.01200000     0.02500000     0.01000000   159.50920032
     0.01200000     0.02600000     0.00900000   158.31493483
     0.01200000     0.02600000     0.01000000   159.93373299
     0.01200000     0.02700000     0.01000000   167.32718437
     0.01200000     0.02700000     0.01100000   167.32718437
     0.01200000     0.02700000     0.01200000   169.12759518
     0.01200000     0.02800000     0.01100000   167.89595078
     0.01200000     0.02800000     0.01200000   170.88015464
     0.01200000     0.02900000     0.01200000   171.90670944
