     0.00000000     0.00800000     0.00600000   623.10234451
     0.00100000     0.00300000     0.00800000   209.80321633
     0.00100000     0.00400000     0.00800000   496.32972850
     0.00100000     0.00600000     0.00600000   640.23455961
     0.00100000     0.00700000     0.00600000   645.25242029
     0.00100000     0.00800000     0.00500000   627.08610320
     0.00100000     0.00800000     0.00600000   640.00064024
     0.00100000     0.01000000     0.00400000   614.64499926
     0.00100000     0.01100000     0.00400000   615.75564465
     0.00100000     0.01200000     0.00400000   614.71372919
     0.00100000     0.01300000     0.00400000   611.73488810
     0.00100000     0.01400000     0.00400000   610.19665705
     0.00100000     0.01500000     0.00400000   608.87153528
     0.00100000     0.01600000     0.00400000   608.63872963
     0.00100000     0.01700000     0.00400000   608.53070755
     0.00100000     0.01800000     0.00400000   608.73030036
     0.00100000     0.01900000     0.00400000   605.48993734
     0.00100000     0.02200000     0.00500000   617.42482107
     0.00100000     0.02200000     0.00600000   628.88393708
     0.00100000     0.02300000     0.00600000   612.34679620
     0.00100000     0.02400000     0.00600000   631.60811284
     0.00100000     0.02600000     0.00800000   757.44262626
     0.00200000     0.00200000     0.00800000   196.36514204
     0.00200000     0.00300000     0.00700000   612.61334433
     0.00200000     0.00300000     0.00800000   648.68639171
     0.00200000     0.00400000     0.00700000   645.42255037
     0.00200000     0.00400000     0.00800000   621.40483416
     0.00200000     0.00500000     0.00600000   648.60137307
     0.00200000     0.00600000     0.00500000   635.32968728
     0.00200000     0.00600000     0.00600000   637.37701944
     0.00200000     0.00700000     0.00500000   637.63673891
     0.00200000     0.00700000     0.00600000   644.25363792
     0.00200000     0.00800000     0.00400000   622.85557799
     0.00200000     0.00800000     0.00500000   632.66715703
     0.00200000     0.00800000     0.00600000   640.53561514
     0.00200000     0.00900000     0.00400000   625.05615528
     0.00200000     0.01000000     0.00400000   620.87538673
     0.00200000     0.01100000     0.00400000   619.96049287
     0.00200000     0.01200000     0.00300000   601.89225104
     0.00200000     0.01200000     0.00400000   615.39448967
     0.00200000     0.01300000     0.00300000   604.48584705
     0.00200000     0.01300000     0.00400000   613.16849190
     0.00200000     0.01400000     0.00300000   603.91578800
     0.00200000     0.01400000     0.00400000   611.75212966
     0.00200000     0.01500000     0.00300000   603.09217774
     0.00200000     0.01500000     0.00400000   610.79407023
     0.00200000     0.01600000     0.00300000   602.62915748
     0.00200000     0.01600000     0.00400000   610.37759968
     0.00200000     0.01700000     0.00300000   602.02291397
     0.00200000     0.01700000     0.00400000   610.38568440
     0.00200000     0.01800000     0.00300000   598.95189172
     0.00200000     0.01800000     0.00400000   610.57928988
     0.00200000     0.01900000     0.00400000   611.57081384
     0.00200000     0.02000000     0.00400000   613.69946352
     0.00200000     0.02100000     0.00400000   615.46395249
     0.00200000     0.02200000     0.00400000   612.29670754
     0.00200000     0.02200000     0.00500000   620.20647199
     0.00200000     0.02200000     0.00600000   630.50486153
     0.00200000     0.02300000     0.00500000   624.91709021
     0.00200000     0.02300000     0.00600000   626.34067988
     0.00200000     0.02400000     0.00500000   618.09444945
     0.00200000     0.02400000     0.00600000   631.60811284
     0.00200000     0.02500000     0.00600000   628.37946075
     0.00200000     0.02600000     0.00700000   609.87971580
     0.00200000     0.02600000     0.00800000   638.44640775
     0.00200000     0.02700000     0.00800000   697.52722641
     0.00200000     0.03000000     0.01000000     0.00000000
     0.00300000     0.00200000     0.00800000   495.77864718
     0.00300000     0.00400000     0.00600000   643.94480761
     0.00300000     0.00700000     0.00400000   629.36903880
     0.00300000     0.00800000     0.00400000   631.41537842
     0.00300000     0.00900000     0.00400000   628.73835378
     0.00300000     0.01000000     0.00300000   607.59372555
     0.00300000     0.01000000     0.00400000   622.75112677
     0.00300000     0.02000000     0.00300000   601.75014986
     0.00300000     0.02000000     0.00400000   614.98602566
     0.00300000     0.02100000     0.00400000   617.82716896
     0.00300000     0.02200000     0.00400000   616.74583020
     0.00300000     0.02300000     0.00400000   631.60684233
     0.00300000     0.02400000     0.00500000   622.92843907
     0.00300000     0.02400000     0.00600000   632.89624745
     0.00300000     0.02500000     0.00600000   628.37946075
     0.00300000     0.02600000     0.00600000   612.53403723
     0.00300000     0.02800000     0.00800000  1023.04845269
     0.00300000     0.03000000     0.01000000     0.00000000
     0.00300000     0.03200000     0.01200000     0.00000000
     0.00400000     0.00100000     0.00800000   240.33769753
     0.00400000     0.00200000     0.00700000   631.25378523
     0.00400000     0.00200000     0.00800000   638.00704647
     0.00400000     0.00400000     0.00600000   647.85309985
     0.00400000     0.00600000     0.00400000   633.79589042
     0.00400000     0.00700000     0.00400000   636.05523663
     0.00400000     0.00800000     0.00400000   634.48368393
     0.00400000     0.00900000     0.00300000   611.27660259
     0.00400000     0.00900000     0.00400000   627.40180403
     0.00400000     0.01000000     0.00300000   612.80810499
     0.00400000     0.01000000     0.00400000   621.45660293
     0.00400000     0.02000000     0.00300000   606.02369579
     0.00400000     0.02000000     0.00400000   614.32952916
     0.00400000     0.02100000     0.00300000   603.06536145
     0.00400000     0.02100000     0.00400000   617.05589553
     0.00400000     0.02200000     0.00400000   618.97422905
     0.00400000     0.02300000     0.00400000   615.45353122
     0.00400000     0.02400000     0.00500000   628.57882913
     0.00400000     0.02400000     0.00600000   639.15996847
     0.00400000     0.02500000     0.00500000   624.67049923
     0.00400000     0.02500000     0.00600000   627.73824433
     0.00400000     0.02600000     0.00600000   631.87296777
     0.00400000     0.02800000     0.00800000   708.53384500
     0.00400000     0.02900000     0.00800000   102.16046215
     0.00400000     0.03000000     0.00900000    47.20733512
     0.00400000     0.03000000     0.01000000     0.00000000
     0.00400000     0.03100000     0.01000000     0.00000000
     0.00400000     0.03200000     0.01100000     0.00000000
     0.00400000     0.03200000     0.01200000     0.00000000
     0.00400000     0.03400000     0.01500000     0.00000000
     0.00400000     0.03400000     0.01600000     0.00000000
     0.00400000     0.03500000     0.01600000     0.00000000
     0.00400000     0.03600000     0.01800000     0.00000000
     0.00400000     0.03800000     0.02100000     0.00000000
     0.00400000     0.03800000     0.02200000     0.00000000
     0.00400000     0.04000000     0.02400000     0.00000000
     0.00400000     0.04200000     0.02500000     0.00000000
     0.00400000     0.04200000     0.02600000     0.00000000
     0.00400000     0.04300000     0.02600000     0.00000000
     0.00400000     0.04400000     0.02700000     0.00000000
     0.00400000     0.04400000     0.02800000     0.00000000
     0.00400000     0.04500000     0.02800000     0.00000000
     0.00500000     0.00100000     0.00800000   225.75690405
     0.00500000     0.00200000     0.00700000   652.09346103
     0.00500000     0.00200000     0.00800000   632.96439120
     0.00500000     0.00300000     0.00600000   654.01874588
     0.00500000     0.00400000     0.00600000   652.60824235
     0.00500000     0.00600000     0.00400000   638.92551828
     0.00500000     0.00700000     0.00400000   640.43858349
     0.00500000     0.00800000     0.00400000   637.18497758
     0.00500000     0.01300000     0.00200000   585.90992512
     0.00500000     0.01400000     0.00200000   588.60506976
     0.00500000     0.01500000     0.00200000   587.92953372
     0.00500000     0.01600000     0.00200000   584.43878688
     0.00500000     0.02200000     0.00400000   621.20305215
     0.00500000     0.02300000     0.00400000   617.16885612
     0.00500000     0.02600000     0.00600000   631.87296777
     0.00500000     0.02800000     0.00700000   621.64432664
     0.00500000     0.02800000     0.00800000   618.11880635
     0.00500000     0.02900000     0.00800000   471.89695471
     0.00500000     0.03000000     0.00900000   172.49028860
     0.00500000     0.03000000     0.01000000     0.00000000
     0.00500000     0.03100000     0.01000000     0.00000000
     0.00500000     0.03200000     0.01100000     0.00000000
     0.00500000     0.03200000     0.01200000     0.00000000
     0.00500000     0.03400000     0.01400000     0.00000000
     0.00500000     0.03400000     0.01500000     0.00000000
     0.00500000     0.03400000     0.01600000     0.00000000
     0.00500000     0.03500000     0.01600000     0.00000000
     0.00500000     0.03600000     0.01800000     0.00000000
     0.00500000     0.03600000     0.01900000     0.00000000
     0.00500000     0.03600000     0.02000000     0.00000000
     0.00500000     0.03700000     0.01900000     0.00000000
     0.00500000     0.03700000     0.02000000     0.00000000
     0.00500000     0.03800000     0.02100000     0.00000000
     0.00500000     0.03800000     0.02200000     0.00000000
     0.00500000     0.03900000     0.02200000     0.00000000
     0.00500000     0.04000000     0.02300000     0.00000000
     0.00500000     0.04000000     0.02400000     0.00000000
     0.00500000     0.04100000     0.02400000     0.00000000
     0.00500000     0.04200000     0.02500000     0.00000000
     0.00500000     0.04200000     0.02600000     0.00000000
     0.00500000     0.04300000     0.02600000     0.00000000
     0.00500000     0.04400000     0.02700000     0.00000000
     0.00500000     0.04400000     0.02800000     0.00000000
     0.00500000     0.04500000     0.02800000     0.00000000
     0.00500000     0.04600000     0.02900000     0.00000000
     0.00500000     0.04600000     0.03000000     0.00000000
     0.00500000     0.04700000     0.02900000     0.00000000
     0.00500000     0.04700000     0.03000000     0.00000000
     0.00500000     0.04800000     0.03000000     0.00000000
     0.00600000     0.00100000     0.00800000   234.71947414
     0.00600000     0.00200000     0.00700000   638.30684137
     0.00600000     0.00200000     0.00800000   646.98384271
     0.00600000     0.00300000     0.00600000   654.28382305
     0.00600000     0.00400000     0.00600000   654.74110568
     0.00600000     0.00600000     0.00400000   638.17643551
     0.00600000     0.00700000     0.00400000   640.61539488
     0.00600000     0.00800000     0.00400000   636.02594872
     0.00600000     0.01300000     0.00200000   588.21012044
     0.00600000     0.01400000     0.00200000   590.92577663
     0.00600000     0.01500000     0.00200000   590.22730204
     0.00600000     0.01600000     0.00200000   586.74381396
     0.00600000     0.02200000     0.00400000   620.13610337
     0.00600000     0.02300000     0.00400000   618.14514721
     0.00600000     0.02600000     0.00600000   632.17814856
     0.00600000     0.02800000     0.00700000   652.63425147
     0.00600000     0.02800000     0.00800000   602.47546776
     0.00600000     0.02900000     0.00800000   348.09348226
     0.00600000     0.03000000     0.00900000   133.91572175
     0.00600000     0.03000000     0.01000000     0.00000000
     0.00600000     0.03100000     0.01000000     0.00000000
     0.00600000     0.03200000     0.01100000     0.00000000
     0.00600000     0.03200000     0.01200000     0.00000000
     0.00600000     0.03400000     0.01400000     0.00000000
     0.00600000     0.03400000     0.01500000     0.00000000
     0.00600000     0.03400000     0.01600000     0.00000000
     0.00600000     0.03500000     0.01600000     0.00000000
     0.00600000     0.03600000     0.01800000     0.00000000
     0.00600000     0.03600000     0.01900000     0.00000000
     0.00600000     0.03600000     0.02000000     0.00000000
     0.00600000     0.03700000     0.01900000     0.00000000
     0.00600000     0.03700000     0.02000000     0.00000000
     0.00600000     0.03800000     0.02100000     0.00000000
     0.00600000     0.03800000     0.02200000     0.00000000
     0.00600000     0.03900000     0.02200000     0.00000000
     0.00600000     0.04000000     0.02300000     0.00000000
     0.00600000     0.04000000     0.02400000     0.00000000
     0.00600000     0.04100000     0.02400000     0.00000000
     0.00600000     0.04200000     0.02500000     0.00000000
     0.00600000     0.04200000     0.02600000     0.00000000
     0.00600000     0.04300000     0.02600000     0.00000000
     0.00600000     0.04400000     0.02700000     0.00000000
     0.00600000     0.04400000     0.02800000     0.00000000
     0.00600000     0.04500000     0.02800000     0.00000000
     0.00600000     0.04600000     0.02900000     0.00000000
     0.00600000     0.04600000     0.03000000     0.00000000
     0.00600000     0.04700000     0.02900000     0.00000000
     0.00600000     0.04700000     0.03000000     0.00000000
     0.00600000     0.04800000     0.03000000     0.00000000
     0.00700000     0.00100000     0.00800000   225.56748969
     0.00700000     0.00200000     0.00700000   652.17362126
     0.00700000     0.00200000     0.00800000   632.70076259
     0.00700000     0.00300000     0.00600000   653.83873220
     0.00700000     0.00400000     0.00600000   652.23149648
     0.00700000     0.00600000     0.00400000   638.35847713
     0.00700000     0.00700000     0.00400000   640.04364270
     0.00700000     0.00800000     0.00400000   636.43755435
     0.00700000     0.01300000     0.00200000   585.62331142
     0.00700000     0.01400000     0.00200000   588.31835854
     0.00700000     0.01500000     0.00200000   587.60670660
     0.00700000     0.01600000     0.00200000   584.09239864
     0.00700000     0.02200000     0.00400000   618.40068855
     0.00700000     0.02300000     0.00400000   614.84118044
     0.00700000     0.02600000     0.00600000   630.17657652
     0.00700000     0.02800000     0.00700000   622.18604940
     0.00700000     0.02800000     0.00800000   616.85183070
     0.00700000     0.02900000     0.00800000   470.79331795
     0.00700000     0.03000000     0.00900000   172.99393559
     0.00700000     0.03000000     0.01000000     0.00000000
     0.00700000     0.03100000     0.01000000     0.00000000
     0.00700000     0.03200000     0.01100000     0.00000000
     0.00700000     0.03200000     0.01200000     0.00000000
     0.00700000     0.03400000     0.01400000     0.00000000
     0.00700000     0.03400000     0.01500000     0.00000000
     0.00700000     0.03400000     0.01600000     0.00000000
     0.00700000     0.03500000     0.01600000     0.00000000
     0.00700000     0.03600000     0.01800000     0.00000000
     0.00700000     0.03600000     0.01900000     0.00000000
     0.00700000     0.03600000     0.02000000     0.00000000
     0.00700000     0.03700000     0.01900000     0.00000000
     0.00700000     0.03700000     0.02000000     0.00000000
     0.00700000     0.03800000     0.02100000     0.00000000
     0.00700000     0.03800000     0.02200000     0.00000000
     0.00700000     0.03900000     0.02200000     0.00000000
     0.00700000     0.04000000     0.02300000     0.00000000
     0.00700000     0.04000000     0.02400000     0.00000000
     0.00700000     0.04100000     0.02400000     0.00000000
     0.00700000     0.04200000     0.02500000     0.00000000
     0.00700000     0.04200000     0.02600000     0.00000000
     0.00700000     0.04300000     0.02600000     0.00000000
     0.00700000     0.04400000     0.02700000     0.00000000
     0.00700000     0.04400000     0.02800000     0.00000000
     0.00700000     0.04500000     0.02800000     0.00000000
     0.00700000     0.04600000     0.02900000     0.00000000
     0.00700000     0.04600000     0.03000000     0.00000000
     0.00700000     0.04700000     0.02900000     0.00000000
     0.00700000     0.04700000     0.03000000     0.00000000
     0.00700000     0.04800000     0.03000000     0.00000000
     0.00800000     0.00100000     0.00800000   240.34677085
     0.00800000     0.00200000     0.00700000   630.98807923
     0.00800000     0.00200000     0.00800000   637.97265822
     0.00800000     0.00400000     0.00600000   648.01157889
     0.00800000     0.00600000     0.00400000   633.53804574
     0.00800000     0.00700000     0.00400000   635.28220670
     0.00800000     0.00800000     0.00400000   633.80007653
     0.00800000     0.00900000     0.00300000   610.26207543
     0.00800000     0.00900000     0.00400000   626.20343722
     0.00800000     0.01000000     0.00300000   611.50835945
     0.00800000     0.01000000     0.00400000   620.06790174
     0.00800000     0.02000000     0.00300000   601.99652198
     0.00800000     0.02000000     0.00400000   609.45595727
     0.00800000     0.02100000     0.00300000   599.78728959
     0.00800000     0.02100000     0.00400000   612.02399374
     0.00800000     0.02200000     0.00400000   613.63741431
     0.00800000     0.02300000     0.00400000   611.99581685
     0.00800000     0.02400000     0.00500000   623.99515687
     0.00800000     0.02400000     0.00600000   631.41884125
     0.00800000     0.02500000     0.00500000   621.71125611
     0.00800000     0.02500000     0.00600000   627.23366894
     0.00800000     0.02600000     0.00600000   630.17657652
     0.00800000     0.02800000     0.00800000   702.77787180
     0.00800000     0.02900000     0.00800000    98.93034137
     0.00800000     0.03000000     0.00900000    47.99230119
     0.00800000     0.03000000     0.01000000     0.00000000
     0.00800000     0.03100000     0.01000000     0.00000000
     0.00800000     0.03200000     0.01100000     0.00000000
     0.00800000     0.03200000     0.01200000     0.00000000
     0.00800000     0.03400000     0.01500000     0.00000000
     0.00800000     0.03400000     0.01600000     0.00000000
     0.00800000     0.03500000     0.01600000     0.00000000
     0.00800000     0.03600000     0.01800000     0.00000000
     0.00800000     0.03800000     0.02100000     0.00000000
     0.00800000     0.03800000     0.02200000     0.00000000
     0.00800000     0.04000000     0.02400000     0.00000000
     0.00800000     0.04200000     0.02500000     0.00000000
     0.00800000     0.04200000     0.02600000     0.00000000
     0.00800000     0.04300000     0.02600000     0.00000000
     0.00800000     0.04400000     0.02700000     0.00000000
     0.00800000     0.04400000     0.02800000     0.00000000
     0.00800000     0.04500000     0.02800000     0.00000000
     0.00900000     0.00200000     0.00800000   495.01181072
     0.00900000     0.00400000     0.00600000   642.87463575
     0.00900000     0.00500000     0.00500000   636.51271685
     0.00900000     0.00500000     0.00600000   650.68433531
     0.00900000     0.00600000     0.00500000   645.45549507
     0.00900000     0.00600000     0.00600000   644.66749684
     0.00900000     0.00700000     0.00400000   628.17229383
     0.00900000     0.00800000     0.00400000   629.19011623
     0.00900000     0.00900000     0.00400000   626.90321810
     0.00900000     0.01000000     0.00300000   605.75585100
     0.00900000     0.01000000     0.00400000   620.42786987
     0.00900000     0.01100000     0.00300000   607.00561364
     0.00900000     0.01100000     0.00400000   615.96320206
     0.00900000     0.01200000     0.00300000   604.64738866
     0.00900000     0.01200000     0.00400000   612.14480794
     0.00900000     0.01800000     0.00300000   598.45602592
     0.00900000     0.01800000     0.00400000   604.93992971
     0.00900000     0.01900000     0.00300000   598.81909138
     0.00900000     0.01900000     0.00400000   606.01807478
     0.00900000     0.02000000     0.00300000   596.51229500
     0.00900000     0.02000000     0.00400000   607.95245090
     0.00900000     0.02100000     0.00400000   610.36401403
     0.00900000     0.02200000     0.00400000   609.13729778
     0.00900000     0.02300000     0.00400000   621.70702791
     0.00900000     0.02400000     0.00500000   617.23334950
     0.00900000     0.02400000     0.00600000   624.39446730
     0.00900000     0.02500000     0.00600000   622.40828659
     0.00900000     0.02600000     0.00600000   618.40605537
     0.00900000     0.02600000     0.00700000   618.40605537
     0.00900000     0.02600000     0.00800000   626.83014854
     0.00900000     0.02700000     0.00700000   609.14996554
     0.00900000     0.02700000     0.00800000   614.44984604
     0.00900000     0.02800000     0.00800000  1033.85248699
     0.00900000     0.03000000     0.01000000     0.00000000
     0.00900000     0.03200000     0.01200000     0.00000000
     0.01000000     0.00200000     0.00800000   199.32660232
     0.01000000     0.00300000     0.00700000   608.60061178
     0.01000000     0.00300000     0.00800000   648.02360843
     0.01000000     0.00400000     0.00700000   644.86320785
     0.01000000     0.00400000     0.00800000   625.46293233
     0.01000000     0.00500000     0.00600000   649.01415312
     0.01000000     0.00600000     0.00500000   632.37007089
     0.01000000     0.00600000     0.00600000   640.77076411
     0.01000000     0.00700000     0.00500000   633.25863856
     0.01000000     0.00700000     0.00600000   644.06392395
     0.01000000     0.00800000     0.00400000   621.70232145
     0.01000000     0.00800000     0.00500000   630.28161232
     0.01000000     0.00800000     0.00600000   641.97562913
     0.01000000     0.00900000     0.00400000   623.57955808
     0.01000000     0.01000000     0.00400000   618.47440716
     0.01000000     0.01100000     0.00400000   616.85368803
     0.01000000     0.01200000     0.00300000   598.50854391
     0.01000000     0.01200000     0.00400000   611.72068823
     0.01000000     0.01300000     0.00300000   600.76896389
     0.01000000     0.01300000     0.00400000   609.06635080
     0.01000000     0.01400000     0.00300000   599.66227572
     0.01000000     0.01400000     0.00400000   607.02965543
     0.01000000     0.01500000     0.00300000   598.26669772
     0.01000000     0.01500000     0.00400000   605.27752446
     0.01000000     0.01600000     0.00300000   597.16760622
     0.01000000     0.01600000     0.00400000   604.17175298
     0.01000000     0.01700000     0.00300000   596.07868398
     0.01000000     0.01700000     0.00400000   603.39982706
     0.01000000     0.01800000     0.00300000   592.77101413
     0.01000000     0.01800000     0.00400000   602.94633736
     0.01000000     0.01900000     0.00400000   603.33991874
     0.01000000     0.02000000     0.00400000   605.28424570
     0.01000000     0.02100000     0.00400000   607.03139652
     0.01000000     0.02200000     0.00400000   603.54702406
     0.01000000     0.02200000     0.00500000   611.24623386
     0.01000000     0.02200000     0.00600000   618.96571320
     0.01000000     0.02300000     0.00500000   616.00120705
     0.01000000     0.02300000     0.00600000   620.46842353
     0.01000000     0.02400000     0.00500000   610.61545829
     0.01000000     0.02400000     0.00600000   619.43384339
     0.01000000     0.02500000     0.00600000   614.22003841
     0.01000000     0.02600000     0.00700000   609.50263822
     0.01000000     0.02600000     0.00800000   606.80956119
     0.01000000     0.02700000     0.00800000   713.22060127
     0.01000000     0.03000000     0.01000000     0.00000000
     0.01100000     0.00300000     0.00800000   207.60178245
     0.01100000     0.00400000     0.00800000   493.64656317
     0.01100000     0.00600000     0.00600000   635.20978331
     0.01100000     0.00700000     0.00600000   639.97375468
     0.01100000     0.00800000     0.00500000   626.01903453
     0.01100000     0.00800000     0.00600000   634.47161075
     0.01100000     0.01000000     0.00400000   611.24429829
     0.01100000     0.01100000     0.00400000   612.38461159
     0.01100000     0.01200000     0.00400000   610.64760018
     0.01100000     0.01300000     0.00400000   607.19620696
     0.01100000     0.01400000     0.00400000   604.88901134
     0.01100000     0.01500000     0.00400000   602.76767186
     0.01100000     0.01600000     0.00400000   601.64101388
     0.01100000     0.01700000     0.00400000   600.77118100
     0.01100000     0.01800000     0.00400000   600.16956728
     0.01100000     0.01900000     0.00400000   596.90548032
     0.01100000     0.02200000     0.00500000   607.20775051
     0.01100000     0.02200000     0.00600000   613.65264497
     0.01100000     0.02300000     0.00600000   605.81381702
     0.01100000     0.02400000     0.00600000   619.43384339
     0.01100000     0.02600000     0.00800000   706.30822507
     0.01200000     0.00800000     0.00600000   622.98636000
     0.00000000     0.00200000     0.01100000     0.00000000
     0.00000000     0.00300000     0.01000000     0.00000000
     0.00000000     0.00300000     0.01100000     0.00000000
     0.00000000     0.00400000     0.00900000  2694.18986362
     0.00000000     0.00400000     0.01000000     0.00000000
     0.00000000     0.00500000     0.00800000   201.06474180
     0.00000000     0.00500000     0.00900000  2139.24534188
     0.00000000     0.00600000     0.00800000   477.32761090
     0.00000000     0.00700000     0.00700000   634.81045214
     0.00000000     0.00700000     0.00800000   609.50061684
     0.00000000     0.00800000     0.00600000   623.10234451
     0.00000000     0.00800000     0.00700000   641.18451619
     0.00000000     0.00900000     0.00600000   627.88040015
     0.00000000     0.01000000     0.00600000   626.03966189
     0.00000000     0.01100000     0.00500000   615.45237899
     0.00000000     0.01100000     0.00600000   623.53433231
     0.00000000     0.01200000     0.00500000   616.79404207
     0.00000000     0.01300000     0.00500000   616.15632329
     0.00000000     0.01400000     0.00500000   614.00909088
     0.00000000     0.01500000     0.00500000   613.03351612
     0.00000000     0.01600000     0.00500000   612.39846728
     0.00000000     0.01700000     0.00500000   612.74046557
     0.00000000     0.01800000     0.00500000   612.10514513
     0.00000000     0.01800000     0.00600000   617.36271688
     0.00000000     0.01900000     0.00500000   609.75315391
     0.00000000     0.01900000     0.00600000   617.31110616
     0.00000000     0.02000000     0.00600000   617.23102636
     0.00000000     0.02100000     0.00600000   615.09516026
     0.00000000     0.02100000     0.00700000   625.24605221
     0.00000000     0.02200000     0.00700000   630.83838506
     0.00000000     0.02200000     0.00800000   610.97600182
     0.00000000     0.02300000     0.00700000   618.67352972
     0.00000000     0.02300000     0.00800000   598.79303921
     0.00000000     0.02400000     0.00800000   719.72428689
     0.00000000     0.02500000     0.00800000  1827.49618244
     0.00000000     0.02500000     0.00900000  1827.49618244
     0.00000000     0.02500000     0.01000000     0.00000000
     0.00000000     0.02600000     0.00900000   676.72847322
     0.00000000     0.02600000     0.01000000     0.00000000
     0.00000000     0.02700000     0.01000000     0.00000000
     0.00000000     0.02700000     0.01100000     0.00000000
     0.00000000     0.02700000     0.01200000     0.00000000
     0.00000000     0.02800000     0.01100000     0.00000000
     0.00000000     0.02800000     0.01200000     0.00000000
     0.00000000     0.02900000     0.01200000     0.00000000
     0.00100000     0.00100000     0.01000000     0.00000000
     0.00100000     0.00200000     0.00900000  2664.86689342
     0.00100000     0.00200000     0.01000000     0.00000000
     0.00100000     0.00200000     0.01100000     0.00000000
     0.00100000     0.00300000     0.00800000   209.80321633
     0.00100000     0.00300000     0.00900000  2132.42465971
     0.00100000     0.00300000     0.01000000     0.00000000
     0.00100000     0.00300000     0.01100000     0.00000000
     0.00100000     0.00400000     0.00800000   496.32972850
     0.00100000     0.00400000     0.00900000  2169.53997336
     0.00100000     0.00400000     0.01000000     0.00000000
     0.00100000     0.00500000     0.00700000   604.35660512
     0.00100000     0.00500000     0.00800000   652.74183091
     0.00100000     0.00500000     0.00900000  2123.08407569
     0.00100000     0.00600000     0.00600000   640.23455961
     0.00100000     0.00600000     0.00700000   645.71463346
     0.00100000     0.00600000     0.00800000   626.16004959
     0.00100000     0.00700000     0.00600000   645.25242029
     0.00100000     0.00700000     0.00700000   632.09243483
     0.00100000     0.00700000     0.00800000   655.01511068
     0.00100000     0.00800000     0.00500000   627.08610320
     0.00100000     0.00800000     0.00600000   640.00064024
     0.00100000     0.00800000     0.00700000   637.90104328
     0.00100000     0.00900000     0.00500000   626.21546097
     0.00100000     0.00900000     0.00600000   636.28528111
     0.00100000     0.01000000     0.00400000   614.64499926
     0.00100000     0.01000000     0.00500000   624.05208025
     0.00100000     0.01000000     0.00600000   634.43646653
     0.00100000     0.01100000     0.00400000   615.75564465
     0.00100000     0.01100000     0.00500000   621.48827485
     0.00100000     0.01100000     0.00600000   628.40418300
     0.00100000     0.01200000     0.00400000   614.71372919
     0.00100000     0.01200000     0.00500000   621.11535319
     0.00100000     0.01300000     0.00400000   611.73488810
     0.00100000     0.01300000     0.00500000   618.89241379
     0.00100000     0.01400000     0.00400000   610.19665705
     0.00100000     0.01400000     0.00500000   617.27620103
     0.00100000     0.01500000     0.00400000   608.87153528
     0.00100000     0.01500000     0.00500000   615.91677664
     0.00100000     0.01600000     0.00400000   608.63872963
     0.00100000     0.01600000     0.00500000   615.73382239
     0.00100000     0.01700000     0.00400000   608.53070755
     0.00100000     0.01700000     0.00500000   615.61679609
     0.00100000     0.01800000     0.00400000   608.73030036
     0.00100000     0.01800000     0.00500000   616.15068036
     0.00100000     0.01800000     0.00600000   621.82495941
     0.00100000     0.01900000     0.00400000   605.48993734
     0.00100000     0.01900000     0.00500000   614.34027911
     0.00100000     0.01900000     0.00600000   621.71616127
     0.00100000     0.02000000     0.00500000   618.75081363
     0.00100000     0.02000000     0.00600000   625.45103879
     0.00100000     0.02100000     0.00500000   617.73922176
     0.00100000     0.02100000     0.00600000   623.34968618
     0.00100000     0.02100000     0.00700000   625.03076851
     0.00100000     0.02200000     0.00500000   617.42482107
     0.00100000     0.02200000     0.00600000   628.88393708
     0.00100000     0.02200000     0.00700000   625.41102001
     0.00100000     0.02200000     0.00800000   631.25467345
     0.00100000     0.02300000     0.00600000   612.34679620
     0.00100000     0.02300000     0.00700000   631.46190993
     0.00100000     0.02300000     0.00800000   616.61199810
     0.00100000     0.02400000     0.00600000   631.60811284
     0.00100000     0.02400000     0.00700000   622.31116533
     0.00100000     0.02400000     0.00800000   619.26270404
     0.00100000     0.02500000     0.00700000   638.78030494
     0.00100000     0.02500000     0.00800000   594.36847918
     0.00100000     0.02500000     0.00900000  2202.99145508
     0.00100000     0.02500000     0.01000000     0.00000000
     0.00100000     0.02600000     0.00800000   757.44262626
     0.00100000     0.02600000     0.00900000  2126.86827840
     0.00100000     0.02600000     0.01000000     0.00000000
     0.00100000     0.02700000     0.00900000  1563.38565430
     0.00100000     0.02700000     0.01000000     0.00000000
     0.00100000     0.02700000     0.01100000     0.00000000
     0.00100000     0.02700000     0.01200000     0.00000000
     0.00100000     0.02800000     0.00900000  -773.89708505
     0.00100000     0.02800000     0.01000000     0.00000000
     0.00100000     0.02800000     0.01100000     0.00000000
     0.00100000     0.02800000     0.01200000     0.00000000
     0.00100000     0.02900000     0.01000000     0.00000000
     0.00100000     0.02900000     0.01100000     0.00000000
     0.00100000     0.02900000     0.01200000     0.00000000
     0.00100000     0.03000000     0.01100000     0.00000000
     0.00100000     0.03000000     0.01200000     0.00000000
     0.00100000     0.03100000     0.01200000     0.00000000
     0.00200000     0.00000000     0.01000000     0.00000000
     0.00200000     0.00100000     0.00900000   598.42272868
     0.00200000     0.00100000     0.01000000     0.00000000
     0.00200000     0.00200000     0.00800000   196.36514204
     0.00200000     0.00200000     0.00900000  2149.22780696
     0.00200000     0.00200000     0.01000000     0.00000000
     0.00200000     0.00300000     0.00700000   612.61334433
     0.00200000     0.00300000     0.00800000   648.68639171
     0.00200000     0.00300000     0.00900000  2133.64591406
     0.00200000     0.00400000     0.00700000   645.42255037
     0.00200000     0.00400000     0.00800000   621.40483416
     0.00200000     0.00500000     0.00600000   648.60137307
     0.00200000     0.00500000     0.00700000   637.91339262
     0.00200000     0.00500000     0.00800000   658.12507342
     0.00200000     0.00600000     0.00500000   635.32968728
     0.00200000     0.00600000     0.00600000   637.37701944
     0.00200000     0.00600000     0.00700000   656.69746106
     0.00200000     0.00700000     0.00500000   637.63673891
     0.00200000     0.00800000     0.00400000   622.85557799
     0.00200000     0.00800000     0.00500000   632.66715703
     0.00200000     0.00900000     0.00400000   625.05615528
     0.00200000     0.00900000     0.00500000   633.42899104
     0.00200000     0.01000000     0.00400000   620.87538673
     0.00200000     0.01000000     0.00500000   628.09632860
     0.00200000     0.01100000     0.00400000   619.96049287
     0.00200000     0.01200000     0.00300000   601.89225104
     0.00200000     0.01200000     0.00400000   615.39448967
     0.00200000     0.01300000     0.00300000   604.48584705
     0.00200000     0.01400000     0.00300000   603.91578800
     0.00200000     0.01500000     0.00300000   603.09217774
     0.00200000     0.01600000     0.00300000   602.62915748
     0.00200000     0.01700000     0.00300000   602.02291397
     0.00200000     0.01700000     0.00400000   610.38568440
     0.00200000     0.01800000     0.00300000   598.95189172
     0.00200000     0.01800000     0.00400000   610.57928988
     0.00200000     0.01900000     0.00400000   611.57081384
     0.00200000     0.01900000     0.00500000   618.67443602
     0.00200000     0.02000000     0.00400000   613.69946352
     0.00200000     0.02000000     0.00500000   620.50291394
     0.00200000     0.02100000     0.00400000   615.46395249
     0.00200000     0.02100000     0.00500000   623.06684357
     0.00200000     0.02100000     0.00600000   629.06487753
     0.00200000     0.02200000     0.00400000   612.29670754
     0.00200000     0.02200000     0.00500000   620.20647199
     0.00200000     0.02200000     0.00600000   630.50486153
     0.00200000     0.02300000     0.00500000   624.91709021
     0.00200000     0.02300000     0.00600000   626.34067988
     0.00200000     0.02400000     0.00500000   618.09444945
     0.00200000     0.02400000     0.00600000   631.60811284
     0.00200000     0.02400000     0.00700000   622.39049112
     0.00200000     0.02400000     0.00800000   654.46158263
     0.00200000     0.02500000     0.00600000   628.37946075
     0.00200000     0.02500000     0.00700000   623.93822670
     0.00200000     0.02500000     0.00800000   604.83930634
     0.00200000     0.02600000     0.00700000   609.87971580
     0.00200000     0.02600000     0.00800000   638.44640775
     0.00200000     0.02600000     0.00900000  2144.33319775
     0.00200000     0.02700000     0.00800000   697.52722641
     0.00200000     0.02700000     0.00900000  2177.42322928
     0.00200000     0.02700000     0.01000000     0.00000000
     0.00200000     0.02800000     0.00900000   160.47681371
     0.00200000     0.02800000     0.01000000     0.00000000
     0.00200000     0.02900000     0.00900000   196.17227125
     0.00200000     0.02900000     0.01000000     0.00000000
     0.00200000     0.02900000     0.01100000     0.00000000
     0.00200000     0.02900000     0.01200000     0.00000000
     0.00200000     0.03000000     0.01000000     0.00000000
     0.00200000     0.03000000     0.01100000     0.00000000
     0.00200000     0.03000000     0.01200000     0.00000000
     0.00200000     0.03100000     0.01100000     0.00000000
     0.00200000     0.03100000     0.01200000     0.00000000
     0.00200000     0.03100000     0.01300000     0.00000000
     0.00200000     0.03100000     0.01400000     0.00000000
     0.00200000     0.03200000     0.01300000     0.00000000
     0.00200000     0.03200000     0.01400000     0.00000000
     0.00200000     0.03200000     0.01500000     0.00000000
     0.00200000     0.03300000     0.01500000     0.00000000
     0.00300000     0.00000000     0.00900000  -915.68711994
     0.00300000     0.00000000     0.01000000     0.00000000
     0.00300000     0.00100000     0.00900000  1251.32585856
     0.00300000     0.00100000     0.01000000     0.00000000
     0.00300000     0.00200000     0.00800000   495.77864718
     0.00300000     0.00200000     0.00900000  2166.18902945
     0.00300000     0.00300000     0.00700000   640.35529143
     0.00300000     0.00300000     0.00800000   638.40636047
     0.00300000     0.00400000     0.00600000   643.94480761
     0.00300000     0.00400000     0.00700000   668.71016621
     0.00300000     0.00500000     0.00500000   636.86049412
     0.00300000     0.00500000     0.00600000   652.14202318
     0.00300000     0.00500000     0.00700000   648.26258978
     0.00300000     0.00600000     0.00500000   645.85805538
     0.00300000     0.00600000     0.00600000   647.36046274
     0.00300000     0.00700000     0.00400000   629.36903880
     0.00300000     0.00700000     0.00500000   640.84232735
     0.00300000     0.00800000     0.00400000   631.41537842
     0.00300000     0.00800000     0.00500000   638.15994656
     0.00300000     0.01000000     0.00300000   607.59372555
     0.00300000     0.01000000     0.00400000   622.75112677
     0.00300000     0.01100000     0.00300000   608.94720835
     0.00300000     0.01100000     0.00400000   618.38724718
     0.00300000     0.01200000     0.00300000   607.41598678
     0.00300000     0.01200000     0.00400000   615.13416201
     0.00300000     0.01300000     0.00300000   607.58524452
     0.00300000     0.01400000     0.00300000   606.50601506
     0.00300000     0.01500000     0.00300000   605.59400186
     0.00300000     0.01600000     0.00300000   605.34573289
     0.00300000     0.01700000     0.00300000   605.26781250
     0.00300000     0.01700000     0.00400000   610.12730774
     0.00300000     0.01800000     0.00300000   603.96339279
     0.00300000     0.01800000     0.00400000   611.17025618
     0.00300000     0.01900000     0.00300000   604.03464187
     0.00300000     0.01900000     0.00400000   612.53089915
     0.00300000     0.02000000     0.00300000   601.75014986
     0.00300000     0.02000000     0.00400000   614.98602566
     0.00300000     0.02200000     0.00400000   616.74583020
     0.00300000     0.02200000     0.00500000   625.48268495
     0.00300000     0.02300000     0.00400000   631.60684233
     0.00300000     0.02300000     0.00500000   631.60684233
     0.00300000     0.02300000     0.00600000   630.22613696
     0.00300000     0.02400000     0.00500000   622.92843907
     0.00300000     0.02400000     0.00600000   632.89624745
     0.00300000     0.02500000     0.00600000   628.37946075
     0.00300000     0.02500000     0.00700000   652.37792490
     0.00300000     0.02500000     0.00800000   626.75707193
     0.00300000     0.02600000     0.00600000   612.53403723
     0.00300000     0.02600000     0.00700000   612.53403723
     0.00300000     0.02600000     0.00800000   641.84949207
     0.00300000     0.02700000     0.00700000   617.50225537
     0.00300000     0.02700000     0.00800000   620.04666645
     0.00300000     0.02700000     0.00900000  2155.75553147
     0.00300000     0.02800000     0.00800000  1023.04845269
     0.00300000     0.02800000     0.00900000  1023.04845269
     0.00300000     0.02800000     0.01000000     0.00000000
     0.00300000     0.02900000     0.00900000  -376.66632004
     0.00300000     0.02900000     0.01000000     0.00000000
     0.00300000     0.03000000     0.01000000     0.00000000
     0.00300000     0.03000000     0.01100000     0.00000000
     0.00300000     0.03000000     0.01200000     0.00000000
     0.00300000     0.03100000     0.01100000     0.00000000
     0.00300000     0.03100000     0.01200000     0.00000000
     0.00300000     0.03100000     0.01300000     0.00000000
     0.00300000     0.03100000     0.01400000     0.00000000
     0.00300000     0.03200000     0.01200000     0.00000000
     0.00300000     0.03200000     0.01300000     0.00000000
     0.00300000     0.03200000     0.01400000     0.00000000
     0.00300000     0.03200000     0.01500000     0.00000000
     0.00300000     0.03300000     0.01300000     0.00000000
     0.00300000     0.03300000     0.01400000     0.00000000
     0.00300000     0.03300000     0.01500000     0.00000000
     0.00300000     0.03300000     0.01600000     0.00000000
     0.00300000     0.03400000     0.01500000     0.00000000
     0.00300000     0.03400000     0.01600000     0.00000000
     0.00300000     0.03400000     0.01700000     0.00000000
     0.00300000     0.03500000     0.01700000     0.00000000
     0.00400000     0.00000000     0.00900000   257.51332131
     0.00400000     0.00100000     0.00800000   240.33769753
     0.00400000     0.00100000     0.00900000  2132.35720126
     0.00400000     0.00200000     0.00700000   631.25378523
     0.00400000     0.00200000     0.00800000   638.00704647
     0.00400000     0.00200000     0.00900000  2150.98162120
     0.00400000     0.00300000     0.00700000   639.59266014
     0.00400000     0.00300000     0.00800000   657.28830405
     0.00400000     0.00400000     0.00600000   647.85309985
     0.00400000     0.00400000     0.00700000   657.25891029
     0.00400000     0.00500000     0.00500000   644.38343791
     0.00400000     0.00500000     0.00600000   655.56681326
     0.00400000     0.00600000     0.00400000   633.79589042
     0.00400000     0.00600000     0.00500000   647.37604722
     0.00400000     0.00700000     0.00400000   636.05523663
     0.00400000     0.00700000     0.00500000   645.48174835
     0.00400000     0.00800000     0.00400000   634.48368393
     0.00400000     0.00900000     0.00300000   611.27660259
     0.00400000     0.00900000     0.00400000   627.40180403
     0.00400000     0.01000000     0.00300000   612.80810499
     0.00400000     0.01100000     0.00300000   612.71267050
     0.00400000     0.01200000     0.00300000   609.84863614
     0.00400000     0.01300000     0.00300000   607.14183973
     0.00400000     0.01400000     0.00300000   604.93966206
     0.00400000     0.01500000     0.00300000   603.90738951
     0.00400000     0.01600000     0.00300000   603.99375024
     0.00400000     0.01700000     0.00300000   605.04367177
     0.00400000     0.01800000     0.00300000   606.21344001
     0.00400000     0.01900000     0.00300000   607.42271986
     0.00400000     0.01900000     0.00400000   612.51326380
     0.00400000     0.02000000     0.00300000   606.02369579
     0.00400000     0.02000000     0.00400000   614.32952916
     0.00400000     0.02100000     0.00300000   603.06536145
     0.00400000     0.02100000     0.00400000   617.05589553
     0.00400000     0.02200000     0.00400000   618.97422905
     0.00400000     0.02300000     0.00400000   615.45353122
     0.00400000     0.02300000     0.00500000   629.53641604
     0.00400000     0.02300000     0.00600000   634.21707752
     0.00400000     0.02400000     0.00500000   628.57882913
     0.00400000     0.02400000     0.00600000   639.15996847
     0.00400000     0.02500000     0.00500000   624.67049923
     0.00400000     0.02500000     0.00600000   627.73824433
     0.00400000     0.02600000     0.00600000   631.87296777
     0.00400000     0.02600000     0.00700000   641.84024033
     0.00400000     0.02600000     0.00800000   632.57855834
     0.00400000     0.02700000     0.00700000   643.64731495
     0.00400000     0.02700000     0.00800000   612.51663419
     0.00400000     0.02800000     0.00800000   708.53384500
     0.00400000     0.02800000     0.00900000  2178.23585674
     0.00400000     0.02800000     0.01000000     0.00000000
     0.00400000     0.02900000     0.00800000   102.16046215
     0.00400000     0.02900000     0.00900000   102.16046215
     0.00400000     0.02900000     0.01000000     0.00000000
     0.00400000     0.03000000     0.00900000    47.20733512
     0.00400000     0.03000000     0.01000000     0.00000000
     0.00400000     0.03000000     0.01100000     0.00000000
     0.00400000     0.03000000     0.01200000     0.00000000
     0.00400000     0.03100000     0.01000000     0.00000000
     0.00400000     0.03100000     0.01100000     0.00000000
     0.00400000     0.03100000     0.01200000     0.00000000
     0.00400000     0.03200000     0.01100000     0.00000000
     0.00400000     0.03200000     0.01200000     0.00000000
     0.00400000     0.03200000     0.01300000     0.00000000
     0.00400000     0.03200000     0.01400000     0.00000000
     0.00400000     0.03300000     0.01300000     0.00000000
     0.00400000     0.03300000     0.01400000     0.00000000
     0.00400000     0.03300000     0.01500000     0.00000000
     0.00400000     0.03300000     0.01600000     0.00000000
     0.00400000     0.03400000     0.01500000     0.00000000
     0.00400000     0.03400000     0.01600000     0.00000000
     0.00400000     0.03400000     0.01700000     0.00000000
     0.00400000     0.03500000     0.01600000     0.00000000
     0.00400000     0.03500000     0.01700000     0.00000000
     0.00400000     0.03500000     0.01800000     0.00000000
     0.00400000     0.03600000     0.01800000     0.00000000
     0.00400000     0.03600000     0.01900000     0.00000000
     0.00400000     0.03600000     0.02000000     0.00000000
     0.00400000     0.03700000     0.02000000     0.00000000
     0.00400000     0.03700000     0.02100000     0.00000000
     0.00400000     0.03700000     0.02200000     0.00000000
     0.00400000     0.03800000     0.02100000     0.00000000
     0.00400000     0.03800000     0.02200000     0.00000000
     0.00400000     0.03800000     0.02300000     0.00000000
     0.00400000     0.03800000     0.02400000     0.00000000
     0.00400000     0.03900000     0.02300000     0.00000000
     0.00400000     0.03900000     0.02400000     0.00000000
     0.00400000     0.04000000     0.02400000     0.00000000
     0.00400000     0.04000000     0.02500000     0.00000000
     0.00400000     0.04100000     0.02500000     0.00000000
     0.00400000     0.04100000     0.02600000     0.00000000
     0.00400000     0.04200000     0.02500000     0.00000000
     0.00400000     0.04200000     0.02600000     0.00000000
     0.00400000     0.04300000     0.02600000     0.00000000
     0.00400000     0.04300000     0.02700000     0.00000000
     0.00400000     0.04300000     0.02800000     0.00000000
     0.00400000     0.04400000     0.02700000     0.00000000
     0.00400000     0.04400000     0.02800000     0.00000000
     0.00400000     0.04500000     0.02800000     0.00000000
     0.00400000     0.04500000     0.02900000     0.00000000
     0.00400000     0.04500000     0.03000000     0.00000000
     0.00400000     0.04600000     0.02900000     0.00000000
     0.00400000     0.04600000     0.03000000     0.00000000
     0.00400000     0.04700000     0.03000000     0.00000000
     0.00400000     0.04700000     0.03100000     0.00000000
     0.00400000     0.04800000     0.03100000     0.00000000
     0.00500000     0.00000000     0.00900000   921.78058559
     0.00500000     0.00100000     0.00800000   225.75690405
     0.00500000     0.00100000     0.00900000  2144.44220068
     0.00500000     0.00200000     0.00700000   652.09346103
     0.00500000     0.00300000     0.00600000   654.01874588
     0.00500000     0.00300000     0.00700000   660.52993076
     0.00500000     0.00400000     0.00600000   652.60824235
     0.00500000     0.00400000     0.00700000   661.49253381
     0.00500000     0.00500000     0.00500000   646.05417721
     0.00500000     0.00500000     0.00600000   656.80763140
     0.00500000     0.00600000     0.00400000   638.92551828
     0.00500000     0.00600000     0.00500000   648.13216071
     0.00500000     0.00800000     0.00400000   637.18497758
     0.00500000     0.00900000     0.00300000   613.94277415
     0.00500000     0.00900000     0.00400000   626.38895221
     0.00500000     0.01000000     0.00300000   615.85186676
     0.00500000     0.01100000     0.00300000   613.07111235
     0.00500000     0.01200000     0.00300000   608.77383488
     0.00500000     0.01300000     0.00200000   585.90992512
     0.00500000     0.01300000     0.00300000   601.89637878
     0.00500000     0.01400000     0.00200000   588.60506976
     0.00500000     0.01400000     0.00300000   599.29600274
     0.00500000     0.01500000     0.00200000   587.92953372
     0.00500000     0.01500000     0.00300000   598.27529266
     0.00500000     0.01600000     0.00200000   584.43878688
     0.00500000     0.01600000     0.00300000   598.87168966
     0.00500000     0.01700000     0.00300000   603.02002215
     0.00500000     0.01800000     0.00300000   605.33931067
     0.00500000     0.01900000     0.00300000   607.74630271
     0.00500000     0.02000000     0.00300000   608.70613793
     0.00500000     0.02000000     0.00400000   614.13746485
     0.00500000     0.02100000     0.00300000   605.90842488
     0.00500000     0.02100000     0.00400000   615.70880843
     0.00500000     0.02200000     0.00400000   621.20305215
     0.00500000     0.02300000     0.00400000   617.16885612
     0.00500000     0.02300000     0.00500000   629.69580772
     0.00500000     0.02400000     0.00500000   631.30549386
     0.00500000     0.02400000     0.00600000   638.09033258
     0.00500000     0.02500000     0.00500000   632.74139183
     0.00500000     0.02500000     0.00600000   634.14566145
     0.00500000     0.02600000     0.00600000   631.87296777
     0.00500000     0.02600000     0.00700000   635.96412621
     0.00500000     0.02600000     0.00800000   641.38985258
     0.00500000     0.02700000     0.00700000   617.36217507
     0.00500000     0.02700000     0.00800000   641.11676527
     0.00500000     0.02800000     0.00700000   621.64432664
     0.00500000     0.02800000     0.00800000   618.11880635
     0.00500000     0.02900000     0.00800000   471.89695471
     0.00500000     0.02900000     0.00900000   471.89695471
     0.00500000     0.02900000     0.01000000     0.00000000
     0.00500000     0.03000000     0.00900000   172.49028860
     0.00500000     0.03000000     0.01000000     0.00000000
     0.00500000     0.03100000     0.01000000     0.00000000
     0.00500000     0.03100000     0.01100000     0.00000000
     0.00500000     0.03100000     0.01200000     0.00000000
     0.00500000     0.03200000     0.01100000     0.00000000
     0.00500000     0.03200000     0.01200000     0.00000000
     0.00500000     0.03200000     0.01300000     0.00000000
     0.00500000     0.03200000     0.01400000     0.00000000
     0.00500000     0.03300000     0.01300000     0.00000000
     0.00500000     0.03300000     0.01400000     0.00000000
     0.00500000     0.03300000     0.01500000     0.00000000
     0.00500000     0.03300000     0.01600000     0.00000000
     0.00500000     0.03400000     0.01400000     0.00000000
     0.00500000     0.03400000     0.01500000     0.00000000
     0.00500000     0.03400000     0.01600000     0.00000000
     0.00500000     0.03500000     0.01600000     0.00000000
     0.00500000     0.03500000     0.01700000     0.00000000
     0.00500000     0.03500000     0.01800000     0.00000000
     0.00500000     0.03600000     0.01800000     0.00000000
     0.00500000     0.03600000     0.01900000     0.00000000
     0.00500000     0.03600000     0.02000000     0.00000000
     0.00500000     0.03700000     0.01900000     0.00000000
     0.00500000     0.03700000     0.02000000     0.00000000
     0.00500000     0.03700000     0.02100000     0.00000000
     0.00500000     0.03700000     0.02200000     0.00000000
     0.00500000     0.03800000     0.02100000     0.00000000
     0.00500000     0.03800000     0.02200000     0.00000000
     0.00500000     0.03800000     0.02300000     0.00000000
     0.00500000     0.03800000     0.02400000     0.00000000
     0.00500000     0.03900000     0.02200000     0.00000000
     0.00500000     0.03900000     0.02300000     0.00000000
     0.00500000     0.03900000     0.02400000     0.00000000
     0.00500000     0.04000000     0.02300000     0.00000000
     0.00500000     0.04000000     0.02400000     0.00000000
     0.00500000     0.04000000     0.02500000     0.00000000
     0.00500000     0.04100000     0.02400000     0.00000000
     0.00500000     0.04100000     0.02500000     0.00000000
     0.00500000     0.04100000     0.02600000     0.00000000
     0.00500000     0.04200000     0.02500000     0.00000000
     0.00500000     0.04200000     0.02600000     0.00000000
     0.00500000     0.04300000     0.02600000     0.00000000
     0.00500000     0.04300000     0.02700000     0.00000000
     0.00500000     0.04300000     0.02800000     0.00000000
     0.00500000     0.04400000     0.02700000     0.00000000
     0.00500000     0.04400000     0.02800000     0.00000000
     0.00500000     0.04500000     0.02800000     0.00000000
     0.00500000     0.04500000     0.02900000     0.00000000
     0.00500000     0.04500000     0.03000000     0.00000000
     0.00500000     0.04600000     0.02900000     0.00000000
     0.00500000     0.04600000     0.03000000     0.00000000
     0.00500000     0.04700000     0.02900000     0.00000000
     0.00500000     0.04700000     0.03000000     0.00000000
     0.00500000     0.04700000     0.03100000     0.00000000
     0.00500000     0.04800000     0.03000000     0.00000000
     0.00500000     0.04800000     0.03100000     0.00000000
     0.00600000     0.00000000     0.00900000   700.84416695
     0.00600000     0.00100000     0.00800000   234.71947414
     0.00600000     0.00100000     0.00900000  2143.34300145
     0.00600000     0.00200000     0.00700000   638.30684137
     0.00600000     0.00300000     0.00600000   654.28382305
     0.00600000     0.00300000     0.00700000   656.07699300
     0.00600000     0.00400000     0.00600000   654.74110568
     0.00600000     0.00500000     0.00500000   648.26329925
     0.00600000     0.00500000     0.00600000   656.18581857
     0.00600000     0.00600000     0.00400000   638.17643551
     0.00600000     0.00600000     0.00500000   649.05540202
     0.00600000     0.00800000     0.00400000   636.02594872
     0.00600000     0.00900000     0.00300000   614.77521825
     0.00600000     0.00900000     0.00400000   626.32637014
     0.00600000     0.01000000     0.00300000   615.96723299
     0.00600000     0.01100000     0.00300000   612.64923321
     0.00600000     0.01200000     0.00300000   607.65556241
     0.00600000     0.01300000     0.00200000   588.21012044
     0.00600000     0.01300000     0.00300000   599.88344013
     0.00600000     0.01600000     0.00200000   586.74381396
     0.00600000     0.01600000     0.00300000   596.92940028
     0.00600000     0.01700000     0.00300000   601.28302455
     0.00600000     0.01800000     0.00300000   603.91100053
     0.00600000     0.01900000     0.00300000   606.62117084
     0.00600000     0.02000000     0.00300000   607.76761616
     0.00600000     0.02000000     0.00400000   612.79793404
     0.00600000     0.02100000     0.00300000   605.63453828
     0.00600000     0.02100000     0.00400000   615.31136510
     0.00600000     0.02200000     0.00400000   620.13610337
     0.00600000     0.02300000     0.00400000   618.14514721
     0.00600000     0.02300000     0.00500000   628.52515237
     0.00600000     0.02400000     0.00500000   631.46891863
     0.00600000     0.02400000     0.00600000   639.18413321
     0.00600000     0.02500000     0.00500000   629.39456921
     0.00600000     0.02500000     0.00600000   634.62357557
     0.00600000     0.02600000     0.00600000   632.17814856
     0.00600000     0.02600000     0.00700000   637.61379536
     0.00600000     0.02700000     0.00700000   636.49057834
     0.00600000     0.02700000     0.00800000   632.46172112
     0.00600000     0.02800000     0.00700000   652.63425147
     0.00600000     0.02800000     0.00800000   602.47546776
     0.00600000     0.02900000     0.00800000   348.09348226
     0.00600000     0.02900000     0.00900000   348.09348226
     0.00600000     0.02900000     0.01000000     0.00000000
     0.00600000     0.03000000     0.00900000   133.91572175
     0.00600000     0.03000000     0.01000000     0.00000000
     0.00600000     0.03100000     0.01000000     0.00000000
     0.00600000     0.03100000     0.01100000     0.00000000
     0.00600000     0.03100000     0.01200000     0.00000000
     0.00600000     0.03200000     0.01100000     0.00000000
     0.00600000     0.03200000     0.01200000     0.00000000
     0.00600000     0.03200000     0.01300000     0.00000000
     0.00600000     0.03200000     0.01400000     0.00000000
     0.00600000     0.03300000     0.01300000     0.00000000
     0.00600000     0.03300000     0.01400000     0.00000000
     0.00600000     0.03400000     0.01400000     0.00000000
     0.00600000     0.03500000     0.01600000     0.00000000
     0.00600000     0.03500000     0.01700000     0.00000000
     0.00600000     0.03500000     0.01800000     0.00000000
     0.00600000     0.03600000     0.01800000     0.00000000
     0.00600000     0.03700000     0.02000000     0.00000000
     0.00600000     0.03700000     0.02100000     0.00000000
     0.00600000     0.03700000     0.02200000     0.00000000
     0.00600000     0.03800000     0.02100000     0.00000000
     0.00600000     0.03800000     0.02200000     0.00000000
     0.00600000     0.03900000     0.02200000     0.00000000
     0.00600000     0.03900000     0.02300000     0.00000000
     0.00600000     0.03900000     0.02400000     0.00000000
     0.00600000     0.04000000     0.02300000     0.00000000
     0.00600000     0.04000000     0.02400000     0.00000000
     0.00600000     0.04100000     0.02400000     0.00000000
     0.00600000     0.04100000     0.02500000     0.00000000
     0.00600000     0.04100000     0.02600000     0.00000000
     0.00600000     0.04200000     0.02500000     0.00000000
     0.00600000     0.04200000     0.02600000     0.00000000
     0.00600000     0.04300000     0.02600000     0.00000000
     0.00600000     0.04300000     0.02700000     0.00000000
     0.00600000     0.04300000     0.02800000     0.00000000
     0.00600000     0.04400000     0.02700000     0.00000000
     0.00600000     0.04400000     0.02800000     0.00000000
     0.00600000     0.04500000     0.02800000     0.00000000
     0.00600000     0.04500000     0.02900000     0.00000000
     0.00600000     0.04600000     0.02900000     0.00000000
     0.00700000     0.00000000     0.00900000   921.56828685
     0.00700000     0.00100000     0.00800000   225.56748969
     0.00700000     0.00100000     0.00900000  2144.58665503
     0.00700000     0.00200000     0.00700000   652.17362126
     0.00700000     0.00300000     0.00600000   653.83873220
     0.00700000     0.00300000     0.00700000   660.48219851
     0.00700000     0.00400000     0.00600000   652.23149648
     0.00700000     0.00400000     0.00700000   661.50129444
     0.00700000     0.00500000     0.00500000   645.97550040
     0.00700000     0.00500000     0.00600000   656.35196261
     0.00700000     0.00600000     0.00400000   638.35847713
     0.00700000     0.00600000     0.00500000   647.81839234
     0.00700000     0.00800000     0.00400000   636.43755435
     0.00700000     0.00900000     0.00300000   613.39580355
     0.00700000     0.00900000     0.00400000   625.75849731
     0.00700000     0.01000000     0.00300000   615.13029233
     0.00700000     0.01100000     0.00300000   612.19688717
     0.00700000     0.01200000     0.00300000   607.73143208
     0.00700000     0.01300000     0.00200000   585.62331142
     0.00700000     0.01300000     0.00300000   600.89490992
     0.00700000     0.01400000     0.00200000   588.31835854
     0.00700000     0.01400000     0.00300000   598.24176135
     0.00700000     0.01500000     0.00200000   587.60670660
     0.00700000     0.01500000     0.00300000   597.11023186
     0.00700000     0.01600000     0.00200000   584.09239864
     0.00700000     0.01600000     0.00300000   597.28713913
     0.00700000     0.01700000     0.00300000   600.88227396
     0.00700000     0.01800000     0.00300000   603.00472073
     0.00700000     0.01900000     0.00300000   605.32595633
     0.00700000     0.02000000     0.00300000   606.36708724
     0.00700000     0.02000000     0.00400000   611.44454449
     0.00700000     0.02100000     0.00300000   603.64380233
     0.00700000     0.02100000     0.00400000   613.04928573
     0.00700000     0.02200000     0.00400000   618.40068855
     0.00700000     0.02300000     0.00400000   614.84118044
     0.00700000     0.02300000     0.00500000   626.34054867
     0.00700000     0.02400000     0.00500000   629.45153227
     0.00700000     0.02400000     0.00600000   635.26252630
     0.00700000     0.02500000     0.00500000   628.74181294
     0.00700000     0.02500000     0.00600000   632.31879199
     0.00700000     0.02600000     0.00600000   630.17657652
     0.00700000     0.02600000     0.00700000   636.03883599
     0.00700000     0.02600000     0.00800000   637.72787172
     0.00700000     0.02700000     0.00700000   614.76085859
     0.00700000     0.02700000     0.00800000   639.71481573
     0.00700000     0.02800000     0.00700000   622.18604940
     0.00700000     0.02800000     0.00800000   616.85183070
     0.00700000     0.02900000     0.00800000   470.79331795
     0.00700000     0.02900000     0.00900000   470.79331795
     0.00700000     0.02900000     0.01000000     0.00000000
     0.00700000     0.03000000     0.00900000   172.99393559
     0.00700000     0.03000000     0.01000000     0.00000000
     0.00700000     0.03100000     0.01000000     0.00000000
     0.00700000     0.03100000     0.01100000     0.00000000
     0.00700000     0.03100000     0.01200000     0.00000000
     0.00700000     0.03200000     0.01100000     0.00000000
     0.00700000     0.03200000     0.01200000     0.00000000
     0.00700000     0.03200000     0.01300000     0.00000000
     0.00700000     0.03200000     0.01400000     0.00000000
     0.00700000     0.03300000     0.01300000     0.00000000
     0.00700000     0.03300000     0.01400000     0.00000000
     0.00700000     0.03300000     0.01500000     0.00000000
     0.00700000     0.03300000     0.01600000     0.00000000
     0.00700000     0.03400000     0.01400000     0.00000000
     0.00700000     0.03400000     0.01500000     0.00000000
     0.00700000     0.03400000     0.01600000     0.00000000
     0.00700000     0.03500000     0.01600000     0.00000000
     0.00700000     0.03500000     0.01700000     0.00000000
     0.00700000     0.03500000     0.01800000     0.00000000
     0.00700000     0.03600000     0.01800000     0.00000000
     0.00700000     0.03600000     0.01900000     0.00000000
     0.00700000     0.03600000     0.02000000     0.00000000
     0.00700000     0.03700000     0.01900000     0.00000000
     0.00700000     0.03700000     0.02000000     0.00000000
     0.00700000     0.03700000     0.02100000     0.00000000
     0.00700000     0.03700000     0.02200000     0.00000000
     0.00700000     0.03800000     0.02100000     0.00000000
     0.00700000     0.03800000     0.02200000     0.00000000
     0.00700000     0.03800000     0.02300000     0.00000000
     0.00700000     0.03800000     0.02400000     0.00000000
     0.00700000     0.03900000     0.02200000     0.00000000
     0.00700000     0.03900000     0.02300000     0.00000000
     0.00700000     0.03900000     0.02400000     0.00000000
     0.00700000     0.04000000     0.02300000     0.00000000
     0.00700000     0.04000000     0.02400000     0.00000000
     0.00700000     0.04000000     0.02500000     0.00000000
     0.00700000     0.04100000     0.02400000     0.00000000
     0.00700000     0.04100000     0.02500000     0.00000000
     0.00700000     0.04100000     0.02600000     0.00000000
     0.00700000     0.04200000     0.02500000     0.00000000
     0.00700000     0.04200000     0.02600000     0.00000000
     0.00700000     0.04300000     0.02600000     0.00000000
     0.00700000     0.04300000     0.02700000     0.00000000
     0.00700000     0.04300000     0.02800000     0.00000000
     0.00700000     0.04400000     0.02700000     0.00000000
     0.00700000     0.04400000     0.02800000     0.00000000
     0.00700000     0.04500000     0.02800000     0.00000000
     0.00700000     0.04500000     0.02900000     0.00000000
     0.00700000     0.04500000     0.03000000     0.00000000
     0.00700000     0.04600000     0.02900000     0.00000000
     0.00700000     0.04600000     0.03000000     0.00000000
     0.00700000     0.04700000     0.02900000     0.00000000
     0.00700000     0.04700000     0.03000000     0.00000000
     0.00700000     0.04700000     0.03100000     0.00000000
     0.00700000     0.04800000     0.03000000     0.00000000
     0.00700000     0.04800000     0.03100000     0.00000000
     0.00800000     0.00000000     0.00900000   256.83137591
     0.00800000     0.00100000     0.00800000   240.34677085
     0.00800000     0.00100000     0.00900000  2132.09385910
     0.00800000     0.00200000     0.00700000   630.98807923
     0.00800000     0.00200000     0.00800000   637.97265822
     0.00800000     0.00200000     0.00900000  2150.33046349
     0.00800000     0.00300000     0.00700000   638.80521441
     0.00800000     0.00300000     0.00800000   657.62015575
     0.00800000     0.00400000     0.00600000   648.01157889
     0.00800000     0.00400000     0.00700000   656.36926722
     0.00800000     0.00500000     0.00500000   643.15424267
     0.00800000     0.00500000     0.00600000   655.27544899
     0.00800000     0.00600000     0.00400000   633.53804574
     0.00800000     0.00600000     0.00500000   646.87240039
     0.00800000     0.00700000     0.00400000   635.28220670
     0.00800000     0.00700000     0.00500000   644.08370407
     0.00800000     0.00800000     0.00400000   633.80007653
     0.00800000     0.00900000     0.00300000   610.26207543
     0.00800000     0.00900000     0.00400000   626.20343722
     0.00800000     0.01000000     0.00300000   611.50835945
     0.00800000     0.01100000     0.00300000   611.03016791
     0.00800000     0.01200000     0.00300000   607.84766984
     0.00800000     0.01300000     0.00300000   604.75225626
     0.00800000     0.01400000     0.00300000   602.14544975
     0.00800000     0.01500000     0.00300000   600.70072351
     0.00800000     0.01600000     0.00300000   600.36912970
     0.00800000     0.01700000     0.00300000   600.98078647
     0.00800000     0.01800000     0.00300000   601.91354354
     0.00800000     0.01900000     0.00300000   603.09762578
     0.00800000     0.01900000     0.00400000   607.80491512
     0.00800000     0.02000000     0.00300000   601.99652198
     0.00800000     0.02000000     0.00400000   609.45595727
     0.00800000     0.02100000     0.00300000   599.78728959
     0.00800000     0.02100000     0.00400000   612.02399374
     0.00800000     0.02200000     0.00400000   613.63741431
     0.00800000     0.02300000     0.00400000   611.99581685
     0.00800000     0.02300000     0.00500000   624.08939360
     0.00800000     0.02300000     0.00600000   629.23795167
     0.00800000     0.02400000     0.00500000   623.99515687
     0.00800000     0.02400000     0.00600000   631.41884125
     0.00800000     0.02500000     0.00500000   621.71125611
     0.00800000     0.02500000     0.00600000   627.23366894
     0.00800000     0.02600000     0.00600000   630.17657652
     0.00800000     0.02600000     0.00700000   638.05171897
     0.00800000     0.02600000     0.00800000   623.32156089
     0.00800000     0.02700000     0.00700000   637.53661822
     0.00800000     0.02700000     0.00800000   614.29476985
     0.00800000     0.02800000     0.00800000   702.77787180
     0.00800000     0.02800000     0.00900000  2177.56383439
     0.00800000     0.02800000     0.01000000     0.00000000
     0.00800000     0.02900000     0.00800000    98.93034137
     0.00800000     0.02900000     0.00900000    98.93034137
     0.00800000     0.02900000     0.01000000     0.00000000
     0.00800000     0.03000000     0.00900000    47.99230119
     0.00800000     0.03000000     0.01000000     0.00000000
     0.00800000     0.03000000     0.01100000     0.00000000
     0.00800000     0.03000000     0.01200000     0.00000000
     0.00800000     0.03100000     0.01000000     0.00000000
     0.00800000     0.03100000     0.01100000     0.00000000
     0.00800000     0.03100000     0.01200000     0.00000000
     0.00800000     0.03200000     0.01100000     0.00000000
     0.00800000     0.03200000     0.01200000     0.00000000
     0.00800000     0.03200000     0.01300000     0.00000000
     0.00800000     0.03200000     0.01400000     0.00000000
     0.00800000     0.03300000     0.01300000     0.00000000
     0.00800000     0.03300000     0.01400000     0.00000000
     0.00800000     0.03300000     0.01500000     0.00000000
     0.00800000     0.03300000     0.01600000     0.00000000
     0.00800000     0.03400000     0.01500000     0.00000000
     0.00800000     0.03400000     0.01600000     0.00000000
     0.00800000     0.03400000     0.01700000     0.00000000
     0.00800000     0.03500000     0.01600000     0.00000000
     0.00800000     0.03500000     0.01700000     0.00000000
     0.00800000     0.03500000     0.01800000     0.00000000
     0.00800000     0.03600000     0.01800000     0.00000000
     0.00800000     0.03600000     0.01900000     0.00000000
     0.00800000     0.03600000     0.02000000     0.00000000
     0.00800000     0.03700000     0.02000000     0.00000000
     0.00800000     0.03700000     0.02100000     0.00000000
     0.00800000     0.03700000     0.02200000     0.00000000
     0.00800000     0.03800000     0.02100000     0.00000000
     0.00800000     0.03800000     0.02200000     0.00000000
     0.00800000     0.03800000     0.02300000     0.00000000
     0.00800000     0.03800000     0.02400000     0.00000000
     0.00800000     0.03900000     0.02300000     0.00000000
     0.00800000     0.03900000     0.02400000     0.00000000
     0.00800000     0.04000000     0.02400000     0.00000000
     0.00800000     0.04000000     0.02500000     0.00000000
     0.00800000     0.04100000     0.02500000     0.00000000
     0.00800000     0.04100000     0.02600000     0.00000000
     0.00800000     0.04200000     0.02500000     0.00000000
     0.00800000     0.04200000     0.02600000     0.00000000
     0.00800000     0.04300000     0.02600000     0.00000000
     0.00800000     0.04300000     0.02700000     0.00000000
     0.00800000     0.04300000     0.02800000     0.00000000
     0.00800000     0.04400000     0.02700000     0.00000000
     0.00800000     0.04400000     0.02800000     0.00000000
     0.00800000     0.04500000     0.02800000     0.00000000
     0.00800000     0.04500000     0.02900000     0.00000000
     0.00800000     0.04500000     0.03000000     0.00000000
     0.00800000     0.04600000     0.02900000     0.00000000
     0.00800000     0.04600000     0.03000000     0.00000000
     0.00800000     0.04700000     0.03000000     0.00000000
     0.00800000     0.04700000     0.03100000     0.00000000
     0.00800000     0.04800000     0.03100000     0.00000000
     0.00900000     0.00000000     0.00900000  -915.66332191
     0.00900000     0.00000000     0.01000000     0.00000000
     0.00900000     0.00100000     0.00900000  1253.57596468
     0.00900000     0.00100000     0.01000000     0.00000000
     0.00900000     0.00200000     0.00800000   495.01181072
     0.00900000     0.00200000     0.00900000  2166.31321454
     0.00900000     0.00300000     0.00700000   640.48970586
     0.00900000     0.00300000     0.00800000   637.09730441
     0.00900000     0.00400000     0.00600000   642.87463575
     0.00900000     0.00400000     0.00700000   669.24448811
     0.00900000     0.00500000     0.00500000   636.51271685
     0.00900000     0.00500000     0.00600000   650.68433531
     0.00900000     0.00500000     0.00700000   649.05120935
     0.00900000     0.00600000     0.00500000   645.45549507
     0.00900000     0.00700000     0.00400000   628.17229383
     0.00900000     0.00700000     0.00500000   641.58403897
     0.00900000     0.00800000     0.00400000   629.19011623
     0.00900000     0.00800000     0.00500000   637.05885158
     0.00900000     0.01000000     0.00300000   605.75585100
     0.00900000     0.01100000     0.00300000   607.00561364
     0.00900000     0.01200000     0.00300000   604.64738866
     0.00900000     0.01300000     0.00300000   604.29327868
     0.00900000     0.01400000     0.00300000   602.69170307
     0.00900000     0.01500000     0.00300000   601.22331290
     0.00900000     0.01600000     0.00300000   600.37221771
     0.00900000     0.01700000     0.00300000   599.85048916
     0.00900000     0.01700000     0.00400000   604.38146372
     0.00900000     0.01800000     0.00300000   598.45602592
     0.00900000     0.01800000     0.00400000   604.93992971
     0.00900000     0.01900000     0.00300000   598.81909138
     0.00900000     0.01900000     0.00400000   606.01807478
     0.00900000     0.02000000     0.00300000   596.51229500
     0.00900000     0.02000000     0.00400000   607.95245090
     0.00900000     0.02200000     0.00400000   609.13729778
     0.00900000     0.02200000     0.00500000   617.79508623
     0.00900000     0.02300000     0.00400000   621.70702791
     0.00900000     0.02300000     0.00500000   621.70702791
     0.00900000     0.02300000     0.00600000   623.10771940
     0.00900000     0.02400000     0.00500000   617.23334950
     0.00900000     0.02400000     0.00600000   624.39446730
     0.00900000     0.02500000     0.00600000   622.40828659
     0.00900000     0.02500000     0.00700000   632.94817150
     0.00900000     0.02500000     0.00800000   623.66919022
     0.00900000     0.02600000     0.00600000   618.40605537
     0.00900000     0.02600000     0.00700000   618.40605537
     0.00900000     0.02600000     0.00800000   626.83014854
     0.00900000     0.02700000     0.00700000   609.14996554
     0.00900000     0.02700000     0.00800000   614.44984604
     0.00900000     0.02700000     0.00900000  2147.66388449
     0.00900000     0.02800000     0.00800000  1033.85248699
     0.00900000     0.02800000     0.00900000  1033.85248699
     0.00900000     0.02800000     0.01000000     0.00000000
     0.00900000     0.02900000     0.00900000  -378.24500477
     0.00900000     0.02900000     0.01000000     0.00000000
     0.00900000     0.03000000     0.01000000     0.00000000
     0.00900000     0.03000000     0.01100000     0.00000000
     0.00900000     0.03000000     0.01200000     0.00000000
     0.00900000     0.03100000     0.01100000     0.00000000
     0.00900000     0.03100000     0.01200000     0.00000000
     0.00900000     0.03100000     0.01300000     0.00000000
     0.00900000     0.03100000     0.01400000     0.00000000
     0.00900000     0.03200000     0.01200000     0.00000000
     0.00900000     0.03200000     0.01300000     0.00000000
     0.00900000     0.03200000     0.01400000     0.00000000
     0.00900000     0.03200000     0.01500000     0.00000000
     0.00900000     0.03300000     0.01300000     0.00000000
     0.00900000     0.03300000     0.01400000     0.00000000
     0.00900000     0.03300000     0.01500000     0.00000000
     0.00900000     0.03300000     0.01600000     0.00000000
     0.00900000     0.03400000     0.01500000     0.00000000
     0.00900000     0.03400000     0.01600000     0.00000000
     0.00900000     0.03400000     0.01700000     0.00000000
     0.00900000     0.03500000     0.01700000     0.00000000
     0.01000000     0.00000000     0.01000000     0.00000000
     0.01000000     0.00100000     0.00900000   601.97395538
     0.01000000     0.00100000     0.01000000     0.00000000
     0.01000000     0.00200000     0.00800000   199.32660232
     0.01000000     0.00200000     0.00900000  2148.74088525
     0.01000000     0.00200000     0.01000000     0.00000000
     0.01000000     0.00300000     0.00700000   608.60061178
     0.01000000     0.00300000     0.00800000   648.02360843
     0.01000000     0.00300000     0.00900000  2131.32321307
     0.01000000     0.00400000     0.00700000   644.86320785
     0.01000000     0.00400000     0.00800000   625.46293233
     0.01000000     0.00500000     0.00600000   649.01415312
     0.01000000     0.00500000     0.00700000   631.84359279
     0.01000000     0.00500000     0.00800000   658.52899719
     0.01000000     0.00600000     0.00500000   632.37007089
     0.01000000     0.00600000     0.00600000   640.77076411
     0.01000000     0.00600000     0.00700000   653.67031256
     0.01000000     0.00700000     0.00500000   633.25863856
     0.01000000     0.00800000     0.00400000   621.70232145
     0.01000000     0.00800000     0.00500000   630.28161232
     0.01000000     0.00900000     0.00400000   623.57955808
     0.01000000     0.00900000     0.00500000   629.92161252
     0.01000000     0.01000000     0.00400000   618.47440716
     0.01000000     0.01000000     0.00500000   625.34554027
     0.01000000     0.01200000     0.00300000   598.50854391
     0.01000000     0.01300000     0.00300000   600.76896389
     0.01000000     0.01400000     0.00300000   599.66227572
     0.01000000     0.01500000     0.00300000   598.26669772
     0.01000000     0.01600000     0.00300000   597.16760622
     0.01000000     0.01700000     0.00300000   596.07868398
     0.01000000     0.01700000     0.00400000   603.39982706
     0.01000000     0.01800000     0.00300000   592.77101413
     0.01000000     0.01800000     0.00400000   602.94633736
     0.01000000     0.01900000     0.00400000   603.33991874
     0.01000000     0.01900000     0.00500000   609.62989127
     0.01000000     0.02000000     0.00400000   605.28424570
     0.01000000     0.02000000     0.00500000   611.28668333
     0.01000000     0.02100000     0.00400000   607.03139652
     0.01000000     0.02100000     0.00500000   613.36792052
     0.01000000     0.02100000     0.00600000   618.97978391
     0.01000000     0.02200000     0.00400000   603.54702406
     0.01000000     0.02200000     0.00500000   611.24623386
     0.01000000     0.02200000     0.00600000   618.96571320
     0.01000000     0.02300000     0.00500000   616.00120705
     0.01000000     0.02300000     0.00600000   620.46842353
     0.01000000     0.02400000     0.00500000   610.61545829
     0.01000000     0.02400000     0.00600000   619.43384339
     0.01000000     0.02400000     0.00700000   616.48707020
     0.01000000     0.02400000     0.00800000   626.88784337
     0.01000000     0.02500000     0.00600000   614.22003841
     0.01000000     0.02500000     0.00700000   614.22003841
     0.01000000     0.02500000     0.00800000   622.45547868
     0.01000000     0.02600000     0.00700000   609.50263822
     0.01000000     0.02600000     0.00800000   606.80956119
     0.01000000     0.02600000     0.00900000  2144.99538311
     0.01000000     0.02700000     0.00800000   713.22060127
     0.01000000     0.02700000     0.00900000  2164.41448601
     0.01000000     0.02700000     0.01000000     0.00000000
     0.01000000     0.02800000     0.00900000   170.63217314
     0.01000000     0.02800000     0.01000000     0.00000000
     0.01000000     0.02900000     0.00900000   191.27022526
     0.01000000     0.02900000     0.01000000     0.00000000
     0.01000000     0.02900000     0.01100000     0.00000000
     0.01000000     0.02900000     0.01200000     0.00000000
     0.01000000     0.03000000     0.01000000     0.00000000
     0.01000000     0.03000000     0.01100000     0.00000000
     0.01000000     0.03000000     0.01200000     0.00000000
     0.01000000     0.03100000     0.01100000     0.00000000
     0.01000000     0.03100000     0.01200000     0.00000000
     0.01000000     0.03100000     0.01300000     0.00000000
     0.01000000     0.03100000     0.01400000     0.00000000
     0.01000000     0.03200000     0.01300000     0.00000000
     0.01000000     0.03200000     0.01400000     0.00000000
     0.01000000     0.03200000     0.01500000     0.00000000
     0.01000000     0.03300000     0.01500000     0.00000000
     0.01100000     0.00100000     0.01000000     0.00000000
     0.01100000     0.00200000     0.00900000  2659.26734421
     0.01100000     0.00200000     0.01000000     0.00000000
     0.01100000     0.00200000     0.01100000     0.00000000
     0.01100000     0.00300000     0.00800000   207.60178245
     0.01100000     0.00300000     0.00900000  2136.44251519
     0.01100000     0.00300000     0.01000000     0.00000000
     0.01100000     0.00300000     0.01100000     0.00000000
     0.01100000     0.00400000     0.00800000   493.64656317
     0.01100000     0.00400000     0.00900000  2169.51414629
     0.01100000     0.00400000     0.01000000     0.00000000
     0.01100000     0.00500000     0.00700000   609.47671523
     0.01100000     0.00500000     0.00800000   646.17709087
     0.01100000     0.00500000     0.00900000  2133.53189535
     0.01100000     0.00600000     0.00600000   635.20978331
     0.01100000     0.00600000     0.00700000   647.17713779
     0.01100000     0.00600000     0.00800000   617.78452609
     0.01100000     0.00700000     0.00600000   639.97375468
     0.01100000     0.00700000     0.00700000   639.15530103
     0.01100000     0.00700000     0.00800000   645.97616598
     0.01100000     0.00800000     0.00500000   626.01903453
     0.01100000     0.00800000     0.00600000   634.47161075
     0.01100000     0.00800000     0.00700000   636.78481648
     0.01100000     0.00900000     0.00500000   624.33675694
     0.01100000     0.00900000     0.00600000   634.19517862
     0.01100000     0.01000000     0.00400000   611.24429829
     0.01100000     0.01000000     0.00500000   621.24109706
     0.01100000     0.01000000     0.00600000   630.08117256
     0.01100000     0.01100000     0.00400000   612.38461159
     0.01100000     0.01100000     0.00500000   618.03095386
     0.01100000     0.01100000     0.00600000   624.79855191
     0.01100000     0.01200000     0.00400000   610.64760018
     0.01100000     0.01200000     0.00500000   616.85556807
     0.01100000     0.01300000     0.00400000   607.19620696
     0.01100000     0.01300000     0.00500000   613.97620368
     0.01100000     0.01400000     0.00400000   604.88901134
     0.01100000     0.01400000     0.00500000   611.47697902
     0.01100000     0.01500000     0.00400000   602.76767186
     0.01100000     0.01500000     0.00500000   609.28005578
     0.01100000     0.01600000     0.00400000   601.64101388
     0.01100000     0.01600000     0.00500000   607.94483499
     0.01100000     0.01700000     0.00400000   600.77118100
     0.01100000     0.01700000     0.00500000   607.19996958
     0.01100000     0.01800000     0.00400000   600.16956728
     0.01100000     0.01800000     0.00500000   606.66186121
     0.01100000     0.01800000     0.00600000   611.68273256
     0.01100000     0.01900000     0.00400000   596.90548032
     0.01100000     0.01900000     0.00500000   604.88976746
     0.01100000     0.01900000     0.00600000   611.11449444
     0.01100000     0.02000000     0.00500000   608.38483338
     0.01100000     0.02000000     0.00600000   613.31198635
     0.01100000     0.02100000     0.00500000   607.85555120
     0.01100000     0.02100000     0.00600000   612.49751564
     0.01100000     0.02100000     0.00700000   614.00764039
     0.01100000     0.02200000     0.00500000   607.20775051
     0.01100000     0.02200000     0.00600000   613.65264497
     0.01100000     0.02200000     0.00700000   619.85302945
     0.01100000     0.02200000     0.00800000   611.65507775
     0.01100000     0.02300000     0.00600000   605.81381702
     0.01100000     0.02300000     0.00700000   616.49481386
     0.01100000     0.02300000     0.00800000   614.38803106
     0.01100000     0.02400000     0.00600000   619.43384339
     0.01100000     0.02400000     0.00700000   628.70305320
     0.01100000     0.02400000     0.00800000   596.52216442
     0.01100000     0.02500000     0.00700000   609.78210920
     0.01100000     0.02500000     0.00800000   597.05267077
     0.01100000     0.02500000     0.00900000  2158.96893666
     0.01100000     0.02500000     0.01000000     0.00000000
     0.01100000     0.02600000     0.00800000   706.30822507
     0.01100000     0.02600000     0.00900000  2166.47380399
     0.01100000     0.02600000     0.01000000     0.00000000
     0.01100000     0.02700000     0.00900000  1542.33865812
     0.01100000     0.02700000     0.01000000     0.00000000
     0.01100000     0.02700000     0.01100000     0.00000000
     0.01100000     0.02700000     0.01200000     0.00000000
     0.01100000     0.02800000     0.00900000  -773.02293076
     0.01100000     0.02800000     0.01000000     0.00000000
     0.01100000     0.02800000     0.01100000     0.00000000
     0.01100000     0.02800000     0.01200000     0.00000000
     0.01100000     0.02900000     0.01000000     0.00000000
     0.01100000     0.02900000     0.01100000     0.00000000
     0.01100000     0.02900000     0.01200000     0.00000000
     0.01100000     0.03000000     0.01100000     0.00000000
     0.01100000     0.03000000     0.01200000     0.00000000
     0.01100000     0.03100000     0.01200000     0.00000000
     0.01200000     0.00200000     0.01100000     0.00000000
     0.01200000     0.00300000     0.01000000     0.00000000
     0.01200000     0.00300000     0.01100000     0.00000000
     0.01200000     0.00400000     0.00900000  2688.39395978
     0.01200000     0.00400000     0.01000000     0.00000000
     0.01200000     0.00500000     0.00800000   205.92634382
     0.01200000     0.00500000     0.00900000  2134.57595825
     0.01200000     0.00600000     0.00800000   484.63243696
     0.01200000     0.00700000     0.00700000   623.75053124
     0.01200000     0.00700000     0.00800000   614.67239784
     0.01200000     0.00800000     0.00600000   622.98636000
     0.01200000     0.00800000     0.00700000   638.93054307
     0.01200000     0.00900000     0.00600000   624.65871303
     0.01200000     0.01000000     0.00600000   624.17431766
     0.01200000     0.01100000     0.00500000   610.89840421
     0.01200000     0.01100000     0.00600000   619.30436873
     0.01200000     0.01200000     0.00500000   612.31127060
     0.01200000     0.01300000     0.00500000   610.81835884
     0.01200000     0.01400000     0.00500000   607.90360881
     0.01200000     0.01500000     0.00500000   605.97663601
     0.01200000     0.01600000     0.00500000   604.32595616
     0.01200000     0.01700000     0.00500000   603.70559247
     0.01200000     0.01800000     0.00500000   602.27142559
     0.01200000     0.01800000     0.00600000   607.43871823
     0.01200000     0.01900000     0.00500000   599.52365463
     0.01200000     0.01900000     0.00600000   606.14309449
     0.01200000     0.02000000     0.00600000   606.15556249
     0.01200000     0.02100000     0.00600000   603.66024593
     0.01200000     0.02100000     0.00700000   611.67249054
     0.01200000     0.02200000     0.00700000   617.33999223
     0.01200000     0.02200000     0.00800000   598.19831773
     0.01200000     0.02300000     0.00700000   599.31820610
     0.01200000     0.02300000     0.00800000   596.88769777
     0.01200000     0.02400000     0.00800000   702.71847738
     0.01200000     0.02500000     0.00800000  1776.69384984
     0.01200000     0.02500000     0.00900000  1776.69384984
     0.01200000     0.02500000     0.01000000     0.00000000
     0.01200000     0.02600000     0.00900000   655.13235876
     0.01200000     0.02600000     0.01000000     0.00000000
     0.01200000     0.02700000     0.01000000     0.00000000
     0.01200000     0.02700000     0.01100000     0.00000000
     0.01200000     0.02700000     0.01200000     0.00000000
     0.01200000     0.02800000     0.01100000     0.00000000
     0.01200000     0.02800000     0.01200000     0.00000000
     0.01200000     0.02900000     0.01200000     0.00000000
