     0.00000000     0.00800000     0.00600000    44.89949084
     0.00100000     0.00300000     0.00800000    42.97799705
     0.00100000     0.00400000     0.00800000    43.24981689
     0.00100000     0.00600000     0.00600000    44.30896130
     0.00100000     0.00700000     0.00600000    44.62885790
     0.00100000     0.00800000     0.00500000    45.21813035
     0.00100000     0.00800000     0.00600000    45.16373257
     0.00100000     0.01000000     0.00400000    46.15029289
     0.00100000     0.01100000     0.00400000    46.49750984
     0.00100000     0.01200000     0.00400000    46.91487098
     0.00100000     0.01300000     0.00400000    47.35245888
     0.00100000     0.01400000     0.00400000    47.76922188
     0.00100000     0.01500000     0.00400000    48.16604558
     0.00100000     0.01600000     0.00400000    48.53469913
     0.00100000     0.01700000     0.00400000    48.85812542
     0.00100000     0.01800000     0.00400000    49.07261607
     0.00100000     0.01900000     0.00400000    49.04042826
     0.00100000     0.02200000     0.00500000    49.98305627
     0.00100000     0.02200000     0.00600000    50.38176585
     0.00100000     0.02300000     0.00600000    50.40395582
     0.00100000     0.02400000     0.00600000    50.81427995
     0.00100000     0.02600000     0.00800000    51.84977189
     0.00200000     0.00200000     0.00800000    42.85805584
     0.00200000     0.00300000     0.00700000    43.24046497
     0.00200000     0.00300000     0.00800000    43.23828937
     0.00200000     0.00400000     0.00700000    43.53996592
     0.00200000     0.00400000     0.00800000    43.55660062
     0.00200000     0.00500000     0.00600000    44.11526162
     0.00200000     0.00600000     0.00500000    44.55145102
     0.00200000     0.00600000     0.00600000    44.55679793
     0.00200000     0.00700000     0.00500000    44.88695941
     0.00200000     0.00700000     0.00600000    44.92801738
     0.00200000     0.00800000     0.00400000    45.41942498
     0.00200000     0.00800000     0.00500000    45.43706440
     0.00200000     0.00800000     0.00600000    45.38832428
     0.00200000     0.00900000     0.00400000    45.76470329
     0.00200000     0.01000000     0.00400000    46.26455687
     0.00200000     0.01100000     0.00400000    46.70688557
     0.00200000     0.01200000     0.00300000    47.18985383
     0.00200000     0.01200000     0.00400000    47.21441677
     0.00200000     0.01300000     0.00300000    47.53203472
     0.00200000     0.01300000     0.00400000    47.66439689
     0.00200000     0.01400000     0.00300000    47.91546531
     0.00200000     0.01400000     0.00400000    48.07400144
     0.00200000     0.01500000     0.00300000    48.29425719
     0.00200000     0.01500000     0.00400000    48.46776541
     0.00200000     0.01600000     0.00300000    48.63472147
     0.00200000     0.01600000     0.00400000    48.82706165
     0.00200000     0.01700000     0.00300000    48.86471487
     0.00200000     0.01700000     0.00400000    49.12325451
     0.00200000     0.01800000     0.00300000    48.83630976
     0.00200000     0.01800000     0.00400000    49.31377917
     0.00200000     0.01900000     0.00400000    49.52759966
     0.00200000     0.02000000     0.00400000    49.89374033
     0.00200000     0.02100000     0.00400000    50.04195928
     0.00200000     0.02200000     0.00400000    49.94939825
     0.00200000     0.02200000     0.00500000    50.37685317
     0.00200000     0.02200000     0.00600000    50.72356293
     0.00200000     0.02300000     0.00500000    50.62540835
     0.00200000     0.02300000     0.00600000    50.86264744
     0.00200000     0.02400000     0.00500000    50.50032016
     0.00200000     0.02400000     0.00600000    50.81427995
     0.00200000     0.02500000     0.00600000    51.17224395
     0.00200000     0.02600000     0.00700000    51.71204507
     0.00200000     0.02600000     0.00800000    52.21879601
     0.00200000     0.02700000     0.00800000    52.29796824
     0.00200000     0.03000000     0.01000000    53.77278059
     0.00300000     0.00200000     0.00800000    43.04480589
     0.00300000     0.00400000     0.00600000    43.86143720
     0.00300000     0.00700000     0.00400000    45.13166632
     0.00300000     0.00800000     0.00400000    45.53741211
     0.00300000     0.00900000     0.00400000    45.94820752
     0.00300000     0.01000000     0.00300000    46.42435930
     0.00300000     0.01000000     0.00400000    46.45006115
     0.00300000     0.02000000     0.00300000    49.50342557
     0.00300000     0.02000000     0.00400000    50.05824923
     0.00300000     0.02100000     0.00400000    50.27541630
     0.00300000     0.02200000     0.00400000    50.19160889
     0.00300000     0.02300000     0.00400000    50.87421023
     0.00300000     0.02400000     0.00500000    50.76866583
     0.00300000     0.02400000     0.00600000    51.15764830
     0.00300000     0.02500000     0.00600000    51.17224395
     0.00300000     0.02600000     0.00600000    52.09520487
     0.00300000     0.02800000     0.00800000    53.70507188
     0.00300000     0.03000000     0.01000000    54.05981065
     0.00300000     0.03200000     0.01200000    58.94069181
     0.00400000     0.00100000     0.00800000    42.79120046
     0.00400000     0.00200000     0.00700000    43.13076362
     0.00400000     0.00200000     0.00800000    43.17768385
     0.00400000     0.00400000     0.00600000    44.01012335
     0.00400000     0.00600000     0.00400000    44.83415739
     0.00400000     0.00700000     0.00400000    45.22340557
     0.00400000     0.00800000     0.00400000    45.63036403
     0.00400000     0.00900000     0.00300000    46.09813352
     0.00400000     0.00900000     0.00400000    46.11608968
     0.00400000     0.01000000     0.00300000    46.51968192
     0.00400000     0.01000000     0.00400000    46.61964627
     0.00400000     0.02000000     0.00300000    49.84454731
     0.00400000     0.02000000     0.00400000    50.20273508
     0.00400000     0.02100000     0.00300000    49.76012470
     0.00400000     0.02100000     0.00400000    50.35522964
     0.00400000     0.02200000     0.00400000    50.45218308
     0.00400000     0.02300000     0.00400000    50.34488506
     0.00400000     0.02400000     0.00500000    51.06110476
     0.00400000     0.02400000     0.00600000    51.42157534
     0.00400000     0.02500000     0.00500000    50.92477868
     0.00400000     0.02500000     0.00600000    51.33759073
     0.00400000     0.02600000     0.00600000    51.49834437
     0.00400000     0.02800000     0.00800000    52.80781360
     0.00400000     0.02900000     0.00800000    54.02175492
     0.00400000     0.03000000     0.00900000    53.97263619
     0.00400000     0.03000000     0.01000000    54.43194609
     0.00400000     0.03100000     0.01000000    55.97791753
     0.00400000     0.03200000     0.01100000    55.97791753
     0.00400000     0.03200000     0.01200000    59.45397699
     0.00400000     0.03400000     0.01500000    66.70865730
     0.00400000     0.03400000     0.01600000    68.78884355
     0.00400000     0.03500000     0.01600000    68.78884355
     0.00400000     0.03600000     0.01800000    78.60552056
     0.00400000     0.03800000     0.02100000   169.19208345
     0.00400000     0.03800000     0.02200000   179.25564987
     0.00400000     0.04000000     0.02400000   271.70333481
     0.00400000     0.04200000     0.02500000   343.37325412
     0.00400000     0.04200000     0.02600000   363.24619725
     0.00400000     0.04300000     0.02600000   378.59692429
     0.00400000     0.04400000     0.02700000   412.91756577
     0.00400000     0.04400000     0.02800000   424.56242031
     0.00400000     0.04500000     0.02800000   452.39544582
     0.00500000     0.00100000     0.00800000    42.93189005
     0.00500000     0.00200000     0.00700000    43.28166968
     0.00500000     0.00200000     0.00800000    43.30426722
     0.00500000     0.00300000     0.00600000    43.53673135
     0.00500000     0.00400000     0.00600000    43.95326854
     0.00500000     0.00600000     0.00400000    44.98344492
     0.00500000     0.00700000     0.00400000    45.29835095
     0.00500000     0.00800000     0.00400000    45.68393240
     0.00500000     0.01300000     0.00200000    47.65909358
     0.00500000     0.01400000     0.00200000    47.93558294
     0.00500000     0.01500000     0.00200000    48.13127934
     0.00500000     0.01600000     0.00200000    48.07719279
     0.00500000     0.02200000     0.00400000    50.64020329
     0.00500000     0.02300000     0.00400000    50.53336223
     0.00500000     0.02600000     0.00600000    51.49834437
     0.00500000     0.02800000     0.00700000    52.33776859
     0.00500000     0.02800000     0.00800000    52.87702177
     0.00500000     0.02900000     0.00800000    54.28694458
     0.00500000     0.03000000     0.00900000    54.20357630
     0.00500000     0.03000000     0.01000000    54.66305426
     0.00500000     0.03100000     0.01000000    56.10539447
     0.00500000     0.03200000     0.01100000    56.10539447
     0.00500000     0.03200000     0.01200000    60.64066157
     0.00500000     0.03400000     0.01400000    64.39039650
     0.00500000     0.03400000     0.01500000    66.23053400
     0.00500000     0.03400000     0.01600000    68.61545439
     0.00500000     0.03500000     0.01600000    68.61545439
     0.00500000     0.03600000     0.01800000    85.31339778
     0.00500000     0.03600000     0.01900000    90.43075852
     0.00500000     0.03600000     0.02000000    97.16216229
     0.00500000     0.03700000     0.01900000    90.43075852
     0.00500000     0.03700000     0.02000000   162.86307977
     0.00500000     0.03800000     0.02100000   169.19208345
     0.00500000     0.03800000     0.02200000   179.25564987
     0.00500000     0.03900000     0.02200000   179.25564987
     0.00500000     0.04000000     0.02300000   251.67450744
     0.00500000     0.04000000     0.02400000   266.10773131
     0.00500000     0.04100000     0.02400000   266.10773131
     0.00500000     0.04200000     0.02500000   345.70344361
     0.00500000     0.04200000     0.02600000   365.75895137
     0.00500000     0.04300000     0.02600000   381.27045522
     0.00500000     0.04400000     0.02700000   416.59705975
     0.00500000     0.04400000     0.02800000   434.15843826
     0.00500000     0.04500000     0.02800000   452.39544582
     0.00500000     0.04600000     0.02900000   490.43952445
     0.00500000     0.04600000     0.03000000   498.03022565
     0.00500000     0.04700000     0.02900000   492.99324521
     0.00500000     0.04700000     0.03000000   501.03493243
     0.00500000     0.04800000     0.03000000   501.30789229
     0.00600000     0.00100000     0.00800000    42.95757744
     0.00600000     0.00200000     0.00700000    43.31539829
     0.00600000     0.00200000     0.00800000    43.32461033
     0.00600000     0.00300000     0.00600000    43.62913255
     0.00600000     0.00400000     0.00600000    43.95347928
     0.00600000     0.00600000     0.00400000    45.00834837
     0.00600000     0.00700000     0.00400000    45.30986199
     0.00600000     0.00800000     0.00400000    45.68375804
     0.00600000     0.01300000     0.00200000    47.78292961
     0.00600000     0.01400000     0.00200000    48.05964454
     0.00600000     0.01500000     0.00200000    48.25364906
     0.00600000     0.01600000     0.00200000    48.19835606
     0.00600000     0.02200000     0.00400000    50.66887510
     0.00600000     0.02300000     0.00400000    50.57030912
     0.00600000     0.02600000     0.00600000    51.63295493
     0.00600000     0.02800000     0.00700000    52.47432509
     0.00600000     0.02800000     0.00800000    52.91036028
     0.00600000     0.02900000     0.00800000    54.33740778
     0.00600000     0.03000000     0.00900000    54.26019648
     0.00600000     0.03000000     0.01000000    54.72000786
     0.00600000     0.03100000     0.01000000    56.14437119
     0.00600000     0.03200000     0.01100000    56.14437119
     0.00600000     0.03200000     0.01200000    61.18590369
     0.00600000     0.03400000     0.01400000    64.55898341
     0.00600000     0.03400000     0.01500000    65.97641358
     0.00600000     0.03400000     0.01600000    68.62953073
     0.00600000     0.03500000     0.01600000    68.62953073
     0.00600000     0.03600000     0.01800000    85.59894508
     0.00600000     0.03600000     0.01900000    89.14700603
     0.00600000     0.03600000     0.02000000    95.08378726
     0.00600000     0.03700000     0.01900000    89.14700603
     0.00600000     0.03700000     0.02000000   166.17175938
     0.00600000     0.03800000     0.02100000   170.83987796
     0.00600000     0.03800000     0.02200000   179.19085077
     0.00600000     0.03900000     0.02200000   179.19085077
     0.00600000     0.04000000     0.02300000   252.50230472
     0.00600000     0.04000000     0.02400000   263.43527191
     0.00600000     0.04100000     0.02400000   338.50146600
     0.00600000     0.04200000     0.02500000   346.46081135
     0.00600000     0.04200000     0.02600000   366.59749705
     0.00600000     0.04300000     0.02600000   382.20423533
     0.00600000     0.04400000     0.02700000   418.52412246
     0.00600000     0.04400000     0.02800000   439.75515229
     0.00600000     0.04500000     0.02800000   454.49924827
     0.00600000     0.04600000     0.02900000   494.00820383
     0.00600000     0.04600000     0.03000000   500.39052049
     0.00600000     0.04700000     0.02900000   495.35400745
     0.00600000     0.04700000     0.03000000   503.24736698
     0.00600000     0.04800000     0.03000000   503.83062917
     0.00700000     0.00100000     0.00800000    42.89040471
     0.00700000     0.00200000     0.00700000    43.23984080
     0.00700000     0.00200000     0.00800000    43.25856504
     0.00700000     0.00300000     0.00600000    43.52064443
     0.00700000     0.00400000     0.00600000    43.91215563
     0.00700000     0.00600000     0.00400000    44.93968941
     0.00700000     0.00700000     0.00400000    45.24965370
     0.00700000     0.00800000     0.00400000    45.62918194
     0.00700000     0.01300000     0.00200000    47.64778406
     0.00700000     0.01400000     0.00200000    47.92465277
     0.00700000     0.01500000     0.00200000    48.12016129
     0.00700000     0.01600000     0.00200000    48.06593563
     0.00700000     0.02200000     0.00400000    50.59695763
     0.00700000     0.02300000     0.00400000    50.49493172
     0.00700000     0.02600000     0.00600000    51.48440663
     0.00700000     0.02800000     0.00700000    52.32575757
     0.00700000     0.02800000     0.00800000    52.85009401
     0.00700000     0.02900000     0.00800000    54.25486294
     0.00700000     0.03000000     0.00900000    54.17661742
     0.00700000     0.03000000     0.01000000    54.63498222
     0.00700000     0.03100000     0.01000000    56.07329912
     0.00700000     0.03200000     0.01100000    56.07329912
     0.00700000     0.03200000     0.01200000    60.61951006
     0.00700000     0.03400000     0.01400000    64.38620207
     0.00700000     0.03400000     0.01500000    66.21974138
     0.00700000     0.03400000     0.01600000    68.59993191
     0.00700000     0.03500000     0.01600000    68.59993191
     0.00700000     0.03600000     0.01800000    85.31039010
     0.00700000     0.03600000     0.01900000    90.42524842
     0.00700000     0.03600000     0.02000000    97.15543197
     0.00700000     0.03700000     0.01900000    90.42524842
     0.00700000     0.03700000     0.02000000   162.86127598
     0.00700000     0.03800000     0.02100000   169.19143229
     0.00700000     0.03800000     0.02200000   179.25524965
     0.00700000     0.03900000     0.02200000   179.25524965
     0.00700000     0.04000000     0.02300000   251.67444580
     0.00700000     0.04000000     0.02400000   266.10764092
     0.00700000     0.04100000     0.02400000   337.75041900
     0.00700000     0.04200000     0.02500000   345.70343011
     0.00700000     0.04200000     0.02600000   365.75894238
     0.00700000     0.04300000     0.02600000   381.27045062
     0.00700000     0.04400000     0.02700000   416.59705821
     0.00700000     0.04400000     0.02800000   434.15843725
     0.00700000     0.04500000     0.02800000   452.39544562
     0.00700000     0.04600000     0.02900000   490.43952437
     0.00700000     0.04600000     0.03000000   498.03022559
     0.00700000     0.04700000     0.02900000   492.99324519
     0.00700000     0.04700000     0.03000000   501.03493241
     0.00700000     0.04800000     0.03000000   501.30789229
     0.00800000     0.00100000     0.00800000    42.72733091
     0.00800000     0.00200000     0.00700000    43.06644042
     0.00800000     0.00200000     0.00800000    43.09388071
     0.00800000     0.00400000     0.00600000    43.90907972
     0.00800000     0.00600000     0.00400000    44.76764484
     0.00800000     0.00700000     0.00400000    45.13614938
     0.00800000     0.00800000     0.00400000    45.52543070
     0.00800000     0.00900000     0.00300000    46.02929150
     0.00800000     0.00900000     0.00400000    46.01119719
     0.00800000     0.01000000     0.00300000    46.43155148
     0.00800000     0.01000000     0.00400000    46.51391173
     0.00800000     0.02000000     0.00300000    49.76836852
     0.00800000     0.02000000     0.00400000    50.11274109
     0.00800000     0.02100000     0.00300000    49.70169639
     0.00800000     0.02100000     0.00400000    50.26798606
     0.00800000     0.02200000     0.00400000    50.37115036
     0.00800000     0.02300000     0.00400000    50.28649143
     0.00800000     0.02400000     0.00500000    50.98501854
     0.00800000     0.02400000     0.00600000    51.33666607
     0.00800000     0.02500000     0.00500000    50.87076687
     0.00800000     0.02500000     0.00600000    51.26377945
     0.00800000     0.02600000     0.00600000    51.48440663
     0.00800000     0.02800000     0.00800000    52.75455036
     0.00800000     0.02900000     0.00800000    53.95903153
     0.00800000     0.03000000     0.00900000    53.93281244
     0.00800000     0.03000000     0.01000000    54.38947208
     0.00800000     0.03100000     0.01000000    55.91821126
     0.00800000     0.03200000     0.01100000    55.91821126
     0.00800000     0.03200000     0.01200000    59.39929459
     0.00800000     0.03400000     0.01500000    66.68629577
     0.00800000     0.03400000     0.01600000    68.76089344
     0.00800000     0.03500000     0.01600000    68.76089344
     0.00800000     0.03600000     0.01800000    78.58406020
     0.00800000     0.03800000     0.02100000   169.19143229
     0.00800000     0.03800000     0.02200000   179.25524965
     0.00800000     0.04000000     0.02400000   271.70318969
     0.00800000     0.04200000     0.02500000   343.37323516
     0.00800000     0.04200000     0.02600000   363.24618461
     0.00800000     0.04300000     0.02600000   378.59691782
     0.00800000     0.04400000     0.02700000   412.91756361
     0.00800000     0.04400000     0.02800000   424.56241858
     0.00800000     0.04500000     0.02800000   452.39544562
     0.00900000     0.00200000     0.00800000    42.89535784
     0.00900000     0.00400000     0.00600000    43.73671003
     0.00900000     0.00500000     0.00500000    44.19797172
     0.00900000     0.00500000     0.00600000    44.17840390
     0.00900000     0.00600000     0.00500000    44.55096314
     0.00900000     0.00600000     0.00600000    44.58861133
     0.00900000     0.00700000     0.00400000    45.01078643
     0.00900000     0.00800000     0.00400000    45.39351464
     0.00900000     0.00900000     0.00400000    45.78953412
     0.00900000     0.01000000     0.00300000    46.30613881
     0.00900000     0.01000000     0.00400000    46.29137690
     0.00900000     0.01100000     0.00300000    46.65539515
     0.00900000     0.01100000     0.00400000    46.75274694
     0.00900000     0.01200000     0.00300000    47.15042154
     0.00900000     0.01200000     0.00400000    47.25364252
     0.00900000     0.01800000     0.00300000    49.15473982
     0.00900000     0.01800000     0.00400000    49.42861769
     0.00900000     0.01900000     0.00300000    49.45168519
     0.00900000     0.01900000     0.00400000    49.72374551
     0.00900000     0.02000000     0.00300000    49.40080421
     0.00900000     0.02000000     0.00400000    49.92515596
     0.00900000     0.02100000     0.00400000    50.14236104
     0.00900000     0.02200000     0.00400000    50.06292440
     0.00900000     0.02300000     0.00400000    50.74642962
     0.00900000     0.02400000     0.00500000    50.64606457
     0.00900000     0.02400000     0.00600000    51.03378389
     0.00900000     0.02500000     0.00600000    51.06781167
     0.00900000     0.02600000     0.00600000    51.97700950
     0.00900000     0.02600000     0.00700000    51.97700950
     0.00900000     0.02600000     0.00800000    52.38135463
     0.00900000     0.02700000     0.00700000    51.92718981
     0.00900000     0.02700000     0.00800000    52.36395997
     0.00900000     0.02800000     0.00800000    53.59088750
     0.00900000     0.03000000     0.01000000    53.95124878
     0.00900000     0.03200000     0.01200000    58.87333630
     0.01000000     0.00200000     0.00800000    42.68691716
     0.01000000     0.00300000     0.00700000    43.07068801
     0.01000000     0.00300000     0.00800000    43.04851462
     0.01000000     0.00400000     0.00700000    43.36148659
     0.01000000     0.00400000     0.00800000    43.34943691
     0.01000000     0.00500000     0.00600000    43.93442651
     0.01000000     0.00600000     0.00500000    44.37976376
     0.01000000     0.00600000     0.00600000    44.35842990
     0.01000000     0.00700000     0.00500000    44.70751118
     0.01000000     0.00700000     0.00600000    44.71520517
     0.01000000     0.00800000     0.00400000    45.24583654
     0.01000000     0.00800000     0.00500000    45.23627710
     0.01000000     0.00800000     0.00600000    45.15492545
     0.01000000     0.00900000     0.00400000    45.58444997
     0.01000000     0.01000000     0.00400000    46.06040229
     0.01000000     0.01100000     0.00400000    46.48905349
     0.01000000     0.01200000     0.00300000    47.01838619
     0.01000000     0.01200000     0.00400000    47.00278373
     0.01000000     0.01300000     0.00300000    47.35822733
     0.01000000     0.01300000     0.00400000    47.45768919
     0.01000000     0.01400000     0.00300000    47.74165097
     0.01000000     0.01400000     0.00400000    47.86847544
     0.01000000     0.01500000     0.00300000    48.12227354
     0.01000000     0.01500000     0.00400000    48.26365519
     0.01000000     0.01600000     0.00300000    48.46644629
     0.01000000     0.01600000     0.00400000    48.62791642
     0.01000000     0.01700000     0.00300000    48.70140933
     0.01000000     0.01700000     0.00400000    48.92962285
     0.01000000     0.01800000     0.00300000    48.67683509
     0.01000000     0.01800000     0.00400000    49.12089300
     0.01000000     0.01900000     0.00400000    49.34213131
     0.01000000     0.02000000     0.00400000    49.73506810
     0.01000000     0.02100000     0.00400000    49.89303377
     0.01000000     0.02200000     0.00400000    49.80511832
     0.01000000     0.02200000     0.00500000    50.21287791
     0.01000000     0.02200000     0.00600000    50.53692767
     0.01000000     0.02300000     0.00500000    50.48269142
     0.01000000     0.02300000     0.00600000    50.69815158
     0.01000000     0.02400000     0.00500000    50.36497020
     0.01000000     0.02400000     0.00600000    50.66982024
     0.01000000     0.02500000     0.00600000    51.50912993
     0.01000000     0.02600000     0.00700000    51.56657413
     0.01000000     0.02600000     0.00800000    52.05928501
     0.01000000     0.02700000     0.00800000    52.15888273
     0.01000000     0.03000000     0.01000000    53.64997365
     0.01100000     0.00300000     0.00800000    42.75544125
     0.01100000     0.00400000     0.00800000    43.01167503
     0.01100000     0.00600000     0.00600000    44.07467317
     0.01100000     0.00700000     0.00600000    44.38191119
     0.01100000     0.00800000     0.00500000    44.97890673
     0.01100000     0.00800000     0.00600000    44.89229748
     0.01100000     0.01000000     0.00400000    45.92152786
     0.01100000     0.01100000     0.00400000    46.26259985
     0.01100000     0.01200000     0.00400000    46.67577508
     0.01100000     0.01300000     0.00400000    47.11287960
     0.01100000     0.01400000     0.00400000    47.53046596
     0.01100000     0.01500000     0.00400000    47.93224975
     0.01100000     0.01600000     0.00400000    48.30449295
     0.01100000     0.01700000     0.00400000    48.63458341
     0.01100000     0.01800000     0.00400000    48.85525623
     0.01100000     0.01900000     0.00400000    48.82793052
     0.01100000     0.02200000     0.00500000    49.78980618
     0.01100000     0.02200000     0.00600000    50.17363241
     0.01100000     0.02300000     0.00600000    50.19949935
     0.01100000     0.02400000     0.00600000    50.66982024
     0.01100000     0.02600000     0.00800000    51.66293174
     0.01200000     0.00800000     0.00600000    44.59494451
     0.00000000     0.00200000     0.01100000    41.93416000
     0.00000000     0.00300000     0.01000000    42.39885840
     0.00000000     0.00300000     0.01100000    42.29426372
     0.00000000     0.00400000     0.00900000    42.89910371
     0.00000000     0.00400000     0.01000000    42.79429398
     0.00000000     0.00500000     0.00800000    43.38852464
     0.00000000     0.00500000     0.00900000    43.31228201
     0.00000000     0.00600000     0.00800000    43.66972360
     0.00000000     0.00700000     0.00700000    44.33895318
     0.00000000     0.00700000     0.00800000    44.18885610
     0.00000000     0.00800000     0.00600000    44.89949084
     0.00000000     0.00800000     0.00700000    44.82320637
     0.00000000     0.00900000     0.00600000    45.22297959
     0.00000000     0.01000000     0.00600000    45.62428374
     0.00000000     0.01100000     0.00500000    46.33566403
     0.00000000     0.01100000     0.00600000    46.25369924
     0.00000000     0.01200000     0.00500000    46.67858999
     0.00000000     0.01300000     0.00500000    47.07767447
     0.00000000     0.01400000     0.00500000    47.49788820
     0.00000000     0.01500000     0.00500000    47.91206315
     0.00000000     0.01600000     0.00500000    48.31002983
     0.00000000     0.01700000     0.00500000    48.67175961
     0.00000000     0.01800000     0.00500000    48.91979214
     0.00000000     0.01800000     0.00600000    49.11780686
     0.00000000     0.01900000     0.00500000    48.90820317
     0.00000000     0.01900000     0.00600000    49.30006977
     0.00000000     0.02000000     0.00600000    49.61255369
     0.00000000     0.02100000     0.00600000    49.60112392
     0.00000000     0.02100000     0.00700000    50.02211340
     0.00000000     0.02200000     0.00700000    50.36267292
     0.00000000     0.02200000     0.00800000    50.60787575
     0.00000000     0.02300000     0.00700000    50.35931116
     0.00000000     0.02300000     0.00800000    50.79040177
     0.00000000     0.02400000     0.00800000    50.87936526
     0.00000000     0.02500000     0.00800000    51.86733449
     0.00000000     0.02500000     0.00900000    51.86733449
     0.00000000     0.02500000     0.01000000    52.13522971
     0.00000000     0.02600000     0.00900000    51.85428073
     0.00000000     0.02600000     0.01000000    52.15536309
     0.00000000     0.02700000     0.01000000    53.37405550
     0.00000000     0.02700000     0.01100000    53.37405550
     0.00000000     0.02700000     0.01200000    53.71911646
     0.00000000     0.02800000     0.01100000    53.45102965
     0.00000000     0.02800000     0.01200000    54.04411830
     0.00000000     0.02900000     0.01200000    54.21782304
     0.00100000     0.00100000     0.01000000    42.19234147
     0.00100000     0.00200000     0.00900000    42.58251673
     0.00100000     0.00200000     0.01000000    42.54196529
     0.00100000     0.00200000     0.01100000    42.37271534
     0.00100000     0.00300000     0.00800000    42.97799705
     0.00100000     0.00300000     0.00900000    42.96102316
     0.00100000     0.00300000     0.01000000    42.80288564
     0.00100000     0.00300000     0.01100000    42.57226585
     0.00100000     0.00400000     0.00800000    43.24981689
     0.00100000     0.00400000     0.00900000    43.24571546
     0.00100000     0.00400000     0.01000000    43.06066776
     0.00100000     0.00500000     0.00700000    43.80030710
     0.00100000     0.00500000     0.00800000    43.68827677
     0.00100000     0.00500000     0.00900000    43.56190858
     0.00100000     0.00600000     0.00600000    44.30896130
     0.00100000     0.00600000     0.00700000    44.26196509
     0.00100000     0.00600000     0.00800000    44.04635151
     0.00100000     0.00700000     0.00600000    44.62885790
     0.00100000     0.00700000     0.00700000    44.64346233
     0.00100000     0.00700000     0.00800000    44.44849814
     0.00100000     0.00800000     0.00500000    45.21813035
     0.00100000     0.00800000     0.00600000    45.16373257
     0.00100000     0.00800000     0.00700000    45.05896868
     0.00100000     0.00900000     0.00500000    45.56138345
     0.00100000     0.00900000     0.00600000    45.56638678
     0.00100000     0.01000000     0.00400000    46.15029289
     0.00100000     0.01000000     0.00500000    46.13615617
     0.00100000     0.01000000     0.00600000    45.99418944
     0.00100000     0.01100000     0.00400000    46.49750984
     0.00100000     0.01100000     0.00500000    46.60541959
     0.00100000     0.01100000     0.00600000    46.50818571
     0.00100000     0.01200000     0.00400000    46.91487098
     0.00100000     0.01200000     0.00500000    47.00625204
     0.00100000     0.01300000     0.00400000    47.35245888
     0.00100000     0.01300000     0.00500000    47.43036567
     0.00100000     0.01400000     0.00400000    47.76922188
     0.00100000     0.01400000     0.00500000    47.85455273
     0.00100000     0.01500000     0.00400000    48.16604558
     0.00100000     0.01500000     0.00500000    48.26478737
     0.00100000     0.01600000     0.00400000    48.53469913
     0.00100000     0.01600000     0.00500000    48.65412407
     0.00100000     0.01700000     0.00400000    48.85812542
     0.00100000     0.01700000     0.00500000    49.00563336
     0.00100000     0.01800000     0.00400000    49.07261607
     0.00100000     0.01800000     0.00500000    49.27395495
     0.00100000     0.01800000     0.00600000    49.36045212
     0.00100000     0.01900000     0.00400000    49.04042826
     0.00100000     0.01900000     0.00500000    49.39337161
     0.00100000     0.01900000     0.00600000    49.65738335
     0.00100000     0.02000000     0.00500000    49.83216554
     0.00100000     0.02000000     0.00600000    49.99021719
     0.00100000     0.02100000     0.00500000    50.03560314
     0.00100000     0.02100000     0.00600000    50.20602918
     0.00100000     0.02100000     0.00700000    50.37697190
     0.00100000     0.02200000     0.00500000    49.98305627
     0.00100000     0.02200000     0.00600000    50.38176585
     0.00100000     0.02200000     0.00700000    50.69206744
     0.00100000     0.02200000     0.00800000    50.84256626
     0.00100000     0.02300000     0.00600000    50.40395582
     0.00100000     0.02300000     0.00700000    50.83319959
     0.00100000     0.02300000     0.00800000    51.17547996
     0.00100000     0.02400000     0.00600000    50.81427995
     0.00100000     0.02400000     0.00700000    51.26170158
     0.00100000     0.02400000     0.00800000    51.49267047
     0.00100000     0.02500000     0.00700000    51.24295110
     0.00100000     0.02500000     0.00800000    51.74482958
     0.00100000     0.02500000     0.00900000    52.18769857
     0.00100000     0.02500000     0.01000000    52.42728327
     0.00100000     0.02600000     0.00800000    51.84977189
     0.00100000     0.02600000     0.00900000    52.38205780
     0.00100000     0.02600000     0.01000000    52.76346675
     0.00100000     0.02700000     0.00900000    52.91489022
     0.00100000     0.02700000     0.01000000    53.26329127
     0.00100000     0.02700000     0.01100000    53.68041256
     0.00100000     0.02700000     0.01200000    53.98448794
     0.00100000     0.02800000     0.00900000    52.88054512
     0.00100000     0.02800000     0.01000000    53.25988039
     0.00100000     0.02800000     0.01100000    53.96959097
     0.00100000     0.02800000     0.01200000    54.50799346
     0.00100000     0.02900000     0.01000000    54.68558491
     0.00100000     0.02900000     0.01100000    54.68558491
     0.00100000     0.02900000     0.01200000    55.02791834
     0.00100000     0.03000000     0.01100000    54.72344143
     0.00100000     0.03000000     0.01200000    55.42315589
     0.00100000     0.03100000     0.01200000    55.51345750
     0.00200000     0.00000000     0.01000000    42.10906289
     0.00200000     0.00100000     0.00900000    42.46494647
     0.00200000     0.00100000     0.01000000    42.44554292
     0.00200000     0.00200000     0.00800000    42.85805584
     0.00200000     0.00200000     0.00900000    42.83568423
     0.00200000     0.00200000     0.01000000    42.77101007
     0.00200000     0.00300000     0.00700000    43.24046497
     0.00200000     0.00300000     0.00800000    43.23828937
     0.00200000     0.00300000     0.00900000    43.18597787
     0.00200000     0.00400000     0.00700000    43.53996592
     0.00200000     0.00400000     0.00800000    43.55660062
     0.00200000     0.00500000     0.00600000    44.11526162
     0.00200000     0.00500000     0.00700000    44.04709402
     0.00200000     0.00500000     0.00800000    43.94396471
     0.00200000     0.00600000     0.00500000    44.55145102
     0.00200000     0.00600000     0.00600000    44.55679793
     0.00200000     0.00600000     0.00700000    44.48341278
     0.00200000     0.00700000     0.00500000    44.88695941
     0.00200000     0.00800000     0.00400000    45.41942498
     0.00200000     0.00800000     0.00500000    45.43706440
     0.00200000     0.00900000     0.00400000    45.76470329
     0.00200000     0.00900000     0.00500000    45.85204608
     0.00200000     0.01000000     0.00400000    46.26455687
     0.00200000     0.01000000     0.00500000    46.34272852
     0.00200000     0.01100000     0.00400000    46.70688557
     0.00200000     0.01200000     0.00300000    47.18985383
     0.00200000     0.01200000     0.00400000    47.21441677
     0.00200000     0.01300000     0.00300000    47.53203472
     0.00200000     0.01400000     0.00300000    47.91546531
     0.00200000     0.01500000     0.00300000    48.29425719
     0.00200000     0.01600000     0.00300000    48.63472147
     0.00200000     0.01700000     0.00300000    48.86471487
     0.00200000     0.01700000     0.00400000    49.12325451
     0.00200000     0.01800000     0.00300000    48.83630976
     0.00200000     0.01800000     0.00400000    49.31377917
     0.00200000     0.01900000     0.00400000    49.52759966
     0.00200000     0.01900000     0.00500000    49.79801559
     0.00200000     0.02000000     0.00400000    49.89374033
     0.00200000     0.02000000     0.00500000    50.12401211
     0.00200000     0.02100000     0.00400000    50.04195928
     0.00200000     0.02100000     0.00500000    50.32741749
     0.00200000     0.02100000     0.00600000    50.56630225
     0.00200000     0.02200000     0.00400000    49.94939825
     0.00200000     0.02200000     0.00500000    50.37685317
     0.00200000     0.02200000     0.00600000    50.72356293
     0.00200000     0.02300000     0.00500000    50.62540835
     0.00200000     0.02300000     0.00600000    50.86264744
     0.00200000     0.02400000     0.00500000    50.50032016
     0.00200000     0.02400000     0.00600000    50.81427995
     0.00200000     0.02400000     0.00700000    51.45593645
     0.00200000     0.02400000     0.00800000    51.81546082
     0.00200000     0.02500000     0.00600000    51.17224395
     0.00200000     0.02500000     0.00700000    51.67799407
     0.00200000     0.02500000     0.00800000    52.08383027
     0.00200000     0.02600000     0.00700000    51.71204507
     0.00200000     0.02600000     0.00800000    52.21879601
     0.00200000     0.02600000     0.00900000    52.75120259
     0.00200000     0.02700000     0.00800000    52.29796824
     0.00200000     0.02700000     0.00900000    53.09881288
     0.00200000     0.02700000     0.01000000    53.55804062
     0.00200000     0.02800000     0.00900000    53.36008032
     0.00200000     0.02800000     0.01000000    53.74609112
     0.00200000     0.02900000     0.00900000    53.35837606
     0.00200000     0.02900000     0.01000000    53.77278059
     0.00200000     0.02900000     0.01100000    54.82130327
     0.00200000     0.02900000     0.01200000    55.41142703
     0.00200000     0.03000000     0.01000000    53.77278059
     0.00200000     0.03000000     0.01100000    55.02269886
     0.00200000     0.03000000     0.01200000    55.61828225
     0.00200000     0.03100000     0.01100000    55.70882497
     0.00200000     0.03100000     0.01200000    55.60389128
     0.00200000     0.03100000     0.01300000    56.74731503
     0.00200000     0.03100000     0.01400000    58.38159983
     0.00200000     0.03200000     0.01300000    59.88133368
     0.00200000     0.03200000     0.01400000    59.88133368
     0.00200000     0.03200000     0.01500000    61.95971699
     0.00200000     0.03300000     0.01500000    63.34449085
     0.00300000     0.00000000     0.00900000    42.34086129
     0.00300000     0.00000000     0.01000000    42.39481823
     0.00300000     0.00100000     0.00900000    42.62151230
     0.00300000     0.00100000     0.01000000    42.66626135
     0.00300000     0.00200000     0.00800000    43.04480589
     0.00300000     0.00200000     0.00900000    43.02441047
     0.00300000     0.00300000     0.00700000    43.43584034
     0.00300000     0.00300000     0.00800000    43.43273075
     0.00300000     0.00400000     0.00600000    43.86143720
     0.00300000     0.00400000     0.00700000    43.80527114
     0.00300000     0.00500000     0.00500000    44.31900766
     0.00300000     0.00500000     0.00600000    44.31947169
     0.00300000     0.00500000     0.00700000    44.25148903
     0.00300000     0.00600000     0.00500000    44.69295720
     0.00300000     0.00600000     0.00600000    44.74710102
     0.00300000     0.00700000     0.00400000    45.13166632
     0.00300000     0.00700000     0.00500000    45.13843340
     0.00300000     0.00800000     0.00400000    45.53741211
     0.00300000     0.00800000     0.00500000    45.61615895
     0.00300000     0.01000000     0.00300000    46.42435930
     0.00300000     0.01000000     0.00400000    46.45006115
     0.00300000     0.01100000     0.00300000    46.77794986
     0.00300000     0.01100000     0.00400000    46.91194553
     0.00300000     0.01200000     0.00300000    47.29513812
     0.00300000     0.01200000     0.00400000    47.42085775
     0.00300000     0.01300000     0.00300000    47.72696705
     0.00300000     0.01400000     0.00300000    48.12543012
     0.00300000     0.01500000     0.00300000    48.50563598
     0.00300000     0.01600000     0.00300000    48.85145235
     0.00300000     0.01700000     0.00300000    49.12840789
     0.00300000     0.01700000     0.00400000    49.32266359
     0.00300000     0.01800000     0.00300000    49.28755928
     0.00300000     0.01800000     0.00400000    49.57926332
     0.00300000     0.01900000     0.00300000    49.56011690
     0.00300000     0.01900000     0.00400000    49.86116977
     0.00300000     0.02000000     0.00300000    49.50342557
     0.00300000     0.02000000     0.00400000    50.05824923
     0.00300000     0.02200000     0.00400000    50.19160889
     0.00300000     0.02200000     0.00500000    50.64842546
     0.00300000     0.02300000     0.00400000    50.87421023
     0.00300000     0.02300000     0.00500000    50.87421023
     0.00300000     0.02300000     0.00600000    51.16177073
     0.00300000     0.02400000     0.00500000    50.76866583
     0.00300000     0.02400000     0.00600000    51.15764830
     0.00300000     0.02500000     0.00600000    51.17224395
     0.00300000     0.02500000     0.00700000    51.88967579
     0.00300000     0.02500000     0.00800000    52.31742997
     0.00300000     0.02600000     0.00600000    52.09520487
     0.00300000     0.02600000     0.00700000    52.09520487
     0.00300000     0.02600000     0.00800000    52.50991868
     0.00300000     0.02700000     0.00700000    52.02473930
     0.00300000     0.02700000     0.00800000    52.48215354
     0.00300000     0.02700000     0.00900000    53.23193670
     0.00300000     0.02800000     0.00800000    53.70507188
     0.00300000     0.02800000     0.00900000    53.70507188
     0.00300000     0.02800000     0.01000000    54.08383259
     0.00300000     0.02900000     0.00900000    53.64810527
     0.00300000     0.02900000     0.01000000    54.05981065
     0.00300000     0.03000000     0.01000000    54.05981065
     0.00300000     0.03000000     0.01100000    55.56951148
     0.00300000     0.03000000     0.01200000    56.13894895
     0.00300000     0.03100000     0.01100000    55.70882497
     0.00300000     0.03100000     0.01200000    56.34292962
     0.00300000     0.03100000     0.01300000    58.00688235
     0.00300000     0.03100000     0.01400000    59.38568112
     0.00300000     0.03200000     0.01200000    58.94069181
     0.00300000     0.03200000     0.01300000    58.94069181
     0.00300000     0.03200000     0.01400000    60.03225327
     0.00300000     0.03200000     0.01500000    62.49189936
     0.00300000     0.03300000     0.01300000    58.94069181
     0.00300000     0.03300000     0.01400000    64.08652982
     0.00300000     0.03300000     0.01500000    64.08652982
     0.00300000     0.03300000     0.01600000    66.18895486
     0.00300000     0.03400000     0.01500000    66.70865730
     0.00300000     0.03400000     0.01600000    69.10795661
     0.00300000     0.03400000     0.01700000    72.79680328
     0.00300000     0.03500000     0.01700000    75.47450137
     0.00400000     0.00000000     0.00900000    42.51971811
     0.00400000     0.00100000     0.00800000    42.79120046
     0.00400000     0.00100000     0.00900000    42.81405001
     0.00400000     0.00200000     0.00700000    43.13076362
     0.00400000     0.00200000     0.00800000    43.17768385
     0.00400000     0.00200000     0.00900000    43.16037012
     0.00400000     0.00300000     0.00700000    43.48656303
     0.00400000     0.00300000     0.00800000    43.54199115
     0.00400000     0.00400000     0.00600000    44.01012335
     0.00400000     0.00400000     0.00700000    43.97024784
     0.00400000     0.00500000     0.00500000    44.50028343
     0.00400000     0.00500000     0.00600000    44.47046567
     0.00400000     0.00600000     0.00400000    44.83415739
     0.00400000     0.00600000     0.00500000    44.87135573
     0.00400000     0.00700000     0.00400000    45.22340557
     0.00400000     0.00700000     0.00500000    45.31184204
     0.00400000     0.00800000     0.00400000    45.63036403
     0.00400000     0.00900000     0.00300000    46.09813352
     0.00400000     0.00900000     0.00400000    46.11608968
     0.00400000     0.01000000     0.00300000    46.51968192
     0.00400000     0.01100000     0.00300000    46.94439023
     0.00400000     0.01200000     0.00300000    47.39114782
     0.00400000     0.01300000     0.00300000    47.82922065
     0.00400000     0.01400000     0.00300000    48.23252126
     0.00400000     0.01500000     0.00300000    48.60712718
     0.00400000     0.01600000     0.00300000    48.96337346
     0.00400000     0.01700000     0.00300000    49.29703931
     0.00400000     0.01800000     0.00300000    49.58504436
     0.00400000     0.01900000     0.00300000    49.80749250
     0.00400000     0.01900000     0.00400000    50.02799012
     0.00400000     0.02000000     0.00300000    49.84454731
     0.00400000     0.02000000     0.00400000    50.20273508
     0.00400000     0.02100000     0.00300000    49.76012470
     0.00400000     0.02100000     0.00400000    50.35522964
     0.00400000     0.02200000     0.00400000    50.45218308
     0.00400000     0.02300000     0.00400000    50.34488506
     0.00400000     0.02300000     0.00500000    50.96178543
     0.00400000     0.02300000     0.00600000    51.30853359
     0.00400000     0.02400000     0.00500000    51.06110476
     0.00400000     0.02400000     0.00600000    51.42157534
     0.00400000     0.02500000     0.00500000    50.92477868
     0.00400000     0.02500000     0.00600000    51.33759073
     0.00400000     0.02600000     0.00600000    51.49834437
     0.00400000     0.02600000     0.00700000    52.34470924
     0.00400000     0.02600000     0.00800000    52.70117511
     0.00400000     0.02700000     0.00700000    52.27316063
     0.00400000     0.02700000     0.00800000    52.74124095
     0.00400000     0.02800000     0.00800000    52.80781360
     0.00400000     0.02800000     0.00900000    53.73449654
     0.00400000     0.02800000     0.01000000    54.24009735
     0.00400000     0.02900000     0.00800000    54.02175492
     0.00400000     0.02900000     0.00900000    54.02175492
     0.00400000     0.02900000     0.01000000    54.44412329
     0.00400000     0.03000000     0.00900000    53.97263619
     0.00400000     0.03000000     0.01000000    54.43194609
     0.00400000     0.03000000     0.01100000    55.72636500
     0.00400000     0.03000000     0.01200000    56.49937833
     0.00400000     0.03100000     0.01000000    55.97791753
     0.00400000     0.03100000     0.01100000    55.97791753
     0.00400000     0.03100000     0.01200000    56.63617963
     0.00400000     0.03200000     0.01100000    55.97791753
     0.00400000     0.03200000     0.01200000    59.45397699
     0.00400000     0.03200000     0.01300000    59.45397699
     0.00400000     0.03200000     0.01400000    60.41417720
     0.00400000     0.03300000     0.01300000    61.42480642
     0.00400000     0.03300000     0.01400000    65.76429299
     0.00400000     0.03300000     0.01500000    65.76429299
     0.00400000     0.03300000     0.01600000    67.65277949
     0.00400000     0.03400000     0.01500000    66.70865730
     0.00400000     0.03400000     0.01600000    68.78884355
     0.00400000     0.03400000     0.01700000    73.45167669
     0.00400000     0.03500000     0.01600000    68.78884355
     0.00400000     0.03500000     0.01700000    76.25159018
     0.00400000     0.03500000     0.01800000    78.60552056
     0.00400000     0.03600000     0.01800000    78.60552056
     0.00400000     0.03600000     0.01900000    92.74809351
     0.00400000     0.03600000     0.02000000    98.78830796
     0.00400000     0.03700000     0.02000000   149.72592070
     0.00400000     0.03700000     0.02100000   149.72592070
     0.00400000     0.03700000     0.02200000   157.08537300
     0.00400000     0.03800000     0.02100000   169.19208345
     0.00400000     0.03800000     0.02200000   179.25564987
     0.00400000     0.03800000     0.02300000   224.75496544
     0.00400000     0.03800000     0.02400000   235.60360086
     0.00400000     0.03900000     0.02300000   234.85679147
     0.00400000     0.03900000     0.02400000   254.08043817
     0.00400000     0.04000000     0.02400000   271.70333481
     0.00400000     0.04000000     0.02500000   300.35945700
     0.00400000     0.04100000     0.02500000   335.46912772
     0.00400000     0.04100000     0.02600000   346.42415480
     0.00400000     0.04200000     0.02500000   343.37325412
     0.00400000     0.04200000     0.02600000   363.24619725
     0.00400000     0.04300000     0.02600000   378.59692429
     0.00400000     0.04300000     0.02700000   399.44722735
     0.00400000     0.04300000     0.02800000   418.51119303
     0.00400000     0.04400000     0.02700000   412.91756577
     0.00400000     0.04400000     0.02800000   424.56242031
     0.00400000     0.04500000     0.02800000   452.39544582
     0.00400000     0.04500000     0.02900000   478.78101157
     0.00400000     0.04500000     0.03000000   486.14524970
     0.00400000     0.04600000     0.02900000   483.11462848
     0.00400000     0.04600000     0.03000000   493.25062087
     0.00400000     0.04700000     0.03000000   496.85907285
     0.00400000     0.04700000     0.03100000   502.38127653
     0.00400000     0.04800000     0.03100000   499.58212126
     0.00500000     0.00000000     0.00900000    42.61399696
     0.00500000     0.00100000     0.00800000    42.93189005
     0.00500000     0.00100000     0.00900000    42.95323579
     0.00500000     0.00200000     0.00700000    43.28166968
     0.00500000     0.00300000     0.00600000    43.53673135
     0.00500000     0.00300000     0.00700000    43.60607005
     0.00500000     0.00400000     0.00600000    43.95326854
     0.00500000     0.00400000     0.00700000    44.01048479
     0.00500000     0.00500000     0.00500000    44.57909739
     0.00500000     0.00500000     0.00600000    44.51396105
     0.00500000     0.00600000     0.00400000    44.98344492
     0.00500000     0.00600000     0.00500000    45.00496088
     0.00500000     0.00800000     0.00400000    45.68393240
     0.00500000     0.00900000     0.00300000    46.25354791
     0.00500000     0.00900000     0.00400000    46.24368647
     0.00500000     0.01000000     0.00300000    46.59237388
     0.00500000     0.01100000     0.00300000    47.01031784
     0.00500000     0.01200000     0.00300000    47.45401053
     0.00500000     0.01300000     0.00200000    47.65909358
     0.00500000     0.01300000     0.00300000    47.89329933
     0.00500000     0.01400000     0.00200000    47.93558294
     0.00500000     0.01400000     0.00300000    48.25411928
     0.00500000     0.01500000     0.00200000    48.13127934
     0.00500000     0.01500000     0.00300000    48.55682443
     0.00500000     0.01600000     0.00200000    48.07719279
     0.00500000     0.01600000     0.00300000    48.85651562
     0.00500000     0.01700000     0.00300000    49.34995330
     0.00500000     0.01800000     0.00300000    49.67365169
     0.00500000     0.01900000     0.00300000    49.93465243
     0.00500000     0.02000000     0.00300000    50.05848765
     0.00500000     0.02000000     0.00400000    50.32069713
     0.00500000     0.02100000     0.00300000    49.95019975
     0.00500000     0.02100000     0.00400000    50.43107901
     0.00500000     0.02200000     0.00400000    50.64020329
     0.00500000     0.02300000     0.00400000    50.53336223
     0.00500000     0.02300000     0.00500000    51.04119190
     0.00500000     0.02400000     0.00500000    51.26228414
     0.00500000     0.02400000     0.00600000    51.57472460
     0.00500000     0.02500000     0.00500000    51.13417607
     0.00500000     0.02500000     0.00600000    51.53966863
     0.00500000     0.02600000     0.00600000    51.49834437
     0.00500000     0.02600000     0.00700000    52.31204117
     0.00500000     0.02600000     0.00800000    52.76561845
     0.00500000     0.02700000     0.00700000    52.49077127
     0.00500000     0.02700000     0.00800000    52.94412150
     0.00500000     0.02800000     0.00700000    52.33776859
     0.00500000     0.02800000     0.00800000    52.87702177
     0.00500000     0.02900000     0.00800000    54.28694458
     0.00500000     0.02900000     0.00900000    54.28694458
     0.00500000     0.02900000     0.01000000    54.71288163
     0.00500000     0.03000000     0.00900000    54.20357630
     0.00500000     0.03000000     0.01000000    54.66305426
     0.00500000     0.03100000     0.01000000    56.10539447
     0.00500000     0.03100000     0.01100000    56.10539447
     0.00500000     0.03100000     0.01200000    56.79659988
     0.00500000     0.03200000     0.01100000    56.10539447
     0.00500000     0.03200000     0.01200000    60.64066157
     0.00500000     0.03200000     0.01300000    60.64066157
     0.00500000     0.03200000     0.01400000    61.70672341
     0.00500000     0.03300000     0.01300000    61.42480642
     0.00500000     0.03300000     0.01400000    63.29384183
     0.00500000     0.03300000     0.01500000    65.76715110
     0.00500000     0.03300000     0.01600000    68.00385454
     0.00500000     0.03400000     0.01400000    64.39039650
     0.00500000     0.03400000     0.01500000    66.23053400
     0.00500000     0.03400000     0.01600000    68.61545439
     0.00500000     0.03500000     0.01600000    68.61545439
     0.00500000     0.03500000     0.01700000    77.20012769
     0.00500000     0.03500000     0.01800000    81.06092715
     0.00500000     0.03600000     0.01800000    85.31339778
     0.00500000     0.03600000     0.01900000    90.43075852
     0.00500000     0.03600000     0.02000000    97.16216229
     0.00500000     0.03700000     0.01900000    90.43075852
     0.00500000     0.03700000     0.02000000   162.86307977
     0.00500000     0.03700000     0.02100000   162.86307977
     0.00500000     0.03700000     0.02200000   169.20246634
     0.00500000     0.03800000     0.02100000   169.19208345
     0.00500000     0.03800000     0.02200000   179.25564987
     0.00500000     0.03800000     0.02300000   218.69716921
     0.00500000     0.03800000     0.02400000   236.72230231
     0.00500000     0.03900000     0.02200000   179.25564987
     0.00500000     0.03900000     0.02300000   242.50201026
     0.00500000     0.03900000     0.02400000   255.80013516
     0.00500000     0.04000000     0.02300000   251.67450744
     0.00500000     0.04000000     0.02400000   266.10773131
     0.00500000     0.04000000     0.02500000   301.43918319
     0.00500000     0.04100000     0.02400000   266.10773131
     0.00500000     0.04100000     0.02500000   337.75043947
     0.00500000     0.04100000     0.02600000   348.79254468
     0.00500000     0.04200000     0.02500000   345.70344361
     0.00500000     0.04200000     0.02600000   365.75895137
     0.00500000     0.04300000     0.02600000   381.27045522
     0.00500000     0.04300000     0.02700000   402.36096555
     0.00500000     0.04300000     0.02800000   422.48466202
     0.00500000     0.04400000     0.02700000   416.59705975
     0.00500000     0.04400000     0.02800000   434.15843826
     0.00500000     0.04500000     0.02800000   452.39544582
     0.00500000     0.04500000     0.02900000   477.22220210
     0.00500000     0.04500000     0.03000000   489.15667316
     0.00500000     0.04600000     0.02900000   490.43952445
     0.00500000     0.04600000     0.03000000   498.03022565
     0.00500000     0.04700000     0.02900000   492.99324521
     0.00500000     0.04700000     0.03000000   501.03493243
     0.00500000     0.04700000     0.03100000   506.66616495
     0.00500000     0.04800000     0.03000000   501.30789229
     0.00500000     0.04800000     0.03100000   504.10550474
     0.00600000     0.00000000     0.00900000    42.62650261
     0.00600000     0.00100000     0.00800000    42.95757744
     0.00600000     0.00100000     0.00900000    42.97066153
     0.00600000     0.00200000     0.00700000    43.31539829
     0.00600000     0.00300000     0.00600000    43.62913255
     0.00600000     0.00300000     0.00700000    43.67886740
     0.00600000     0.00400000     0.00600000    43.95347928
     0.00600000     0.00500000     0.00500000    44.58071273
     0.00600000     0.00500000     0.00600000    44.50360175
     0.00600000     0.00600000     0.00400000    45.00834837
     0.00600000     0.00600000     0.00500000    45.01509345
     0.00600000     0.00800000     0.00400000    45.68375804
     0.00600000     0.00900000     0.00300000    46.27741685
     0.00600000     0.00900000     0.00400000    46.24858370
     0.00600000     0.01000000     0.00300000    46.60484680
     0.00600000     0.01100000     0.00300000    47.01412754
     0.00600000     0.01200000     0.00300000    47.45714186
     0.00600000     0.01300000     0.00200000    47.78292961
     0.00600000     0.01300000     0.00300000    47.94649594
     0.00600000     0.01600000     0.00200000    48.19835606
     0.00600000     0.01600000     0.00300000    48.79852343
     0.00600000     0.01700000     0.00300000    49.33919824
     0.00600000     0.01800000     0.00300000    49.68170293
     0.00600000     0.01900000     0.00300000    49.95232239
     0.00600000     0.02000000     0.00300000    50.09182380
     0.00600000     0.02000000     0.00400000    50.32402255
     0.00600000     0.02100000     0.00300000    49.98754947
     0.00600000     0.02100000     0.00400000    50.45125875
     0.00600000     0.02200000     0.00400000    50.66887510
     0.00600000     0.02300000     0.00400000    50.57030912
     0.00600000     0.02300000     0.00500000    51.06401550
     0.00600000     0.02400000     0.00500000    51.29917817
     0.00600000     0.02400000     0.00600000    51.61187542
     0.00600000     0.02500000     0.00500000    51.18914386
     0.00600000     0.02500000     0.00600000    51.65395164
     0.00600000     0.02600000     0.00600000    51.63295493
     0.00600000     0.02600000     0.00700000    52.29139313
     0.00600000     0.02700000     0.00700000    52.61301301
     0.00600000     0.02700000     0.00800000    53.00499272
     0.00600000     0.02800000     0.00700000    52.47432509
     0.00600000     0.02800000     0.00800000    52.91036028
     0.00600000     0.02900000     0.00800000    54.33740778
     0.00600000     0.02900000     0.00900000    54.33740778
     0.00600000     0.02900000     0.01000000    54.76141778
     0.00600000     0.03000000     0.00900000    54.26019648
     0.00600000     0.03000000     0.01000000    54.72000786
     0.00600000     0.03100000     0.01000000    56.14437119
     0.00600000     0.03100000     0.01100000    56.14437119
     0.00600000     0.03100000     0.01200000    56.84092494
     0.00600000     0.03200000     0.01100000    56.14437119
     0.00600000     0.03200000     0.01200000    61.18590369
     0.00600000     0.03200000     0.01300000    61.18590369
     0.00600000     0.03200000     0.01400000    62.31072212
     0.00600000     0.03300000     0.01300000    61.66710476
     0.00600000     0.03300000     0.01400000    63.50469413
     0.00600000     0.03400000     0.01400000    64.55898341
     0.00600000     0.03500000     0.01600000    68.62953073
     0.00600000     0.03500000     0.01700000    77.67943144
     0.00600000     0.03500000     0.01800000    82.29069112
     0.00600000     0.03600000     0.01800000    85.59894508
     0.00600000     0.03700000     0.02000000   166.17175938
     0.00600000     0.03700000     0.02100000   166.17175938
     0.00600000     0.03700000     0.02200000   174.50285669
     0.00600000     0.03800000     0.02100000   170.83987796
     0.00600000     0.03800000     0.02200000   179.19085077
     0.00600000     0.03900000     0.02200000   179.19085077
     0.00600000     0.03900000     0.02300000   245.97500218
     0.00600000     0.03900000     0.02400000   256.48804555
     0.00600000     0.04000000     0.02300000   252.50230472
     0.00600000     0.04000000     0.02400000   263.43527191
     0.00600000     0.04100000     0.02400000   338.50146600
     0.00600000     0.04100000     0.02500000   338.50146600
     0.00600000     0.04100000     0.02600000   349.58085683
     0.00600000     0.04200000     0.02500000   346.46081135
     0.00600000     0.04200000     0.02600000   366.59749705
     0.00600000     0.04300000     0.02600000   382.20423533
     0.00600000     0.04300000     0.02700000   403.46665174
     0.00600000     0.04300000     0.02800000   424.39365229
     0.00600000     0.04400000     0.02700000   418.52412246
     0.00600000     0.04400000     0.02800000   439.75515229
     0.00600000     0.04500000     0.02800000   454.49924827
     0.00600000     0.04500000     0.02900000   475.57239830
     0.00600000     0.04600000     0.02900000   494.00820383
     0.00700000     0.00000000     0.00900000    42.56563125
     0.00700000     0.00100000     0.00800000    42.89040471
     0.00700000     0.00100000     0.00900000    42.90562004
     0.00700000     0.00200000     0.00700000    43.23984080
     0.00700000     0.00300000     0.00600000    43.52064443
     0.00700000     0.00300000     0.00700000    43.56510237
     0.00700000     0.00400000     0.00600000    43.91215563
     0.00700000     0.00400000     0.00700000    43.96075374
     0.00700000     0.00500000     0.00500000    44.52561369
     0.00700000     0.00500000     0.00600000    44.45818230
     0.00700000     0.00600000     0.00400000    44.93968941
     0.00700000     0.00600000     0.00500000    44.95339618
     0.00700000     0.00800000     0.00400000    45.62918194
     0.00700000     0.00900000     0.00300000    46.20773920
     0.00700000     0.00900000     0.00400000    46.18885307
     0.00700000     0.01000000     0.00300000    46.54270491
     0.00700000     0.01100000     0.00300000    46.95568601
     0.00700000     0.01200000     0.00300000    47.39694555
     0.00700000     0.01300000     0.00200000    47.64778406
     0.00700000     0.01300000     0.00300000    47.84741968
     0.00700000     0.01400000     0.00200000    47.92465277
     0.00700000     0.01400000     0.00300000    48.21270322
     0.00700000     0.01500000     0.00200000    48.12016129
     0.00700000     0.01500000     0.00300000    48.51758557
     0.00700000     0.01600000     0.00200000    48.06593563
     0.00700000     0.01600000     0.00300000    48.80938702
     0.00700000     0.01700000     0.00300000    49.29520575
     0.00700000     0.01800000     0.00300000    49.62133052
     0.00700000     0.01900000     0.00300000    49.88612413
     0.00700000     0.02000000     0.00300000    50.01554898
     0.00700000     0.02000000     0.00400000    50.26666343
     0.00700000     0.02100000     0.00300000    49.91106751
     0.00700000     0.02100000     0.00400000    50.38574383
     0.00700000     0.02200000     0.00400000    50.59695763
     0.00700000     0.02300000     0.00400000    50.49493172
     0.00700000     0.02300000     0.00500000    50.99711786
     0.00700000     0.02400000     0.00500000    51.22203998
     0.00700000     0.02400000     0.00600000    51.53082768
     0.00700000     0.02500000     0.00500000    51.09864464
     0.00700000     0.02500000     0.00600000    51.50483351
     0.00700000     0.02600000     0.00600000    51.48440663
     0.00700000     0.02600000     0.00700000    52.27398939
     0.00700000     0.02600000     0.00800000    52.71790197
     0.00700000     0.02700000     0.00700000    52.45874007
     0.00700000     0.02700000     0.00800000    52.90701039
     0.00700000     0.02800000     0.00700000    52.32575757
     0.00700000     0.02800000     0.00800000    52.85009401
     0.00700000     0.02900000     0.00800000    54.25486294
     0.00700000     0.02900000     0.00900000    54.25486294
     0.00700000     0.02900000     0.01000000    54.67926746
     0.00700000     0.03000000     0.00900000    54.17661742
     0.00700000     0.03000000     0.01000000    54.63498222
     0.00700000     0.03100000     0.01000000    56.07329912
     0.00700000     0.03100000     0.01100000    56.07329912
     0.00700000     0.03100000     0.01200000    56.76354848
     0.00700000     0.03200000     0.01100000    56.07329912
     0.00700000     0.03200000     0.01200000    60.61951006
     0.00700000     0.03200000     0.01300000    60.61951006
     0.00700000     0.03200000     0.01400000    61.68517139
     0.00700000     0.03300000     0.01300000    61.41883816
     0.00700000     0.03300000     0.01400000    63.28819614
     0.00700000     0.03300000     0.01500000    65.75336320
     0.00700000     0.03300000     0.01600000    67.98557134
     0.00700000     0.03400000     0.01400000    64.38620207
     0.00700000     0.03400000     0.01500000    66.21974138
     0.00700000     0.03400000     0.01600000    68.59993191
     0.00700000     0.03500000     0.01600000    68.59993191
     0.00700000     0.03500000     0.01700000    77.18772122
     0.00700000     0.03500000     0.01800000    81.05086704
     0.00700000     0.03600000     0.01800000    85.31039010
     0.00700000     0.03600000     0.01900000    90.42524842
     0.00700000     0.03600000     0.02000000    97.15543197
     0.00700000     0.03700000     0.01900000    90.42524842
     0.00700000     0.03700000     0.02000000   162.86127598
     0.00700000     0.03700000     0.02100000   162.86127598
     0.00700000     0.03700000     0.02200000   169.20074514
     0.00700000     0.03800000     0.02100000   169.19143229
     0.00700000     0.03800000     0.02200000   179.25524965
     0.00700000     0.03800000     0.02300000   218.69669261
     0.00700000     0.03800000     0.02400000   236.72190629
     0.00700000     0.03900000     0.02200000   179.25524965
     0.00700000     0.03900000     0.02300000   242.50178351
     0.00700000     0.03900000     0.02400000   255.79995140
     0.00700000     0.04000000     0.02300000   251.67444580
     0.00700000     0.04000000     0.02400000   266.10764092
     0.00700000     0.04000000     0.02500000   301.43912002
     0.00700000     0.04100000     0.02400000   337.75041900
     0.00700000     0.04100000     0.02500000   337.75041900
     0.00700000     0.04100000     0.02600000   348.79252817
     0.00700000     0.04200000     0.02500000   345.70343011
     0.00700000     0.04200000     0.02600000   365.75894238
     0.00700000     0.04300000     0.02600000   381.27045062
     0.00700000     0.04300000     0.02700000   402.36096261
     0.00700000     0.04300000     0.02800000   422.48466027
     0.00700000     0.04400000     0.02700000   416.59705821
     0.00700000     0.04400000     0.02800000   434.15843725
     0.00700000     0.04500000     0.02800000   452.39544562
     0.00700000     0.04500000     0.02900000   477.22220192
     0.00700000     0.04500000     0.03000000   489.15667303
     0.00700000     0.04600000     0.02900000   490.43952437
     0.00700000     0.04600000     0.03000000   498.03022559
     0.00700000     0.04700000     0.02900000   492.99324519
     0.00700000     0.04700000     0.03000000   501.03493241
     0.00700000     0.04700000     0.03100000   506.66616492
     0.00700000     0.04800000     0.03000000   501.30789229
     0.00700000     0.04800000     0.03100000   504.10550473
     0.00800000     0.00000000     0.00900000    42.43010858
     0.00800000     0.00100000     0.00800000    42.72733091
     0.00800000     0.00100000     0.00900000    42.72432062
     0.00800000     0.00200000     0.00700000    43.06644042
     0.00800000     0.00200000     0.00800000    43.09388071
     0.00800000     0.00200000     0.00900000    43.05948766
     0.00800000     0.00300000     0.00700000    43.39485838
     0.00800000     0.00300000     0.00800000    43.43909059
     0.00800000     0.00400000     0.00600000    43.90907972
     0.00800000     0.00400000     0.00700000    43.86154261
     0.00800000     0.00500000     0.00500000    44.40165374
     0.00800000     0.00500000     0.00600000    44.36407889
     0.00800000     0.00600000     0.00400000    44.76764484
     0.00800000     0.00600000     0.00500000    44.77481052
     0.00800000     0.00700000     0.00400000    45.13614938
     0.00800000     0.00700000     0.00500000    45.20955140
     0.00800000     0.00800000     0.00400000    45.52543070
     0.00800000     0.00900000     0.00300000    46.02929150
     0.00800000     0.00900000     0.00400000    46.01119719
     0.00800000     0.01000000     0.00300000    46.43155148
     0.00800000     0.01100000     0.00300000    46.84379477
     0.00800000     0.01200000     0.00300000    47.28342471
     0.00800000     0.01300000     0.00300000    47.71714309
     0.00800000     0.01400000     0.00300000    48.12072051
     0.00800000     0.01500000     0.00300000    48.49511716
     0.00800000     0.01600000     0.00300000    48.85549652
     0.00800000     0.01700000     0.00300000    49.19050888
     0.00800000     0.01800000     0.00300000    49.48636698
     0.00800000     0.01900000     0.00300000    49.71874481
     0.00800000     0.01900000     0.00400000    49.93222553
     0.00800000     0.02000000     0.00300000    49.76836852
     0.00800000     0.02000000     0.00400000    50.11274109
     0.00800000     0.02100000     0.00300000    49.70169639
     0.00800000     0.02100000     0.00400000    50.26798606
     0.00800000     0.02200000     0.00400000    50.37115036
     0.00800000     0.02300000     0.00400000    50.28649143
     0.00800000     0.02300000     0.00500000    50.87739005
     0.00800000     0.02300000     0.00600000    51.21129230
     0.00800000     0.02400000     0.00500000    50.98501854
     0.00800000     0.02400000     0.00600000    51.33666607
     0.00800000     0.02500000     0.00500000    50.87076687
     0.00800000     0.02500000     0.00600000    51.26377945
     0.00800000     0.02600000     0.00600000    51.48440663
     0.00800000     0.02600000     0.00700000    52.25833858
     0.00800000     0.02600000     0.00800000    52.60926544
     0.00800000     0.02700000     0.00700000    52.19385908
     0.00800000     0.02700000     0.00800000    52.66304548
     0.00800000     0.02800000     0.00800000    52.75455036
     0.00800000     0.02800000     0.00900000    53.66015945
     0.00800000     0.02800000     0.01000000    54.15732815
     0.00800000     0.02900000     0.00800000    53.95903153
     0.00800000     0.02900000     0.00900000    53.95903153
     0.00800000     0.02900000     0.01000000    54.37907506
     0.00800000     0.03000000     0.00900000    53.93281244
     0.00800000     0.03000000     0.01000000    54.38947208
     0.00800000     0.03000000     0.01100000    55.66515122
     0.00800000     0.03000000     0.01200000    56.43172394
     0.00800000     0.03100000     0.01000000    55.91821126
     0.00800000     0.03100000     0.01100000    55.91821126
     0.00800000     0.03100000     0.01200000    56.57525875
     0.00800000     0.03200000     0.01100000    55.91821126
     0.00800000     0.03200000     0.01200000    59.39929459
     0.00800000     0.03200000     0.01300000    59.39929459
     0.00800000     0.03200000     0.01400000    60.35784170
     0.00800000     0.03300000     0.01300000    61.41883816
     0.00800000     0.03300000     0.01400000    65.72861702
     0.00800000     0.03300000     0.01500000    65.72861702
     0.00800000     0.03300000     0.01600000    67.61662564
     0.00800000     0.03400000     0.01500000    66.68629577
     0.00800000     0.03400000     0.01600000    68.76089344
     0.00800000     0.03400000     0.01700000    73.42448046
     0.00800000     0.03500000     0.01600000    68.76089344
     0.00800000     0.03500000     0.01700000    76.22954177
     0.00800000     0.03500000     0.01800000    78.58406020
     0.00800000     0.03600000     0.01800000    78.58406020
     0.00800000     0.03600000     0.01900000    92.73807317
     0.00800000     0.03600000     0.02000000    98.77846158
     0.00800000     0.03700000     0.02000000   149.72165319
     0.00800000     0.03700000     0.02100000   149.72165319
     0.00800000     0.03700000     0.02200000   157.08144763
     0.00800000     0.03800000     0.02100000   169.19143229
     0.00800000     0.03800000     0.02200000   179.25524965
     0.00800000     0.03800000     0.02300000   224.75428292
     0.00800000     0.03800000     0.02400000   235.60304597
     0.00800000     0.03900000     0.02300000   234.85635538
     0.00800000     0.03900000     0.02400000   254.08014531
     0.00800000     0.04000000     0.02400000   271.70318969
     0.00800000     0.04000000     0.02500000   300.35936802
     0.00800000     0.04100000     0.02500000   335.46909885
     0.00800000     0.04100000     0.02600000   346.42413156
     0.00800000     0.04200000     0.02500000   343.37323516
     0.00800000     0.04200000     0.02600000   363.24618461
     0.00800000     0.04300000     0.02600000   378.59691782
     0.00800000     0.04300000     0.02700000   399.44722322
     0.00800000     0.04300000     0.02800000   418.51119054
     0.00800000     0.04400000     0.02700000   412.91756361
     0.00800000     0.04400000     0.02800000   424.56241858
     0.00800000     0.04500000     0.02800000   452.39544562
     0.00800000     0.04500000     0.02900000   478.78101133
     0.00800000     0.04500000     0.03000000   486.14524951
     0.00800000     0.04600000     0.02900000   483.11462833
     0.00800000     0.04600000     0.03000000   493.25062077
     0.00800000     0.04700000     0.03000000   496.85907280
     0.00800000     0.04700000     0.03100000   502.38127649
     0.00800000     0.04800000     0.03100000   499.58212123
     0.00900000     0.00000000     0.00900000    42.23094195
     0.00900000     0.00000000     0.01000000    42.26752864
     0.00900000     0.00100000     0.00900000    42.48858212
     0.00900000     0.00100000     0.01000000    42.52239280
     0.00900000     0.00200000     0.00800000    42.89535784
     0.00900000     0.00200000     0.00900000    42.86928447
     0.00900000     0.00300000     0.00700000    43.28478965
     0.00900000     0.00300000     0.00800000    43.27463681
     0.00900000     0.00400000     0.00600000    43.73671003
     0.00900000     0.00400000     0.00700000    43.65368080
     0.00900000     0.00500000     0.00500000    44.19797172
     0.00900000     0.00500000     0.00600000    44.17840390
     0.00900000     0.00500000     0.00700000    44.08661542
     0.00900000     0.00600000     0.00500000    44.55096314
     0.00900000     0.00700000     0.00400000    45.01078643
     0.00900000     0.00700000     0.00500000    44.98818436
     0.00900000     0.00800000     0.00400000    45.39351464
     0.00900000     0.00800000     0.00500000    45.45547449
     0.00900000     0.01000000     0.00300000    46.30613881
     0.00900000     0.01100000     0.00300000    46.65539515
     0.00900000     0.01200000     0.00300000    47.15042154
     0.00900000     0.01300000     0.00300000    47.57208010
     0.00900000     0.01400000     0.00300000    47.96946701
     0.00900000     0.01500000     0.00300000    48.35059218
     0.00900000     0.01600000     0.00300000    48.70012148
     0.00900000     0.01700000     0.00300000    48.98242439
     0.00900000     0.01700000     0.00400000    49.17533896
     0.00900000     0.01800000     0.00300000    49.15473982
     0.00900000     0.01800000     0.00400000    49.42861769
     0.00900000     0.01900000     0.00300000    49.45168519
     0.00900000     0.01900000     0.00400000    49.72374551
     0.00900000     0.02000000     0.00300000    49.40080421
     0.00900000     0.02000000     0.00400000    49.92515596
     0.00900000     0.02200000     0.00400000    50.06292440
     0.00900000     0.02200000     0.00500000    50.51179401
     0.00900000     0.02300000     0.00400000    50.74642962
     0.00900000     0.02300000     0.00500000    50.74642962
     0.00900000     0.02300000     0.00600000    51.02441356
     0.00900000     0.02400000     0.00500000    50.64606457
     0.00900000     0.02400000     0.00600000    51.03378389
     0.00900000     0.02500000     0.00600000    51.06781167
     0.00900000     0.02500000     0.00700000    51.75949998
     0.00900000     0.02500000     0.00800000    52.17221989
     0.00900000     0.02600000     0.00600000    51.97700950
     0.00900000     0.02600000     0.00700000    51.97700950
     0.00900000     0.02600000     0.00800000    52.38135463
     0.00900000     0.02700000     0.00700000    51.92718981
     0.00900000     0.02700000     0.00800000    52.36395997
     0.00900000     0.02700000     0.00900000    53.10053904
     0.00900000     0.02800000     0.00800000    53.59088750
     0.00900000     0.02800000     0.00900000    53.59088750
     0.00900000     0.02800000     0.01000000    53.96496254
     0.00900000     0.02900000     0.00900000    53.54259472
     0.00900000     0.02900000     0.01000000    53.95124878
     0.00900000     0.03000000     0.01000000    53.95124878
     0.00900000     0.03000000     0.01100000    55.47567403
     0.00900000     0.03000000     0.01200000    56.04221964
     0.00900000     0.03100000     0.01100000    55.63702817
     0.00900000     0.03100000     0.01200000    56.26865559
     0.00900000     0.03100000     0.01300000    57.92314281
     0.00900000     0.03100000     0.01400000    59.29864912
     0.00900000     0.03200000     0.01200000    58.87333630
     0.00900000     0.03200000     0.01300000    58.87333630
     0.00900000     0.03200000     0.01400000    59.95794409
     0.00900000     0.03200000     0.01500000    62.42065382
     0.00900000     0.03300000     0.01300000    58.87333630
     0.00900000     0.03300000     0.01400000    64.02656082
     0.00900000     0.03300000     0.01500000    64.02656082
     0.00900000     0.03300000     0.01600000    66.13454092
     0.00900000     0.03400000     0.01500000    69.07124512
     0.00900000     0.03400000     0.01600000    69.07124512
     0.00900000     0.03400000     0.01700000    72.76438948
     0.00900000     0.03500000     0.01700000    75.44874830
     0.01000000     0.00000000     0.01000000    41.95644043
     0.01000000     0.00100000     0.00900000    42.29924132
     0.01000000     0.00100000     0.01000000    42.26502768
     0.01000000     0.00200000     0.00800000    42.68691716
     0.01000000     0.00200000     0.00900000    42.64787321
     0.01000000     0.00200000     0.01000000    42.56556711
     0.01000000     0.00300000     0.00700000    43.07068801
     0.01000000     0.00300000     0.00800000    43.04851462
     0.01000000     0.00300000     0.00900000    42.97692015
     0.01000000     0.00400000     0.00700000    43.36148659
     0.01000000     0.00400000     0.00800000    43.34943691
     0.01000000     0.00500000     0.00600000    43.93442651
     0.01000000     0.00500000     0.00700000    43.83986866
     0.01000000     0.00500000     0.00800000    43.70904344
     0.01000000     0.00600000     0.00500000    44.37976376
     0.01000000     0.00600000     0.00600000    44.35842990
     0.01000000     0.00600000     0.00700000    44.25750242
     0.01000000     0.00700000     0.00500000    44.70751118
     0.01000000     0.00800000     0.00400000    45.24583654
     0.01000000     0.00800000     0.00500000    45.23627710
     0.01000000     0.00900000     0.00400000    45.58444997
     0.01000000     0.00900000     0.00500000    45.63939147
     0.01000000     0.01000000     0.00400000    46.06040229
     0.01000000     0.01000000     0.00500000    46.11734901
     0.01000000     0.01200000     0.00300000    47.01838619
     0.01000000     0.01300000     0.00300000    47.35822733
     0.01000000     0.01400000     0.00300000    47.74165097
     0.01000000     0.01500000     0.00300000    48.12227354
     0.01000000     0.01600000     0.00300000    48.46644629
     0.01000000     0.01700000     0.00300000    48.70140933
     0.01000000     0.01700000     0.00400000    48.92962285
     0.01000000     0.01800000     0.00300000    48.67683509
     0.01000000     0.01800000     0.00400000    49.12089300
     0.01000000     0.01900000     0.00400000    49.34213131
     0.01000000     0.01900000     0.00500000    49.59117389
     0.01000000     0.02000000     0.00400000    49.73506810
     0.01000000     0.02000000     0.00500000    49.93539775
     0.01000000     0.02100000     0.00400000    49.89303377
     0.01000000     0.02100000     0.00500000    50.15208610
     0.01000000     0.02100000     0.00600000    50.35969945
     0.01000000     0.02200000     0.00400000    49.80511832
     0.01000000     0.02200000     0.00500000    50.21287791
     0.01000000     0.02200000     0.00600000    50.53692767
     0.01000000     0.02300000     0.00500000    50.48269142
     0.01000000     0.02300000     0.00600000    50.69815158
     0.01000000     0.02400000     0.00500000    50.36497020
     0.01000000     0.02400000     0.00600000    50.66982024
     0.01000000     0.02400000     0.00700000    51.27824485
     0.01000000     0.02400000     0.00800000    51.66442322
     0.01000000     0.02500000     0.00600000    51.50912993
     0.01000000     0.02500000     0.00700000    51.50912993
     0.01000000     0.02500000     0.00800000    51.90597856
     0.01000000     0.02600000     0.00700000    51.56657413
     0.01000000     0.02600000     0.00800000    52.05928501
     0.01000000     0.02600000     0.00900000    52.57425116
     0.01000000     0.02700000     0.00800000    52.15888273
     0.01000000     0.02700000     0.00900000    52.94317337
     0.01000000     0.02700000     0.01000000    53.39338640
     0.01000000     0.02800000     0.00900000    53.22188627
     0.01000000     0.02800000     0.01000000    53.60338157
     0.01000000     0.02900000     0.00900000    53.24016447
     0.01000000     0.02900000     0.01000000    53.64997365
     0.01000000     0.02900000     0.01100000    54.68503059
     0.01000000     0.02900000     0.01200000    55.26713934
     0.01000000     0.03000000     0.01000000    53.64997365
     0.01000000     0.03000000     0.01100000    54.89305641
     0.01000000     0.03000000     0.01200000    55.48653615
     0.01000000     0.03100000     0.01100000    55.47447805
     0.01000000     0.03100000     0.01200000    55.47447805
     0.01000000     0.03100000     0.01300000    56.62557260
     0.01000000     0.03100000     0.01400000    58.27085612
     0.01000000     0.03200000     0.01300000    59.79537589
     0.01000000     0.03200000     0.01400000    59.79537589
     0.01000000     0.03200000     0.01500000    61.88120967
     0.01000000     0.03300000     0.01500000    63.27805877
     0.01100000     0.00100000     0.01000000    41.97740626
     0.01100000     0.00200000     0.00900000    42.36361079
     0.01100000     0.00200000     0.01000000    42.31354206
     0.01100000     0.00200000     0.01100000    42.11467400
     0.01100000     0.00300000     0.00800000    42.75544125
     0.01100000     0.00300000     0.00900000    42.72927815
     0.01100000     0.00300000     0.01000000    42.54139272
     0.01100000     0.00300000     0.01100000    42.27655732
     0.01100000     0.00400000     0.00800000    43.01167503
     0.01100000     0.00400000     0.00900000    42.98058874
     0.01100000     0.00400000     0.01000000    42.76209784
     0.01100000     0.00500000     0.00700000    43.55526065
     0.01100000     0.00500000     0.00800000    43.41557305
     0.01100000     0.00500000     0.00900000    43.26167107
     0.01100000     0.00600000     0.00600000    44.07467317
     0.01100000     0.00600000     0.00700000    44.01040427
     0.01100000     0.00600000     0.00800000    43.75432698
     0.01100000     0.00700000     0.00600000    44.38191119
     0.01100000     0.00700000     0.00700000    44.36490049
     0.01100000     0.00700000     0.00800000    44.12708816
     0.01100000     0.00800000     0.00500000    44.97890673
     0.01100000     0.00800000     0.00600000    44.89229748
     0.01100000     0.00800000     0.00700000    44.75330691
     0.01100000     0.00900000     0.00500000    45.31450075
     0.01100000     0.00900000     0.00600000    45.28200998
     0.01100000     0.01000000     0.00400000    45.92152786
     0.01100000     0.01000000     0.00500000    45.88802388
     0.01100000     0.01000000     0.00600000    45.69790661
     0.01100000     0.01100000     0.00400000    46.26259985
     0.01100000     0.01100000     0.00500000    46.34387488
     0.01100000     0.01100000     0.00600000    46.20205820
     0.01100000     0.01200000     0.00400000    46.67577508
     0.01100000     0.01200000     0.00500000    46.73176857
     0.01100000     0.01300000     0.00400000    47.11287960
     0.01100000     0.01300000     0.00500000    47.15328228
     0.01100000     0.01400000     0.00400000    47.53046596
     0.01100000     0.01400000     0.00500000    47.57728889
     0.01100000     0.01500000     0.00400000    47.93224975
     0.01100000     0.01500000     0.00500000    47.99343409
     0.01100000     0.01600000     0.00400000    48.30449295
     0.01100000     0.01600000     0.00500000    48.38867249
     0.01100000     0.01700000     0.00400000    48.63458341
     0.01100000     0.01700000     0.00500000    48.74818148
     0.01100000     0.01800000     0.00400000    48.85525623
     0.01100000     0.01800000     0.00500000    49.02566632
     0.01100000     0.01800000     0.00600000    49.07667119
     0.01100000     0.01900000     0.00400000    48.82793052
     0.01100000     0.01900000     0.00500000    49.15445559
     0.01100000     0.01900000     0.00600000    49.38914667
     0.01100000     0.02000000     0.00500000    49.61236523
     0.01100000     0.02000000     0.00600000    49.73816661
     0.01100000     0.02100000     0.00500000    49.83278587
     0.01100000     0.02100000     0.00600000    49.97680666
     0.01100000     0.02100000     0.00700000    50.10979483
     0.01100000     0.02200000     0.00500000    49.78980618
     0.01100000     0.02200000     0.00600000    50.17363241
     0.01100000     0.02200000     0.00700000    50.44732380
     0.01100000     0.02200000     0.00800000    50.56073702
     0.01100000     0.02300000     0.00600000    50.19949935
     0.01100000     0.02300000     0.00700000    50.60563529
     0.01100000     0.02300000     0.00800000    50.92442297
     0.01100000     0.02400000     0.00600000    50.66982024
     0.01100000     0.02400000     0.00700000    51.06060924
     0.01100000     0.02400000     0.00800000    51.27293859
     0.01100000     0.02500000     0.00700000    51.05160264
     0.01100000     0.02500000     0.00800000    51.54718221
     0.01100000     0.02500000     0.00900000    51.96675494
     0.01100000     0.02500000     0.01000000    52.17203951
     0.01100000     0.02600000     0.00800000    51.66293174
     0.01100000     0.02600000     0.00900000    52.17965352
     0.01100000     0.02600000     0.01000000    52.54348191
     0.01100000     0.02700000     0.00900000    52.74526528
     0.01100000     0.02700000     0.01000000    53.09051926
     0.01100000     0.02700000     0.01100000    53.47768973
     0.01100000     0.02700000     0.01200000    53.76998007
     0.01100000     0.02800000     0.00900000    52.72297519
     0.01100000     0.02800000     0.01000000    53.09638629
     0.01100000     0.02800000     0.01100000    53.79471897
     0.01100000     0.02800000     0.01200000    54.32238865
     0.01100000     0.02900000     0.01000000    54.53752705
     0.01100000     0.02900000     0.01100000    54.53752705
     0.01100000     0.02900000     0.01200000    54.86941509
     0.01100000     0.03000000     0.01100000    54.58613100
     0.01100000     0.03000000     0.01200000    55.28588874
     0.01100000     0.03100000     0.01200000    55.38287322
     0.01200000     0.00200000     0.01100000    41.62933669
     0.01200000     0.00300000     0.01000000    42.09326207
     0.01200000     0.00300000     0.01100000    41.97766393
     0.01200000     0.00400000     0.00900000    42.59123025
     0.01200000     0.00400000     0.01000000    42.47568389
     0.01200000     0.00500000     0.00800000    43.08037995
     0.01200000     0.00500000     0.00900000    42.99160248
     0.01200000     0.00600000     0.00800000    43.34574819
     0.01200000     0.00700000     0.00700000    44.01606965
     0.01200000     0.00700000     0.00800000    43.84725649
     0.01200000     0.00800000     0.00600000    44.59494451
     0.01200000     0.00800000     0.00700000    44.49752140
     0.01200000     0.00900000     0.00600000    44.90880348
     0.01200000     0.01000000     0.00600000    45.29855324
     0.01200000     0.01100000     0.00500000    46.03757546
     0.01200000     0.01100000     0.00600000    45.93008304
     0.01200000     0.01200000     0.00500000    46.37756452
     0.01200000     0.01300000     0.00500000    46.77404666
     0.01200000     0.01400000     0.00500000    47.19513473
     0.01200000     0.01500000     0.00500000    47.61260341
     0.01200000     0.01600000     0.00500000    48.01667039
     0.01200000     0.01700000     0.00500000    48.38788161
     0.01200000     0.01800000     0.00500000    48.64611533
     0.01200000     0.01800000     0.00600000    48.82637597
     0.01200000     0.01900000     0.00500000    48.64223988
     0.01200000     0.01900000     0.00600000    49.01582585
     0.01200000     0.02000000     0.00600000    49.33498891
     0.01200000     0.02100000     0.00600000    49.33238280
     0.01200000     0.02100000     0.00700000    49.73870168
     0.01200000     0.02200000     0.00700000    50.09309484
     0.01200000     0.02200000     0.00800000    50.32263406
     0.01200000     0.02300000     0.00700000    50.10229689
     0.01200000     0.02300000     0.00800000    50.52109481
     0.01200000     0.02400000     0.00800000    50.62105986
     0.01200000     0.02500000     0.00800000    51.62577194
     0.01200000     0.02500000     0.00900000    51.62577194
     0.01200000     0.02500000     0.01000000    51.88295900
     0.01200000     0.02600000     0.00900000    51.62670988
     0.01200000     0.02600000     0.01000000    51.91740421
     0.01200000     0.02700000     0.01000000    53.15834669
     0.01200000     0.02700000     0.01100000    53.15834669
     0.01200000     0.02700000     0.01200000    53.50006000
     0.01200000     0.02800000     0.01100000    53.25204460
     0.01200000     0.02800000     0.01200000    53.84640696
     0.01200000     0.02900000     0.01200000    54.03451484
