     0.00000000     0.00800000     0.00600000   616.69699010
     0.00100000     0.00300000     0.00800000   661.88905209
     0.00100000     0.00400000     0.00800000  1807.36120348
     0.00100000     0.00600000     0.00600000   623.15498909
     0.00100000     0.00700000     0.00600000   645.28347184
     0.00100000     0.00800000     0.00500000   620.27123723
     0.00100000     0.00800000     0.00600000   630.24235035
     0.00100000     0.01000000     0.00400000   613.40123933
     0.00100000     0.01100000     0.00400000   617.28760977
     0.00100000     0.01200000     0.00400000   614.18166589
     0.00100000     0.01300000     0.00400000   612.61880426
     0.00100000     0.01400000     0.00400000   610.56830221
     0.00100000     0.01500000     0.00400000   610.06447145
     0.00100000     0.01600000     0.00400000   610.42357938
     0.00100000     0.01700000     0.00400000   610.24376362
     0.00100000     0.01800000     0.00400000   612.65750028
     0.00100000     0.01900000     0.00400000   607.13115276
     0.00100000     0.02200000     0.00500000   618.55416355
     0.00100000     0.02200000     0.00600000   622.07776625
     0.00100000     0.02300000     0.00600000   621.76787230
     0.00100000     0.02400000     0.00600000   616.85911444
     0.00100000     0.02600000     0.00800000  2691.93216076
     0.00200000     0.00200000     0.00800000   684.15765399
     0.00200000     0.00300000     0.00700000  -198.16543211
     0.00200000     0.00300000     0.00800000  2136.53013993
     0.00200000     0.00400000     0.00700000   426.23035755
     0.00200000     0.00400000     0.00800000  2170.76768535
     0.00200000     0.00500000     0.00600000   620.28287482
     0.00200000     0.00600000     0.00500000   637.77851502
     0.00200000     0.00600000     0.00600000   635.33399198
     0.00200000     0.00700000     0.00500000   640.06665644
     0.00200000     0.00700000     0.00600000   634.76378213
     0.00200000     0.00800000     0.00400000   625.48178512
     0.00200000     0.00800000     0.00500000   635.18948535
     0.00200000     0.00800000     0.00600000   637.81633939
     0.00200000     0.00900000     0.00400000   625.06602198
     0.00200000     0.01000000     0.00400000   623.08534135
     0.00200000     0.01100000     0.00400000   620.62279522
     0.00200000     0.01200000     0.00300000   604.34153580
     0.00200000     0.01200000     0.00400000   616.80692192
     0.00200000     0.01300000     0.00300000   606.38942862
     0.00200000     0.01300000     0.00400000   614.32406357
     0.00200000     0.01400000     0.00300000   606.25485405
     0.00200000     0.01400000     0.00400000   613.21604198
     0.00200000     0.01500000     0.00300000   605.80758353
     0.00200000     0.01500000     0.00400000   612.62050095
     0.00200000     0.01600000     0.00300000   605.84171094
     0.00200000     0.01600000     0.00400000   612.83773616
     0.00200000     0.01700000     0.00300000   606.48464576
     0.00200000     0.01700000     0.00400000   613.59759587
     0.00200000     0.01800000     0.00300000   602.97632326
     0.00200000     0.01800000     0.00400000   614.53561296
     0.00200000     0.01900000     0.00400000   614.63535779
     0.00200000     0.02000000     0.00400000   617.94705297
     0.00200000     0.02100000     0.00400000   617.59283208
     0.00200000     0.02200000     0.00400000   616.54856857
     0.00200000     0.02200000     0.00500000   626.51591394
     0.00200000     0.02200000     0.00600000   626.59335755
     0.00200000     0.02300000     0.00500000   619.89608393
     0.00200000     0.02300000     0.00600000   630.90867394
     0.00200000     0.02400000     0.00500000   627.35713068
     0.00200000     0.02400000     0.00600000   616.85911444
     0.00200000     0.02500000     0.00600000   606.44469029
     0.00200000     0.02600000     0.00700000  -214.33081158
     0.00200000     0.02600000     0.00800000  2150.93331718
     0.00200000     0.02700000     0.00800000  2699.04313760
     0.00200000     0.03000000     0.01000000     0.00000000
     0.00300000     0.00200000     0.00800000  1822.11691404
     0.00300000     0.00400000     0.00600000   622.68972859
     0.00300000     0.00700000     0.00400000   632.37325166
     0.00300000     0.00800000     0.00400000   634.57211715
     0.00300000     0.00900000     0.00400000   633.09408114
     0.00300000     0.01000000     0.00300000   610.83076393
     0.00300000     0.01000000     0.00400000   624.43052185
     0.00300000     0.02000000     0.00300000   608.40403838
     0.00300000     0.02000000     0.00400000   623.75050096
     0.00300000     0.02100000     0.00400000   625.30333858
     0.00300000     0.02200000     0.00400000   622.24167699
     0.00300000     0.02300000     0.00400000   625.57304127
     0.00300000     0.02400000     0.00500000   634.46323998
     0.00300000     0.02400000     0.00600000   624.84196528
     0.00300000     0.02500000     0.00600000   606.44469029
     0.00300000     0.02600000     0.00600000    74.80387666
     0.00300000     0.02800000     0.00800000     0.00000000
     0.00300000     0.03000000     0.01000000     0.00000000
     0.00300000     0.03200000     0.01200000     0.00000000
     0.00400000     0.00100000     0.00800000   762.80856957
     0.00400000     0.00200000     0.00700000  -210.06825082
     0.00400000     0.00200000     0.00800000  2138.53999189
     0.00400000     0.00400000     0.00600000   647.36097258
     0.00400000     0.00600000     0.00400000   636.74163734
     0.00400000     0.00700000     0.00400000   639.42097320
     0.00400000     0.00800000     0.00400000   639.32435773
     0.00400000     0.00900000     0.00300000   615.69142079
     0.00400000     0.00900000     0.00400000   630.30144631
     0.00400000     0.01000000     0.00300000   617.59631168
     0.00400000     0.01000000     0.00400000   626.13357574
     0.00400000     0.02000000     0.00300000   614.31967517
     0.00400000     0.02000000     0.00400000   621.67210533
     0.00400000     0.02100000     0.00300000   611.61548318
     0.00400000     0.02100000     0.00400000   622.78085207
     0.00400000     0.02200000     0.00400000   624.91210888
     0.00400000     0.02300000     0.00400000   621.40431705
     0.00400000     0.02400000     0.00500000   628.97882237
     0.00400000     0.02400000     0.00600000   637.81525429
     0.00400000     0.02500000     0.00500000   625.86883437
     0.00400000     0.02500000     0.00600000   634.26047570
     0.00400000     0.02600000     0.00600000   611.51212950
     0.00400000     0.02800000     0.00800000  2715.62075623
     0.00400000     0.02900000     0.00800000     0.00000000
     0.00400000     0.03000000     0.00900000     0.00000000
     0.00400000     0.03000000     0.01000000     0.00000000
     0.00400000     0.03100000     0.01000000     0.00000000
     0.00400000     0.03200000     0.01100000     0.00000000
     0.00400000     0.03200000     0.01200000     0.00000000
     0.00400000     0.03400000     0.01500000     0.00000000
     0.00400000     0.03400000     0.01600000     0.00000000
     0.00400000     0.03500000     0.01600000     0.00000000
     0.00400000     0.03600000     0.01800000     0.00000000
     0.00400000     0.03800000     0.02100000     0.00000000
     0.00400000     0.03800000     0.02200000     0.00000000
     0.00400000     0.04000000     0.02400000     0.00000000
     0.00400000     0.04200000     0.02500000     0.00000000
     0.00400000     0.04200000     0.02600000     0.00000000
     0.00400000     0.04300000     0.02600000     0.00000000
     0.00400000     0.04400000     0.02700000     0.00000000
     0.00400000     0.04400000     0.02800000     0.00000000
     0.00400000     0.04500000     0.02800000     0.00000000
     0.00500000     0.00100000     0.00800000   766.48440353
     0.00500000     0.00200000     0.00700000    94.78874104
     0.00500000     0.00200000     0.00800000  2136.46295829
     0.00500000     0.00300000     0.00600000   625.99715443
     0.00500000     0.00400000     0.00600000   631.37503132
     0.00500000     0.00600000     0.00400000   643.87334080
     0.00500000     0.00700000     0.00400000   643.96525202
     0.00500000     0.00800000     0.00400000   641.76783313
     0.00500000     0.01300000     0.00200000   589.43359308
     0.00500000     0.01400000     0.00200000   592.21375300
     0.00500000     0.01500000     0.00200000   591.77532970
     0.00500000     0.01600000     0.00200000   588.40150338
     0.00500000     0.02200000     0.00400000   626.98372571
     0.00500000     0.02300000     0.00400000   626.68866303
     0.00500000     0.02600000     0.00600000   611.51212950
     0.00500000     0.02800000     0.00700000    27.15996879
     0.00500000     0.02800000     0.00800000  2164.25838569
     0.00500000     0.02900000     0.00800000     0.00000000
     0.00500000     0.03000000     0.00900000     0.00000000
     0.00500000     0.03000000     0.01000000     0.00000000
     0.00500000     0.03100000     0.01000000     0.00000000
     0.00500000     0.03200000     0.01100000     0.00000000
     0.00500000     0.03200000     0.01200000     0.00000000
     0.00500000     0.03400000     0.01400000     0.00000000
     0.00500000     0.03400000     0.01500000     0.00000000
     0.00500000     0.03400000     0.01600000     0.00000000
     0.00500000     0.03500000     0.01600000     0.00000000
     0.00500000     0.03600000     0.01800000     0.00000000
     0.00500000     0.03600000     0.01900000     0.00000000
     0.00500000     0.03600000     0.02000000     0.00000000
     0.00500000     0.03700000     0.01900000     0.00000000
     0.00500000     0.03700000     0.02000000     0.00000000
     0.00500000     0.03800000     0.02100000     0.00000000
     0.00500000     0.03800000     0.02200000     0.00000000
     0.00500000     0.03900000     0.02200000     0.00000000
     0.00500000     0.04000000     0.02300000     0.00000000
     0.00500000     0.04000000     0.02400000     0.00000000
     0.00500000     0.04100000     0.02400000     0.00000000
     0.00500000     0.04200000     0.02500000     0.00000000
     0.00500000     0.04200000     0.02600000     0.00000000
     0.00500000     0.04300000     0.02600000     0.00000000
     0.00500000     0.04400000     0.02700000     0.00000000
     0.00500000     0.04400000     0.02800000     0.00000000
     0.00500000     0.04500000     0.02800000     0.00000000
     0.00500000     0.04600000     0.02900000     0.00000000
     0.00500000     0.04600000     0.03000000     0.00000000
     0.00500000     0.04700000     0.02900000     0.00000000
     0.00500000     0.04700000     0.03000000     0.00000000
     0.00500000     0.04800000     0.03000000     0.00000000
     0.00600000     0.00100000     0.00800000   772.97694477
     0.00600000     0.00200000     0.00700000   299.01833583
     0.00600000     0.00200000     0.00800000  2143.41733867
     0.00600000     0.00300000     0.00600000   654.25904465
     0.00600000     0.00400000     0.00600000   651.87785033
     0.00600000     0.00600000     0.00400000   642.61367214
     0.00600000     0.00700000     0.00400000   644.72645234
     0.00600000     0.00800000     0.00400000   641.72558223
     0.00600000     0.01300000     0.00200000   591.64309804
     0.00600000     0.01400000     0.00200000   594.53119961
     0.00600000     0.01500000     0.00200000   593.98379031
     0.00600000     0.01600000     0.00200000   590.67322852
     0.00600000     0.02200000     0.00400000   627.05090558
     0.00600000     0.02300000     0.00400000   624.59799010
     0.00600000     0.02600000     0.00600000   634.47381850
     0.00600000     0.02800000     0.00700000    51.08436135
     0.00600000     0.02800000     0.00800000  2186.44268669
     0.00600000     0.02900000     0.00800000     0.00000000
     0.00600000     0.03000000     0.00900000     0.00000000
     0.00600000     0.03000000     0.01000000     0.00000000
     0.00600000     0.03100000     0.01000000     0.00000000
     0.00600000     0.03200000     0.01100000     0.00000000
     0.00600000     0.03200000     0.01200000     0.00000000
     0.00600000     0.03400000     0.01400000     0.00000000
     0.00600000     0.03400000     0.01500000     0.00000000
     0.00600000     0.03400000     0.01600000     0.00000000
     0.00600000     0.03500000     0.01600000     0.00000000
     0.00600000     0.03600000     0.01800000     0.00000000
     0.00600000     0.03600000     0.01900000     0.00000000
     0.00600000     0.03600000     0.02000000     0.00000000
     0.00600000     0.03700000     0.01900000     0.00000000
     0.00600000     0.03700000     0.02000000     0.00000000
     0.00600000     0.03800000     0.02100000     0.00000000
     0.00600000     0.03800000     0.02200000     0.00000000
     0.00600000     0.03900000     0.02200000     0.00000000
     0.00600000     0.04000000     0.02300000     0.00000000
     0.00600000     0.04000000     0.02400000     0.00000000
     0.00600000     0.04100000     0.02400000     0.00000000
     0.00600000     0.04200000     0.02500000     0.00000000
     0.00600000     0.04200000     0.02600000     0.00000000
     0.00600000     0.04300000     0.02600000     0.00000000
     0.00600000     0.04400000     0.02700000     0.00000000
     0.00600000     0.04400000     0.02800000     0.00000000
     0.00600000     0.04500000     0.02800000     0.00000000
     0.00600000     0.04600000     0.02900000     0.00000000
     0.00600000     0.04600000     0.03000000     0.00000000
     0.00600000     0.04700000     0.02900000     0.00000000
     0.00600000     0.04700000     0.03000000     0.00000000
     0.00600000     0.04800000     0.03000000     0.00000000
     0.00700000     0.00100000     0.00800000   764.92753583
     0.00700000     0.00200000     0.00700000    94.42248091
     0.00700000     0.00200000     0.00800000  2137.65024123
     0.00700000     0.00300000     0.00600000   625.15400463
     0.00700000     0.00400000     0.00600000   632.03244116
     0.00700000     0.00600000     0.00400000   644.79350443
     0.00700000     0.00700000     0.00400000   642.12274706
     0.00700000     0.00800000     0.00400000   641.21285920
     0.00700000     0.01300000     0.00200000   589.02432211
     0.00700000     0.01400000     0.00200000   591.80321657
     0.00700000     0.01500000     0.00200000   591.34715771
     0.00700000     0.01600000     0.00200000   587.94318534
     0.00700000     0.02200000     0.00400000   626.10458204
     0.00700000     0.02300000     0.00400000   623.94105625
     0.00700000     0.02600000     0.00600000   612.31991581
     0.00700000     0.02800000     0.00700000    26.20377573
     0.00700000     0.02800000     0.00800000  2165.33994339
     0.00700000     0.02900000     0.00800000     0.00000000
     0.00700000     0.03000000     0.00900000     0.00000000
     0.00700000     0.03000000     0.01000000     0.00000000
     0.00700000     0.03100000     0.01000000     0.00000000
     0.00700000     0.03200000     0.01100000     0.00000000
     0.00700000     0.03200000     0.01200000     0.00000000
     0.00700000     0.03400000     0.01400000     0.00000000
     0.00700000     0.03400000     0.01500000     0.00000000
     0.00700000     0.03400000     0.01600000     0.00000000
     0.00700000     0.03500000     0.01600000     0.00000000
     0.00700000     0.03600000     0.01800000     0.00000000
     0.00700000     0.03600000     0.01900000     0.00000000
     0.00700000     0.03600000     0.02000000     0.00000000
     0.00700000     0.03700000     0.01900000     0.00000000
     0.00700000     0.03700000     0.02000000     0.00000000
     0.00700000     0.03800000     0.02100000     0.00000000
     0.00700000     0.03800000     0.02200000     0.00000000
     0.00700000     0.03900000     0.02200000     0.00000000
     0.00700000     0.04000000     0.02300000     0.00000000
     0.00700000     0.04000000     0.02400000     0.00000000
     0.00700000     0.04100000     0.02400000     0.00000000
     0.00700000     0.04200000     0.02500000     0.00000000
     0.00700000     0.04200000     0.02600000     0.00000000
     0.00700000     0.04300000     0.02600000     0.00000000
     0.00700000     0.04400000     0.02700000     0.00000000
     0.00700000     0.04400000     0.02800000     0.00000000
     0.00700000     0.04500000     0.02800000     0.00000000
     0.00700000     0.04600000     0.02900000     0.00000000
     0.00700000     0.04600000     0.03000000     0.00000000
     0.00700000     0.04700000     0.02900000     0.00000000
     0.00700000     0.04700000     0.03000000     0.00000000
     0.00700000     0.04800000     0.03000000     0.00000000
     0.00800000     0.00100000     0.00800000   759.47893005
     0.00800000     0.00200000     0.00700000  -212.71267579
     0.00800000     0.00200000     0.00800000  2139.19846556
     0.00800000     0.00400000     0.00600000   647.16073178
     0.00800000     0.00600000     0.00400000   635.46369688
     0.00800000     0.00700000     0.00400000   638.04529672
     0.00800000     0.00800000     0.00400000   637.44471810
     0.00800000     0.00900000     0.00300000   614.21183253
     0.00800000     0.00900000     0.00400000   628.12609175
     0.00800000     0.01000000     0.00300000   615.34500302
     0.00800000     0.01000000     0.00400000   623.60819594
     0.00800000     0.02000000     0.00300000   610.62324027
     0.00800000     0.02000000     0.00400000   617.06260446
     0.00800000     0.02100000     0.00300000   608.57653186
     0.00800000     0.02100000     0.00400000   616.78686609
     0.00800000     0.02200000     0.00400000   620.21193445
     0.00800000     0.02300000     0.00400000   616.99540319
     0.00800000     0.02400000     0.00500000   624.21705636
     0.00800000     0.02400000     0.00600000   632.55469467
     0.00800000     0.02500000     0.00500000   629.35240751
     0.00800000     0.02500000     0.00600000   626.28747443
     0.00800000     0.02600000     0.00600000   612.31991581
     0.00800000     0.02800000     0.00800000  2717.17760403
     0.00800000     0.02900000     0.00800000     0.00000000
     0.00800000     0.03000000     0.00900000     0.00000000
     0.00800000     0.03000000     0.01000000     0.00000000
     0.00800000     0.03100000     0.01000000     0.00000000
     0.00800000     0.03200000     0.01100000     0.00000000
     0.00800000     0.03200000     0.01200000     0.00000000
     0.00800000     0.03400000     0.01500000     0.00000000
     0.00800000     0.03400000     0.01600000     0.00000000
     0.00800000     0.03500000     0.01600000     0.00000000
     0.00800000     0.03600000     0.01800000     0.00000000
     0.00800000     0.03800000     0.02100000     0.00000000
     0.00800000     0.03800000     0.02200000     0.00000000
     0.00800000     0.04000000     0.02400000     0.00000000
     0.00800000     0.04200000     0.02500000     0.00000000
     0.00800000     0.04200000     0.02600000     0.00000000
     0.00800000     0.04300000     0.02600000     0.00000000
     0.00800000     0.04400000     0.02700000     0.00000000
     0.00800000     0.04400000     0.02800000     0.00000000
     0.00800000     0.04500000     0.02800000     0.00000000
     0.00900000     0.00200000     0.00800000  1831.29730933
     0.00900000     0.00400000     0.00600000   625.14308100
     0.00900000     0.00500000     0.00500000   641.97894686
     0.00900000     0.00500000     0.00600000   630.93708011
     0.00900000     0.00600000     0.00500000   637.62635271
     0.00900000     0.00600000     0.00600000   660.79925781
     0.00900000     0.00700000     0.00400000   628.49494299
     0.00900000     0.00800000     0.00400000   633.20697995
     0.00900000     0.00900000     0.00400000   629.49011385
     0.00900000     0.01000000     0.00300000   607.81426224
     0.00900000     0.01000000     0.00400000   620.91675514
     0.00900000     0.01100000     0.00300000   609.90933628
     0.00900000     0.01100000     0.00400000   617.56670259
     0.00900000     0.01200000     0.00300000   605.80209774
     0.00900000     0.01200000     0.00400000   612.63785156
     0.00900000     0.01800000     0.00300000   603.17717655
     0.00900000     0.01800000     0.00400000   609.93339429
     0.00900000     0.01900000     0.00300000   605.25655320
     0.00900000     0.01900000     0.00400000   612.09589270
     0.00900000     0.02000000     0.00300000   602.86341391
     0.00900000     0.02000000     0.00400000   616.44621668
     0.00900000     0.02100000     0.00400000   618.90844016
     0.00900000     0.02200000     0.00400000   619.71681571
     0.00900000     0.02300000     0.00400000   619.86714211
     0.00900000     0.02400000     0.00500000   612.80484243
     0.00900000     0.02400000     0.00600000   638.84004334
     0.00900000     0.02500000     0.00600000   597.85858514
     0.00900000     0.02600000     0.00600000    60.90566628
     0.00900000     0.02600000     0.00700000    60.90566628
     0.00900000     0.02600000     0.00800000  2173.82528710
     0.00900000     0.02700000     0.00700000    80.49502536
     0.00900000     0.02700000     0.00800000  2154.77206490
     0.00900000     0.02800000     0.00800000     0.00000000
     0.00900000     0.03000000     0.01000000     0.00000000
     0.00900000     0.03200000     0.01200000     0.00000000
     0.01000000     0.00200000     0.00800000   704.83762504
     0.01000000     0.00300000     0.00700000  -185.72363416
     0.01000000     0.00300000     0.00800000  2140.43566643
     0.01000000     0.00400000     0.00700000   405.38316687
     0.01000000     0.00400000     0.00800000  2176.98374649
     0.01000000     0.00500000     0.00600000   614.89698688
     0.01000000     0.00600000     0.00500000   627.06938600
     0.01000000     0.00600000     0.00600000   631.88272801
     0.01000000     0.00700000     0.00500000   646.23854924
     0.01000000     0.00700000     0.00600000   630.10976757
     0.01000000     0.00800000     0.00400000   621.79819039
     0.01000000     0.00800000     0.00500000   630.56492845
     0.01000000     0.00800000     0.00600000   632.69323748
     0.01000000     0.00900000     0.00400000   621.34298865
     0.01000000     0.01000000     0.00400000   618.39893474
     0.01000000     0.01100000     0.00400000   615.52289864
     0.01000000     0.01200000     0.00300000   599.13340155
     0.01000000     0.01200000     0.00400000   611.11106094
     0.01000000     0.01300000     0.00300000   600.91171910
     0.01000000     0.01300000     0.00400000   608.34780055
     0.01000000     0.01400000     0.00300000   600.37474955
     0.01000000     0.01400000     0.00400000   606.71670333
     0.01000000     0.01500000     0.00300000   599.34563455
     0.01000000     0.01500000     0.00400000   605.55626454
     0.01000000     0.01600000     0.00300000   599.26043699
     0.01000000     0.01600000     0.00400000   605.36157946
     0.01000000     0.01700000     0.00300000   599.33556004
     0.01000000     0.01700000     0.00400000   605.68469638
     0.01000000     0.01800000     0.00300000   596.31876729
     0.01000000     0.01800000     0.00400000   606.05472172
     0.01000000     0.01900000     0.00400000   606.65960799
     0.01000000     0.02000000     0.00400000   610.33108512
     0.01000000     0.02100000     0.00400000   608.55687088
     0.01000000     0.02200000     0.00400000   607.62769573
     0.01000000     0.02200000     0.00500000   617.39626907
     0.01000000     0.02200000     0.00600000   616.20064566
     0.01000000     0.02300000     0.00500000   630.21841802
     0.01000000     0.02300000     0.00600000   607.28757292
     0.01000000     0.02400000     0.00500000   616.14794388
     0.01000000     0.02400000     0.00600000   608.18030488
     0.01000000     0.02500000     0.00600000   323.36913050
     0.01000000     0.02600000     0.00700000  -216.99655223
     0.01000000     0.02600000     0.00800000  2129.96249987
     0.01000000     0.02700000     0.00800000  2635.17096051
     0.01000000     0.03000000     0.01000000     0.00000000
     0.01100000     0.00300000     0.00800000   652.56530349
     0.01100000     0.00400000     0.00800000  1824.13648155
     0.01100000     0.00600000     0.00600000   637.03707703
     0.01100000     0.00700000     0.00600000   633.17225089
     0.01100000     0.00800000     0.00500000   615.06540200
     0.01100000     0.00800000     0.00600000   628.05274170
     0.01100000     0.01000000     0.00400000   608.17891783
     0.01100000     0.01100000     0.00400000   611.91420988
     0.01100000     0.01200000     0.00400000   608.04462512
     0.01100000     0.01300000     0.00400000   606.03183848
     0.01100000     0.01400000     0.00400000   603.20752623
     0.01100000     0.01500000     0.00400000   602.32615975
     0.01100000     0.01600000     0.00400000   602.06259808
     0.01100000     0.01700000     0.00400000   602.21874632
     0.01100000     0.01800000     0.00400000   603.65140360
     0.01100000     0.01900000     0.00400000   599.52933359
     0.01100000     0.02200000     0.00500000   603.54159281
     0.01100000     0.02200000     0.00600000   629.98098879
     0.01100000     0.02300000     0.00600000   608.39717232
     0.01100000     0.02400000     0.00600000   608.18030488
     0.01100000     0.02600000     0.00800000  2741.32090969
     0.01200000     0.00800000     0.00600000   614.13733493
     0.00000000     0.00200000     0.01100000     0.00000000
     0.00000000     0.00300000     0.01000000     0.00000000
     0.00000000     0.00300000     0.01100000     0.00000000
     0.00000000     0.00400000     0.00900000     0.00000000
     0.00000000     0.00400000     0.01000000     0.00000000
     0.00000000     0.00500000     0.00800000   655.18530826
     0.00000000     0.00500000     0.00900000     0.00000000
     0.00000000     0.00600000     0.00800000  1773.60496020
     0.00000000     0.00700000     0.00700000   720.65080069
     0.00000000     0.00700000     0.00800000  2165.74360342
     0.00000000     0.00800000     0.00600000   616.69699010
     0.00000000     0.00800000     0.00700000   609.42886159
     0.00000000     0.00900000     0.00600000   632.98809316
     0.00000000     0.01000000     0.00600000   624.73084840
     0.00000000     0.01100000     0.00500000   611.65186291
     0.00000000     0.01100000     0.00600000   619.14897196
     0.00000000     0.01200000     0.00500000   614.94802242
     0.00000000     0.01300000     0.00500000   613.41867517
     0.00000000     0.01400000     0.00500000   612.67322656
     0.00000000     0.01500000     0.00500000   611.57658508
     0.00000000     0.01600000     0.00500000   611.75550659
     0.00000000     0.01700000     0.00500000   612.77808573
     0.00000000     0.01800000     0.00500000   610.20110471
     0.00000000     0.01800000     0.00600000   618.70055095
     0.00000000     0.01900000     0.00500000   610.74891254
     0.00000000     0.01900000     0.00600000   615.59217568
     0.00000000     0.02000000     0.00600000   626.07457692
     0.00000000     0.02100000     0.00600000   604.92469029
     0.00000000     0.02100000     0.00700000   613.62817076
     0.00000000     0.02200000     0.00700000   481.59281590
     0.00000000     0.02200000     0.00800000  2158.91969358
     0.00000000     0.02300000     0.00700000   182.81975880
     0.00000000     0.02300000     0.00800000  2160.25776476
     0.00000000     0.02400000     0.00800000  2668.27484120
     0.00000000     0.02500000     0.00800000     0.00000000
     0.00000000     0.02500000     0.00900000     0.00000000
     0.00000000     0.02500000     0.01000000     0.00000000
     0.00000000     0.02600000     0.00900000     0.00000000
     0.00000000     0.02600000     0.01000000     0.00000000
     0.00000000     0.02700000     0.01000000     0.00000000
     0.00000000     0.02700000     0.01100000     0.00000000
     0.00000000     0.02700000     0.01200000     0.00000000
     0.00000000     0.02800000     0.01100000     0.00000000
     0.00000000     0.02800000     0.01200000     0.00000000
     0.00000000     0.02900000     0.01200000     0.00000000
     0.00100000     0.00100000     0.01000000     0.00000000
     0.00100000     0.00200000     0.00900000     0.00000000
     0.00100000     0.00200000     0.01000000     0.00000000
     0.00100000     0.00200000     0.01100000     0.00000000
     0.00100000     0.00300000     0.00800000   661.88905209
     0.00100000     0.00300000     0.00900000     0.00000000
     0.00100000     0.00300000     0.01000000     0.00000000
     0.00100000     0.00300000     0.01100000     0.00000000
     0.00100000     0.00400000     0.00800000  1807.36120348
     0.00100000     0.00400000     0.00900000     0.00000000
     0.00100000     0.00400000     0.01000000     0.00000000
     0.00100000     0.00500000     0.00700000   731.75996031
     0.00100000     0.00500000     0.00800000  2173.53881901
     0.00100000     0.00500000     0.00900000     0.00000000
     0.00100000     0.00600000     0.00600000   623.15498909
     0.00100000     0.00600000     0.00700000   609.63558925
     0.00100000     0.00600000     0.00800000  2154.38440864
     0.00100000     0.00700000     0.00600000   645.28347184
     0.00100000     0.00700000     0.00700000   616.21340012
     0.00100000     0.00700000     0.00800000  2158.09361815
     0.00100000     0.00800000     0.00500000   620.27123723
     0.00100000     0.00800000     0.00600000   630.24235035
     0.00100000     0.00800000     0.00700000   628.66583418
     0.00100000     0.00900000     0.00500000   630.65762793
     0.00100000     0.00900000     0.00600000   633.23105854
     0.00100000     0.01000000     0.00400000   613.40123933
     0.00100000     0.01000000     0.00500000   622.96989314
     0.00100000     0.01000000     0.00600000   624.88849917
     0.00100000     0.01100000     0.00400000   617.28760977
     0.00100000     0.01100000     0.00500000   622.57673017
     0.00100000     0.01100000     0.00600000   627.24632099
     0.00100000     0.01200000     0.00400000   614.18166589
     0.00100000     0.01200000     0.00500000   619.56448765
     0.00100000     0.01300000     0.00400000   612.61880426
     0.00100000     0.01300000     0.00500000   618.69307189
     0.00100000     0.01400000     0.00400000   610.56830221
     0.00100000     0.01400000     0.00500000   616.45925786
     0.00100000     0.01500000     0.00400000   610.06447145
     0.00100000     0.01500000     0.00500000   615.96416071
     0.00100000     0.01600000     0.00400000   610.42357938
     0.00100000     0.01600000     0.00500000   616.34648925
     0.00100000     0.01700000     0.00400000   610.24376362
     0.00100000     0.01700000     0.00500000   617.29552853
     0.00100000     0.01800000     0.00400000   612.65750028
     0.00100000     0.01800000     0.00500000   617.97328294
     0.00100000     0.01800000     0.00600000   623.85101174
     0.00100000     0.01900000     0.00400000   607.13115276
     0.00100000     0.01900000     0.00500000   619.58378668
     0.00100000     0.01900000     0.00600000   612.76257761
     0.00100000     0.02000000     0.00500000   616.65198996
     0.00100000     0.02000000     0.00600000   635.73783701
     0.00100000     0.02100000     0.00500000   625.94519786
     0.00100000     0.02100000     0.00600000   612.75912271
     0.00100000     0.02100000     0.00700000   630.66614383
     0.00100000     0.02200000     0.00500000   618.55416355
     0.00100000     0.02200000     0.00600000   622.07776625
     0.00100000     0.02200000     0.00700000   616.55219822
     0.00100000     0.02200000     0.00800000  2149.77140551
     0.00100000     0.02300000     0.00600000   621.76787230
     0.00100000     0.02300000     0.00700000   602.36577559
     0.00100000     0.02300000     0.00800000  2159.49533321
     0.00100000     0.02400000     0.00600000   616.85911444
     0.00100000     0.02400000     0.00700000   399.57010712
     0.00100000     0.02400000     0.00800000  2145.82948778
     0.00100000     0.02500000     0.00700000  -248.49210651
     0.00100000     0.02500000     0.00800000  2144.08074531
     0.00100000     0.02500000     0.00900000     0.00000000
     0.00100000     0.02500000     0.01000000     0.00000000
     0.00100000     0.02600000     0.00800000  2691.93216076
     0.00100000     0.02600000     0.00900000     0.00000000
     0.00100000     0.02600000     0.01000000     0.00000000
     0.00100000     0.02700000     0.00900000     0.00000000
     0.00100000     0.02700000     0.01000000     0.00000000
     0.00100000     0.02700000     0.01100000     0.00000000
     0.00100000     0.02700000     0.01200000     0.00000000
     0.00100000     0.02800000     0.00900000     0.00000000
     0.00100000     0.02800000     0.01000000     0.00000000
     0.00100000     0.02800000     0.01100000     0.00000000
     0.00100000     0.02800000     0.01200000     0.00000000
     0.00100000     0.02900000     0.01000000     0.00000000
     0.00100000     0.02900000     0.01100000     0.00000000
     0.00100000     0.02900000     0.01200000     0.00000000
     0.00100000     0.03000000     0.01100000     0.00000000
     0.00100000     0.03000000     0.01200000     0.00000000
     0.00100000     0.03100000     0.01200000     0.00000000
     0.00200000     0.00000000     0.01000000     0.00000000
     0.00200000     0.00100000     0.00900000     0.00000000
     0.00200000     0.00100000     0.01000000     0.00000000
     0.00200000     0.00200000     0.00800000   684.15765399
     0.00200000     0.00200000     0.00900000     0.00000000
     0.00200000     0.00200000     0.01000000     0.00000000
     0.00200000     0.00300000     0.00700000  -198.16543211
     0.00200000     0.00300000     0.00800000  2136.53013993
     0.00200000     0.00300000     0.00900000     0.00000000
     0.00200000     0.00400000     0.00700000   426.23035755
     0.00200000     0.00400000     0.00800000  2170.76768535
     0.00200000     0.00500000     0.00600000   620.28287482
     0.00200000     0.00500000     0.00700000   624.35219503
     0.00200000     0.00500000     0.00800000  2137.95565942
     0.00200000     0.00600000     0.00500000   637.77851502
     0.00200000     0.00600000     0.00600000   635.33399198
     0.00200000     0.00600000     0.00700000   645.94662696
     0.00200000     0.00700000     0.00500000   640.06665644
     0.00200000     0.00800000     0.00400000   625.48178512
     0.00200000     0.00800000     0.00500000   635.18948535
     0.00200000     0.00900000     0.00400000   625.06602198
     0.00200000     0.00900000     0.00500000   632.64972092
     0.00200000     0.01000000     0.00400000   623.08534135
     0.00200000     0.01000000     0.00500000   630.27967288
     0.00200000     0.01100000     0.00400000   620.62279522
     0.00200000     0.01200000     0.00300000   604.34153580
     0.00200000     0.01200000     0.00400000   616.80692192
     0.00200000     0.01300000     0.00300000   606.38942862
     0.00200000     0.01400000     0.00300000   606.25485405
     0.00200000     0.01500000     0.00300000   605.80758353
     0.00200000     0.01600000     0.00300000   605.84171094
     0.00200000     0.01700000     0.00300000   606.48464576
     0.00200000     0.01700000     0.00400000   613.59759587
     0.00200000     0.01800000     0.00300000   602.97632326
     0.00200000     0.01800000     0.00400000   614.53561296
     0.00200000     0.01900000     0.00400000   614.63535779
     0.00200000     0.01900000     0.00500000   625.63813836
     0.00200000     0.02000000     0.00400000   617.94705297
     0.00200000     0.02000000     0.00500000   621.32871752
     0.00200000     0.02100000     0.00400000   617.59283208
     0.00200000     0.02100000     0.00500000   629.61820470
     0.00200000     0.02100000     0.00600000   626.51841001
     0.00200000     0.02200000     0.00400000   616.54856857
     0.00200000     0.02200000     0.00500000   626.51591394
     0.00200000     0.02200000     0.00600000   626.59335755
     0.00200000     0.02300000     0.00500000   619.89608393
     0.00200000     0.02300000     0.00600000   630.90867394
     0.00200000     0.02400000     0.00500000   627.35713068
     0.00200000     0.02400000     0.00600000   616.85911444
     0.00200000     0.02400000     0.00700000   607.76003735
     0.00200000     0.02400000     0.00800000  2153.31065845
     0.00200000     0.02500000     0.00600000   606.44469029
     0.00200000     0.02500000     0.00700000   272.99793631
     0.00200000     0.02500000     0.00800000  2173.83538250
     0.00200000     0.02600000     0.00700000  -214.33081158
     0.00200000     0.02600000     0.00800000  2150.93331718
     0.00200000     0.02600000     0.00900000     0.00000000
     0.00200000     0.02700000     0.00800000  2699.04313760
     0.00200000     0.02700000     0.00900000     0.00000000
     0.00200000     0.02700000     0.01000000     0.00000000
     0.00200000     0.02800000     0.00900000     0.00000000
     0.00200000     0.02800000     0.01000000     0.00000000
     0.00200000     0.02900000     0.00900000     0.00000000
     0.00200000     0.02900000     0.01000000     0.00000000
     0.00200000     0.02900000     0.01100000     0.00000000
     0.00200000     0.02900000     0.01200000     0.00000000
     0.00200000     0.03000000     0.01000000     0.00000000
     0.00200000     0.03000000     0.01100000     0.00000000
     0.00200000     0.03000000     0.01200000     0.00000000
     0.00200000     0.03100000     0.01100000     0.00000000
     0.00200000     0.03100000     0.01200000     0.00000000
     0.00200000     0.03100000     0.01300000     0.00000000
     0.00200000     0.03100000     0.01400000     0.00000000
     0.00200000     0.03200000     0.01300000     0.00000000
     0.00200000     0.03200000     0.01400000     0.00000000
     0.00200000     0.03200000     0.01500000     0.00000000
     0.00200000     0.03300000     0.01500000     0.00000000
     0.00300000     0.00000000     0.00900000     0.00000000
     0.00300000     0.00000000     0.01000000     0.00000000
     0.00300000     0.00100000     0.00900000     0.00000000
     0.00300000     0.00100000     0.01000000     0.00000000
     0.00300000     0.00200000     0.00800000  1822.11691404
     0.00300000     0.00200000     0.00900000     0.00000000
     0.00300000     0.00300000     0.00700000    68.49997652
     0.00300000     0.00300000     0.00800000  2144.79926879
     0.00300000     0.00400000     0.00600000   622.68972859
     0.00300000     0.00400000     0.00700000   616.58916163
     0.00300000     0.00500000     0.00500000   638.72778048
     0.00300000     0.00500000     0.00600000   642.60226755
     0.00300000     0.00500000     0.00700000   640.29795819
     0.00300000     0.00600000     0.00500000   641.30346881
     0.00300000     0.00600000     0.00600000   651.82954994
     0.00300000     0.00700000     0.00400000   632.37325166
     0.00300000     0.00700000     0.00500000   641.25187497
     0.00300000     0.00800000     0.00400000   634.57211715
     0.00300000     0.00800000     0.00500000   637.35573878
     0.00300000     0.01000000     0.00300000   610.83076393
     0.00300000     0.01000000     0.00400000   624.43052185
     0.00300000     0.01100000     0.00300000   613.16344021
     0.00300000     0.01100000     0.00400000   621.54723488
     0.00300000     0.01200000     0.00300000   610.06209674
     0.00300000     0.01200000     0.00400000   617.23626378
     0.00300000     0.01300000     0.00300000   610.19782867
     0.00300000     0.01400000     0.00300000   609.03649378
     0.00300000     0.01500000     0.00300000   608.57506558
     0.00300000     0.01600000     0.00300000   609.05623297
     0.00300000     0.01700000     0.00300000   609.72703287
     0.00300000     0.01700000     0.00400000   614.25349679
     0.00300000     0.01800000     0.00300000   609.37359526
     0.00300000     0.01800000     0.00400000   616.80315203
     0.00300000     0.01900000     0.00300000   610.76893889
     0.00300000     0.01900000     0.00400000   618.06088398
     0.00300000     0.02000000     0.00300000   608.40403838
     0.00300000     0.02000000     0.00400000   623.75050096
     0.00300000     0.02200000     0.00400000   622.24167699
     0.00300000     0.02200000     0.00500000   628.50302444
     0.00300000     0.02300000     0.00400000   625.57304127
     0.00300000     0.02300000     0.00500000   625.57304127
     0.00300000     0.02300000     0.00600000   638.73442556
     0.00300000     0.02400000     0.00500000   634.46323998
     0.00300000     0.02400000     0.00600000   624.84196528
     0.00300000     0.02500000     0.00600000   606.44469029
     0.00300000     0.02500000     0.00700000   608.59533865
     0.00300000     0.02500000     0.00800000  2150.11283472
     0.00300000     0.02600000     0.00600000    74.80387666
     0.00300000     0.02600000     0.00700000    74.80387666
     0.00300000     0.02600000     0.00800000  2153.26613843
     0.00300000     0.02700000     0.00700000    79.91766667
     0.00300000     0.02700000     0.00800000  2153.91379448
     0.00300000     0.02700000     0.00900000     0.00000000
     0.00300000     0.02800000     0.00800000     0.00000000
     0.00300000     0.02800000     0.00900000     0.00000000
     0.00300000     0.02800000     0.01000000     0.00000000
     0.00300000     0.02900000     0.00900000     0.00000000
     0.00300000     0.02900000     0.01000000     0.00000000
     0.00300000     0.03000000     0.01000000     0.00000000
     0.00300000     0.03000000     0.01100000     0.00000000
     0.00300000     0.03000000     0.01200000     0.00000000
     0.00300000     0.03100000     0.01100000     0.00000000
     0.00300000     0.03100000     0.01200000     0.00000000
     0.00300000     0.03100000     0.01300000     0.00000000
     0.00300000     0.03100000     0.01400000     0.00000000
     0.00300000     0.03200000     0.01200000     0.00000000
     0.00300000     0.03200000     0.01300000     0.00000000
     0.00300000     0.03200000     0.01400000     0.00000000
     0.00300000     0.03200000     0.01500000     0.00000000
     0.00300000     0.03300000     0.01300000     0.00000000
     0.00300000     0.03300000     0.01400000     0.00000000
     0.00300000     0.03300000     0.01500000     0.00000000
     0.00300000     0.03300000     0.01600000     0.00000000
     0.00300000     0.03400000     0.01500000     0.00000000
     0.00300000     0.03400000     0.01600000     0.00000000
     0.00300000     0.03400000     0.01700000     0.00000000
     0.00300000     0.03500000     0.01700000     0.00000000
     0.00400000     0.00000000     0.00900000     0.00000000
     0.00400000     0.00100000     0.00800000   762.80856957
     0.00400000     0.00100000     0.00900000     0.00000000
     0.00400000     0.00200000     0.00700000  -210.06825082
     0.00400000     0.00200000     0.00800000  2138.53999189
     0.00400000     0.00200000     0.00900000     0.00000000
     0.00400000     0.00300000     0.00700000   373.46051624
     0.00400000     0.00300000     0.00800000  2169.35553717
     0.00400000     0.00400000     0.00600000   647.36097258
     0.00400000     0.00400000     0.00700000   628.93339356
     0.00400000     0.00500000     0.00500000   646.40231267
     0.00400000     0.00500000     0.00600000   652.95648694
     0.00400000     0.00600000     0.00400000   636.74163734
     0.00400000     0.00600000     0.00500000   646.11095104
     0.00400000     0.00700000     0.00400000   639.42097320
     0.00400000     0.00700000     0.00500000   648.08702835
     0.00400000     0.00800000     0.00400000   639.32435773
     0.00400000     0.00900000     0.00300000   615.69142079
     0.00400000     0.00900000     0.00400000   630.30144631
     0.00400000     0.01000000     0.00300000   617.59631168
     0.00400000     0.01100000     0.00300000   616.45791554
     0.00400000     0.01200000     0.00300000   613.43055662
     0.00400000     0.01300000     0.00300000   610.21341573
     0.00400000     0.01400000     0.00300000   608.08816831
     0.00400000     0.01500000     0.00300000   607.40813215
     0.00400000     0.01600000     0.00300000   608.25863604
     0.00400000     0.01700000     0.00300000   610.34440453
     0.00400000     0.01800000     0.00300000   612.64089124
     0.00400000     0.01900000     0.00300000   615.33311262
     0.00400000     0.01900000     0.00400000   619.19824866
     0.00400000     0.02000000     0.00300000   614.31967517
     0.00400000     0.02000000     0.00400000   621.67210533
     0.00400000     0.02100000     0.00300000   611.61548318
     0.00400000     0.02100000     0.00400000   622.78085207
     0.00400000     0.02200000     0.00400000   624.91210888
     0.00400000     0.02300000     0.00400000   621.40431705
     0.00400000     0.02300000     0.00500000   628.35288963
     0.00400000     0.02300000     0.00600000   637.96425226
     0.00400000     0.02400000     0.00500000   628.97882237
     0.00400000     0.02400000     0.00600000   637.81525429
     0.00400000     0.02500000     0.00500000   625.86883437
     0.00400000     0.02500000     0.00600000   634.26047570
     0.00400000     0.02600000     0.00600000   611.51212950
     0.00400000     0.02600000     0.00700000   285.45682388
     0.00400000     0.02600000     0.00800000  2170.97814718
     0.00400000     0.02700000     0.00700000   -77.94091933
     0.00400000     0.02700000     0.00800000  2156.23032764
     0.00400000     0.02800000     0.00800000  2715.62075623
     0.00400000     0.02800000     0.00900000     0.00000000
     0.00400000     0.02800000     0.01000000     0.00000000
     0.00400000     0.02900000     0.00800000     0.00000000
     0.00400000     0.02900000     0.00900000     0.00000000
     0.00400000     0.02900000     0.01000000     0.00000000
     0.00400000     0.03000000     0.00900000     0.00000000
     0.00400000     0.03000000     0.01000000     0.00000000
     0.00400000     0.03000000     0.01100000     0.00000000
     0.00400000     0.03000000     0.01200000     0.00000000
     0.00400000     0.03100000     0.01000000     0.00000000
     0.00400000     0.03100000     0.01100000     0.00000000
     0.00400000     0.03100000     0.01200000     0.00000000
     0.00400000     0.03200000     0.01100000     0.00000000
     0.00400000     0.03200000     0.01200000     0.00000000
     0.00400000     0.03200000     0.01300000     0.00000000
     0.00400000     0.03200000     0.01400000     0.00000000
     0.00400000     0.03300000     0.01300000     0.00000000
     0.00400000     0.03300000     0.01400000     0.00000000
     0.00400000     0.03300000     0.01500000     0.00000000
     0.00400000     0.03300000     0.01600000     0.00000000
     0.00400000     0.03400000     0.01500000     0.00000000
     0.00400000     0.03400000     0.01600000     0.00000000
     0.00400000     0.03400000     0.01700000     0.00000000
     0.00400000     0.03500000     0.01600000     0.00000000
     0.00400000     0.03500000     0.01700000     0.00000000
     0.00400000     0.03500000     0.01800000     0.00000000
     0.00400000     0.03600000     0.01800000     0.00000000
     0.00400000     0.03600000     0.01900000     0.00000000
     0.00400000     0.03600000     0.02000000     0.00000000
     0.00400000     0.03700000     0.02000000     0.00000000
     0.00400000     0.03700000     0.02100000     0.00000000
     0.00400000     0.03700000     0.02200000     0.00000000
     0.00400000     0.03800000     0.02100000     0.00000000
     0.00400000     0.03800000     0.02200000     0.00000000
     0.00400000     0.03800000     0.02300000     0.00000000
     0.00400000     0.03800000     0.02400000     0.00000000
     0.00400000     0.03900000     0.02300000     0.00000000
     0.00400000     0.03900000     0.02400000     0.00000000
     0.00400000     0.04000000     0.02400000     0.00000000
     0.00400000     0.04000000     0.02500000     0.00000000
     0.00400000     0.04100000     0.02500000     0.00000000
     0.00400000     0.04100000     0.02600000     0.00000000
     0.00400000     0.04200000     0.02500000     0.00000000
     0.00400000     0.04200000     0.02600000     0.00000000
     0.00400000     0.04300000     0.02600000     0.00000000
     0.00400000     0.04300000     0.02700000     0.00000000
     0.00400000     0.04300000     0.02800000     0.00000000
     0.00400000     0.04400000     0.02700000     0.00000000
     0.00400000     0.04400000     0.02800000     0.00000000
     0.00400000     0.04500000     0.02800000     0.00000000
     0.00400000     0.04500000     0.02900000     0.00000000
     0.00400000     0.04500000     0.03000000     0.00000000
     0.00400000     0.04600000     0.02900000     0.00000000
     0.00400000     0.04600000     0.03000000     0.00000000
     0.00400000     0.04700000     0.03000000     0.00000000
     0.00400000     0.04700000     0.03100000     0.00000000
     0.00400000     0.04800000     0.03100000     0.00000000
     0.00500000     0.00000000     0.00900000     0.00000000
     0.00500000     0.00100000     0.00800000   766.48440353
     0.00500000     0.00100000     0.00900000     0.00000000
     0.00500000     0.00200000     0.00700000    94.78874104
     0.00500000     0.00300000     0.00600000   625.99715443
     0.00500000     0.00300000     0.00700000   617.90533449
     0.00500000     0.00400000     0.00600000   631.37503132
     0.00500000     0.00400000     0.00700000   650.43464304
     0.00500000     0.00500000     0.00500000   647.45166705
     0.00500000     0.00500000     0.00600000   651.30727233
     0.00500000     0.00600000     0.00400000   643.87334080
     0.00500000     0.00600000     0.00500000   649.72171065
     0.00500000     0.00800000     0.00400000   641.76783313
     0.00500000     0.00900000     0.00300000   619.50894121
     0.00500000     0.00900000     0.00400000   631.62231133
     0.00500000     0.01000000     0.00300000   620.34495644
     0.00500000     0.01100000     0.00300000   617.75427921
     0.00500000     0.01200000     0.00300000   612.49954390
     0.00500000     0.01300000     0.00200000   589.43359308
     0.00500000     0.01300000     0.00300000   605.47816176
     0.00500000     0.01400000     0.00200000   592.21375300
     0.00500000     0.01400000     0.00300000   602.80924407
     0.00500000     0.01500000     0.00200000   591.77532970
     0.00500000     0.01500000     0.00300000   602.15409351
     0.00500000     0.01600000     0.00200000   588.40150338
     0.00500000     0.01600000     0.00300000   603.35119712
     0.00500000     0.01700000     0.00300000   608.69326666
     0.00500000     0.01800000     0.00300000   612.06256334
     0.00500000     0.01900000     0.00300000   615.45114936
     0.00500000     0.02000000     0.00300000   616.35565489
     0.00500000     0.02000000     0.00400000   622.83677675
     0.00500000     0.02100000     0.00300000   614.32990522
     0.00500000     0.02100000     0.00400000   625.39041116
     0.00500000     0.02200000     0.00400000   626.98372571
     0.00500000     0.02300000     0.00400000   626.68866303
     0.00500000     0.02300000     0.00500000   632.67799621
     0.00500000     0.02400000     0.00500000   634.28577605
     0.00500000     0.02400000     0.00600000   637.56499005
     0.00500000     0.02500000     0.00500000   631.64133170
     0.00500000     0.02500000     0.00600000   623.50912526
     0.00500000     0.02600000     0.00600000   611.51212950
     0.00500000     0.02600000     0.00700000   606.93396847
     0.00500000     0.02600000     0.00800000  2153.64570279
     0.00500000     0.02700000     0.00700000    60.60431799
     0.00500000     0.02700000     0.00800000  2140.20278174
     0.00500000     0.02800000     0.00700000    27.15996879
     0.00500000     0.02800000     0.00800000  2164.25838569
     0.00500000     0.02900000     0.00800000     0.00000000
     0.00500000     0.02900000     0.00900000     0.00000000
     0.00500000     0.02900000     0.01000000     0.00000000
     0.00500000     0.03000000     0.00900000     0.00000000
     0.00500000     0.03000000     0.01000000     0.00000000
     0.00500000     0.03100000     0.01000000     0.00000000
     0.00500000     0.03100000     0.01100000     0.00000000
     0.00500000     0.03100000     0.01200000     0.00000000
     0.00500000     0.03200000     0.01100000     0.00000000
     0.00500000     0.03200000     0.01200000     0.00000000
     0.00500000     0.03200000     0.01300000     0.00000000
     0.00500000     0.03200000     0.01400000     0.00000000
     0.00500000     0.03300000     0.01300000     0.00000000
     0.00500000     0.03300000     0.01400000     0.00000000
     0.00500000     0.03300000     0.01500000     0.00000000
     0.00500000     0.03300000     0.01600000     0.00000000
     0.00500000     0.03400000     0.01400000     0.00000000
     0.00500000     0.03400000     0.01500000     0.00000000
     0.00500000     0.03400000     0.01600000     0.00000000
     0.00500000     0.03500000     0.01600000     0.00000000
     0.00500000     0.03500000     0.01700000     0.00000000
     0.00500000     0.03500000     0.01800000     0.00000000
     0.00500000     0.03600000     0.01800000     0.00000000
     0.00500000     0.03600000     0.01900000     0.00000000
     0.00500000     0.03600000     0.02000000     0.00000000
     0.00500000     0.03700000     0.01900000     0.00000000
     0.00500000     0.03700000     0.02000000     0.00000000
     0.00500000     0.03700000     0.02100000     0.00000000
     0.00500000     0.03700000     0.02200000     0.00000000
     0.00500000     0.03800000     0.02100000     0.00000000
     0.00500000     0.03800000     0.02200000     0.00000000
     0.00500000     0.03800000     0.02300000     0.00000000
     0.00500000     0.03800000     0.02400000     0.00000000
     0.00500000     0.03900000     0.02200000     0.00000000
     0.00500000     0.03900000     0.02300000     0.00000000
     0.00500000     0.03900000     0.02400000     0.00000000
     0.00500000     0.04000000     0.02300000     0.00000000
     0.00500000     0.04000000     0.02400000     0.00000000
     0.00500000     0.04000000     0.02500000     0.00000000
     0.00500000     0.04100000     0.02400000     0.00000000
     0.00500000     0.04100000     0.02500000     0.00000000
     0.00500000     0.04100000     0.02600000     0.00000000
     0.00500000     0.04200000     0.02500000     0.00000000
     0.00500000     0.04200000     0.02600000     0.00000000
     0.00500000     0.04300000     0.02600000     0.00000000
     0.00500000     0.04300000     0.02700000     0.00000000
     0.00500000     0.04300000     0.02800000     0.00000000
     0.00500000     0.04400000     0.02700000     0.00000000
     0.00500000     0.04400000     0.02800000     0.00000000
     0.00500000     0.04500000     0.02800000     0.00000000
     0.00500000     0.04500000     0.02900000     0.00000000
     0.00500000     0.04500000     0.03000000     0.00000000
     0.00500000     0.04600000     0.02900000     0.00000000
     0.00500000     0.04600000     0.03000000     0.00000000
     0.00500000     0.04700000     0.02900000     0.00000000
     0.00500000     0.04700000     0.03000000     0.00000000
     0.00500000     0.04700000     0.03100000     0.00000000
     0.00500000     0.04800000     0.03000000     0.00000000
     0.00500000     0.04800000     0.03100000     0.00000000
     0.00600000     0.00000000     0.00900000     0.00000000
     0.00600000     0.00100000     0.00800000   772.97694477
     0.00600000     0.00100000     0.00900000     0.00000000
     0.00600000     0.00200000     0.00700000   299.01833583
     0.00600000     0.00300000     0.00600000   654.25904465
     0.00600000     0.00300000     0.00700000   610.99857003
     0.00600000     0.00400000     0.00600000   651.87785033
     0.00600000     0.00500000     0.00500000   648.17372117
     0.00600000     0.00500000     0.00600000   651.86656151
     0.00600000     0.00600000     0.00400000   642.61367214
     0.00600000     0.00600000     0.00500000   648.60934789
     0.00600000     0.00800000     0.00400000   641.72558223
     0.00600000     0.00900000     0.00300000   619.38091757
     0.00600000     0.00900000     0.00400000   630.59292912
     0.00600000     0.01000000     0.00300000   620.97184927
     0.00600000     0.01100000     0.00300000   616.87844919
     0.00600000     0.01200000     0.00300000   611.53826142
     0.00600000     0.01300000     0.00200000   591.64309804
     0.00600000     0.01300000     0.00300000   603.36568746
     0.00600000     0.01600000     0.00200000   590.67322852
     0.00600000     0.01600000     0.00300000   601.38444601
     0.00600000     0.01700000     0.00300000   607.10293140
     0.00600000     0.01800000     0.00300000   611.14628842
     0.00600000     0.01900000     0.00300000   614.93662341
     0.00600000     0.02000000     0.00300000   617.15781888
     0.00600000     0.02000000     0.00400000   621.29496870
     0.00600000     0.02100000     0.00300000   614.43887940
     0.00600000     0.02100000     0.00400000   622.55402252
     0.00600000     0.02200000     0.00400000   627.05090558
     0.00600000     0.02300000     0.00400000   624.59799010
     0.00600000     0.02300000     0.00500000   632.84739194
     0.00600000     0.02400000     0.00500000   630.78191293
     0.00600000     0.02400000     0.00600000   636.86889991
     0.00600000     0.02500000     0.00500000   633.87842610
     0.00600000     0.02500000     0.00600000   635.85498685
     0.00600000     0.02600000     0.00600000   634.47381850
     0.00600000     0.02600000     0.00700000   601.09051832
     0.00600000     0.02700000     0.00700000   171.62949024
     0.00600000     0.02700000     0.00800000  2156.32163848
     0.00600000     0.02800000     0.00700000    51.08436135
     0.00600000     0.02800000     0.00800000  2186.44268669
     0.00600000     0.02900000     0.00800000     0.00000000
     0.00600000     0.02900000     0.00900000     0.00000000
     0.00600000     0.02900000     0.01000000     0.00000000
     0.00600000     0.03000000     0.00900000     0.00000000
     0.00600000     0.03000000     0.01000000     0.00000000
     0.00600000     0.03100000     0.01000000     0.00000000
     0.00600000     0.03100000     0.01100000     0.00000000
     0.00600000     0.03100000     0.01200000     0.00000000
     0.00600000     0.03200000     0.01100000     0.00000000
     0.00600000     0.03200000     0.01200000     0.00000000
     0.00600000     0.03200000     0.01300000     0.00000000
     0.00600000     0.03200000     0.01400000     0.00000000
     0.00600000     0.03300000     0.01300000     0.00000000
     0.00600000     0.03300000     0.01400000     0.00000000
     0.00600000     0.03400000     0.01400000     0.00000000
     0.00600000     0.03500000     0.01600000     0.00000000
     0.00600000     0.03500000     0.01700000     0.00000000
     0.00600000     0.03500000     0.01800000     0.00000000
     0.00600000     0.03600000     0.01800000     0.00000000
     0.00600000     0.03700000     0.02000000     0.00000000
     0.00600000     0.03700000     0.02100000     0.00000000
     0.00600000     0.03700000     0.02200000     0.00000000
     0.00600000     0.03800000     0.02100000     0.00000000
     0.00600000     0.03800000     0.02200000     0.00000000
     0.00600000     0.03900000     0.02200000     0.00000000
     0.00600000     0.03900000     0.02300000     0.00000000
     0.00600000     0.03900000     0.02400000     0.00000000
     0.00600000     0.04000000     0.02300000     0.00000000
     0.00600000     0.04000000     0.02400000     0.00000000
     0.00600000     0.04100000     0.02400000     0.00000000
     0.00600000     0.04100000     0.02500000     0.00000000
     0.00600000     0.04100000     0.02600000     0.00000000
     0.00600000     0.04200000     0.02500000     0.00000000
     0.00600000     0.04200000     0.02600000     0.00000000
     0.00600000     0.04300000     0.02600000     0.00000000
     0.00600000     0.04300000     0.02700000     0.00000000
     0.00600000     0.04300000     0.02800000     0.00000000
     0.00600000     0.04400000     0.02700000     0.00000000
     0.00600000     0.04400000     0.02800000     0.00000000
     0.00600000     0.04500000     0.02800000     0.00000000
     0.00600000     0.04500000     0.02900000     0.00000000
     0.00600000     0.04600000     0.02900000     0.00000000
     0.00700000     0.00000000     0.00900000     0.00000000
     0.00700000     0.00100000     0.00800000   764.92753583
     0.00700000     0.00100000     0.00900000     0.00000000
     0.00700000     0.00200000     0.00700000    94.42248091
     0.00700000     0.00300000     0.00600000   625.15400463
     0.00700000     0.00300000     0.00700000   618.47096453
     0.00700000     0.00400000     0.00600000   632.03244116
     0.00700000     0.00400000     0.00700000   649.78056808
     0.00700000     0.00500000     0.00500000   647.74760109
     0.00700000     0.00500000     0.00600000   648.32115742
     0.00700000     0.00600000     0.00400000   644.79350443
     0.00700000     0.00600000     0.00500000   648.67617520
     0.00700000     0.00800000     0.00400000   641.21285920
     0.00700000     0.00900000     0.00300000   618.43639506
     0.00700000     0.00900000     0.00400000   630.30278195
     0.00700000     0.01000000     0.00300000   619.12518501
     0.00700000     0.01100000     0.00300000   616.26832887
     0.00700000     0.01200000     0.00300000   610.84404746
     0.00700000     0.01300000     0.00200000   589.02432211
     0.00700000     0.01300000     0.00300000   603.96765192
     0.00700000     0.01400000     0.00200000   591.80321657
     0.00700000     0.01400000     0.00300000   601.34443321
     0.00700000     0.01500000     0.00200000   591.34715771
     0.00700000     0.01500000     0.00300000   600.61324268
     0.00700000     0.01600000     0.00200000   587.94318534
     0.00700000     0.01600000     0.00300000   601.38114794
     0.00700000     0.01700000     0.00300000   606.22342317
     0.00700000     0.01800000     0.00300000   609.46316629
     0.00700000     0.01900000     0.00300000   613.00872749
     0.00700000     0.02000000     0.00300000   613.86715589
     0.00700000     0.02000000     0.00400000   620.24148079
     0.00700000     0.02100000     0.00300000   612.35839930
     0.00700000     0.02100000     0.00400000   622.78258791
     0.00700000     0.02200000     0.00400000   626.10458204
     0.00700000     0.02300000     0.00400000   623.94105625
     0.00700000     0.02300000     0.00500000   630.17282621
     0.00700000     0.02400000     0.00500000   629.53973751
     0.00700000     0.02400000     0.00600000   639.71367585
     0.00700000     0.02500000     0.00500000   629.57193142
     0.00700000     0.02500000     0.00600000   621.43937557
     0.00700000     0.02600000     0.00600000   612.31991581
     0.00700000     0.02600000     0.00700000   603.94204209
     0.00700000     0.02600000     0.00800000  2158.29979504
     0.00700000     0.02700000     0.00700000    60.14762410
     0.00700000     0.02700000     0.00800000  2139.85320639
     0.00700000     0.02800000     0.00700000    26.20377573
     0.00700000     0.02800000     0.00800000  2165.33994339
     0.00700000     0.02900000     0.00800000     0.00000000
     0.00700000     0.02900000     0.00900000     0.00000000
     0.00700000     0.02900000     0.01000000     0.00000000
     0.00700000     0.03000000     0.00900000     0.00000000
     0.00700000     0.03000000     0.01000000     0.00000000
     0.00700000     0.03100000     0.01000000     0.00000000
     0.00700000     0.03100000     0.01100000     0.00000000
     0.00700000     0.03100000     0.01200000     0.00000000
     0.00700000     0.03200000     0.01100000     0.00000000
     0.00700000     0.03200000     0.01200000     0.00000000
     0.00700000     0.03200000     0.01300000     0.00000000
     0.00700000     0.03200000     0.01400000     0.00000000
     0.00700000     0.03300000     0.01300000     0.00000000
     0.00700000     0.03300000     0.01400000     0.00000000
     0.00700000     0.03300000     0.01500000     0.00000000
     0.00700000     0.03300000     0.01600000     0.00000000
     0.00700000     0.03400000     0.01400000     0.00000000
     0.00700000     0.03400000     0.01500000     0.00000000
     0.00700000     0.03400000     0.01600000     0.00000000
     0.00700000     0.03500000     0.01600000     0.00000000
     0.00700000     0.03500000     0.01700000     0.00000000
     0.00700000     0.03500000     0.01800000     0.00000000
     0.00700000     0.03600000     0.01800000     0.00000000
     0.00700000     0.03600000     0.01900000     0.00000000
     0.00700000     0.03600000     0.02000000     0.00000000
     0.00700000     0.03700000     0.01900000     0.00000000
     0.00700000     0.03700000     0.02000000     0.00000000
     0.00700000     0.03700000     0.02100000     0.00000000
     0.00700000     0.03700000     0.02200000     0.00000000
     0.00700000     0.03800000     0.02100000     0.00000000
     0.00700000     0.03800000     0.02200000     0.00000000
     0.00700000     0.03800000     0.02300000     0.00000000
     0.00700000     0.03800000     0.02400000     0.00000000
     0.00700000     0.03900000     0.02200000     0.00000000
     0.00700000     0.03900000     0.02300000     0.00000000
     0.00700000     0.03900000     0.02400000     0.00000000
     0.00700000     0.04000000     0.02300000     0.00000000
     0.00700000     0.04000000     0.02400000     0.00000000
     0.00700000     0.04000000     0.02500000     0.00000000
     0.00700000     0.04100000     0.02400000     0.00000000
     0.00700000     0.04100000     0.02500000     0.00000000
     0.00700000     0.04100000     0.02600000     0.00000000
     0.00700000     0.04200000     0.02500000     0.00000000
     0.00700000     0.04200000     0.02600000     0.00000000
     0.00700000     0.04300000     0.02600000     0.00000000
     0.00700000     0.04300000     0.02700000     0.00000000
     0.00700000     0.04300000     0.02800000     0.00000000
     0.00700000     0.04400000     0.02700000     0.00000000
     0.00700000     0.04400000     0.02800000     0.00000000
     0.00700000     0.04500000     0.02800000     0.00000000
     0.00700000     0.04500000     0.02900000     0.00000000
     0.00700000     0.04500000     0.03000000     0.00000000
     0.00700000     0.04600000     0.02900000     0.00000000
     0.00700000     0.04600000     0.03000000     0.00000000
     0.00700000     0.04700000     0.02900000     0.00000000
     0.00700000     0.04700000     0.03000000     0.00000000
     0.00700000     0.04700000     0.03100000     0.00000000
     0.00700000     0.04800000     0.03000000     0.00000000
     0.00700000     0.04800000     0.03100000     0.00000000
     0.00800000     0.00000000     0.00900000     0.00000000
     0.00800000     0.00100000     0.00800000   759.47893005
     0.00800000     0.00100000     0.00900000     0.00000000
     0.00800000     0.00200000     0.00700000  -212.71267579
     0.00800000     0.00200000     0.00800000  2139.19846556
     0.00800000     0.00200000     0.00900000     0.00000000
     0.00800000     0.00300000     0.00700000   375.92272650
     0.00800000     0.00300000     0.00800000  2168.64342603
     0.00800000     0.00400000     0.00600000   647.16073178
     0.00800000     0.00400000     0.00700000   622.93707599
     0.00800000     0.00500000     0.00500000   649.24126783
     0.00800000     0.00500000     0.00600000   651.30979642
     0.00800000     0.00600000     0.00400000   635.46369688
     0.00800000     0.00600000     0.00500000   639.69156874
     0.00800000     0.00700000     0.00400000   638.04529672
     0.00800000     0.00700000     0.00500000   648.74566914
     0.00800000     0.00800000     0.00400000   637.44471810
     0.00800000     0.00900000     0.00300000   614.21183253
     0.00800000     0.00900000     0.00400000   628.12609175
     0.00800000     0.01000000     0.00300000   615.34500302
     0.00800000     0.01100000     0.00300000   613.79599654
     0.00800000     0.01200000     0.00300000   610.24880264
     0.00800000     0.01300000     0.00300000   606.64300912
     0.00800000     0.01400000     0.00300000   604.19212297
     0.00800000     0.01500000     0.00300000   603.14997919
     0.00800000     0.01600000     0.00300000   603.82767736
     0.00800000     0.01700000     0.00300000   605.60442870
     0.00800000     0.01800000     0.00300000   608.08023702
     0.00800000     0.01900000     0.00300000   610.76688979
     0.00800000     0.01900000     0.00400000   614.25315090
     0.00800000     0.02000000     0.00300000   610.62324027
     0.00800000     0.02000000     0.00400000   617.06260446
     0.00800000     0.02100000     0.00300000   608.57653186
     0.00800000     0.02100000     0.00400000   616.78686609
     0.00800000     0.02200000     0.00400000   620.21193445
     0.00800000     0.02300000     0.00400000   616.99540319
     0.00800000     0.02300000     0.00500000   630.04143386
     0.00800000     0.02300000     0.00600000   628.18448994
     0.00800000     0.02400000     0.00500000   624.21705636
     0.00800000     0.02400000     0.00600000   632.55469467
     0.00800000     0.02500000     0.00500000   629.35240751
     0.00800000     0.02500000     0.00600000   626.28747443
     0.00800000     0.02600000     0.00600000   612.31991581
     0.00800000     0.02600000     0.00700000   284.07803487
     0.00800000     0.02600000     0.00800000  2170.33752860
     0.00800000     0.02700000     0.00700000   -68.67369790
     0.00800000     0.02700000     0.00800000  2147.31863327
     0.00800000     0.02800000     0.00800000  2717.17760403
     0.00800000     0.02800000     0.00900000     0.00000000
     0.00800000     0.02800000     0.01000000     0.00000000
     0.00800000     0.02900000     0.00800000     0.00000000
     0.00800000     0.02900000     0.00900000     0.00000000
     0.00800000     0.02900000     0.01000000     0.00000000
     0.00800000     0.03000000     0.00900000     0.00000000
     0.00800000     0.03000000     0.01000000     0.00000000
     0.00800000     0.03000000     0.01100000     0.00000000
     0.00800000     0.03000000     0.01200000     0.00000000
     0.00800000     0.03100000     0.01000000     0.00000000
     0.00800000     0.03100000     0.01100000     0.00000000
     0.00800000     0.03100000     0.01200000     0.00000000
     0.00800000     0.03200000     0.01100000     0.00000000
     0.00800000     0.03200000     0.01200000     0.00000000
     0.00800000     0.03200000     0.01300000     0.00000000
     0.00800000     0.03200000     0.01400000     0.00000000
     0.00800000     0.03300000     0.01300000     0.00000000
     0.00800000     0.03300000     0.01400000     0.00000000
     0.00800000     0.03300000     0.01500000     0.00000000
     0.00800000     0.03300000     0.01600000     0.00000000
     0.00800000     0.03400000     0.01500000     0.00000000
     0.00800000     0.03400000     0.01600000     0.00000000
     0.00800000     0.03400000     0.01700000     0.00000000
     0.00800000     0.03500000     0.01600000     0.00000000
     0.00800000     0.03500000     0.01700000     0.00000000
     0.00800000     0.03500000     0.01800000     0.00000000
     0.00800000     0.03600000     0.01800000     0.00000000
     0.00800000     0.03600000     0.01900000     0.00000000
     0.00800000     0.03600000     0.02000000     0.00000000
     0.00800000     0.03700000     0.02000000     0.00000000
     0.00800000     0.03700000     0.02100000     0.00000000
     0.00800000     0.03700000     0.02200000     0.00000000
     0.00800000     0.03800000     0.02100000     0.00000000
     0.00800000     0.03800000     0.02200000     0.00000000
     0.00800000     0.03800000     0.02300000     0.00000000
     0.00800000     0.03800000     0.02400000     0.00000000
     0.00800000     0.03900000     0.02300000     0.00000000
     0.00800000     0.03900000     0.02400000     0.00000000
     0.00800000     0.04000000     0.02400000     0.00000000
     0.00800000     0.04000000     0.02500000     0.00000000
     0.00800000     0.04100000     0.02500000     0.00000000
     0.00800000     0.04100000     0.02600000     0.00000000
     0.00800000     0.04200000     0.02500000     0.00000000
     0.00800000     0.04200000     0.02600000     0.00000000
     0.00800000     0.04300000     0.02600000     0.00000000
     0.00800000     0.04300000     0.02700000     0.00000000
     0.00800000     0.04300000     0.02800000     0.00000000
     0.00800000     0.04400000     0.02700000     0.00000000
     0.00800000     0.04400000     0.02800000     0.00000000
     0.00800000     0.04500000     0.02800000     0.00000000
     0.00800000     0.04500000     0.02900000     0.00000000
     0.00800000     0.04500000     0.03000000     0.00000000
     0.00800000     0.04600000     0.02900000     0.00000000
     0.00800000     0.04600000     0.03000000     0.00000000
     0.00800000     0.04700000     0.03000000     0.00000000
     0.00800000     0.04700000     0.03100000     0.00000000
     0.00800000     0.04800000     0.03100000     0.00000000
     0.00900000     0.00000000     0.00900000     0.00000000
     0.00900000     0.00000000     0.01000000     0.00000000
     0.00900000     0.00100000     0.00900000     0.00000000
     0.00900000     0.00100000     0.01000000     0.00000000
     0.00900000     0.00200000     0.00800000  1831.29730933
     0.00900000     0.00200000     0.00900000     0.00000000
     0.00900000     0.00300000     0.00700000    72.18436641
     0.00900000     0.00300000     0.00800000  2133.12337336
     0.00900000     0.00400000     0.00600000   625.14308100
     0.00900000     0.00400000     0.00700000   615.42842257
     0.00900000     0.00500000     0.00500000   641.97894686
     0.00900000     0.00500000     0.00600000   630.93708011
     0.00900000     0.00500000     0.00700000   645.95552049
     0.00900000     0.00600000     0.00500000   637.62635271
     0.00900000     0.00700000     0.00400000   628.49494299
     0.00900000     0.00700000     0.00500000   639.32020112
     0.00900000     0.00800000     0.00400000   633.20697995
     0.00900000     0.00800000     0.00500000   634.55818897
     0.00900000     0.01000000     0.00300000   607.81426224
     0.00900000     0.01100000     0.00300000   609.90933628
     0.00900000     0.01200000     0.00300000   605.80209774
     0.00900000     0.01300000     0.00300000   605.33411961
     0.00900000     0.01400000     0.00300000   603.76127179
     0.00900000     0.01500000     0.00300000   602.85547736
     0.00900000     0.01600000     0.00300000   602.89178801
     0.00900000     0.01700000     0.00300000   603.40128631
     0.00900000     0.01700000     0.00400000   607.90603973
     0.00900000     0.01800000     0.00300000   603.17717655
     0.00900000     0.01800000     0.00400000   609.93339429
     0.00900000     0.01900000     0.00300000   605.25655320
     0.00900000     0.01900000     0.00400000   612.09589270
     0.00900000     0.02000000     0.00300000   602.86341391
     0.00900000     0.02000000     0.00400000   616.44621668
     0.00900000     0.02200000     0.00400000   619.71681571
     0.00900000     0.02200000     0.00500000   617.76398250
     0.00900000     0.02300000     0.00400000   619.86714211
     0.00900000     0.02300000     0.00500000   619.86714211
     0.00900000     0.02300000     0.00600000   627.94336203
     0.00900000     0.02400000     0.00500000   612.80484243
     0.00900000     0.02400000     0.00600000   638.84004334
     0.00900000     0.02500000     0.00600000   597.85858514
     0.00900000     0.02500000     0.00700000   598.50381135
     0.00900000     0.02500000     0.00800000  2147.31202630
     0.00900000     0.02600000     0.00600000    60.90566628
     0.00900000     0.02600000     0.00700000    60.90566628
     0.00900000     0.02600000     0.00800000  2173.82528710
     0.00900000     0.02700000     0.00700000    80.49502536
     0.00900000     0.02700000     0.00800000  2154.77206490
     0.00900000     0.02700000     0.00900000     0.00000000
     0.00900000     0.02800000     0.00800000     0.00000000
     0.00900000     0.02800000     0.00900000     0.00000000
     0.00900000     0.02800000     0.01000000     0.00000000
     0.00900000     0.02900000     0.00900000     0.00000000
     0.00900000     0.02900000     0.01000000     0.00000000
     0.00900000     0.03000000     0.01000000     0.00000000
     0.00900000     0.03000000     0.01100000     0.00000000
     0.00900000     0.03000000     0.01200000     0.00000000
     0.00900000     0.03100000     0.01100000     0.00000000
     0.00900000     0.03100000     0.01200000     0.00000000
     0.00900000     0.03100000     0.01300000     0.00000000
     0.00900000     0.03100000     0.01400000     0.00000000
     0.00900000     0.03200000     0.01200000     0.00000000
     0.00900000     0.03200000     0.01300000     0.00000000
     0.00900000     0.03200000     0.01400000     0.00000000
     0.00900000     0.03200000     0.01500000     0.00000000
     0.00900000     0.03300000     0.01300000     0.00000000
     0.00900000     0.03300000     0.01400000     0.00000000
     0.00900000     0.03300000     0.01500000     0.00000000
     0.00900000     0.03300000     0.01600000     0.00000000
     0.00900000     0.03400000     0.01500000     0.00000000
     0.00900000     0.03400000     0.01600000     0.00000000
     0.00900000     0.03400000     0.01700000     0.00000000
     0.00900000     0.03500000     0.01700000     0.00000000
     0.01000000     0.00000000     0.01000000     0.00000000
     0.01000000     0.00100000     0.00900000     0.00000000
     0.01000000     0.00100000     0.01000000     0.00000000
     0.01000000     0.00200000     0.00800000   704.83762504
     0.01000000     0.00200000     0.00900000     0.00000000
     0.01000000     0.00200000     0.01000000     0.00000000
     0.01000000     0.00300000     0.00700000  -185.72363416
     0.01000000     0.00300000     0.00800000  2140.43566643
     0.01000000     0.00300000     0.00900000     0.00000000
     0.01000000     0.00400000     0.00700000   405.38316687
     0.01000000     0.00400000     0.00800000  2176.98374649
     0.01000000     0.00500000     0.00600000   614.89698688
     0.01000000     0.00500000     0.00700000   647.52550113
     0.01000000     0.00500000     0.00800000  2141.76845190
     0.01000000     0.00600000     0.00500000   627.06938600
     0.01000000     0.00600000     0.00600000   631.88272801
     0.01000000     0.00600000     0.00700000   615.58273122
     0.01000000     0.00700000     0.00500000   646.23854924
     0.01000000     0.00800000     0.00400000   621.79819039
     0.01000000     0.00800000     0.00500000   630.56492845
     0.01000000     0.00900000     0.00400000   621.34298865
     0.01000000     0.00900000     0.00500000   630.07624145
     0.01000000     0.01000000     0.00400000   618.39893474
     0.01000000     0.01000000     0.00500000   625.55579799
     0.01000000     0.01200000     0.00300000   599.13340155
     0.01000000     0.01300000     0.00300000   600.91171910
     0.01000000     0.01400000     0.00300000   600.37474955
     0.01000000     0.01500000     0.00300000   599.34563455
     0.01000000     0.01600000     0.00300000   599.26043699
     0.01000000     0.01700000     0.00300000   599.33556004
     0.01000000     0.01700000     0.00400000   605.68469638
     0.01000000     0.01800000     0.00300000   596.31876729
     0.01000000     0.01800000     0.00400000   606.05472172
     0.01000000     0.01900000     0.00400000   606.65960799
     0.01000000     0.01900000     0.00500000   615.13072640
     0.01000000     0.02000000     0.00400000   610.33108512
     0.01000000     0.02000000     0.00500000   616.01676711
     0.01000000     0.02100000     0.00400000   608.55687088
     0.01000000     0.02100000     0.00500000   624.29851083
     0.01000000     0.02100000     0.00600000   613.51126768
     0.01000000     0.02200000     0.00400000   607.62769573
     0.01000000     0.02200000     0.00500000   617.39626907
     0.01000000     0.02200000     0.00600000   616.20064566
     0.01000000     0.02300000     0.00500000   630.21841802
     0.01000000     0.02300000     0.00600000   607.28757292
     0.01000000     0.02400000     0.00500000   616.14794388
     0.01000000     0.02400000     0.00600000   608.18030488
     0.01000000     0.02400000     0.00700000   590.55370928
     0.01000000     0.02400000     0.00800000   -13.38641873
     0.01000000     0.02500000     0.00600000   323.36913050
     0.01000000     0.02500000     0.00700000   323.36913050
     0.01000000     0.02500000     0.00800000  2141.32921682
     0.01000000     0.02600000     0.00700000  -216.99655223
     0.01000000     0.02600000     0.00800000  2129.96249987
     0.01000000     0.02600000     0.00900000     0.00000000
     0.01000000     0.02700000     0.00800000  2635.17096051
     0.01000000     0.02700000     0.00900000     0.00000000
     0.01000000     0.02700000     0.01000000     0.00000000
     0.01000000     0.02800000     0.00900000     0.00000000
     0.01000000     0.02800000     0.01000000     0.00000000
     0.01000000     0.02900000     0.00900000     0.00000000
     0.01000000     0.02900000     0.01000000     0.00000000
     0.01000000     0.02900000     0.01100000     0.00000000
     0.01000000     0.02900000     0.01200000     0.00000000
     0.01000000     0.03000000     0.01000000     0.00000000
     0.01000000     0.03000000     0.01100000     0.00000000
     0.01000000     0.03000000     0.01200000     0.00000000
     0.01000000     0.03100000     0.01100000     0.00000000
     0.01000000     0.03100000     0.01200000     0.00000000
     0.01000000     0.03100000     0.01300000     0.00000000
     0.01000000     0.03100000     0.01400000     0.00000000
     0.01000000     0.03200000     0.01300000     0.00000000
     0.01000000     0.03200000     0.01400000     0.00000000
     0.01000000     0.03200000     0.01500000     0.00000000
     0.01000000     0.03300000     0.01500000     0.00000000
     0.01100000     0.00100000     0.01000000     0.00000000
     0.01100000     0.00200000     0.00900000     0.00000000
     0.01100000     0.00200000     0.01000000     0.00000000
     0.01100000     0.00200000     0.01100000     0.00000000
     0.01100000     0.00300000     0.00800000   652.56530349
     0.01100000     0.00300000     0.00900000     0.00000000
     0.01100000     0.00300000     0.01000000     0.00000000
     0.01100000     0.00300000     0.01100000     0.00000000
     0.01100000     0.00400000     0.00800000  1824.13648155
     0.01100000     0.00400000     0.00900000     0.00000000
     0.01100000     0.00400000     0.01000000     0.00000000
     0.01100000     0.00500000     0.00700000   763.94333421
     0.01100000     0.00500000     0.00800000  2128.60746126
     0.01100000     0.00500000     0.00900000     0.00000000
     0.01100000     0.00600000     0.00600000   637.03707703
     0.01100000     0.00600000     0.00700000   602.26596860
     0.01100000     0.00600000     0.00800000  2197.15905122
     0.01100000     0.00700000     0.00600000   633.17225089
     0.01100000     0.00700000     0.00700000   618.14345325
     0.01100000     0.00700000     0.00800000  2141.22618421
     0.01100000     0.00800000     0.00500000   615.06540200
     0.01100000     0.00800000     0.00600000   628.05274170
     0.01100000     0.00800000     0.00700000   621.38829392
     0.01100000     0.00900000     0.00500000   627.25922008
     0.01100000     0.00900000     0.00600000   627.94636862
     0.01100000     0.01000000     0.00400000   608.17891783
     0.01100000     0.01000000     0.00500000   617.74071020
     0.01100000     0.01000000     0.00600000   619.24865338
     0.01100000     0.01100000     0.00400000   611.91420988
     0.01100000     0.01100000     0.00500000   617.09898235
     0.01100000     0.01100000     0.00600000   621.19977677
     0.01100000     0.01200000     0.00400000   608.04462512
     0.01100000     0.01200000     0.00500000   612.83945997
     0.01100000     0.01300000     0.00400000   606.03183848
     0.01100000     0.01300000     0.00500000   611.83781626
     0.01100000     0.01400000     0.00400000   603.20752623
     0.01100000     0.01400000     0.00500000   608.74160509
     0.01100000     0.01500000     0.00400000   602.32615975
     0.01100000     0.01500000     0.00500000   607.72691785
     0.01100000     0.01600000     0.00400000   602.06259808
     0.01100000     0.01600000     0.00500000   607.20488461
     0.01100000     0.01700000     0.00400000   602.21874632
     0.01100000     0.01700000     0.00500000   607.44049561
     0.01100000     0.01800000     0.00400000   603.65140360
     0.01100000     0.01800000     0.00500000   607.72985368
     0.01100000     0.01800000     0.00600000   613.34121867
     0.01100000     0.01900000     0.00400000   599.52933359
     0.01100000     0.01900000     0.00500000   607.36706145
     0.01100000     0.01900000     0.00600000   608.69222717
     0.01100000     0.02000000     0.00500000   607.11918066
     0.01100000     0.02000000     0.00600000   621.57145481
     0.01100000     0.02100000     0.00500000   612.31679266
     0.01100000     0.02100000     0.00600000   610.42624130
     0.01100000     0.02100000     0.00700000   613.38809241
     0.01100000     0.02200000     0.00500000   603.54159281
     0.01100000     0.02200000     0.00600000   629.98098879
     0.01100000     0.02200000     0.00700000   582.52559987
     0.01100000     0.02200000     0.00800000  2179.14041750
     0.01100000     0.02300000     0.00600000   608.39717232
     0.01100000     0.02300000     0.00700000   584.39287318
     0.01100000     0.02300000     0.00800000  2144.27685484
     0.01100000     0.02400000     0.00600000   608.18030488
     0.01100000     0.02400000     0.00700000   348.10210906
     0.01100000     0.02400000     0.00800000  2211.60557077
     0.01100000     0.02500000     0.00700000  -285.20378435
     0.01100000     0.02500000     0.00800000  2151.08236800
     0.01100000     0.02500000     0.00900000     0.00000000
     0.01100000     0.02500000     0.01000000     0.00000000
     0.01100000     0.02600000     0.00800000  2741.32090969
     0.01100000     0.02600000     0.00900000     0.00000000
     0.01100000     0.02600000     0.01000000     0.00000000
     0.01100000     0.02700000     0.00900000     0.00000000
     0.01100000     0.02700000     0.01000000     0.00000000
     0.01100000     0.02700000     0.01100000     0.00000000
     0.01100000     0.02700000     0.01200000     0.00000000
     0.01100000     0.02800000     0.00900000     0.00000000
     0.01100000     0.02800000     0.01000000     0.00000000
     0.01100000     0.02800000     0.01100000     0.00000000
     0.01100000     0.02800000     0.01200000     0.00000000
     0.01100000     0.02900000     0.01000000     0.00000000
     0.01100000     0.02900000     0.01100000     0.00000000
     0.01100000     0.02900000     0.01200000     0.00000000
     0.01100000     0.03000000     0.01100000     0.00000000
     0.01100000     0.03000000     0.01200000     0.00000000
     0.01100000     0.03100000     0.01200000     0.00000000
     0.01200000     0.00200000     0.01100000     0.00000000
     0.01200000     0.00300000     0.01000000     0.00000000
     0.01200000     0.00300000     0.01100000     0.00000000
     0.01200000     0.00400000     0.00900000     0.00000000
     0.01200000     0.00400000     0.01000000     0.00000000
     0.01200000     0.00500000     0.00800000   674.85162319
     0.01200000     0.00500000     0.00900000     0.00000000
     0.01200000     0.00600000     0.00800000  1829.73443697
     0.01200000     0.00700000     0.00700000   720.16728042
     0.01200000     0.00700000     0.00800000  2158.83054078
     0.01200000     0.00800000     0.00600000   614.13733493
     0.01200000     0.00800000     0.00700000   601.53572932
     0.01200000     0.00900000     0.00600000   627.67779755
     0.01200000     0.01000000     0.00600000   620.30696377
     0.01200000     0.01100000     0.00500000   605.12497744
     0.01200000     0.01100000     0.00600000   612.77091423
     0.01200000     0.01200000     0.00500000   608.05133950
     0.01200000     0.01300000     0.00500000   605.75999882
     0.01200000     0.01400000     0.00500000   604.30113819
     0.01200000     0.01500000     0.00500000   602.54420668
     0.01200000     0.01600000     0.00500000   602.65145662
     0.01200000     0.01700000     0.00500000   602.62507186
     0.01200000     0.01800000     0.00500000   602.18098978
     0.01200000     0.01800000     0.00600000   606.92989147
     0.01200000     0.01900000     0.00500000   600.55496895
     0.01200000     0.01900000     0.00600000   605.69409268
     0.01200000     0.02000000     0.00600000   613.08926557
     0.01200000     0.02100000     0.00600000   591.87981410
     0.01200000     0.02100000     0.00700000   606.11416415
     0.01200000     0.02200000     0.00700000   480.05339222
     0.01200000     0.02200000     0.00800000  2154.34633499
     0.01200000     0.02300000     0.00700000   216.54632144
     0.01200000     0.02300000     0.00800000  2120.89184007
     0.01200000     0.02400000     0.00800000  2661.07518799
     0.01200000     0.02500000     0.00800000     0.00000000
     0.01200000     0.02500000     0.00900000     0.00000000
     0.01200000     0.02500000     0.01000000     0.00000000
     0.01200000     0.02600000     0.00900000     0.00000000
     0.01200000     0.02600000     0.01000000     0.00000000
     0.01200000     0.02700000     0.01000000     0.00000000
     0.01200000     0.02700000     0.01100000     0.00000000
     0.01200000     0.02700000     0.01200000     0.00000000
     0.01200000     0.02800000     0.01100000     0.00000000
     0.01200000     0.02800000     0.01200000     0.00000000
     0.01200000     0.02900000     0.01200000     0.00000000
