     0.00000000     0.00800000     0.00600000   103.33762287
     0.00100000     0.00300000     0.00800000    96.44554943
     0.00100000     0.00400000     0.00800000    97.37747114
     0.00100000     0.00600000     0.00600000   101.05652721
     0.00100000     0.00700000     0.00600000   102.18054038
     0.00100000     0.00800000     0.00500000   104.33229419
     0.00100000     0.00800000     0.00600000   104.13967285
     0.00100000     0.01000000     0.00400000   107.81052782
     0.00100000     0.01100000     0.00400000   109.08325682
     0.00100000     0.01200000     0.00400000   110.70670509
     0.00100000     0.01300000     0.00400000   112.46484395
     0.00100000     0.01400000     0.00400000   114.19879149
     0.00100000     0.01500000     0.00400000   115.91592846
     0.00100000     0.01600000     0.00400000   117.57716069
     0.00100000     0.01700000     0.00400000   119.11155021
     0.00100000     0.01800000     0.00400000   120.24274815
     0.00100000     0.01900000     0.00400000   120.35481702
     0.00100000     0.02200000     0.00500000   125.45818894
     0.00100000     0.02200000     0.00600000   127.28315996
     0.00100000     0.02300000     0.00600000   127.86907923
     0.00100000     0.02400000     0.00600000   129.52523162
     0.00100000     0.02600000     0.00800000   135.52599876
     0.00200000     0.00200000     0.00800000    95.98605611
     0.00200000     0.00300000     0.00700000    97.27902069
     0.00200000     0.00300000     0.00800000    97.27880321
     0.00200000     0.00400000     0.00700000    98.29616873
     0.00200000     0.00400000     0.00800000    98.36906384
     0.00200000     0.00500000     0.00600000   100.29190956
     0.00200000     0.00600000     0.00500000   101.81251455
     0.00200000     0.00600000     0.00600000   101.82957225
     0.00200000     0.00700000     0.00500000   102.98077173
     0.00200000     0.00700000     0.00600000   103.13653327
     0.00200000     0.00800000     0.00400000   104.94029516
     0.00200000     0.00800000     0.00500000   104.98049617
     0.00200000     0.00800000     0.00600000   104.81109926
     0.00200000     0.00900000     0.00400000   106.17073448
     0.00200000     0.01000000     0.00400000   108.07229749
     0.00200000     0.01100000     0.00400000   109.74632940
     0.00200000     0.01200000     0.00300000   111.71224323
     0.00200000     0.01200000     0.00400000   111.70841407
     0.00200000     0.01300000     0.00300000   112.99619109
     0.00200000     0.01300000     0.00400000   113.47011217
     0.00200000     0.01400000     0.00300000   114.56118737
     0.00200000     0.01400000     0.00400000   115.16130672
     0.00200000     0.01500000     0.00300000   116.18615286
     0.00200000     0.01500000     0.00400000   116.85664740
     0.00200000     0.01600000     0.00300000   117.72075257
     0.00200000     0.01600000     0.00400000   118.47586393
     0.00200000     0.01700000     0.00300000   118.85145767
     0.00200000     0.01700000     0.00400000   119.89478566
     0.00200000     0.01800000     0.00300000   118.94504874
     0.00200000     0.01800000     0.00400000   120.96510769
     0.00200000     0.01900000     0.00400000   122.20446792
     0.00200000     0.02000000     0.00400000   124.09468684
     0.00200000     0.02100000     0.00400000   125.05797566
     0.00200000     0.02200000     0.00400000   124.95400044
     0.00200000     0.02200000     0.00500000   126.86659897
     0.00200000     0.02200000     0.00600000   128.49000235
     0.00200000     0.02300000     0.00500000   128.46422905
     0.00200000     0.02300000     0.00600000   129.47822805
     0.00200000     0.02400000     0.00500000   128.21740035
     0.00200000     0.02400000     0.00600000   129.52523162
     0.00200000     0.02500000     0.00600000   131.52808214
     0.00200000     0.02600000     0.00700000   134.63203097
     0.00200000     0.02600000     0.00800000   136.81547586
     0.00200000     0.02700000     0.00800000   137.44421709
     0.00200000     0.03000000     0.01000000   143.73150599
     0.00300000     0.00200000     0.00800000    96.59096996
     0.00300000     0.00400000     0.00600000    99.35787840
     0.00300000     0.00700000     0.00400000   103.81026064
     0.00300000     0.00800000     0.00400000   105.25985459
     0.00300000     0.00900000     0.00400000   106.74925641
     0.00300000     0.01000000     0.00300000   108.60257149
     0.00300000     0.01000000     0.00400000   108.61964639
     0.00300000     0.02000000     0.00300000   122.10772268
     0.00300000     0.02000000     0.00400000   124.49524226
     0.00300000     0.02100000     0.00400000   125.83124694
     0.00300000     0.02200000     0.00400000   125.77534658
     0.00300000     0.02300000     0.00400000   129.33096353
     0.00300000     0.02400000     0.00500000   129.18934113
     0.00300000     0.02400000     0.00600000   130.90546164
     0.00300000     0.02500000     0.00600000   131.52808214
     0.00300000     0.02600000     0.00600000   136.10987556
     0.00300000     0.02800000     0.00800000   143.33023624
     0.00300000     0.03000000     0.01000000   144.75090454
     0.00300000     0.03200000     0.01200000   160.00483189
     0.00400000     0.00100000     0.00800000    95.69258983
     0.00400000     0.00200000     0.00700000    96.83477371
     0.00400000     0.00200000     0.00800000    96.99440405
     0.00400000     0.00400000     0.00600000    99.83558018
     0.00400000     0.00600000     0.00400000   102.69923716
     0.00400000     0.00700000     0.00400000   104.05937914
     0.00400000     0.00800000     0.00400000   105.50821036
     0.00400000     0.00900000     0.00300000   107.31103890
     0.00400000     0.00900000     0.00400000   107.28522787
     0.00400000     0.01000000     0.00300000   108.83744108
     0.00400000     0.01000000     0.00400000   109.13888035
     0.00400000     0.02000000     0.00300000   123.40901715
     0.00400000     0.02000000     0.00400000   124.86073346
     0.00400000     0.02100000     0.00300000   123.36631880
     0.00400000     0.02100000     0.00400000   125.93356250
     0.00400000     0.02200000     0.00400000   126.80980517
     0.00400000     0.02300000     0.00400000   126.74187834
     0.00400000     0.02400000     0.00500000   130.40546060
     0.00400000     0.02400000     0.00600000   131.94179987
     0.00400000     0.02500000     0.00500000   130.19727677
     0.00400000     0.02500000     0.00600000   131.94840199
     0.00400000     0.02600000     0.00600000   133.18487193
     0.00400000     0.02800000     0.00800000   139.53648606
     0.00400000     0.02900000     0.00800000   144.55620760
     0.00400000     0.03000000     0.00900000   144.42364599
     0.00400000     0.03000000     0.01000000   146.08416664
     0.00400000     0.03100000     0.01000000   151.35577789
     0.00400000     0.03200000     0.01100000   151.35577789
     0.00400000     0.03200000     0.01200000   161.63277032
     0.00400000     0.03400000     0.01500000   180.49793779
     0.00400000     0.03400000     0.01600000   185.80360252
     0.00400000     0.03500000     0.01600000   185.80360252
     0.00400000     0.03600000     0.01800000   208.15929642
     0.00400000     0.03800000     0.02100000   351.66168517
     0.00400000     0.03800000     0.02200000   362.13395666
     0.00400000     0.04000000     0.02400000   413.95636016
     0.00400000     0.04200000     0.02500000    43.25793453
     0.00400000     0.04200000     0.02600000  2168.46047802
     0.00400000     0.04300000     0.02600000   737.44255844
     0.00400000     0.04400000     0.02700000     0.00000000
     0.00400000     0.04400000     0.02800000     0.00000000
     0.00400000     0.04500000     0.02800000     0.00000000
     0.00500000     0.00100000     0.00800000    96.15342568
     0.00500000     0.00200000     0.00700000    97.32945557
     0.00500000     0.00200000     0.00800000    97.39977213
     0.00500000     0.00300000     0.00600000    98.19720346
     0.00500000     0.00400000     0.00600000    99.60912110
     0.00500000     0.00600000     0.00400000   103.18633980
     0.00500000     0.00700000     0.00400000   104.27392789
     0.00500000     0.00800000     0.00400000   105.65122946
     0.00500000     0.01300000     0.00200000   113.44737400
     0.00500000     0.01400000     0.00200000   114.47718288
     0.00500000     0.01500000     0.00200000   115.31516146
     0.00500000     0.01600000     0.00200000   115.23824359
     0.00500000     0.02200000     0.00400000   127.52429423
     0.00500000     0.02300000     0.00400000   127.39696065
     0.00500000     0.02600000     0.00600000   133.18487193
     0.00500000     0.02800000     0.00700000   137.53454153
     0.00500000     0.02800000     0.00800000   139.67275235
     0.00500000     0.02900000     0.00800000   145.51753611
     0.00500000     0.03000000     0.00900000   145.26306739
     0.00500000     0.03000000     0.01000000   146.92132574
     0.00500000     0.03100000     0.01000000   151.76185422
     0.00500000     0.03200000     0.01100000   151.76185422
     0.00500000     0.03200000     0.01200000   165.00090122
     0.00500000     0.03400000     0.01400000   174.70671923
     0.00500000     0.03400000     0.01500000   179.67141412
     0.00500000     0.03400000     0.01600000   185.72627163
     0.00500000     0.03500000     0.01600000   185.72627163
     0.00500000     0.03600000     0.01800000   221.70268620
     0.00500000     0.03600000     0.01900000   231.38407270
     0.00500000     0.03600000     0.02000000   243.38259850
     0.00500000     0.03700000     0.01900000   231.38407270
     0.00500000     0.03700000     0.02000000   343.14252959
     0.00500000     0.03800000     0.02100000   351.66168517
     0.00500000     0.03800000     0.02200000   362.13395666
     0.00500000     0.03900000     0.02200000   362.13395666
     0.00500000     0.04000000     0.02300000   422.92519992
     0.00500000     0.04000000     0.02400000   417.55930259
     0.00500000     0.04100000     0.02400000   417.55930259
     0.00500000     0.04200000     0.02500000    43.67244923
     0.00500000     0.04200000     0.02600000  2168.38138289
     0.00500000     0.04300000     0.02600000   737.31252650
     0.00500000     0.04400000     0.02700000     0.00000000
     0.00500000     0.04400000     0.02800000     0.00000000
     0.00500000     0.04500000     0.02800000     0.00000000
     0.00500000     0.04600000     0.02900000     0.00000000
     0.00500000     0.04600000     0.03000000     0.00000000
     0.00500000     0.04700000     0.02900000     0.00000000
     0.00500000     0.04700000     0.03000000     0.00000000
     0.00500000     0.04800000     0.03000000     0.00000000
     0.00600000     0.00100000     0.00800000    96.23393869
     0.00600000     0.00200000     0.00700000    97.43662478
     0.00600000     0.00200000     0.00800000    97.46054805
     0.00600000     0.00300000     0.00600000    98.50122946
     0.00600000     0.00400000     0.00600000    99.59565018
     0.00600000     0.00600000     0.00400000   103.26242002
     0.00600000     0.00700000     0.00400000   104.30087192
     0.00600000     0.00800000     0.00400000   105.63601669
     0.00600000     0.01300000     0.00200000   113.86471731
     0.00600000     0.01400000     0.00200000   114.89479559
     0.00600000     0.01500000     0.00200000   115.72558191
     0.00600000     0.01600000     0.00200000   115.64370185
     0.00600000     0.02200000     0.00400000   127.62010803
     0.00600000     0.02300000     0.00400000   127.51974925
     0.00600000     0.02600000     0.00600000   133.66552230
     0.00600000     0.02800000     0.00700000   138.03018024
     0.00600000     0.02800000     0.00800000   139.74141494
     0.00600000     0.02900000     0.00800000   145.69493093
     0.00600000     0.03000000     0.00900000   145.46513695
     0.00600000     0.03000000     0.01000000   147.12381578
     0.00600000     0.03100000     0.01000000   151.87526555
     0.00600000     0.03200000     0.01100000   151.87526555
     0.00600000     0.03200000     0.01200000   166.59755257
     0.00600000     0.03400000     0.01400000   175.33466550
     0.00600000     0.03400000     0.01500000   179.20225643
     0.00600000     0.03400000     0.01600000   185.84267083
     0.00600000     0.03500000     0.01600000   185.84267083
     0.00600000     0.03600000     0.01800000   222.64508427
     0.00600000     0.03600000     0.01900000   229.49979642
     0.00600000     0.03600000     0.02000000   240.17265850
     0.00600000     0.03700000     0.01900000   229.49979642
     0.00600000     0.03700000     0.02000000   348.46438021
     0.00600000     0.03800000     0.02100000   354.56235341
     0.00600000     0.03800000     0.02200000   362.91973793
     0.00600000     0.03900000     0.02200000   362.91973793
     0.00600000     0.04000000     0.02300000   425.82427813
     0.00600000     0.04000000     0.02400000   419.96480335
     0.00600000     0.04100000     0.02400000    95.37671499
     0.00600000     0.04200000     0.02500000    43.69180774
     0.00600000     0.04200000     0.02600000  2168.59031320
     0.00600000     0.04300000     0.02600000   737.27426838
     0.00600000     0.04400000     0.02700000     0.00000000
     0.00600000     0.04400000     0.02800000     0.00000000
     0.00600000     0.04500000     0.02800000     0.00000000
     0.00600000     0.04600000     0.02900000     0.00000000
     0.00600000     0.04600000     0.03000000     0.00000000
     0.00600000     0.04700000     0.02900000     0.00000000
     0.00600000     0.04700000     0.03000000     0.00000000
     0.00600000     0.04800000     0.03000000     0.00000000
     0.00700000     0.00100000     0.00800000    96.01160468
     0.00700000     0.00200000     0.00700000    97.18634416
     0.00700000     0.00200000     0.00800000    97.24347614
     0.00700000     0.00300000     0.00600000    98.14209034
     0.00700000     0.00400000     0.00600000    99.46818169
     0.00700000     0.00600000     0.00400000   103.03578357
     0.00700000     0.00700000     0.00400000   104.10624324
     0.00700000     0.00800000     0.00400000   105.46246020
     0.00700000     0.01300000     0.00200000   113.40812010
     0.00700000     0.01400000     0.00200000   114.43907361
     0.00700000     0.01500000     0.00200000   115.27610859
     0.00700000     0.01600000     0.00200000   115.19859511
     0.00700000     0.02200000     0.00400000   127.36990319
     0.00700000     0.02300000     0.00400000   127.25945189
     0.00700000     0.02600000     0.00600000   133.13449592
     0.00700000     0.02800000     0.00700000   137.49089914
     0.00700000     0.02800000     0.00800000   139.57479147
     0.00700000     0.02900000     0.00800000   145.40037053
     0.00700000     0.03000000     0.00900000   145.16456516
     0.00700000     0.03000000     0.01000000   146.81871641
     0.00700000     0.03100000     0.01000000   151.64424396
     0.00700000     0.03200000     0.01100000   151.64424396
     0.00700000     0.03200000     0.01200000   164.92324097
     0.00700000     0.03400000     0.01400000   174.69130154
     0.00700000     0.03400000     0.01500000   179.63172647
     0.00700000     0.03400000     0.01600000   185.66917849
     0.00700000     0.03500000     0.01600000   185.66917849
     0.00700000     0.03600000     0.01800000   221.69161092
     0.00700000     0.03600000     0.01900000   231.36377604
     0.00700000     0.03600000     0.02000000   243.35780033
     0.00700000     0.03700000     0.01900000   231.36377604
     0.00700000     0.03700000     0.02000000   343.13584025
     0.00700000     0.03800000     0.02100000   351.65926353
     0.00700000     0.03800000     0.02200000   362.13244760
     0.00700000     0.03900000     0.02200000   362.13244760
     0.00700000     0.04000000     0.02300000   422.92487873
     0.00700000     0.04000000     0.02400000   417.55872931
     0.00700000     0.04100000     0.02400000    95.15217375
     0.00700000     0.04200000     0.02500000    43.67242150
     0.00700000     0.04200000     0.02600000  2168.38137999
     0.00700000     0.04300000     0.02600000   737.31251665
     0.00700000     0.04400000     0.02700000     0.00000000
     0.00700000     0.04400000     0.02800000     0.00000000
     0.00700000     0.04500000     0.02800000     0.00000000
     0.00700000     0.04600000     0.02900000     0.00000000
     0.00700000     0.04600000     0.03000000     0.00000000
     0.00700000     0.04700000     0.02900000     0.00000000
     0.00700000     0.04700000     0.03000000     0.00000000
     0.00700000     0.04800000     0.03000000     0.00000000
     0.00800000     0.00100000     0.00800000    95.47424679
     0.00800000     0.00200000     0.00700000    96.61470635
     0.00800000     0.00200000     0.00800000    96.70782140
     0.00800000     0.00400000     0.00600000    99.48916525
     0.00800000     0.00600000     0.00400000   102.47037026
     0.00800000     0.00700000     0.00400000   103.75884005
     0.00800000     0.00800000     0.00400000   105.14636422
     0.00800000     0.00900000     0.00300000   107.07263694
     0.00800000     0.00900000     0.00400000   106.92284571
     0.00800000     0.01000000     0.00300000   108.53192757
     0.00800000     0.01000000     0.00400000   108.77286102
     0.00800000     0.02000000     0.00300000   123.13861745
     0.00800000     0.02000000     0.00400000   124.54110973
     0.00800000     0.02100000     0.00300000   123.15871147
     0.00800000     0.02100000     0.00400000   125.62258319
     0.00800000     0.02200000     0.00400000   126.52042094
     0.00800000     0.02300000     0.00400000   126.53294647
     0.00800000     0.02400000     0.00500000   130.13200145
     0.00800000     0.02400000     0.00600000   131.63621016
     0.00800000     0.02500000     0.00500000   130.00287237
     0.00800000     0.02500000     0.00600000   131.68232046
     0.00800000     0.02600000     0.00600000   133.13449592
     0.00800000     0.02800000     0.00800000   139.34260583
     0.00800000     0.02900000     0.00800000   144.32715438
     0.00800000     0.03000000     0.00900000   144.27813775
     0.00800000     0.03000000     0.01000000   145.92888672
     0.00800000     0.03100000     0.01000000   151.13698069
     0.00800000     0.03200000     0.01100000   151.13698069
     0.00800000     0.03200000     0.01200000   161.43198853
     0.00800000     0.03400000     0.01500000   180.41569494
     0.00800000     0.03400000     0.01600000   185.70078461
     0.00800000     0.03500000     0.01600000   185.70078461
     0.00800000     0.03600000     0.01800000   208.08029610
     0.00800000     0.03800000     0.02100000   351.65926353
     0.00800000     0.03800000     0.02200000   362.13244760
     0.00800000     0.04000000     0.02400000   413.95537023
     0.00800000     0.04200000     0.02500000    43.25789662
     0.00800000     0.04200000     0.02600000  2168.46047254
     0.00800000     0.04300000     0.02600000   737.44254351
     0.00800000     0.04400000     0.02700000     0.00000000
     0.00800000     0.04400000     0.02800000     0.00000000
     0.00800000     0.04500000     0.02800000     0.00000000
     0.00900000     0.00200000     0.00800000    96.07995732
     0.00900000     0.00400000     0.00600000    98.93027843
     0.00900000     0.00500000     0.00500000   100.52100280
     0.00900000     0.00500000     0.00600000   100.44497551
     0.00900000     0.00600000     0.00500000   101.74850550
     0.00900000     0.00600000     0.00600000   101.86736474
     0.00900000     0.00700000     0.00400000   103.39374036
     0.00900000     0.00800000     0.00400000   104.76347358
     0.00900000     0.00900000     0.00400000   106.20118240
     0.00900000     0.01000000     0.00300000   108.19271570
     0.00900000     0.01000000     0.00400000   108.07040619
     0.00900000     0.01100000     0.00300000   109.46493995
     0.00900000     0.01100000     0.00400000   109.80172814
     0.00900000     0.01200000     0.00300000   111.41631145
     0.00900000     0.01200000     0.00400000   111.74899168
     0.00900000     0.01800000     0.00300000   120.19266029
     0.00900000     0.01800000     0.00400000   121.28209406
     0.00900000     0.01900000     0.00300000   121.70637381
     0.00900000     0.01900000     0.00400000   122.82505423
     0.00900000     0.02000000     0.00300000   121.74387444
     0.00900000     0.02000000     0.00400000   124.02180706
     0.00900000     0.02100000     0.00400000   125.35689527
     0.00900000     0.02200000     0.00400000   125.31604298
     0.00900000     0.02300000     0.00400000   128.87248238
     0.00900000     0.02400000     0.00500000   128.74898036
     0.00900000     0.02400000     0.00600000   130.46004354
     0.00900000     0.02500000     0.00600000   131.15138482
     0.00900000     0.02600000     0.00600000   135.68144450
     0.00900000     0.02600000     0.00700000   135.68144450
     0.00900000     0.02600000     0.00800000   137.37021186
     0.00900000     0.02700000     0.00700000   135.73290873
     0.00900000     0.02700000     0.00800000   137.53827184
     0.00900000     0.02800000     0.00800000   142.91344089
     0.00900000     0.03000000     0.01000000   144.35425743
     0.00900000     0.03200000     0.01200000   159.75751082
     0.01000000     0.00200000     0.00800000    95.40090382
     0.01000000     0.00300000     0.00700000    96.69796687
     0.01000000     0.00300000     0.00800000    96.62965374
     0.01000000     0.00400000     0.00700000    97.68509487
     0.01000000     0.00400000     0.00800000    97.66015422
     0.01000000     0.00500000     0.00600000    99.67143507
     0.01000000     0.00600000     0.00500000   101.22232832
     0.01000000     0.00600000     0.00600000   101.14828483
     0.01000000     0.00700000     0.00500000   102.36344553
     0.01000000     0.00700000     0.00600000   102.40493173
     0.01000000     0.00800000     0.00400000   104.34121331
     0.01000000     0.00800000     0.00500000   104.28830151
     0.01000000     0.00800000     0.00600000   104.00730856
     0.01000000     0.00900000     0.00400000   105.54811801
     0.01000000     0.01000000     0.00400000   107.36517757
     0.01000000     0.01100000     0.00400000   108.99080268
     0.01000000     0.01200000     0.00300000   111.11421172
     0.01000000     0.01200000     0.00400000   110.97371573
     0.01000000     0.01300000     0.00300000   112.38984801
     0.01000000     0.01300000     0.00400000   112.74956555
     0.01000000     0.01400000     0.00300000   113.95347710
     0.01000000     0.01400000     0.00400000   114.44323059
     0.01000000     0.01500000     0.00300000   115.58379682
     0.01000000     0.01500000     0.00400000   116.14168700
     0.01000000     0.01600000     0.00300000   117.12955793
     0.01000000     0.01600000     0.00400000   117.77597717
     0.01000000     0.01700000     0.00300000   118.27628330
     0.01000000     0.01700000     0.00400000   119.21206361
     0.01000000     0.01800000     0.00300000   118.38249154
     0.01000000     0.01800000     0.00400000   120.28285623
     0.01000000     0.01900000     0.00400000   121.54726772
     0.01000000     0.02000000     0.00400000   123.53037489
     0.01000000     0.02100000     0.00400000   124.52699010
     0.01000000     0.02200000     0.00400000   124.43871992
     0.01000000     0.02200000     0.00500000   126.28022528
     0.01000000     0.02200000     0.00600000   127.82121980
     0.01000000     0.02300000     0.00500000   127.95213752
     0.01000000     0.02300000     0.00600000   128.88757700
     0.01000000     0.02400000     0.00500000   127.73136903
     0.01000000     0.02400000     0.00600000   129.00609717
     0.01000000     0.02500000     0.00600000   133.57379626
     0.01000000     0.02600000     0.00700000   134.10533068
     0.01000000     0.02600000     0.00800000   136.23712153
     0.01000000     0.02700000     0.00800000   136.93978342
     0.01000000     0.03000000     0.01000000   143.28271639
     0.01100000     0.00300000     0.00800000    95.68436255
     0.01100000     0.00400000     0.00800000    96.56271519
     0.01100000     0.00600000     0.00600000   100.25182660
     0.01100000     0.00700000     0.00600000   101.33177846
     0.01100000     0.00800000     0.00500000   103.50740141
     0.01100000     0.00800000     0.00600000   103.20478365
     0.01100000     0.01000000     0.00400000   107.01766914
     0.01100000     0.01100000     0.00400000   108.26808548
     0.01100000     0.01200000     0.00400000   109.87555411
     0.01100000     0.01300000     0.00400000   111.62966971
     0.01100000     0.01400000     0.00400000   113.36517255
     0.01100000     0.01500000     0.00400000   115.09621449
     0.01100000     0.01600000     0.00400000   116.76783733
     0.01100000     0.01700000     0.00400000   118.32265716
     0.01100000     0.01800000     0.00400000   119.47445347
     0.01100000     0.01900000     0.00400000   119.60306750
     0.01100000     0.02200000     0.00500000   124.76729635
     0.01100000     0.02200000     0.00600000   126.53749076
     0.01100000     0.02300000     0.00600000   127.13479370
     0.01100000     0.02400000     0.00600000   129.00609717
     0.01100000     0.02600000     0.00800000   134.84856824
     0.01200000     0.00800000     0.00600000   102.28850817
     0.00000000     0.00200000     0.01100000    93.04175038
     0.00000000     0.00300000     0.01000000    94.59950151
     0.00000000     0.00300000     0.01100000    94.25745050
     0.00000000     0.00400000     0.00900000    96.29614673
     0.00000000     0.00400000     0.01000000    95.94451711
     0.00000000     0.00500000     0.00800000    97.97624765
     0.00000000     0.00500000     0.00900000    97.71261186
     0.00000000     0.00600000     0.00800000    98.95876485
     0.00000000     0.00700000     0.00700000   101.34666179
     0.00000000     0.00700000     0.00800000   100.80979399
     0.00000000     0.00800000     0.00600000   103.33762287
     0.00000000     0.00800000     0.00700000   103.05181398
     0.00000000     0.00900000     0.00600000   104.50466318
     0.00000000     0.01000000     0.00600000   106.02903395
     0.00000000     0.01100000     0.00500000   108.77357313
     0.00000000     0.01100000     0.00600000   108.42367656
     0.00000000     0.01200000     0.00500000   110.05814812
     0.00000000     0.01300000     0.00500000   111.67558120
     0.00000000     0.01400000     0.00500000   113.44839514
     0.00000000     0.01500000     0.00500000   115.25335703
     0.00000000     0.01600000     0.00500000   117.04389421
     0.00000000     0.01700000     0.00500000   118.73761874
     0.00000000     0.01800000     0.00500000   119.99358950
     0.00000000     0.01800000     0.00600000   120.83831528
     0.00000000     0.01900000     0.00500000   120.17899866
     0.00000000     0.01900000     0.00600000   121.95571287
     0.00000000     0.02000000     0.00600000   123.77127634
     0.00000000     0.02100000     0.00600000   124.00512492
     0.00000000     0.02100000     0.00700000   125.98650894
     0.00000000     0.02200000     0.00700000   127.98666723
     0.00000000     0.02200000     0.00800000   129.11793530
     0.00000000     0.02300000     0.00700000   128.25108065
     0.00000000     0.02300000     0.00800000   130.26493038
     0.00000000     0.02400000     0.00800000   131.09272824
     0.00000000     0.02500000     0.00800000   135.84953908
     0.00000000     0.02500000     0.00900000   135.84953908
     0.00000000     0.02500000     0.01000000   137.00984928
     0.00000000     0.02600000     0.00900000   135.97397474
     0.00000000     0.02600000     0.01000000   137.23960118
     0.00000000     0.02700000     0.01000000   142.56108233
     0.00000000     0.02700000     0.01100000   142.56108233
     0.00000000     0.02700000     0.01200000   143.91262060
     0.00000000     0.02800000     0.01100000   142.88579224
     0.00000000     0.02800000     0.01200000   145.11565547
     0.00000000     0.02900000     0.01200000   145.72837199
     0.00100000     0.00100000     0.01000000    93.79761926
     0.00100000     0.00200000     0.00900000    95.10700358
     0.00100000     0.00200000     0.01000000    94.97642464
     0.00100000     0.00200000     0.01100000    94.44358093
     0.00100000     0.00300000     0.00800000    96.44554943
     0.00100000     0.00300000     0.00900000    96.38821930
     0.00100000     0.00300000     0.01000000    95.88800498
     0.00100000     0.00300000     0.01100000    95.15533060
     0.00100000     0.00400000     0.00800000    97.37747114
     0.00100000     0.00400000     0.00900000    97.38909573
     0.00100000     0.00400000     0.01000000    96.80269224
     0.00100000     0.00500000     0.00700000    99.29287005
     0.00100000     0.00500000     0.00800000    98.92361620
     0.00100000     0.00500000     0.00900000    98.51312437
     0.00100000     0.00600000     0.00600000   101.05652721
     0.00100000     0.00600000     0.00700000   100.88417826
     0.00100000     0.00600000     0.00800000   100.18078579
     0.00100000     0.00700000     0.00600000   102.18054038
     0.00100000     0.00700000     0.00700000   102.26181230
     0.00100000     0.00700000     0.00800000   101.63644858
     0.00100000     0.00800000     0.00500000   104.33229419
     0.00100000     0.00800000     0.00600000   104.13967285
     0.00100000     0.00800000     0.00700000   103.78943856
     0.00100000     0.00900000     0.00500000   105.56138646
     0.00100000     0.00900000     0.00600000   105.60649382
     0.00100000     0.01000000     0.00400000   107.81052782
     0.00100000     0.01000000     0.00500000   107.69535358
     0.00100000     0.01000000     0.00600000   107.22600948
     0.00100000     0.01100000     0.00400000   109.08325682
     0.00100000     0.01100000     0.00500000   109.50007970
     0.00100000     0.01100000     0.00600000   109.21238619
     0.00100000     0.01200000     0.00400000   110.70670509
     0.00100000     0.01200000     0.00500000   111.08241794
     0.00100000     0.01300000     0.00400000   112.46484395
     0.00100000     0.01300000     0.00500000   112.79984380
     0.00100000     0.01400000     0.00400000   114.19879149
     0.00100000     0.01400000     0.00500000   114.57743323
     0.00100000     0.01500000     0.00400000   115.91592846
     0.00100000     0.01500000     0.00500000   116.36036805
     0.00100000     0.01600000     0.00400000   117.57716069
     0.00100000     0.01600000     0.00500000   118.11397196
     0.00100000     0.01700000     0.00400000   119.11155021
     0.00100000     0.01700000     0.00500000   119.76730406
     0.00100000     0.01800000     0.00400000   120.24274815
     0.00100000     0.01800000     0.00500000   121.12380266
     0.00100000     0.01800000     0.00600000   121.66212063
     0.00100000     0.01900000     0.00400000   120.35481702
     0.00100000     0.01900000     0.00500000   121.91994985
     0.00100000     0.01900000     0.00600000   123.19524279
     0.00100000     0.02000000     0.00500000   124.21808917
     0.00100000     0.02000000     0.00600000   124.98520808
     0.00100000     0.02100000     0.00500000   125.40081357
     0.00100000     0.02100000     0.00600000   126.18124389
     0.00100000     0.02100000     0.00700000   127.20637291
     0.00100000     0.02200000     0.00500000   125.45818894
     0.00100000     0.02200000     0.00600000   127.28315996
     0.00100000     0.02200000     0.00700000   128.96088333
     0.00100000     0.02200000     0.00800000   129.92188654
     0.00100000     0.02300000     0.00600000   127.86907923
     0.00100000     0.02300000     0.00700000   129.94586889
     0.00100000     0.02300000     0.00800000   131.65178366
     0.00100000     0.02400000     0.00600000   129.52523162
     0.00100000     0.02400000     0.00700000   132.29587351
     0.00100000     0.02400000     0.00800000   133.34317482
     0.00100000     0.02500000     0.00700000   132.50558896
     0.00100000     0.02500000     0.00800000   134.70202180
     0.00100000     0.02500000     0.00900000   136.83305289
     0.00100000     0.02500000     0.01000000   138.05268802
     0.00100000     0.02600000     0.00800000   135.52599876
     0.00100000     0.02600000     0.00900000   137.86842875
     0.00100000     0.02600000     0.01000000   139.54692594
     0.00100000     0.02700000     0.00900000   140.29926014
     0.00100000     0.02700000     0.01000000   141.69362978
     0.00100000     0.02700000     0.01100000   143.52961189
     0.00100000     0.02700000     0.01200000   144.84754658
     0.00100000     0.02800000     0.00900000   140.30835043
     0.00100000     0.02800000     0.01000000   141.77948197
     0.00100000     0.02800000     0.01100000   144.65103727
     0.00100000     0.02800000     0.01200000   146.73527310
     0.00100000     0.02900000     0.01000000   147.23416838
     0.00100000     0.02900000     0.01100000   147.23416838
     0.00100000     0.02900000     0.01200000   148.49120267
     0.00100000     0.03000000     0.01100000   147.30848655
     0.00100000     0.03000000     0.01200000   149.67330056
     0.00100000     0.03100000     0.01200000   149.78421107
     0.00200000     0.00000000     0.01000000    93.46481129
     0.00200000     0.00100000     0.00900000    94.66248428
     0.00200000     0.00100000     0.01000000    94.60805486
     0.00200000     0.00200000     0.00800000    95.98605611
     0.00200000     0.00200000     0.00900000    95.91941478
     0.00200000     0.00200000     0.01000000    95.71560054
     0.00200000     0.00300000     0.00700000    97.27902069
     0.00200000     0.00300000     0.00800000    97.27880321
     0.00200000     0.00300000     0.00900000    97.11295625
     0.00200000     0.00400000     0.00700000    98.29616873
     0.00200000     0.00400000     0.00800000    98.36906384
     0.00200000     0.00500000     0.00600000   100.29190956
     0.00200000     0.00500000     0.00700000   100.06274157
     0.00200000     0.00500000     0.00800000    99.72487267
     0.00200000     0.00600000     0.00500000   101.81251455
     0.00200000     0.00600000     0.00600000   101.82957225
     0.00200000     0.00600000     0.00700000   101.58382472
     0.00200000     0.00700000     0.00500000   102.98077173
     0.00200000     0.00800000     0.00400000   104.94029516
     0.00200000     0.00800000     0.00500000   104.98049617
     0.00200000     0.00900000     0.00400000   106.17073448
     0.00200000     0.00900000     0.00500000   106.48429184
     0.00200000     0.01000000     0.00400000   108.07229749
     0.00200000     0.01000000     0.00500000   108.32495006
     0.00200000     0.01100000     0.00400000   109.74632940
     0.00200000     0.01200000     0.00300000   111.71224323
     0.00200000     0.01200000     0.00400000   111.70841407
     0.00200000     0.01300000     0.00300000   112.99619109
     0.00200000     0.01400000     0.00300000   114.56118737
     0.00200000     0.01500000     0.00300000   116.18615286
     0.00200000     0.01600000     0.00300000   117.72075257
     0.00200000     0.01700000     0.00300000   118.85145767
     0.00200000     0.01700000     0.00400000   119.89478566
     0.00200000     0.01800000     0.00300000   118.94504874
     0.00200000     0.01800000     0.00400000   120.96510769
     0.00200000     0.01900000     0.00400000   122.20446792
     0.00200000     0.01900000     0.00500000   123.34561707
     0.00200000     0.02000000     0.00400000   124.09468684
     0.00200000     0.02000000     0.00500000   125.08585000
     0.00200000     0.02100000     0.00400000   125.05797566
     0.00200000     0.02100000     0.00500000   126.28838772
     0.00200000     0.02100000     0.00600000   127.40027525
     0.00200000     0.02200000     0.00400000   124.95400044
     0.00200000     0.02200000     0.00500000   126.86659897
     0.00200000     0.02200000     0.00600000   128.49000235
     0.00200000     0.02300000     0.00500000   128.46422905
     0.00200000     0.02300000     0.00600000   129.47822805
     0.00200000     0.02400000     0.00500000   128.21740035
     0.00200000     0.02400000     0.00600000   129.52523162
     0.00200000     0.02400000     0.00700000   132.76893405
     0.00200000     0.02400000     0.00800000   134.48054044
     0.00200000     0.02500000     0.00600000   131.52808214
     0.00200000     0.02500000     0.00700000   134.18667655
     0.00200000     0.02500000     0.00800000   135.92884446
     0.00200000     0.02600000     0.00700000   134.63203097
     0.00200000     0.02600000     0.00800000   136.81547586
     0.00200000     0.02600000     0.00900000   139.15132334
     0.00200000     0.02700000     0.00800000   137.44421709
     0.00200000     0.02700000     0.00900000   140.83278600
     0.00200000     0.02700000     0.01000000   142.73272286
     0.00200000     0.02800000     0.00900000   142.08663619
     0.00200000     0.02800000     0.01000000   143.57150266
     0.00200000     0.02900000     0.00900000   142.17174273
     0.00200000     0.02900000     0.01000000   143.73150599
     0.00200000     0.02900000     0.01100000   147.66296471
     0.00200000     0.02900000     0.01200000   149.79488145
     0.00200000     0.03000000     0.01000000   143.73150599
     0.00200000     0.03000000     0.01100000   148.36117240
     0.00200000     0.03000000     0.01200000   150.37032823
     0.00200000     0.03100000     0.01100000   150.41252675
     0.00200000     0.03100000     0.01200000   150.07084959
     0.00200000     0.03100000     0.01300000   153.78233609
     0.00200000     0.03100000     0.01400000   158.68709783
     0.00200000     0.03200000     0.01300000   162.55091315
     0.00200000     0.03200000     0.01400000   162.55091315
     0.00200000     0.03200000     0.01500000   168.30423584
     0.00200000     0.03300000     0.01500000   171.63033073
     0.00300000     0.00000000     0.00900000    94.20853351
     0.00300000     0.00000000     0.01000000    94.39784191
     0.00300000     0.00100000     0.00900000    95.15838678
     0.00300000     0.00100000     0.01000000    95.31336384
     0.00300000     0.00200000     0.00800000    96.59096996
     0.00300000     0.00200000     0.00900000    96.52075334
     0.00300000     0.00300000     0.00700000    97.91526320
     0.00300000     0.00300000     0.00800000    97.89904063
     0.00300000     0.00400000     0.00600000    99.35787840
     0.00300000     0.00400000     0.00700000    99.16351549
     0.00300000     0.00500000     0.00500000   100.93663417
     0.00300000     0.00500000     0.00600000   100.92901220
     0.00300000     0.00500000     0.00700000   100.69722852
     0.00300000     0.00600000     0.00500000   102.23649017
     0.00300000     0.00600000     0.00600000   102.41168392
     0.00300000     0.00700000     0.00400000   103.81026064
     0.00300000     0.00700000     0.00500000   103.80024764
     0.00300000     0.00800000     0.00400000   105.25985459
     0.00300000     0.00800000     0.00500000   105.50901176
     0.00300000     0.01000000     0.00300000   108.60257149
     0.00300000     0.01000000     0.00400000   108.61964639
     0.00300000     0.01100000     0.00300000   109.89032205
     0.00300000     0.01100000     0.00400000   110.35407856
     0.00300000     0.01200000     0.00300000   111.92015746
     0.00300000     0.01200000     0.00400000   112.33085166
     0.00300000     0.01300000     0.00300000   113.60917935
     0.00300000     0.01400000     0.00300000   115.24212106
     0.00300000     0.01500000     0.00300000   116.87282774
     0.00300000     0.01600000     0.00300000   118.42961143
     0.00300000     0.01700000     0.00300000   119.76057916
     0.00300000     0.01700000     0.00400000   120.47792449
     0.00300000     0.01800000     0.00300000   120.66145869
     0.00300000     0.01800000     0.00400000   121.81421713
     0.00300000     0.01900000     0.00300000   122.09023908
     0.00300000     0.01900000     0.00400000   123.31212860
     0.00300000     0.02000000     0.00300000   122.10772268
     0.00300000     0.02000000     0.00400000   124.49524226
     0.00300000     0.02200000     0.00400000   125.77534658
     0.00300000     0.02200000     0.00500000   127.80255621
     0.00300000     0.02300000     0.00400000   129.33096353
     0.00300000     0.02300000     0.00500000   129.33096353
     0.00300000     0.02300000     0.00600000   130.54751497
     0.00300000     0.02400000     0.00500000   129.18934113
     0.00300000     0.02400000     0.00600000   130.90546164
     0.00300000     0.02500000     0.00600000   131.52808214
     0.00300000     0.02500000     0.00700000   134.80778666
     0.00300000     0.02500000     0.00800000   136.72821719
     0.00300000     0.02600000     0.00600000   136.10987556
     0.00300000     0.02600000     0.00700000   136.10987556
     0.00300000     0.02600000     0.00800000   137.83677018
     0.00300000     0.02700000     0.00700000   136.08654321
     0.00300000     0.02700000     0.00800000   137.96965162
     0.00300000     0.02700000     0.00900000   141.18054436
     0.00300000     0.02800000     0.00800000   143.33023624
     0.00300000     0.02800000     0.00900000   143.33023624
     0.00300000     0.02800000     0.01000000   144.78254964
     0.00300000     0.02900000     0.00900000   143.21190036
     0.00300000     0.02900000     0.01000000   144.75090454
     0.00300000     0.03000000     0.01000000   144.75090454
     0.00300000     0.03000000     0.01100000   150.11548088
     0.00300000     0.03000000     0.01200000   152.03854595
     0.00300000     0.03100000     0.01100000   150.41252675
     0.00300000     0.03100000     0.01200000   152.49771011
     0.00300000     0.03100000     0.01300000   157.57351130
     0.00300000     0.03100000     0.01400000   161.68597399
     0.00300000     0.03200000     0.01200000   160.00483189
     0.00300000     0.03200000     0.01300000   160.00483189
     0.00300000     0.03200000     0.01400000   163.24711550
     0.00300000     0.03200000     0.01500000   169.98922567
     0.00300000     0.03300000     0.01300000   160.00483189
     0.00300000     0.03300000     0.01400000   173.85203319
     0.00300000     0.03300000     0.01500000   173.85203319
     0.00300000     0.03300000     0.01600000   179.31940841
     0.00300000     0.03400000     0.01500000   180.49793779
     0.00300000     0.03400000     0.01600000   186.08806264
     0.00300000     0.03400000     0.01700000   194.94804925
     0.00300000     0.03500000     0.01700000   200.65516791
     0.00400000     0.00000000     0.00900000    94.79347112
     0.00400000     0.00100000     0.00800000    95.69258983
     0.00400000     0.00100000     0.00900000    95.77551849
     0.00400000     0.00200000     0.00700000    96.83477371
     0.00400000     0.00200000     0.00800000    96.99440405
     0.00400000     0.00200000     0.00900000    96.94017388
     0.00400000     0.00300000     0.00700000    98.04249809
     0.00400000     0.00300000     0.00800000    98.22648706
     0.00400000     0.00400000     0.00600000    99.83558018
     0.00400000     0.00400000     0.00700000    99.68739858
     0.00400000     0.00500000     0.00500000   101.52614566
     0.00400000     0.00500000     0.00600000   101.40402423
     0.00400000     0.00600000     0.00400000   102.69923716
     0.00400000     0.00600000     0.00500000   102.79840979
     0.00400000     0.00700000     0.00400000   104.05937914
     0.00400000     0.00700000     0.00500000   104.33985452
     0.00400000     0.00800000     0.00400000   105.50821036
     0.00400000     0.00900000     0.00300000   107.31103890
     0.00400000     0.00900000     0.00400000   107.28522787
     0.00400000     0.01000000     0.00300000   108.83744108
     0.00400000     0.01100000     0.00300000   110.41318679
     0.00400000     0.01200000     0.00300000   112.14177581
     0.00400000     0.01300000     0.00300000   113.88453464
     0.00400000     0.01400000     0.00300000   115.54503585
     0.00400000     0.01500000     0.00300000   117.15084025
     0.00400000     0.01600000     0.00300000   118.74998440
     0.00400000     0.01700000     0.00300000   120.31989871
     0.00400000     0.01800000     0.00300000   121.75769226
     0.00400000     0.01900000     0.00300000   122.95884802
     0.00400000     0.01900000     0.00400000   123.79215797
     0.00400000     0.02000000     0.00300000   123.40901715
     0.00400000     0.02000000     0.00400000   124.86073346
     0.00400000     0.02100000     0.00300000   123.36631880
     0.00400000     0.02100000     0.00400000   125.93356250
     0.00400000     0.02200000     0.00400000   126.80980517
     0.00400000     0.02300000     0.00400000   126.74187834
     0.00400000     0.02300000     0.00500000   129.48475424
     0.00400000     0.02300000     0.00600000   131.04510857
     0.00400000     0.02400000     0.00500000   130.40546060
     0.00400000     0.02400000     0.00600000   131.94179987
     0.00400000     0.02500000     0.00500000   130.19727677
     0.00400000     0.02500000     0.00600000   131.94840199
     0.00400000     0.02600000     0.00600000   133.18487193
     0.00400000     0.02600000     0.00700000   137.03908335
     0.00400000     0.02600000     0.00800000   138.50860219
     0.00400000     0.02700000     0.00700000   136.98941298
     0.00400000     0.02700000     0.00800000   138.93006903
     0.00400000     0.02800000     0.00800000   139.53648606
     0.00400000     0.02800000     0.00900000   143.28762145
     0.00400000     0.02800000     0.01000000   145.27896584
     0.00400000     0.02900000     0.00800000   144.55620760
     0.00400000     0.02900000     0.00900000   144.55620760
     0.00400000     0.02900000     0.01000000   146.11595822
     0.00400000     0.03000000     0.00900000   144.42364599
     0.00400000     0.03000000     0.01000000   146.08416664
     0.00400000     0.03000000     0.01100000   150.60286531
     0.00400000     0.03000000     0.01200000   153.19505836
     0.00400000     0.03100000     0.01000000   151.35577789
     0.00400000     0.03100000     0.01100000   151.35577789
     0.00400000     0.03100000     0.01200000   153.50831549
     0.00400000     0.03200000     0.01100000   151.35577789
     0.00400000     0.03200000     0.01200000   161.63277032
     0.00400000     0.03200000     0.01300000   161.63277032
     0.00400000     0.03200000     0.01400000   164.48206287
     0.00400000     0.03300000     0.01300000   166.85722786
     0.00400000     0.03300000     0.01400000   178.41826954
     0.00400000     0.03300000     0.01500000   178.41826954
     0.00400000     0.03300000     0.01600000   183.31908788
     0.00400000     0.03400000     0.01500000   180.49793779
     0.00400000     0.03400000     0.01600000   185.80360252
     0.00400000     0.03400000     0.01700000   196.87299754
     0.00400000     0.03500000     0.01600000   185.80360252
     0.00400000     0.03500000     0.01700000   202.86107771
     0.00400000     0.03500000     0.01800000   208.15929642
     0.00400000     0.03600000     0.01800000   208.15929642
     0.00400000     0.03600000     0.01900000   234.59726081
     0.00400000     0.03600000     0.02000000   245.34272311
     0.00400000     0.03700000     0.02000000   322.99317016
     0.00400000     0.03700000     0.02100000   322.99317016
     0.00400000     0.03700000     0.02200000   332.61812937
     0.00400000     0.03800000     0.02100000   351.66168517
     0.00400000     0.03800000     0.02200000   362.13395666
     0.00400000     0.03800000     0.02300000   401.38631182
     0.00400000     0.03800000     0.02400000   406.74405498
     0.00400000     0.03900000     0.02300000   408.90645897
     0.00400000     0.03900000     0.02400000   419.42088555
     0.00400000     0.04000000     0.02400000   413.95636016
     0.00400000     0.04000000     0.02500000   420.48029547
     0.00400000     0.04100000     0.02500000    94.26114030
     0.00400000     0.04100000     0.02600000  2159.00049682
     0.00400000     0.04200000     0.02500000    43.25793453
     0.00400000     0.04200000     0.02600000  2168.46047802
     0.00400000     0.04300000     0.02600000   737.44255844
     0.00400000     0.04300000     0.02700000     0.00000000
     0.00400000     0.04300000     0.02800000     0.00000000
     0.00400000     0.04400000     0.02700000     0.00000000
     0.00400000     0.04400000     0.02800000     0.00000000
     0.00400000     0.04500000     0.02800000     0.00000000
     0.00400000     0.04500000     0.02900000     0.00000000
     0.00400000     0.04500000     0.03000000     0.00000000
     0.00400000     0.04600000     0.02900000     0.00000000
     0.00400000     0.04600000     0.03000000     0.00000000
     0.00400000     0.04700000     0.03000000     0.00000000
     0.00400000     0.04700000     0.03100000     0.00000000
     0.00400000     0.04800000     0.03100000     0.00000000
     0.00500000     0.00000000     0.00900000    95.09414428
     0.00500000     0.00100000     0.00800000    96.15342568
     0.00500000     0.00100000     0.00900000    96.22391765
     0.00500000     0.00200000     0.00700000    97.32945557
     0.00500000     0.00300000     0.00600000    98.19720346
     0.00500000     0.00300000     0.00700000    98.41990387
     0.00500000     0.00400000     0.00600000    99.60912110
     0.00500000     0.00400000     0.00700000    99.79151028
     0.00500000     0.00500000     0.00500000   101.76993997
     0.00500000     0.00500000     0.00600000   101.52297189
     0.00500000     0.00600000     0.00400000   103.18633980
     0.00500000     0.00600000     0.00500000   103.22801722
     0.00500000     0.00800000     0.00400000   105.65122946
     0.00500000     0.00900000     0.00300000   107.81835851
     0.00500000     0.00900000     0.00400000   107.69742630
     0.00500000     0.01000000     0.00300000   109.02618223
     0.00500000     0.01100000     0.00300000   110.59493717
     0.00500000     0.01200000     0.00300000   112.31341147
     0.00500000     0.01300000     0.00200000   113.44737400
     0.00500000     0.01300000     0.00300000   114.09541867
     0.00500000     0.01400000     0.00200000   114.47718288
     0.00500000     0.01400000     0.00300000   115.55975615
     0.00500000     0.01500000     0.00200000   115.31516146
     0.00500000     0.01500000     0.00300000   116.85782661
     0.00500000     0.01600000     0.00200000   115.23824359
     0.00500000     0.01600000     0.00300000   118.22553856
     0.00500000     0.01700000     0.00300000   120.44961592
     0.00500000     0.01800000     0.00300000   122.03431698
     0.00500000     0.01900000     0.00300000   123.39830525
     0.00500000     0.02000000     0.00300000   124.20546598
     0.00500000     0.02000000     0.00400000   125.23413175
     0.00500000     0.02100000     0.00300000   124.01687789
     0.00500000     0.02100000     0.00400000   126.08781142
     0.00500000     0.02200000     0.00400000   127.52429423
     0.00500000     0.02300000     0.00400000   127.39696065
     0.00500000     0.02300000     0.00500000   129.66332219
     0.00500000     0.02400000     0.00500000   131.19587516
     0.00500000     0.02400000     0.00600000   132.50282333
     0.00500000     0.02500000     0.00500000   130.95837531
     0.00500000     0.02500000     0.00600000   132.74927511
     0.00500000     0.02600000     0.00600000   133.18487193
     0.00500000     0.02600000     0.00700000   136.73794714
     0.00500000     0.02600000     0.00800000   138.70922003
     0.00500000     0.02700000     0.00700000   137.88629151
     0.00500000     0.02700000     0.00800000   139.71937336
     0.00500000     0.02800000     0.00700000   137.53454153
     0.00500000     0.02800000     0.00800000   139.67275235
     0.00500000     0.02900000     0.00800000   145.51753611
     0.00500000     0.02900000     0.00900000   145.51753611
     0.00500000     0.02900000     0.01000000   147.08300026
     0.00500000     0.03000000     0.00900000   145.26306739
     0.00500000     0.03000000     0.01000000   146.92132574
     0.00500000     0.03100000     0.01000000   151.76185422
     0.00500000     0.03100000     0.01100000   151.76185422
     0.00500000     0.03100000     0.01200000   154.00467566
     0.00500000     0.03200000     0.01100000   151.76185422
     0.00500000     0.03200000     0.01200000   165.00090122
     0.00500000     0.03200000     0.01300000   165.00090122
     0.00500000     0.03200000     0.01400000   168.10348911
     0.00500000     0.03300000     0.01300000   166.85722786
     0.00500000     0.03300000     0.01400000   172.11977097
     0.00500000     0.03300000     0.01500000   178.76218847
     0.00500000     0.03300000     0.01600000   184.46685319
     0.00500000     0.03400000     0.01400000   174.70671923
     0.00500000     0.03400000     0.01500000   179.67141412
     0.00500000     0.03400000     0.01600000   185.72627163
     0.00500000     0.03500000     0.01600000   185.72627163
     0.00500000     0.03500000     0.01700000   205.22630987
     0.00500000     0.03500000     0.01800000   213.60942856
     0.00500000     0.03600000     0.01800000   221.70268620
     0.00500000     0.03600000     0.01900000   231.38407270
     0.00500000     0.03600000     0.02000000   243.38259850
     0.00500000     0.03700000     0.01900000   231.38407270
     0.00500000     0.03700000     0.02000000   343.14252959
     0.00500000     0.03700000     0.02100000   343.14252959
     0.00500000     0.03700000     0.02200000   349.55922326
     0.00500000     0.03800000     0.02100000   351.66168517
     0.00500000     0.03800000     0.02200000   362.13395666
     0.00500000     0.03800000     0.02300000   398.20924756
     0.00500000     0.03800000     0.02400000   409.60610332
     0.00500000     0.03900000     0.02200000   362.13395666
     0.00500000     0.03900000     0.02300000   414.80169178
     0.00500000     0.03900000     0.02400000   423.77399345
     0.00500000     0.04000000     0.02300000   422.92519992
     0.00500000     0.04000000     0.02400000   417.55930259
     0.00500000     0.04000000     0.02500000   423.87364281
     0.00500000     0.04100000     0.02400000   417.55930259
     0.00500000     0.04100000     0.02500000    95.15229432
     0.00500000     0.04100000     0.02600000  2158.62224907
     0.00500000     0.04200000     0.02500000    43.67244923
     0.00500000     0.04200000     0.02600000  2168.38138289
     0.00500000     0.04300000     0.02600000   737.31252650
     0.00500000     0.04300000     0.02700000     0.00000000
     0.00500000     0.04300000     0.02800000     0.00000000
     0.00500000     0.04400000     0.02700000     0.00000000
     0.00500000     0.04400000     0.02800000     0.00000000
     0.00500000     0.04500000     0.02800000     0.00000000
     0.00500000     0.04500000     0.02900000     0.00000000
     0.00500000     0.04500000     0.03000000     0.00000000
     0.00500000     0.04600000     0.02900000     0.00000000
     0.00500000     0.04600000     0.03000000     0.00000000
     0.00500000     0.04700000     0.02900000     0.00000000
     0.00500000     0.04700000     0.03000000     0.00000000
     0.00500000     0.04700000     0.03100000     0.00000000
     0.00500000     0.04800000     0.03000000     0.00000000
     0.00500000     0.04800000     0.03100000     0.00000000
     0.00600000     0.00000000     0.00900000    95.12866973
     0.00600000     0.00100000     0.00800000    96.23393869
     0.00600000     0.00100000     0.00900000    96.27499914
     0.00600000     0.00200000     0.00700000    97.43662478
     0.00600000     0.00300000     0.00600000    98.50122946
     0.00600000     0.00300000     0.00700000    98.65707948
     0.00600000     0.00400000     0.00600000    99.59565018
     0.00600000     0.00500000     0.00500000   101.76446236
     0.00600000     0.00500000     0.00600000   101.47607385
     0.00600000     0.00600000     0.00400000   103.26242002
     0.00600000     0.00600000     0.00500000   103.25163787
     0.00600000     0.00800000     0.00400000   105.63601669
     0.00600000     0.00900000     0.00300000   107.88980368
     0.00600000     0.00900000     0.00400000   107.69908999
     0.00600000     0.01000000     0.00300000   109.05416467
     0.00600000     0.01100000     0.00300000   110.59166545
     0.00600000     0.01200000     0.00300000   112.30926987
     0.00600000     0.01300000     0.00200000   113.86471731
     0.00600000     0.01300000     0.00300000   114.29115043
     0.00600000     0.01600000     0.00200000   115.64370185
     0.00600000     0.01600000     0.00300000   117.94290116
     0.00600000     0.01700000     0.00300000   120.38404441
     0.00600000     0.01800000     0.00300000   122.04691894
     0.00600000     0.01900000     0.00300000   123.44788965
     0.00600000     0.02000000     0.00300000   124.31667390
     0.00600000     0.02000000     0.00400000   125.20089266
     0.00600000     0.02100000     0.00300000   124.13780199
     0.00600000     0.02100000     0.00400000   126.14054770
     0.00600000     0.02200000     0.00400000   127.62010803
     0.00600000     0.02300000     0.00400000   127.51974925
     0.00600000     0.02300000     0.00500000   129.73722338
     0.00600000     0.02400000     0.00500000   131.33339150
     0.00600000     0.02400000     0.00600000   132.64969767
     0.00600000     0.02500000     0.00500000   131.17193926
     0.00600000     0.02500000     0.00600000   133.25678127
     0.00600000     0.02600000     0.00600000   133.66552230
     0.00600000     0.02600000     0.00700000   136.55506786
     0.00600000     0.02700000     0.00700000   138.37335172
     0.00600000     0.02700000     0.00800000   139.93745263
     0.00600000     0.02800000     0.00700000   138.03018024
     0.00600000     0.02800000     0.00800000   139.74141494
     0.00600000     0.02900000     0.00800000   145.69493093
     0.00600000     0.02900000     0.00900000   145.69493093
     0.00600000     0.02900000     0.01000000   147.24942578
     0.00600000     0.03000000     0.00900000   145.46513695
     0.00600000     0.03000000     0.01000000   147.12381578
     0.00600000     0.03100000     0.01000000   151.87526555
     0.00600000     0.03100000     0.01100000   151.87526555
     0.00600000     0.03100000     0.01200000   154.12449486
     0.00600000     0.03200000     0.01100000   151.87526555
     0.00600000     0.03200000     0.01200000   166.59755257
     0.00600000     0.03200000     0.01300000   166.59755257
     0.00600000     0.03200000     0.01400000   169.86025700
     0.00600000     0.03300000     0.01300000   167.67437627
     0.00600000     0.03300000     0.01400000   172.86247063
     0.00600000     0.03400000     0.01400000   175.33466550
     0.00600000     0.03500000     0.01600000   185.84267083
     0.00600000     0.03500000     0.01700000   206.36593205
     0.00600000     0.03500000     0.01800000   216.39612973
     0.00600000     0.03600000     0.01800000   222.64508427
     0.00600000     0.03700000     0.02000000   348.46438021
     0.00600000     0.03700000     0.02100000   348.46438021
     0.00600000     0.03700000     0.02200000   358.52088754
     0.00600000     0.03800000     0.02100000   354.56235341
     0.00600000     0.03800000     0.02200000   362.91973793
     0.00600000     0.03900000     0.02200000   362.91973793
     0.00600000     0.03900000     0.02300000   417.40283959
     0.00600000     0.03900000     0.02400000   426.00199475
     0.00600000     0.04000000     0.02300000   425.82427813
     0.00600000     0.04000000     0.02400000   419.96480335
     0.00600000     0.04100000     0.02400000    95.37671499
     0.00600000     0.04100000     0.02500000    95.37671499
     0.00600000     0.04100000     0.02600000  2158.45793057
     0.00600000     0.04200000     0.02500000    43.69180774
     0.00600000     0.04200000     0.02600000  2168.59031320
     0.00600000     0.04300000     0.02600000   737.27426838
     0.00600000     0.04300000     0.02700000     0.00000000
     0.00600000     0.04300000     0.02800000     0.00000000
     0.00600000     0.04400000     0.02700000     0.00000000
     0.00600000     0.04400000     0.02800000     0.00000000
     0.00600000     0.04500000     0.02800000     0.00000000
     0.00600000     0.04500000     0.02900000     0.00000000
     0.00600000     0.04600000     0.02900000     0.00000000
     0.00700000     0.00000000     0.00900000    94.92888419
     0.00700000     0.00100000     0.00800000    96.01160468
     0.00700000     0.00100000     0.00900000    96.06118831
     0.00700000     0.00200000     0.00700000    97.18634416
     0.00700000     0.00300000     0.00600000    98.14209034
     0.00700000     0.00300000     0.00700000    98.27968402
     0.00700000     0.00400000     0.00600000    99.46818169
     0.00700000     0.00400000     0.00700000    99.62113790
     0.00700000     0.00500000     0.00500000   101.58625966
     0.00700000     0.00500000     0.00600000   101.33157173
     0.00700000     0.00600000     0.00400000   103.03578357
     0.00700000     0.00600000     0.00500000   103.05076361
     0.00700000     0.00800000     0.00400000   105.46246020
     0.00700000     0.00900000     0.00300000   107.65955395
     0.00700000     0.00900000     0.00400000   107.50786145
     0.00700000     0.01000000     0.00300000   108.85414084
     0.00700000     0.01100000     0.00300000   110.40541558
     0.00700000     0.01200000     0.00300000   112.11460146
     0.00700000     0.01300000     0.00200000   113.40812010
     0.00700000     0.01300000     0.00300000   113.93538223
     0.00700000     0.01400000     0.00200000   114.43907361
     0.00700000     0.01400000     0.00300000   115.41468082
     0.00700000     0.01500000     0.00200000   115.27610859
     0.00700000     0.01500000     0.00300000   116.72075073
     0.00700000     0.01600000     0.00200000   115.19859511
     0.00700000     0.01600000     0.00300000   118.05915755
     0.00700000     0.01700000     0.00300000   120.25657359
     0.00700000     0.01800000     0.00300000   121.84958037
     0.00700000     0.01900000     0.00300000   123.22645129
     0.00700000     0.02000000     0.00300000   124.05298274
     0.00700000     0.02000000     0.00400000   125.02489465
     0.00700000     0.02100000     0.00300000   123.87704956
     0.00700000     0.02100000     0.00400000   125.92614840
     0.00700000     0.02200000     0.00400000   127.36990319
     0.00700000     0.02300000     0.00400000   127.25945189
     0.00700000     0.02300000     0.00500000   129.50532739
     0.00700000     0.02400000     0.00500000   131.05117292
     0.00700000     0.02400000     0.00600000   132.34482270
     0.00700000     0.02500000     0.00500000   130.83047856
     0.00700000     0.02500000     0.00600000   132.62372226
     0.00700000     0.02600000     0.00600000   133.13449592
     0.00700000     0.02600000     0.00700000   136.60000668
     0.00700000     0.02600000     0.00800000   138.53610706
     0.00700000     0.02700000     0.00700000   137.77003366
     0.00700000     0.02700000     0.00800000   139.58453540
     0.00700000     0.02800000     0.00700000   137.49089914
     0.00700000     0.02800000     0.00800000   139.57479147
     0.00700000     0.02900000     0.00800000   145.40037053
     0.00700000     0.02900000     0.00900000   145.40037053
     0.00700000     0.02900000     0.01000000   146.96017846
     0.00700000     0.03000000     0.00900000   145.16456516
     0.00700000     0.03000000     0.01000000   146.81871641
     0.00700000     0.03100000     0.01000000   151.64424396
     0.00700000     0.03100000     0.01100000   151.64424396
     0.00700000     0.03100000     0.01200000   153.88352097
     0.00700000     0.03200000     0.01100000   151.64424396
     0.00700000     0.03200000     0.01200000   164.92324097
     0.00700000     0.03200000     0.01300000   164.92324097
     0.00700000     0.03200000     0.01400000   168.02433445
     0.00700000     0.03300000     0.01300000   166.83530901
     0.00700000     0.03300000     0.01400000   172.09902867
     0.00700000     0.03300000     0.01500000   178.71149261
     0.00700000     0.03300000     0.01600000   184.39960738
     0.00700000     0.03400000     0.01400000   174.69130154
     0.00700000     0.03400000     0.01500000   179.63172647
     0.00700000     0.03400000     0.01600000   185.66917849
     0.00700000     0.03500000     0.01600000   185.66917849
     0.00700000     0.03500000     0.01700000   205.18064942
     0.00700000     0.03500000     0.01800000   213.57239269
     0.00700000     0.03600000     0.01800000   221.69161092
     0.00700000     0.03600000     0.01900000   231.36377604
     0.00700000     0.03600000     0.02000000   243.35780033
     0.00700000     0.03700000     0.01900000   231.36377604
     0.00700000     0.03700000     0.02000000   343.13584025
     0.00700000     0.03700000     0.02100000   343.13584025
     0.00700000     0.03700000     0.02200000   349.55281757
     0.00700000     0.03800000     0.02100000   351.65926353
     0.00700000     0.03800000     0.02200000   362.13244760
     0.00700000     0.03800000     0.02300000   398.20727968
     0.00700000     0.03800000     0.02400000   409.60427914
     0.00700000     0.03900000     0.02200000   362.13244760
     0.00700000     0.03900000     0.02300000   414.80066259
     0.00700000     0.03900000     0.02400000   423.77302283
     0.00700000     0.04000000     0.02300000   422.92487873
     0.00700000     0.04000000     0.02400000   417.55872931
     0.00700000     0.04000000     0.02500000   423.87296621
     0.00700000     0.04100000     0.02400000    95.15217375
     0.00700000     0.04100000     0.02500000    95.15217375
     0.00700000     0.04100000     0.02600000  2158.62225503
     0.00700000     0.04200000     0.02500000    43.67242150
     0.00700000     0.04200000     0.02600000  2168.38137999
     0.00700000     0.04300000     0.02600000   737.31251665
     0.00700000     0.04300000     0.02700000     0.00000000
     0.00700000     0.04300000     0.02800000     0.00000000
     0.00700000     0.04400000     0.02700000     0.00000000
     0.00700000     0.04400000     0.02800000     0.00000000
     0.00700000     0.04500000     0.02800000     0.00000000
     0.00700000     0.04500000     0.02900000     0.00000000
     0.00700000     0.04500000     0.03000000     0.00000000
     0.00700000     0.04600000     0.02900000     0.00000000
     0.00700000     0.04600000     0.03000000     0.00000000
     0.00700000     0.04700000     0.02900000     0.00000000
     0.00700000     0.04700000     0.03000000     0.00000000
     0.00700000     0.04700000     0.03100000     0.00000000
     0.00700000     0.04800000     0.03000000     0.00000000
     0.00700000     0.04800000     0.03100000     0.00000000
     0.00800000     0.00000000     0.00900000    94.48729747
     0.00800000     0.00100000     0.00800000    95.47424679
     0.00800000     0.00100000     0.00900000    95.46889488
     0.00800000     0.00200000     0.00700000    96.61470635
     0.00800000     0.00200000     0.00800000    96.70782140
     0.00800000     0.00200000     0.00900000    96.59532736
     0.00800000     0.00300000     0.00700000    97.72862738
     0.00800000     0.00300000     0.00800000    97.87443974
     0.00800000     0.00400000     0.00600000    99.48916525
     0.00800000     0.00400000     0.00700000    99.31501773
     0.00800000     0.00500000     0.00500000   101.18743859
     0.00800000     0.00500000     0.00600000   101.03898055
     0.00800000     0.00600000     0.00400000   102.47037026
     0.00800000     0.00600000     0.00500000   102.46660722
     0.00800000     0.00700000     0.00400000   103.75884005
     0.00800000     0.00700000     0.00500000   103.98780265
     0.00800000     0.00800000     0.00400000   105.14636422
     0.00800000     0.00900000     0.00300000   107.07263694
     0.00800000     0.00900000     0.00400000   106.92284571
     0.00800000     0.01000000     0.00300000   108.53192757
     0.00800000     0.01100000     0.00300000   110.06393070
     0.00800000     0.01200000     0.00300000   111.76711077
     0.00800000     0.01300000     0.00300000   113.49355202
     0.00800000     0.01400000     0.00300000   115.15430316
     0.00800000     0.01500000     0.00300000   116.75848420
     0.00800000     0.01600000     0.00300000   118.37120099
     0.00800000     0.01700000     0.00300000   119.94476125
     0.00800000     0.01800000     0.00300000   121.40915738
     0.00800000     0.01900000     0.00300000   122.64459050
     0.00800000     0.01900000     0.00400000   123.45634880
     0.00800000     0.02000000     0.00300000   123.13861745
     0.00800000     0.02000000     0.00400000   124.54110973
     0.00800000     0.02100000     0.00300000   123.15871147
     0.00800000     0.02100000     0.00400000   125.62258319
     0.00800000     0.02200000     0.00400000   126.52042094
     0.00800000     0.02300000     0.00400000   126.53294647
     0.00800000     0.02300000     0.00500000   129.18206828
     0.00800000     0.02300000     0.00600000   130.69588202
     0.00800000     0.02400000     0.00500000   130.13200145
     0.00800000     0.02400000     0.00600000   131.63621016
     0.00800000     0.02500000     0.00500000   130.00287237
     0.00800000     0.02500000     0.00600000   131.68232046
     0.00800000     0.02600000     0.00600000   133.13449592
     0.00800000     0.02600000     0.00700000   136.72600697
     0.00800000     0.02600000     0.00800000   138.17558283
     0.00800000     0.02700000     0.00700000   136.70170111
     0.00800000     0.02700000     0.00800000   138.64620222
     0.00800000     0.02800000     0.00800000   139.34260583
     0.00800000     0.02800000     0.00900000   143.01643474
     0.00800000     0.02800000     0.01000000   144.97677358
     0.00800000     0.02900000     0.00800000   144.32715438
     0.00800000     0.02900000     0.00900000   144.32715438
     0.00800000     0.02900000     0.01000000   145.87829972
     0.00800000     0.03000000     0.00900000   144.27813775
     0.00800000     0.03000000     0.01000000   145.92888672
     0.00800000     0.03000000     0.01100000   150.37864895
     0.00800000     0.03000000     0.01200000   152.94705310
     0.00800000     0.03100000     0.01000000   151.13698069
     0.00800000     0.03100000     0.01100000   151.13698069
     0.00800000     0.03100000     0.01200000   153.28498601
     0.00800000     0.03200000     0.01100000   151.13698069
     0.00800000     0.03200000     0.01200000   161.43198853
     0.00800000     0.03200000     0.01300000   161.43198853
     0.00800000     0.03200000     0.01400000   164.27513649
     0.00800000     0.03300000     0.01300000   166.83530901
     0.00800000     0.03300000     0.01400000   178.28708443
     0.00800000     0.03300000     0.01500000   178.28708443
     0.00800000     0.03300000     0.01600000   183.18610766
     0.00800000     0.03400000     0.01500000   180.41569494
     0.00800000     0.03400000     0.01600000   185.70078461
     0.00800000     0.03400000     0.01700000   196.77291361
     0.00800000     0.03500000     0.01600000   185.70078461
     0.00800000     0.03500000     0.01700000   202.77993207
     0.00800000     0.03500000     0.01800000   208.08029610
     0.00800000     0.03600000     0.01800000   208.08029610
     0.00800000     0.03600000     0.01900000   234.56034470
     0.00800000     0.03600000     0.02000000   245.30643968
     0.00800000     0.03700000     0.02000000   322.97737595
     0.00800000     0.03700000     0.02100000   322.97737595
     0.00800000     0.03700000     0.02200000   332.60355877
     0.00800000     0.03800000     0.02100000   351.65926353
     0.00800000     0.03800000     0.02200000   362.13244760
     0.00800000     0.03800000     0.02300000   401.38343441
     0.00800000     0.03800000     0.02400000   406.74148555
     0.00800000     0.03900000     0.02300000   408.90450525
     0.00800000     0.03900000     0.02400000   419.41934317
     0.00800000     0.04000000     0.02400000   413.95537023
     0.00800000     0.04000000     0.02500000   420.47932238
     0.00800000     0.04100000     0.02500000    94.26096352
     0.00800000     0.04100000     0.02600000  2159.00050346
     0.00800000     0.04200000     0.02500000    43.25789662
     0.00800000     0.04200000     0.02600000  2168.46047254
     0.00800000     0.04300000     0.02600000   737.44254351
     0.00800000     0.04300000     0.02700000     0.00000000
     0.00800000     0.04300000     0.02800000     0.00000000
     0.00800000     0.04400000     0.02700000     0.00000000
     0.00800000     0.04400000     0.02800000     0.00000000
     0.00800000     0.04500000     0.02800000     0.00000000
     0.00800000     0.04500000     0.02900000     0.00000000
     0.00800000     0.04500000     0.03000000     0.00000000
     0.00800000     0.04600000     0.02900000     0.00000000
     0.00800000     0.04600000     0.03000000     0.00000000
     0.00800000     0.04700000     0.03000000     0.00000000
     0.00800000     0.04700000     0.03100000     0.00000000
     0.00800000     0.04800000     0.03100000     0.00000000
     0.00900000     0.00000000     0.00900000    93.83297769
     0.00900000     0.00000000     0.01000000    93.96298229
     0.00900000     0.00100000     0.00900000    94.70417895
     0.00900000     0.00100000     0.01000000    94.82185514
     0.00900000     0.00200000     0.00800000    96.07995732
     0.00900000     0.00200000     0.00900000    95.99053168
     0.00900000     0.00300000     0.00700000    97.39825664
     0.00900000     0.00300000     0.00800000    97.35820589
     0.00900000     0.00400000     0.00600000    98.93027843
     0.00900000     0.00400000     0.00700000    98.64435879
     0.00900000     0.00500000     0.00500000   100.52100280
     0.00900000     0.00500000     0.00600000   100.44497551
     0.00900000     0.00500000     0.00700000   100.13200928
     0.00900000     0.00600000     0.00500000   101.74850550
     0.00900000     0.00700000     0.00400000   103.39374036
     0.00900000     0.00700000     0.00500000   103.28323638
     0.00900000     0.00800000     0.00400000   104.76347358
     0.00900000     0.00800000     0.00500000   104.95512761
     0.00900000     0.01000000     0.00300000   108.19271570
     0.00900000     0.01100000     0.00300000   109.46493995
     0.00900000     0.01200000     0.00300000   111.41631145
     0.00900000     0.01300000     0.00300000   113.06895842
     0.00900000     0.01400000     0.00300000   114.69727151
     0.00900000     0.01500000     0.00300000   116.32969153
     0.00900000     0.01600000     0.00300000   117.89807124
     0.00900000     0.01700000     0.00300000   119.24641195
     0.00900000     0.01700000     0.00400000   119.96992767
     0.00900000     0.01800000     0.00300000   120.19266029
     0.00900000     0.01800000     0.00400000   121.28209406
     0.00900000     0.01900000     0.00300000   121.70637381
     0.00900000     0.01900000     0.00400000   122.82505423
     0.00900000     0.02000000     0.00300000   121.74387444
     0.00900000     0.02000000     0.00400000   124.02180706
     0.00900000     0.02200000     0.00400000   125.31604298
     0.00900000     0.02200000     0.00500000   127.31400925
     0.00900000     0.02300000     0.00400000   128.87248238
     0.00900000     0.02300000     0.00500000   128.87248238
     0.00900000     0.02300000     0.00600000   130.05425444
     0.00900000     0.02400000     0.00500000   128.74898036
     0.00900000     0.02400000     0.00600000   130.46004354
     0.00900000     0.02500000     0.00600000   131.15138482
     0.00900000     0.02500000     0.00700000   134.33721622
     0.00900000     0.02500000     0.00800000   136.20236556
     0.00900000     0.02600000     0.00600000   135.68144450
     0.00900000     0.02600000     0.00700000   135.68144450
     0.00900000     0.02600000     0.00800000   137.37021186
     0.00900000     0.02700000     0.00700000   135.73290873
     0.00900000     0.02700000     0.00800000   137.53827184
     0.00900000     0.02700000     0.00900000   140.69908880
     0.00900000     0.02800000     0.00800000   142.91344089
     0.00900000     0.02800000     0.00900000   142.91344089
     0.00900000     0.02800000     0.01000000   144.34851096
     0.00900000     0.02900000     0.00900000   142.82653339
     0.00900000     0.02900000     0.01000000   144.35425743
     0.00900000     0.03000000     0.01000000   144.35425743
     0.00900000     0.03000000     0.01100000   149.77171033
     0.00900000     0.03000000     0.01200000   151.68420717
     0.00900000     0.03100000     0.01100000   150.14935859
     0.00900000     0.03100000     0.01200000   152.22540648
     0.00900000     0.03100000     0.01300000   157.26613962
     0.00900000     0.03100000     0.01400000   161.36631613
     0.00900000     0.03200000     0.01200000   159.75751082
     0.00900000     0.03200000     0.01300000   159.75751082
     0.00900000     0.03200000     0.01400000   162.97412770
     0.00900000     0.03200000     0.01500000   169.72733425
     0.00900000     0.03300000     0.01300000   159.75751082
     0.00900000     0.03300000     0.01400000   173.63150343
     0.00900000     0.03300000     0.01500000   173.63150343
     0.00900000     0.03300000     0.01600000   179.11925210
     0.00900000     0.03400000     0.01500000   185.95299466
     0.00900000     0.03400000     0.01600000   185.95299466
     0.00900000     0.03400000     0.01700000   194.82876048
     0.00900000     0.03500000     0.01700000   200.56039256
     0.01000000     0.00000000     0.01000000    92.94344682
     0.01000000     0.00100000     0.00900000    94.09629005
     0.01000000     0.00100000     0.01000000    93.99141376
     0.01000000     0.00200000     0.00800000    95.40090382
     0.01000000     0.00200000     0.00900000    95.27752871
     0.01000000     0.00200000     0.01000000    95.01371751
     0.01000000     0.00300000     0.00700000    96.69796687
     0.01000000     0.00300000     0.00800000    96.62965374
     0.01000000     0.00300000     0.00900000    96.39821412
     0.01000000     0.00400000     0.00700000    97.68509487
     0.01000000     0.00400000     0.00800000    97.66015422
     0.01000000     0.00500000     0.00600000    99.67143507
     0.01000000     0.00500000     0.00700000    99.35256658
     0.01000000     0.00500000     0.00800000    98.92026742
     0.01000000     0.00600000     0.00500000   101.22232832
     0.01000000     0.00600000     0.00600000   101.14828483
     0.01000000     0.00600000     0.00700000   100.80859142
     0.01000000     0.00700000     0.00500000   102.36344553
     0.01000000     0.00800000     0.00400000   104.34121331
     0.01000000     0.00800000     0.00500000   104.28830151
     0.01000000     0.00900000     0.00400000   105.54811801
     0.01000000     0.00900000     0.00500000   105.75015162
     0.01000000     0.01000000     0.00400000   107.36517757
     0.01000000     0.01000000     0.00500000   107.54517468
     0.01000000     0.01200000     0.00300000   111.11421172
     0.01000000     0.01300000     0.00300000   112.38984801
     0.01000000     0.01400000     0.00300000   113.95347710
     0.01000000     0.01500000     0.00300000   115.58379682
     0.01000000     0.01600000     0.00300000   117.12955793
     0.01000000     0.01700000     0.00300000   118.27628330
     0.01000000     0.01700000     0.00400000   119.21206361
     0.01000000     0.01800000     0.00300000   118.38249154
     0.01000000     0.01800000     0.00400000   120.28285623
     0.01000000     0.01900000     0.00400000   121.54726772
     0.01000000     0.01900000     0.00500000   122.61144368
     0.01000000     0.02000000     0.00400000   123.53037489
     0.01000000     0.02000000     0.00500000   124.41422170
     0.01000000     0.02100000     0.00400000   124.52699010
     0.01000000     0.02100000     0.00500000   125.66257743
     0.01000000     0.02100000     0.00600000   126.66138360
     0.01000000     0.02200000     0.00400000   124.43871992
     0.01000000     0.02200000     0.00500000   126.28022528
     0.01000000     0.02200000     0.00600000   127.82121980
     0.01000000     0.02300000     0.00500000   127.95213752
     0.01000000     0.02300000     0.00600000   128.88757700
     0.01000000     0.02400000     0.00500000   127.73136903
     0.01000000     0.02400000     0.00600000   129.00609717
     0.01000000     0.02400000     0.00700000   132.13032109
     0.01000000     0.02400000     0.00800000   133.93547318
     0.01000000     0.02500000     0.00600000   133.57379626
     0.01000000     0.02500000     0.00700000   133.57379626
     0.01000000     0.02500000     0.00800000   135.28447375
     0.01000000     0.02600000     0.00700000   134.10533068
     0.01000000     0.02600000     0.00800000   136.23712153
     0.01000000     0.02600000     0.00900000   138.50990598
     0.01000000     0.02700000     0.00800000   136.93978342
     0.01000000     0.02700000     0.00900000   140.26393080
     0.01000000     0.02700000     0.01000000   142.12984250
     0.01000000     0.02800000     0.00900000   141.58258329
     0.01000000     0.02800000     0.01000000   143.05077732
     0.01000000     0.02900000     0.00900000   141.74002355
     0.01000000     0.02900000     0.01000000   143.28271639
     0.01000000     0.02900000     0.01100000   147.16389567
     0.01000000     0.02900000     0.01200000   149.26591900
     0.01000000     0.03000000     0.01000000   143.28271639
     0.01000000     0.03000000     0.01100000   147.88604913
     0.01000000     0.03000000     0.01200000   149.88736057
     0.01000000     0.03100000     0.01100000   149.59601391
     0.01000000     0.03100000     0.01200000   149.59601391
     0.01000000     0.03100000     0.01300000   153.33547572
     0.01000000     0.03100000     0.01400000   158.28032086
     0.01000000     0.03200000     0.01300000   162.23503232
     0.01000000     0.03200000     0.01400000   162.23503232
     0.01000000     0.03200000     0.01500000   168.01563209
     0.01000000     0.03300000     0.01500000   171.38603625
     0.01100000     0.00100000     0.01000000    93.06350427
     0.01100000     0.00200000     0.00900000    94.35892593
     0.01100000     0.00200000     0.01000000    94.19609178
     0.01100000     0.00200000     0.01100000    93.56243536
     0.01100000     0.00300000     0.00800000    95.68436255
     0.01100000     0.00300000     0.00900000    95.59596218
     0.01100000     0.00300000     0.01000000    94.99455358
     0.01100000     0.00300000     0.01100000    94.14552255
     0.01100000     0.00400000     0.00800000    96.56271519
     0.01100000     0.00400000     0.00900000    96.48240344
     0.01100000     0.00400000     0.01000000    95.78226093
     0.01100000     0.00500000     0.00700000    98.45292632
     0.01100000     0.00500000     0.00800000    97.98971757
     0.01100000     0.00500000     0.00900000    97.48570815
     0.01100000     0.00600000     0.00600000   100.25182660
     0.01100000     0.00600000     0.00700000   100.02082585
     0.01100000     0.00600000     0.00800000    99.17969218
     0.01100000     0.00700000     0.00600000   101.33177846
     0.01100000     0.00700000     0.00700000   101.30485872
     0.01100000     0.00700000     0.00800000   100.53352525
     0.01100000     0.00800000     0.00500000   103.50740141
     0.01100000     0.00800000     0.00600000   103.20478365
     0.01100000     0.00800000     0.00700000   102.73781869
     0.01100000     0.00900000     0.00500000   104.70931189
     0.01100000     0.00900000     0.00600000   104.62567960
     0.01100000     0.01000000     0.00400000   107.01766914
     0.01100000     0.01000000     0.00500000   106.83644006
     0.01100000     0.01000000     0.00600000   106.20209439
     0.01100000     0.01100000     0.00400000   108.26808548
     0.01100000     0.01100000     0.00500000   108.59314608
     0.01100000     0.01100000     0.00600000   108.15114222
     0.01100000     0.01200000     0.00400000   109.87555411
     0.01100000     0.01200000     0.00500000   110.12891392
     0.01100000     0.01300000     0.00400000   111.62966971
     0.01100000     0.01300000     0.00500000   111.83475967
     0.01100000     0.01400000     0.00400000   113.36517255
     0.01100000     0.01400000     0.00500000   113.60965393
     0.01100000     0.01500000     0.00400000   115.09621449
     0.01100000     0.01500000     0.00500000   115.40905148
     0.01100000     0.01600000     0.00400000   116.76783733
     0.01100000     0.01600000     0.00500000   117.18028359
     0.01100000     0.01700000     0.00400000   118.32265716
     0.01100000     0.01700000     0.00500000   118.85883190
     0.01100000     0.01800000     0.00400000   119.47445347
     0.01100000     0.01800000     0.00500000   120.24551335
     0.01100000     0.01800000     0.00600000   120.65745649
     0.01100000     0.01900000     0.00400000   119.60306750
     0.01100000     0.01900000     0.00500000   121.07175101
     0.01100000     0.01900000     0.00600000   122.24235622
     0.01100000     0.02000000     0.00500000   123.43497026
     0.01100000     0.02000000     0.00600000   124.08646568
     0.01100000     0.02100000     0.00500000   124.67684327
     0.01100000     0.02100000     0.00600000   125.36252814
     0.01100000     0.02100000     0.00700000   126.24987237
     0.01100000     0.02200000     0.00500000   124.76729635
     0.01100000     0.02200000     0.00600000   126.53749076
     0.01100000     0.02200000     0.00700000   128.08207171
     0.01100000     0.02200000     0.00800000   128.91145635
     0.01100000     0.02300000     0.00600000   127.13479370
     0.01100000     0.02300000     0.00700000   129.12759484
     0.01100000     0.02300000     0.00800000   130.74652252
     0.01100000     0.02400000     0.00600000   129.00609717
     0.01100000     0.02400000     0.00700000   131.56756302
     0.01100000     0.02400000     0.00800000   132.54838483
     0.01100000     0.02500000     0.00700000   131.81077512
     0.01100000     0.02500000     0.00800000   133.98361473
     0.01100000     0.02500000     0.00900000   136.03162777
     0.01100000     0.02500000     0.01000000   137.11372244
     0.01100000     0.02600000     0.00800000   134.84856824
     0.01100000     0.02600000     0.00900000   137.13083119
     0.01100000     0.02600000     0.01000000   138.74503843
     0.01100000     0.02700000     0.00900000   139.68035268
     0.01100000     0.02700000     0.01000000   141.06330232
     0.01100000     0.02700000     0.01100000   142.78992463
     0.01100000     0.02700000     0.01200000   144.05778582
     0.01100000     0.02800000     0.00900000   139.73389542
     0.01100000     0.02800000     0.01000000   141.18317529
     0.01100000     0.02800000     0.01100000   144.01220799
     0.01100000     0.02800000     0.01200000   146.05512447
     0.01100000     0.02900000     0.01000000   146.69153403
     0.01100000     0.02900000     0.01100000   146.69153403
     0.01100000     0.02900000     0.01200000   147.91016599
     0.01100000     0.03000000     0.01100000   146.80524321
     0.01100000     0.03000000     0.01200000   149.16995604
     0.01100000     0.03100000     0.01200000   149.30505972
     0.01200000     0.00200000     0.01100000    92.00115357
     0.01200000     0.00300000     0.01000000    93.55561611
     0.01200000     0.00300000     0.01100000    93.17643664
     0.01200000     0.00400000     0.00900000    95.24333998
     0.01200000     0.00400000     0.01000000    94.85565902
     0.01200000     0.00500000     0.00800000    96.92104108
     0.01200000     0.00500000     0.00900000    96.61534435
     0.01200000     0.00600000     0.00800000    97.84895217
     0.01200000     0.00700000     0.00700000   100.23725778
     0.01200000     0.00700000     0.00800000    99.63762027
     0.01200000     0.00800000     0.00600000   102.28850817
     0.01200000     0.00800000     0.00700000   101.93125625
     0.01200000     0.00900000     0.00600000   103.42136294
     0.01200000     0.01000000     0.00600000   104.90363807
     0.01200000     0.01100000     0.00500000   107.73898446
     0.01200000     0.01100000     0.00600000   107.30198069
     0.01200000     0.01200000     0.00500000   109.01175561
     0.01200000     0.01300000     0.00500000   110.61728629
     0.01200000     0.01400000     0.00500000   112.38965025
     0.01200000     0.01500000     0.00500000   114.20290052
     0.01200000     0.01600000     0.00500000   116.01206337
     0.01200000     0.01700000     0.00500000   117.73584610
     0.01200000     0.01800000     0.00500000   119.02511885
     0.01200000     0.01800000     0.00600000   119.80623988
     0.01200000     0.01900000     0.00500000   119.23639903
     0.01200000     0.01900000     0.00600000   120.94613936
     0.01200000     0.02000000     0.00600000   122.78143535
     0.01200000     0.02100000     0.00600000   123.04466626
     0.01200000     0.02100000     0.00700000   124.97144972
     0.01200000     0.02200000     0.00700000   127.01791930
     0.01200000     0.02200000     0.00800000   128.09140493
     0.01200000     0.02300000     0.00700000   127.32589368
     0.01200000     0.02300000     0.00800000   129.29306086
     0.01200000     0.02400000     0.00800000   130.15860094
     0.01200000     0.02500000     0.00800000   134.97132321
     0.01200000     0.02500000     0.00900000   134.97132321
     0.01200000     0.02500000     0.01000000   136.09215110
     0.01200000     0.02600000     0.00900000   135.14655800
     0.01200000     0.02600000     0.01000000   136.37382509
     0.01200000     0.02700000     0.01000000   141.77152115
     0.01200000     0.02700000     0.01100000   141.77152115
     0.01200000     0.02700000     0.01200000   143.11052044
     0.01200000     0.02800000     0.01100000   142.15726525
     0.01200000     0.02800000     0.01200000   144.39106450
     0.01200000     0.02900000     0.01200000   145.05638339
