     0.00000000     0.00800000     0.00600000     0.00000000
     0.00100000     0.00300000     0.00800000     0.00000000
     0.00100000     0.00400000     0.00800000     0.00000000
     0.00100000     0.00600000     0.00600000     0.00000000
     0.00100000     0.00700000     0.00600000     0.00000000
     0.00100000     0.00800000     0.00500000     0.00000000
     0.00100000     0.00800000     0.00600000     0.00000000
     0.00100000     0.01000000     0.00400000   184.36308156
     0.00100000     0.01100000     0.00400000  -368.85431328
     0.00100000     0.01200000     0.00400000   120.93078332
     0.00100000     0.01300000     0.00400000   854.98924603
     0.00100000     0.01400000     0.00400000   626.77213172
     0.00100000     0.01500000     0.00400000   711.89413563
     0.00100000     0.01600000     0.00400000   649.46419996
     0.00100000     0.01700000     0.00400000   829.51958947
     0.00100000     0.01800000     0.00400000   215.53706936
     0.00100000     0.01900000     0.00400000  -901.15151223
     0.00100000     0.02200000     0.00500000     0.00000000
     0.00100000     0.02200000     0.00600000     0.00000000
     0.00100000     0.02300000     0.00600000     0.00000000
     0.00100000     0.02400000     0.00600000     0.00000000
     0.00100000     0.02600000     0.00800000     0.00000000
     0.00200000     0.00200000     0.00800000     0.00000000
     0.00200000     0.00300000     0.00700000     0.00000000
     0.00200000     0.00300000     0.00800000     0.00000000
     0.00200000     0.00400000     0.00700000     0.00000000
     0.00200000     0.00400000     0.00800000     0.00000000
     0.00200000     0.00500000     0.00600000     0.00000000
     0.00200000     0.00600000     0.00500000     0.00000000
     0.00200000     0.00600000     0.00600000     0.00000000
     0.00200000     0.00700000     0.00500000     0.00000000
     0.00200000     0.00700000     0.00600000     0.00000000
     0.00200000     0.00800000     0.00400000   274.35426522
     0.00200000     0.00800000     0.00500000     0.00000000
     0.00200000     0.00800000     0.00600000     0.00000000
     0.00200000     0.00900000     0.00400000  -312.94711117
     0.00200000     0.01000000     0.00400000    78.84720284
     0.00200000     0.01100000     0.00400000  1046.65608667
     0.00200000     0.01200000     0.00300000     5.85836156
     0.00200000     0.01200000     0.00400000  2144.09573731
     0.00200000     0.01300000     0.00300000     0.34448641
     0.00200000     0.01300000     0.00400000  2196.00402117
     0.00200000     0.01400000     0.00300000    67.72019831
     0.00200000     0.01400000     0.00400000  2135.30243298
     0.00200000     0.01500000     0.00300000    19.79227658
     0.00200000     0.01500000     0.00400000  2177.77275020
     0.00200000     0.01600000     0.00300000    -4.24977789
     0.00200000     0.01600000     0.00400000  2174.34935386
     0.00200000     0.01700000     0.00300000    22.47151915
     0.00200000     0.01700000     0.00400000  2188.26041220
     0.00200000     0.01800000     0.00300000   -20.13826613
     0.00200000     0.01800000     0.00400000  2176.14895219
     0.00200000     0.01900000     0.00400000  1350.06615726
     0.00200000     0.02000000     0.00400000    35.00846342
     0.00200000     0.02100000     0.00400000  -351.61211396
     0.00200000     0.02200000     0.00400000   191.71418113
     0.00200000     0.02200000     0.00500000     0.00000000
     0.00200000     0.02200000     0.00600000     0.00000000
     0.00200000     0.02300000     0.00500000     0.00000000
     0.00200000     0.02300000     0.00600000     0.00000000
     0.00200000     0.02400000     0.00500000     0.00000000
     0.00200000     0.02400000     0.00600000     0.00000000
     0.00200000     0.02500000     0.00600000     0.00000000
     0.00200000     0.02600000     0.00700000     0.00000000
     0.00200000     0.02600000     0.00800000     0.00000000
     0.00200000     0.02700000     0.00800000     0.00000000
     0.00200000     0.03000000     0.01000000     0.00000000
     0.00300000     0.00200000     0.00800000     0.00000000
     0.00300000     0.00400000     0.00600000     0.00000000
     0.00300000     0.00700000     0.00400000   314.17526410
     0.00300000     0.00800000     0.00400000  -266.60158533
     0.00300000     0.00900000     0.00400000   840.64979317
     0.00300000     0.01000000     0.00300000   -22.08224333
     0.00300000     0.01000000     0.00400000  2150.04800157
     0.00300000     0.02000000     0.00300000     4.92184062
     0.00300000     0.02000000     0.00400000  2163.20630983
     0.00300000     0.02100000     0.00400000   876.80356917
     0.00300000     0.02200000     0.00400000  -375.71258491
     0.00300000     0.02300000     0.00400000     0.00000000
     0.00300000     0.02400000     0.00500000     0.00000000
     0.00300000     0.02400000     0.00600000     0.00000000
     0.00300000     0.02500000     0.00600000     0.00000000
     0.00300000     0.02600000     0.00600000     0.00000000
     0.00300000     0.02800000     0.00800000     0.00000000
     0.00300000     0.03000000     0.01000000     0.00000000
     0.00300000     0.03200000     0.01200000     0.00000000
     0.00400000     0.00100000     0.00800000     0.00000000
     0.00400000     0.00200000     0.00700000     0.00000000
     0.00400000     0.00200000     0.00800000     0.00000000
     0.00400000     0.00400000     0.00600000     0.00000000
     0.00400000     0.00600000     0.00400000    41.54946636
     0.00400000     0.00700000     0.00400000   129.31257044
     0.00400000     0.00800000     0.00400000    14.92515502
     0.00400000     0.00900000     0.00300000   -32.64911943
     0.00400000     0.00900000     0.00400000  2168.34827623
     0.00400000     0.01000000     0.00300000    89.34933392
     0.00400000     0.01000000     0.00400000  2153.19065315
     0.00400000     0.02000000     0.00300000    42.22205877
     0.00400000     0.02000000     0.00400000  2174.11041253
     0.00400000     0.02100000     0.00300000   -24.65830669
     0.00400000     0.02100000     0.00400000  2173.00774601
     0.00400000     0.02200000     0.00400000    76.44286938
     0.00400000     0.02300000     0.00400000    45.31205039
     0.00400000     0.02400000     0.00500000     0.00000000
     0.00400000     0.02400000     0.00600000     0.00000000
     0.00400000     0.02500000     0.00500000     0.00000000
     0.00400000     0.02500000     0.00600000     0.00000000
     0.00400000     0.02600000     0.00600000     0.00000000
     0.00400000     0.02800000     0.00800000     0.00000000
     0.00400000     0.02900000     0.00800000     0.00000000
     0.00400000     0.03000000     0.00900000     0.00000000
     0.00400000     0.03000000     0.01000000     0.00000000
     0.00400000     0.03100000     0.01000000     0.00000000
     0.00400000     0.03200000     0.01100000     0.00000000
     0.00400000     0.03200000     0.01200000     0.00000000
     0.00400000     0.03400000     0.01500000     0.00000000
     0.00400000     0.03400000     0.01600000     0.00000000
     0.00400000     0.03500000     0.01600000     0.00000000
     0.00400000     0.03600000     0.01800000     0.00000000
     0.00400000     0.03800000     0.02100000     0.00000000
     0.00400000     0.03800000     0.02200000     0.00000000
     0.00400000     0.04000000     0.02400000     0.00000000
     0.00400000     0.04200000     0.02500000     0.00000000
     0.00400000     0.04200000     0.02600000     0.00000000
     0.00400000     0.04300000     0.02600000     0.00000000
     0.00400000     0.04400000     0.02700000     0.00000000
     0.00400000     0.04400000     0.02800000     0.00000000
     0.00400000     0.04500000     0.02800000     0.00000000
     0.00500000     0.00100000     0.00800000     0.00000000
     0.00500000     0.00200000     0.00700000     0.00000000
     0.00500000     0.00200000     0.00800000     0.00000000
     0.00500000     0.00300000     0.00600000     0.00000000
     0.00500000     0.00400000     0.00600000     0.00000000
     0.00500000     0.00600000     0.00400000    31.40250212
     0.00500000     0.00700000     0.00400000    88.00337005
     0.00500000     0.00800000     0.00400000   435.51114262
     0.00500000     0.01300000     0.00200000   647.21773169
     0.00500000     0.01400000     0.00200000   614.02219995
     0.00500000     0.01500000     0.00200000   636.29071983
     0.00500000     0.01600000     0.00200000   582.94507816
     0.00500000     0.02200000     0.00400000   469.93372565
     0.00500000     0.02300000     0.00400000   178.99083348
     0.00500000     0.02600000     0.00600000     0.00000000
     0.00500000     0.02800000     0.00700000     0.00000000
     0.00500000     0.02800000     0.00800000     0.00000000
     0.00500000     0.02900000     0.00800000     0.00000000
     0.00500000     0.03000000     0.00900000     0.00000000
     0.00500000     0.03000000     0.01000000     0.00000000
     0.00500000     0.03100000     0.01000000     0.00000000
     0.00500000     0.03200000     0.01100000     0.00000000
     0.00500000     0.03200000     0.01200000     0.00000000
     0.00500000     0.03400000     0.01400000     0.00000000
     0.00500000     0.03400000     0.01500000     0.00000000
     0.00500000     0.03400000     0.01600000     0.00000000
     0.00500000     0.03500000     0.01600000     0.00000000
     0.00500000     0.03600000     0.01800000     0.00000000
     0.00500000     0.03600000     0.01900000     0.00000000
     0.00500000     0.03600000     0.02000000     0.00000000
     0.00500000     0.03700000     0.01900000     0.00000000
     0.00500000     0.03700000     0.02000000     0.00000000
     0.00500000     0.03800000     0.02100000     0.00000000
     0.00500000     0.03800000     0.02200000     0.00000000
     0.00500000     0.03900000     0.02200000     0.00000000
     0.00500000     0.04000000     0.02300000     0.00000000
     0.00500000     0.04000000     0.02400000     0.00000000
     0.00500000     0.04100000     0.02400000     0.00000000
     0.00500000     0.04200000     0.02500000     0.00000000
     0.00500000     0.04200000     0.02600000     0.00000000
     0.00500000     0.04300000     0.02600000     0.00000000
     0.00500000     0.04400000     0.02700000     0.00000000
     0.00500000     0.04400000     0.02800000     0.00000000
     0.00500000     0.04500000     0.02800000     0.00000000
     0.00500000     0.04600000     0.02900000     0.00000000
     0.00500000     0.04600000     0.03000000     0.00000000
     0.00500000     0.04700000     0.02900000     0.00000000
     0.00500000     0.04700000     0.03000000     0.00000000
     0.00500000     0.04800000     0.03000000     0.00000000
     0.00600000     0.00100000     0.00800000     0.00000000
     0.00600000     0.00200000     0.00700000     0.00000000
     0.00600000     0.00200000     0.00800000     0.00000000
     0.00600000     0.00300000     0.00600000     0.00000000
     0.00600000     0.00400000     0.00600000     0.00000000
     0.00600000     0.00600000     0.00400000    37.38002960
     0.00600000     0.00700000     0.00400000    94.77918676
     0.00600000     0.00800000     0.00400000   293.04094682
     0.00600000     0.01300000     0.00200000   627.84448773
     0.00600000     0.01400000     0.00200000   555.92632359
     0.00600000     0.01500000     0.00200000   651.25545008
     0.00600000     0.01600000     0.00200000   574.76612991
     0.00600000     0.02200000     0.00400000   330.78103767
     0.00600000     0.02300000     0.00400000   137.13460946
     0.00600000     0.02600000     0.00600000     0.00000000
     0.00600000     0.02800000     0.00700000     0.00000000
     0.00600000     0.02800000     0.00800000     0.00000000
     0.00600000     0.02900000     0.00800000     0.00000000
     0.00600000     0.03000000     0.00900000     0.00000000
     0.00600000     0.03000000     0.01000000     0.00000000
     0.00600000     0.03100000     0.01000000     0.00000000
     0.00600000     0.03200000     0.01100000     0.00000000
     0.00600000     0.03200000     0.01200000     0.00000000
     0.00600000     0.03400000     0.01400000     0.00000000
     0.00600000     0.03400000     0.01500000     0.00000000
     0.00600000     0.03400000     0.01600000     0.00000000
     0.00600000     0.03500000     0.01600000     0.00000000
     0.00600000     0.03600000     0.01800000     0.00000000
     0.00600000     0.03600000     0.01900000     0.00000000
     0.00600000     0.03600000     0.02000000     0.00000000
     0.00600000     0.03700000     0.01900000     0.00000000
     0.00600000     0.03700000     0.02000000     0.00000000
     0.00600000     0.03800000     0.02100000     0.00000000
     0.00600000     0.03800000     0.02200000     0.00000000
     0.00600000     0.03900000     0.02200000     0.00000000
     0.00600000     0.04000000     0.02300000     0.00000000
     0.00600000     0.04000000     0.02400000     0.00000000
     0.00600000     0.04100000     0.02400000     0.00000000
     0.00600000     0.04200000     0.02500000     0.00000000
     0.00600000     0.04200000     0.02600000     0.00000000
     0.00600000     0.04300000     0.02600000     0.00000000
     0.00600000     0.04400000     0.02700000     0.00000000
     0.00600000     0.04400000     0.02800000     0.00000000
     0.00600000     0.04500000     0.02800000     0.00000000
     0.00600000     0.04600000     0.02900000     0.00000000
     0.00600000     0.04600000     0.03000000     0.00000000
     0.00600000     0.04700000     0.02900000     0.00000000
     0.00600000     0.04700000     0.03000000     0.00000000
     0.00600000     0.04800000     0.03000000     0.00000000
     0.00700000     0.00100000     0.00800000     0.00000000
     0.00700000     0.00200000     0.00700000     0.00000000
     0.00700000     0.00200000     0.00800000     0.00000000
     0.00700000     0.00300000     0.00600000     0.00000000
     0.00700000     0.00400000     0.00600000     0.00000000
     0.00700000     0.00600000     0.00400000    31.94544100
     0.00700000     0.00700000     0.00400000    87.50948084
     0.00700000     0.00800000     0.00400000   440.67951695
     0.00700000     0.01300000     0.00200000   632.13310524
     0.00700000     0.01400000     0.00200000   609.16967187
     0.00700000     0.01500000     0.00200000   631.28677190
     0.00700000     0.01600000     0.00200000   588.82312866
     0.00700000     0.02200000     0.00400000   462.58293494
     0.00700000     0.02300000     0.00400000   179.63809876
     0.00700000     0.02600000     0.00600000     0.00000000
     0.00700000     0.02800000     0.00700000     0.00000000
     0.00700000     0.02800000     0.00800000     0.00000000
     0.00700000     0.02900000     0.00800000     0.00000000
     0.00700000     0.03000000     0.00900000     0.00000000
     0.00700000     0.03000000     0.01000000     0.00000000
     0.00700000     0.03100000     0.01000000     0.00000000
     0.00700000     0.03200000     0.01100000     0.00000000
     0.00700000     0.03200000     0.01200000     0.00000000
     0.00700000     0.03400000     0.01400000     0.00000000
     0.00700000     0.03400000     0.01500000     0.00000000
     0.00700000     0.03400000     0.01600000     0.00000000
     0.00700000     0.03500000     0.01600000     0.00000000
     0.00700000     0.03600000     0.01800000     0.00000000
     0.00700000     0.03600000     0.01900000     0.00000000
     0.00700000     0.03600000     0.02000000     0.00000000
     0.00700000     0.03700000     0.01900000     0.00000000
     0.00700000     0.03700000     0.02000000     0.00000000
     0.00700000     0.03800000     0.02100000     0.00000000
     0.00700000     0.03800000     0.02200000     0.00000000
     0.00700000     0.03900000     0.02200000     0.00000000
     0.00700000     0.04000000     0.02300000     0.00000000
     0.00700000     0.04000000     0.02400000     0.00000000
     0.00700000     0.04100000     0.02400000     0.00000000
     0.00700000     0.04200000     0.02500000     0.00000000
     0.00700000     0.04200000     0.02600000     0.00000000
     0.00700000     0.04300000     0.02600000     0.00000000
     0.00700000     0.04400000     0.02700000     0.00000000
     0.00700000     0.04400000     0.02800000     0.00000000
     0.00700000     0.04500000     0.02800000     0.00000000
     0.00700000     0.04600000     0.02900000     0.00000000
     0.00700000     0.04600000     0.03000000     0.00000000
     0.00700000     0.04700000     0.02900000     0.00000000
     0.00700000     0.04700000     0.03000000     0.00000000
     0.00700000     0.04800000     0.03000000     0.00000000
     0.00800000     0.00100000     0.00800000     0.00000000
     0.00800000     0.00200000     0.00700000     0.00000000
     0.00800000     0.00200000     0.00800000     0.00000000
     0.00800000     0.00400000     0.00600000     0.00000000
     0.00800000     0.00600000     0.00400000    42.36186274
     0.00800000     0.00700000     0.00400000   128.50058855
     0.00800000     0.00800000     0.00400000    20.29377970
     0.00800000     0.00900000     0.00300000   -37.17835723
     0.00800000     0.00900000     0.00400000  2165.87291309
     0.00800000     0.01000000     0.00300000    86.83658803
     0.00800000     0.01000000     0.00400000  2163.04330076
     0.00800000     0.02000000     0.00300000    42.13791979
     0.00800000     0.02000000     0.00400000  2174.29429942
     0.00800000     0.02100000     0.00300000   -19.06984220
     0.00800000     0.02100000     0.00400000  2171.45539090
     0.00800000     0.02200000     0.00400000    71.34557509
     0.00800000     0.02300000     0.00400000    47.31027132
     0.00800000     0.02400000     0.00500000     0.00000000
     0.00800000     0.02400000     0.00600000     0.00000000
     0.00800000     0.02500000     0.00500000     0.00000000
     0.00800000     0.02500000     0.00600000     0.00000000
     0.00800000     0.02600000     0.00600000     0.00000000
     0.00800000     0.02800000     0.00800000     0.00000000
     0.00800000     0.02900000     0.00800000     0.00000000
     0.00800000     0.03000000     0.00900000     0.00000000
     0.00800000     0.03000000     0.01000000     0.00000000
     0.00800000     0.03100000     0.01000000     0.00000000
     0.00800000     0.03200000     0.01100000     0.00000000
     0.00800000     0.03200000     0.01200000     0.00000000
     0.00800000     0.03400000     0.01500000     0.00000000
     0.00800000     0.03400000     0.01600000     0.00000000
     0.00800000     0.03500000     0.01600000     0.00000000
     0.00800000     0.03600000     0.01800000     0.00000000
     0.00800000     0.03800000     0.02100000     0.00000000
     0.00800000     0.03800000     0.02200000     0.00000000
     0.00800000     0.04000000     0.02400000     0.00000000
     0.00800000     0.04200000     0.02500000     0.00000000
     0.00800000     0.04200000     0.02600000     0.00000000
     0.00800000     0.04300000     0.02600000     0.00000000
     0.00800000     0.04400000     0.02700000     0.00000000
     0.00800000     0.04400000     0.02800000     0.00000000
     0.00800000     0.04500000     0.02800000     0.00000000
     0.00900000     0.00200000     0.00800000     0.00000000
     0.00900000     0.00400000     0.00600000     0.00000000
     0.00900000     0.00500000     0.00500000     0.00000000
     0.00900000     0.00500000     0.00600000     0.00000000
     0.00900000     0.00600000     0.00500000     0.00000000
     0.00900000     0.00600000     0.00600000     0.00000000
     0.00900000     0.00700000     0.00400000   312.57738564
     0.00900000     0.00800000     0.00400000  -266.23088277
     0.00900000     0.00900000     0.00400000   826.80203461
     0.00900000     0.01000000     0.00300000   -18.51994436
     0.00900000     0.01000000     0.00400000  2141.98528493
     0.00900000     0.01100000     0.00300000    25.62196961
     0.00900000     0.01100000     0.00400000  2202.09414634
     0.00900000     0.01200000     0.00300000    38.47312611
     0.00900000     0.01200000     0.00400000  2165.90892879
     0.00900000     0.01800000     0.00300000    28.21679664
     0.00900000     0.01800000     0.00400000  2173.56857396
     0.00900000     0.01900000     0.00300000    38.97129924
     0.00900000     0.01900000     0.00400000  2164.49367924
     0.00900000     0.02000000     0.00300000    -0.27829571
     0.00900000     0.02000000     0.00400000  2158.34689804
     0.00900000     0.02100000     0.00400000   877.20045910
     0.00900000     0.02200000     0.00400000  -374.60399582
     0.00900000     0.02300000     0.00400000     0.00000000
     0.00900000     0.02400000     0.00500000     0.00000000
     0.00900000     0.02400000     0.00600000     0.00000000
     0.00900000     0.02500000     0.00600000     0.00000000
     0.00900000     0.02600000     0.00600000     0.00000000
     0.00900000     0.02600000     0.00700000     0.00000000
     0.00900000     0.02600000     0.00800000     0.00000000
     0.00900000     0.02700000     0.00700000     0.00000000
     0.00900000     0.02700000     0.00800000     0.00000000
     0.00900000     0.02800000     0.00800000     0.00000000
     0.00900000     0.03000000     0.01000000     0.00000000
     0.00900000     0.03200000     0.01200000     0.00000000
     0.01000000     0.00200000     0.00800000     0.00000000
     0.01000000     0.00300000     0.00700000     0.00000000
     0.01000000     0.00300000     0.00800000     0.00000000
     0.01000000     0.00400000     0.00700000     0.00000000
     0.01000000     0.00400000     0.00800000     0.00000000
     0.01000000     0.00500000     0.00600000     0.00000000
     0.01000000     0.00600000     0.00500000     0.00000000
     0.01000000     0.00600000     0.00600000     0.00000000
     0.01000000     0.00700000     0.00500000     0.00000000
     0.01000000     0.00700000     0.00600000     0.00000000
     0.01000000     0.00800000     0.00400000   276.26745500
     0.01000000     0.00800000     0.00500000     0.00000000
     0.01000000     0.00800000     0.00600000     0.00000000
     0.01000000     0.00900000     0.00400000  -313.47257644
     0.01000000     0.01000000     0.00400000    93.17139949
     0.01000000     0.01100000     0.00400000  1024.50169328
     0.01000000     0.01200000     0.00300000   -40.69780097
     0.01000000     0.01200000     0.00400000  2178.19162172
     0.01000000     0.01300000     0.00300000    34.48969204
     0.01000000     0.01300000     0.00400000  2161.74011971
     0.01000000     0.01400000     0.00300000   -30.75351516
     0.01000000     0.01400000     0.00400000  2278.40522150
     0.01000000     0.01500000     0.00300000   -18.56154125
     0.01000000     0.01500000     0.00400000  2212.14828402
     0.01000000     0.01600000     0.00300000   -38.06457336
     0.01000000     0.01600000     0.00400000  2193.01469690
     0.01000000     0.01700000     0.00300000    27.88983365
     0.01000000     0.01700000     0.00400000  2185.73381504
     0.01000000     0.01800000     0.00300000   -26.13227268
     0.01000000     0.01800000     0.00400000  2182.36032009
     0.01000000     0.01900000     0.00400000  1343.62675480
     0.01000000     0.02000000     0.00400000    40.21923046
     0.01000000     0.02100000     0.00400000  -352.22537681
     0.01000000     0.02200000     0.00400000   191.51172759
     0.01000000     0.02200000     0.00500000     0.00000000
     0.01000000     0.02200000     0.00600000     0.00000000
     0.01000000     0.02300000     0.00500000     0.00000000
     0.01000000     0.02300000     0.00600000     0.00000000
     0.01000000     0.02400000     0.00500000     0.00000000
     0.01000000     0.02400000     0.00600000     0.00000000
     0.01000000     0.02500000     0.00600000     0.00000000
     0.01000000     0.02600000     0.00700000     0.00000000
     0.01000000     0.02600000     0.00800000     0.00000000
     0.01000000     0.02700000     0.00800000     0.00000000
     0.01000000     0.03000000     0.01000000     0.00000000
     0.01100000     0.00300000     0.00800000     0.00000000
     0.01100000     0.00400000     0.00800000     0.00000000
     0.01100000     0.00600000     0.00600000     0.00000000
     0.01100000     0.00700000     0.00600000     0.00000000
     0.01100000     0.00800000     0.00500000     0.00000000
     0.01100000     0.00800000     0.00600000     0.00000000
     0.01100000     0.01000000     0.00400000   182.31618469
     0.01100000     0.01100000     0.00400000  -367.46478594
     0.01100000     0.01200000     0.00400000   155.42209700
     0.01100000     0.01300000     0.00400000   900.95334760
     0.01100000     0.01400000     0.00400000   750.34977275
     0.01100000     0.01500000     0.00400000   751.02605557
     0.01100000     0.01600000     0.00400000   658.26354483
     0.01100000     0.01700000     0.00400000   838.68067057
     0.01100000     0.01800000     0.00400000   226.24045177
     0.01100000     0.01900000     0.00400000  -896.81313155
     0.01100000     0.02200000     0.00500000     0.00000000
     0.01100000     0.02200000     0.00600000     0.00000000
     0.01100000     0.02300000     0.00600000     0.00000000
     0.01100000     0.02400000     0.00600000     0.00000000
     0.01100000     0.02600000     0.00800000     0.00000000
     0.01200000     0.00800000     0.00600000     0.00000000
     0.00000000     0.00200000     0.01100000     0.00000000
     0.00000000     0.00300000     0.01000000     0.00000000
     0.00000000     0.00300000     0.01100000     0.00000000
     0.00000000     0.00400000     0.00900000     0.00000000
     0.00000000     0.00400000     0.01000000     0.00000000
     0.00000000     0.00500000     0.00800000     0.00000000
     0.00000000     0.00500000     0.00900000     0.00000000
     0.00000000     0.00600000     0.00800000     0.00000000
     0.00000000     0.00700000     0.00700000     0.00000000
     0.00000000     0.00700000     0.00800000     0.00000000
     0.00000000     0.00800000     0.00600000     0.00000000
     0.00000000     0.00800000     0.00700000     0.00000000
     0.00000000     0.00900000     0.00600000     0.00000000
     0.00000000     0.01000000     0.00600000     0.00000000
     0.00000000     0.01100000     0.00500000     0.00000000
     0.00000000     0.01100000     0.00600000     0.00000000
     0.00000000     0.01200000     0.00500000     0.00000000
     0.00000000     0.01300000     0.00500000     0.00000000
     0.00000000     0.01400000     0.00500000     0.00000000
     0.00000000     0.01500000     0.00500000     0.00000000
     0.00000000     0.01600000     0.00500000     0.00000000
     0.00000000     0.01700000     0.00500000     0.00000000
     0.00000000     0.01800000     0.00500000     0.00000000
     0.00000000     0.01800000     0.00600000     0.00000000
     0.00000000     0.01900000     0.00500000     0.00000000
     0.00000000     0.01900000     0.00600000     0.00000000
     0.00000000     0.02000000     0.00600000     0.00000000
     0.00000000     0.02100000     0.00600000     0.00000000
     0.00000000     0.02100000     0.00700000     0.00000000
     0.00000000     0.02200000     0.00700000     0.00000000
     0.00000000     0.02200000     0.00800000     0.00000000
     0.00000000     0.02300000     0.00700000     0.00000000
     0.00000000     0.02300000     0.00800000     0.00000000
     0.00000000     0.02400000     0.00800000     0.00000000
     0.00000000     0.02500000     0.00800000     0.00000000
     0.00000000     0.02500000     0.00900000     0.00000000
     0.00000000     0.02500000     0.01000000     0.00000000
     0.00000000     0.02600000     0.00900000     0.00000000
     0.00000000     0.02600000     0.01000000     0.00000000
     0.00000000     0.02700000     0.01000000     0.00000000
     0.00000000     0.02700000     0.01100000     0.00000000
     0.00000000     0.02700000     0.01200000     0.00000000
     0.00000000     0.02800000     0.01100000     0.00000000
     0.00000000     0.02800000     0.01200000     0.00000000
     0.00000000     0.02900000     0.01200000     0.00000000
     0.00100000     0.00100000     0.01000000     0.00000000
     0.00100000     0.00200000     0.00900000     0.00000000
     0.00100000     0.00200000     0.01000000     0.00000000
     0.00100000     0.00200000     0.01100000     0.00000000
     0.00100000     0.00300000     0.00800000     0.00000000
     0.00100000     0.00300000     0.00900000     0.00000000
     0.00100000     0.00300000     0.01000000     0.00000000
     0.00100000     0.00300000     0.01100000     0.00000000
     0.00100000     0.00400000     0.00800000     0.00000000
     0.00100000     0.00400000     0.00900000     0.00000000
     0.00100000     0.00400000     0.01000000     0.00000000
     0.00100000     0.00500000     0.00700000     0.00000000
     0.00100000     0.00500000     0.00800000     0.00000000
     0.00100000     0.00500000     0.00900000     0.00000000
     0.00100000     0.00600000     0.00600000     0.00000000
     0.00100000     0.00600000     0.00700000     0.00000000
     0.00100000     0.00600000     0.00800000     0.00000000
     0.00100000     0.00700000     0.00600000     0.00000000
     0.00100000     0.00700000     0.00700000     0.00000000
     0.00100000     0.00700000     0.00800000     0.00000000
     0.00100000     0.00800000     0.00500000     0.00000000
     0.00100000     0.00800000     0.00600000     0.00000000
     0.00100000     0.00800000     0.00700000     0.00000000
     0.00100000     0.00900000     0.00500000     0.00000000
     0.00100000     0.00900000     0.00600000     0.00000000
     0.00100000     0.01000000     0.00400000   184.36308156
     0.00100000     0.01000000     0.00500000     0.00000000
     0.00100000     0.01000000     0.00600000     0.00000000
     0.00100000     0.01100000     0.00400000  -368.85431328
     0.00100000     0.01100000     0.00500000     0.00000000
     0.00100000     0.01100000     0.00600000     0.00000000
     0.00100000     0.01200000     0.00400000   120.93078332
     0.00100000     0.01200000     0.00500000     0.00000000
     0.00100000     0.01300000     0.00400000   854.98924603
     0.00100000     0.01300000     0.00500000     0.00000000
     0.00100000     0.01400000     0.00400000   626.77213172
     0.00100000     0.01400000     0.00500000     0.00000000
     0.00100000     0.01500000     0.00400000   711.89413563
     0.00100000     0.01500000     0.00500000     0.00000000
     0.00100000     0.01600000     0.00400000   649.46419996
     0.00100000     0.01600000     0.00500000     0.00000000
     0.00100000     0.01700000     0.00400000   829.51958947
     0.00100000     0.01700000     0.00500000     0.00000000
     0.00100000     0.01800000     0.00400000   215.53706936
     0.00100000     0.01800000     0.00500000     0.00000000
     0.00100000     0.01800000     0.00600000     0.00000000
     0.00100000     0.01900000     0.00400000  -901.15151223
     0.00100000     0.01900000     0.00500000     0.00000000
     0.00100000     0.01900000     0.00600000     0.00000000
     0.00100000     0.02000000     0.00500000     0.00000000
     0.00100000     0.02000000     0.00600000     0.00000000
     0.00100000     0.02100000     0.00500000     0.00000000
     0.00100000     0.02100000     0.00600000     0.00000000
     0.00100000     0.02100000     0.00700000     0.00000000
     0.00100000     0.02200000     0.00500000     0.00000000
     0.00100000     0.02200000     0.00600000     0.00000000
     0.00100000     0.02200000     0.00700000     0.00000000
     0.00100000     0.02200000     0.00800000     0.00000000
     0.00100000     0.02300000     0.00600000     0.00000000
     0.00100000     0.02300000     0.00700000     0.00000000
     0.00100000     0.02300000     0.00800000     0.00000000
     0.00100000     0.02400000     0.00600000     0.00000000
     0.00100000     0.02400000     0.00700000     0.00000000
     0.00100000     0.02400000     0.00800000     0.00000000
     0.00100000     0.02500000     0.00700000     0.00000000
     0.00100000     0.02500000     0.00800000     0.00000000
     0.00100000     0.02500000     0.00900000     0.00000000
     0.00100000     0.02500000     0.01000000     0.00000000
     0.00100000     0.02600000     0.00800000     0.00000000
     0.00100000     0.02600000     0.00900000     0.00000000
     0.00100000     0.02600000     0.01000000     0.00000000
     0.00100000     0.02700000     0.00900000     0.00000000
     0.00100000     0.02700000     0.01000000     0.00000000
     0.00100000     0.02700000     0.01100000     0.00000000
     0.00100000     0.02700000     0.01200000     0.00000000
     0.00100000     0.02800000     0.00900000     0.00000000
     0.00100000     0.02800000     0.01000000     0.00000000
     0.00100000     0.02800000     0.01100000     0.00000000
     0.00100000     0.02800000     0.01200000     0.00000000
     0.00100000     0.02900000     0.01000000     0.00000000
     0.00100000     0.02900000     0.01100000     0.00000000
     0.00100000     0.02900000     0.01200000     0.00000000
     0.00100000     0.03000000     0.01100000     0.00000000
     0.00100000     0.03000000     0.01200000     0.00000000
     0.00100000     0.03100000     0.01200000     0.00000000
     0.00200000     0.00000000     0.01000000     0.00000000
     0.00200000     0.00100000     0.00900000     0.00000000
     0.00200000     0.00100000     0.01000000     0.00000000
     0.00200000     0.00200000     0.00800000     0.00000000
     0.00200000     0.00200000     0.00900000     0.00000000
     0.00200000     0.00200000     0.01000000     0.00000000
     0.00200000     0.00300000     0.00700000     0.00000000
     0.00200000     0.00300000     0.00800000     0.00000000
     0.00200000     0.00300000     0.00900000     0.00000000
     0.00200000     0.00400000     0.00700000     0.00000000
     0.00200000     0.00400000     0.00800000     0.00000000
     0.00200000     0.00500000     0.00600000     0.00000000
     0.00200000     0.00500000     0.00700000     0.00000000
     0.00200000     0.00500000     0.00800000     0.00000000
     0.00200000     0.00600000     0.00500000     0.00000000
     0.00200000     0.00600000     0.00600000     0.00000000
     0.00200000     0.00600000     0.00700000     0.00000000
     0.00200000     0.00700000     0.00500000     0.00000000
     0.00200000     0.00800000     0.00400000   274.35426522
     0.00200000     0.00800000     0.00500000     0.00000000
     0.00200000     0.00900000     0.00400000  -312.94711117
     0.00200000     0.00900000     0.00500000     0.00000000
     0.00200000     0.01000000     0.00400000    78.84720284
     0.00200000     0.01000000     0.00500000     0.00000000
     0.00200000     0.01100000     0.00400000  1046.65608667
     0.00200000     0.01200000     0.00300000     5.85836156
     0.00200000     0.01200000     0.00400000  2144.09573731
     0.00200000     0.01300000     0.00300000     0.34448641
     0.00200000     0.01400000     0.00300000    67.72019831
     0.00200000     0.01500000     0.00300000    19.79227658
     0.00200000     0.01600000     0.00300000    -4.24977789
     0.00200000     0.01700000     0.00300000    22.47151915
     0.00200000     0.01700000     0.00400000  2188.26041220
     0.00200000     0.01800000     0.00300000   -20.13826613
     0.00200000     0.01800000     0.00400000  2176.14895219
     0.00200000     0.01900000     0.00400000  1350.06615726
     0.00200000     0.01900000     0.00500000     0.00000000
     0.00200000     0.02000000     0.00400000    35.00846342
     0.00200000     0.02000000     0.00500000     0.00000000
     0.00200000     0.02100000     0.00400000  -351.61211396
     0.00200000     0.02100000     0.00500000     0.00000000
     0.00200000     0.02100000     0.00600000     0.00000000
     0.00200000     0.02200000     0.00400000   191.71418113
     0.00200000     0.02200000     0.00500000     0.00000000
     0.00200000     0.02200000     0.00600000     0.00000000
     0.00200000     0.02300000     0.00500000     0.00000000
     0.00200000     0.02300000     0.00600000     0.00000000
     0.00200000     0.02400000     0.00500000     0.00000000
     0.00200000     0.02400000     0.00600000     0.00000000
     0.00200000     0.02400000     0.00700000     0.00000000
     0.00200000     0.02400000     0.00800000     0.00000000
     0.00200000     0.02500000     0.00600000     0.00000000
     0.00200000     0.02500000     0.00700000     0.00000000
     0.00200000     0.02500000     0.00800000     0.00000000
     0.00200000     0.02600000     0.00700000     0.00000000
     0.00200000     0.02600000     0.00800000     0.00000000
     0.00200000     0.02600000     0.00900000     0.00000000
     0.00200000     0.02700000     0.00800000     0.00000000
     0.00200000     0.02700000     0.00900000     0.00000000
     0.00200000     0.02700000     0.01000000     0.00000000
     0.00200000     0.02800000     0.00900000     0.00000000
     0.00200000     0.02800000     0.01000000     0.00000000
     0.00200000     0.02900000     0.00900000     0.00000000
     0.00200000     0.02900000     0.01000000     0.00000000
     0.00200000     0.02900000     0.01100000     0.00000000
     0.00200000     0.02900000     0.01200000     0.00000000
     0.00200000     0.03000000     0.01000000     0.00000000
     0.00200000     0.03000000     0.01100000     0.00000000
     0.00200000     0.03000000     0.01200000     0.00000000
     0.00200000     0.03100000     0.01100000     0.00000000
     0.00200000     0.03100000     0.01200000     0.00000000
     0.00200000     0.03100000     0.01300000     0.00000000
     0.00200000     0.03100000     0.01400000     0.00000000
     0.00200000     0.03200000     0.01300000     0.00000000
     0.00200000     0.03200000     0.01400000     0.00000000
     0.00200000     0.03200000     0.01500000     0.00000000
     0.00200000     0.03300000     0.01500000     0.00000000
     0.00300000     0.00000000     0.00900000     0.00000000
     0.00300000     0.00000000     0.01000000     0.00000000
     0.00300000     0.00100000     0.00900000     0.00000000
     0.00300000     0.00100000     0.01000000     0.00000000
     0.00300000     0.00200000     0.00800000     0.00000000
     0.00300000     0.00200000     0.00900000     0.00000000
     0.00300000     0.00300000     0.00700000     0.00000000
     0.00300000     0.00300000     0.00800000     0.00000000
     0.00300000     0.00400000     0.00600000     0.00000000
     0.00300000     0.00400000     0.00700000     0.00000000
     0.00300000     0.00500000     0.00500000     0.00000000
     0.00300000     0.00500000     0.00600000     0.00000000
     0.00300000     0.00500000     0.00700000     0.00000000
     0.00300000     0.00600000     0.00500000     0.00000000
     0.00300000     0.00600000     0.00600000     0.00000000
     0.00300000     0.00700000     0.00400000   314.17526410
     0.00300000     0.00700000     0.00500000     0.00000000
     0.00300000     0.00800000     0.00400000  -266.60158533
     0.00300000     0.00800000     0.00500000     0.00000000
     0.00300000     0.01000000     0.00300000   -22.08224333
     0.00300000     0.01000000     0.00400000  2150.04800157
     0.00300000     0.01100000     0.00300000    -2.86206844
     0.00300000     0.01100000     0.00400000  2221.18003479
     0.00300000     0.01200000     0.00300000    46.77803706
     0.00300000     0.01200000     0.00400000  2158.18940143
     0.00300000     0.01300000     0.00300000    16.41668476
     0.00300000     0.01400000     0.00300000    79.97963333
     0.00300000     0.01500000     0.00300000    34.35813909
     0.00300000     0.01600000     0.00300000    53.08086730
     0.00300000     0.01700000     0.00300000    33.21870664
     0.00300000     0.01700000     0.00400000   -26.81515788
     0.00300000     0.01800000     0.00300000    37.62079350
     0.00300000     0.01800000     0.00400000  2176.19490106
     0.00300000     0.01900000     0.00300000    28.94363346
     0.00300000     0.01900000     0.00400000  2163.04454264
     0.00300000     0.02000000     0.00300000     4.92184062
     0.00300000     0.02000000     0.00400000  2163.20630983
     0.00300000     0.02200000     0.00400000  -375.71258491
     0.00300000     0.02200000     0.00500000     0.00000000
     0.00300000     0.02300000     0.00400000     0.00000000
     0.00300000     0.02300000     0.00500000     0.00000000
     0.00300000     0.02300000     0.00600000     0.00000000
     0.00300000     0.02400000     0.00500000     0.00000000
     0.00300000     0.02400000     0.00600000     0.00000000
     0.00300000     0.02500000     0.00600000     0.00000000
     0.00300000     0.02500000     0.00700000     0.00000000
     0.00300000     0.02500000     0.00800000     0.00000000
     0.00300000     0.02600000     0.00600000     0.00000000
     0.00300000     0.02600000     0.00700000     0.00000000
     0.00300000     0.02600000     0.00800000     0.00000000
     0.00300000     0.02700000     0.00700000     0.00000000
     0.00300000     0.02700000     0.00800000     0.00000000
     0.00300000     0.02700000     0.00900000     0.00000000
     0.00300000     0.02800000     0.00800000     0.00000000
     0.00300000     0.02800000     0.00900000     0.00000000
     0.00300000     0.02800000     0.01000000     0.00000000
     0.00300000     0.02900000     0.00900000     0.00000000
     0.00300000     0.02900000     0.01000000     0.00000000
     0.00300000     0.03000000     0.01000000     0.00000000
     0.00300000     0.03000000     0.01100000     0.00000000
     0.00300000     0.03000000     0.01200000     0.00000000
     0.00300000     0.03100000     0.01100000     0.00000000
     0.00300000     0.03100000     0.01200000     0.00000000
     0.00300000     0.03100000     0.01300000     0.00000000
     0.00300000     0.03100000     0.01400000     0.00000000
     0.00300000     0.03200000     0.01200000     0.00000000
     0.00300000     0.03200000     0.01300000     0.00000000
     0.00300000     0.03200000     0.01400000     0.00000000
     0.00300000     0.03200000     0.01500000     0.00000000
     0.00300000     0.03300000     0.01300000     0.00000000
     0.00300000     0.03300000     0.01400000     0.00000000
     0.00300000     0.03300000     0.01500000     0.00000000
     0.00300000     0.03300000     0.01600000     0.00000000
     0.00300000     0.03400000     0.01500000     0.00000000
     0.00300000     0.03400000     0.01600000     0.00000000
     0.00300000     0.03400000     0.01700000     0.00000000
     0.00300000     0.03500000     0.01700000     0.00000000
     0.00400000     0.00000000     0.00900000     0.00000000
     0.00400000     0.00100000     0.00800000     0.00000000
     0.00400000     0.00100000     0.00900000     0.00000000
     0.00400000     0.00200000     0.00700000     0.00000000
     0.00400000     0.00200000     0.00800000     0.00000000
     0.00400000     0.00200000     0.00900000     0.00000000
     0.00400000     0.00300000     0.00700000     0.00000000
     0.00400000     0.00300000     0.00800000     0.00000000
     0.00400000     0.00400000     0.00600000     0.00000000
     0.00400000     0.00400000     0.00700000     0.00000000
     0.00400000     0.00500000     0.00500000     0.00000000
     0.00400000     0.00500000     0.00600000     0.00000000
     0.00400000     0.00600000     0.00400000    41.54946636
     0.00400000     0.00600000     0.00500000     0.00000000
     0.00400000     0.00700000     0.00400000   129.31257044
     0.00400000     0.00700000     0.00500000     0.00000000
     0.00400000     0.00800000     0.00400000    14.92515502
     0.00400000     0.00900000     0.00300000   -32.64911943
     0.00400000     0.00900000     0.00400000  2168.34827623
     0.00400000     0.01000000     0.00300000    89.34933392
     0.00400000     0.01100000     0.00300000    27.49454577
     0.00400000     0.01200000     0.00300000    -4.15113667
     0.00400000     0.01300000     0.00300000     5.06816290
     0.00400000     0.01400000     0.00300000   194.85906173
     0.00400000     0.01500000     0.00300000    71.85290980
     0.00400000     0.01600000     0.00300000    53.59897947
     0.00400000     0.01700000     0.00300000   -26.93593114
     0.00400000     0.01800000     0.00300000    17.00428159
     0.00400000     0.01900000     0.00300000    17.07127340
     0.00400000     0.01900000     0.00400000    -4.38816334
     0.00400000     0.02000000     0.00300000    42.22205877
     0.00400000     0.02000000     0.00400000  2174.11041253
     0.00400000     0.02100000     0.00300000   -24.65830669
     0.00400000     0.02100000     0.00400000  2173.00774601
     0.00400000     0.02200000     0.00400000    76.44286938
     0.00400000     0.02300000     0.00400000    45.31205039
     0.00400000     0.02300000     0.00500000     0.00000000
     0.00400000     0.02300000     0.00600000     0.00000000
     0.00400000     0.02400000     0.00500000     0.00000000
     0.00400000     0.02400000     0.00600000     0.00000000
     0.00400000     0.02500000     0.00500000     0.00000000
     0.00400000     0.02500000     0.00600000     0.00000000
     0.00400000     0.02600000     0.00600000     0.00000000
     0.00400000     0.02600000     0.00700000     0.00000000
     0.00400000     0.02600000     0.00800000     0.00000000
     0.00400000     0.02700000     0.00700000     0.00000000
     0.00400000     0.02700000     0.00800000     0.00000000
     0.00400000     0.02800000     0.00800000     0.00000000
     0.00400000     0.02800000     0.00900000     0.00000000
     0.00400000     0.02800000     0.01000000     0.00000000
     0.00400000     0.02900000     0.00800000     0.00000000
     0.00400000     0.02900000     0.00900000     0.00000000
     0.00400000     0.02900000     0.01000000     0.00000000
     0.00400000     0.03000000     0.00900000     0.00000000
     0.00400000     0.03000000     0.01000000     0.00000000
     0.00400000     0.03000000     0.01100000     0.00000000
     0.00400000     0.03000000     0.01200000     0.00000000
     0.00400000     0.03100000     0.01000000     0.00000000
     0.00400000     0.03100000     0.01100000     0.00000000
     0.00400000     0.03100000     0.01200000     0.00000000
     0.00400000     0.03200000     0.01100000     0.00000000
     0.00400000     0.03200000     0.01200000     0.00000000
     0.00400000     0.03200000     0.01300000     0.00000000
     0.00400000     0.03200000     0.01400000     0.00000000
     0.00400000     0.03300000     0.01300000     0.00000000
     0.00400000     0.03300000     0.01400000     0.00000000
     0.00400000     0.03300000     0.01500000     0.00000000
     0.00400000     0.03300000     0.01600000     0.00000000
     0.00400000     0.03400000     0.01500000     0.00000000
     0.00400000     0.03400000     0.01600000     0.00000000
     0.00400000     0.03400000     0.01700000     0.00000000
     0.00400000     0.03500000     0.01600000     0.00000000
     0.00400000     0.03500000     0.01700000     0.00000000
     0.00400000     0.03500000     0.01800000     0.00000000
     0.00400000     0.03600000     0.01800000     0.00000000
     0.00400000     0.03600000     0.01900000     0.00000000
     0.00400000     0.03600000     0.02000000     0.00000000
     0.00400000     0.03700000     0.02000000     0.00000000
     0.00400000     0.03700000     0.02100000     0.00000000
     0.00400000     0.03700000     0.02200000     0.00000000
     0.00400000     0.03800000     0.02100000     0.00000000
     0.00400000     0.03800000     0.02200000     0.00000000
     0.00400000     0.03800000     0.02300000     0.00000000
     0.00400000     0.03800000     0.02400000     0.00000000
     0.00400000     0.03900000     0.02300000     0.00000000
     0.00400000     0.03900000     0.02400000     0.00000000
     0.00400000     0.04000000     0.02400000     0.00000000
     0.00400000     0.04000000     0.02500000     0.00000000
     0.00400000     0.04100000     0.02500000     0.00000000
     0.00400000     0.04100000     0.02600000     0.00000000
     0.00400000     0.04200000     0.02500000     0.00000000
     0.00400000     0.04200000     0.02600000     0.00000000
     0.00400000     0.04300000     0.02600000     0.00000000
     0.00400000     0.04300000     0.02700000     0.00000000
     0.00400000     0.04300000     0.02800000     0.00000000
     0.00400000     0.04400000     0.02700000     0.00000000
     0.00400000     0.04400000     0.02800000     0.00000000
     0.00400000     0.04500000     0.02800000     0.00000000
     0.00400000     0.04500000     0.02900000     0.00000000
     0.00400000     0.04500000     0.03000000     0.00000000
     0.00400000     0.04600000     0.02900000     0.00000000
     0.00400000     0.04600000     0.03000000     0.00000000
     0.00400000     0.04700000     0.03000000     0.00000000
     0.00400000     0.04700000     0.03100000     0.00000000
     0.00400000     0.04800000     0.03100000     0.00000000
     0.00500000     0.00000000     0.00900000     0.00000000
     0.00500000     0.00100000     0.00800000     0.00000000
     0.00500000     0.00100000     0.00900000     0.00000000
     0.00500000     0.00200000     0.00700000     0.00000000
     0.00500000     0.00300000     0.00600000     0.00000000
     0.00500000     0.00300000     0.00700000     0.00000000
     0.00500000     0.00400000     0.00600000     0.00000000
     0.00500000     0.00400000     0.00700000     0.00000000
     0.00500000     0.00500000     0.00500000     0.00000000
     0.00500000     0.00500000     0.00600000     0.00000000
     0.00500000     0.00600000     0.00400000    31.40250212
     0.00500000     0.00600000     0.00500000     0.00000000
     0.00500000     0.00800000     0.00400000   435.51114262
     0.00500000     0.00900000     0.00300000     9.38774251
     0.00500000     0.00900000     0.00400000  2229.84289821
     0.00500000     0.01000000     0.00300000    27.22991058
     0.00500000     0.01100000     0.00300000    -9.56926647
     0.00500000     0.01200000     0.00300000    98.96558419
     0.00500000     0.01300000     0.00200000   647.21773169
     0.00500000     0.01300000     0.00300000   507.00776592
     0.00500000     0.01400000     0.00200000   614.02219995
     0.00500000     0.01400000     0.00300000   656.58868243
     0.00500000     0.01500000     0.00200000   636.29071983
     0.00500000     0.01500000     0.00300000   535.89725986
     0.00500000     0.01600000     0.00200000   582.94507816
     0.00500000     0.01600000     0.00300000   624.18558692
     0.00500000     0.01700000     0.00300000    52.15782178
     0.00500000     0.01800000     0.00300000    41.19164842
     0.00500000     0.01900000     0.00300000    21.67396819
     0.00500000     0.02000000     0.00300000    29.46494261
     0.00500000     0.02000000     0.00400000   -29.77107411
     0.00500000     0.02100000     0.00300000    31.40920625
     0.00500000     0.02100000     0.00400000  2188.92954676
     0.00500000     0.02200000     0.00400000   469.93372565
     0.00500000     0.02300000     0.00400000   178.99083348
     0.00500000     0.02300000     0.00500000     0.00000000
     0.00500000     0.02400000     0.00500000     0.00000000
     0.00500000     0.02400000     0.00600000     0.00000000
     0.00500000     0.02500000     0.00500000     0.00000000
     0.00500000     0.02500000     0.00600000     0.00000000
     0.00500000     0.02600000     0.00600000     0.00000000
     0.00500000     0.02600000     0.00700000     0.00000000
     0.00500000     0.02600000     0.00800000     0.00000000
     0.00500000     0.02700000     0.00700000     0.00000000
     0.00500000     0.02700000     0.00800000     0.00000000
     0.00500000     0.02800000     0.00700000     0.00000000
     0.00500000     0.02800000     0.00800000     0.00000000
     0.00500000     0.02900000     0.00800000     0.00000000
     0.00500000     0.02900000     0.00900000     0.00000000
     0.00500000     0.02900000     0.01000000     0.00000000
     0.00500000     0.03000000     0.00900000     0.00000000
     0.00500000     0.03000000     0.01000000     0.00000000
     0.00500000     0.03100000     0.01000000     0.00000000
     0.00500000     0.03100000     0.01100000     0.00000000
     0.00500000     0.03100000     0.01200000     0.00000000
     0.00500000     0.03200000     0.01100000     0.00000000
     0.00500000     0.03200000     0.01200000     0.00000000
     0.00500000     0.03200000     0.01300000     0.00000000
     0.00500000     0.03200000     0.01400000     0.00000000
     0.00500000     0.03300000     0.01300000     0.00000000
     0.00500000     0.03300000     0.01400000     0.00000000
     0.00500000     0.03300000     0.01500000     0.00000000
     0.00500000     0.03300000     0.01600000     0.00000000
     0.00500000     0.03400000     0.01400000     0.00000000
     0.00500000     0.03400000     0.01500000     0.00000000
     0.00500000     0.03400000     0.01600000     0.00000000
     0.00500000     0.03500000     0.01600000     0.00000000
     0.00500000     0.03500000     0.01700000     0.00000000
     0.00500000     0.03500000     0.01800000     0.00000000
     0.00500000     0.03600000     0.01800000     0.00000000
     0.00500000     0.03600000     0.01900000     0.00000000
     0.00500000     0.03600000     0.02000000     0.00000000
     0.00500000     0.03700000     0.01900000     0.00000000
     0.00500000     0.03700000     0.02000000     0.00000000
     0.00500000     0.03700000     0.02100000     0.00000000
     0.00500000     0.03700000     0.02200000     0.00000000
     0.00500000     0.03800000     0.02100000     0.00000000
     0.00500000     0.03800000     0.02200000     0.00000000
     0.00500000     0.03800000     0.02300000     0.00000000
     0.00500000     0.03800000     0.02400000     0.00000000
     0.00500000     0.03900000     0.02200000     0.00000000
     0.00500000     0.03900000     0.02300000     0.00000000
     0.00500000     0.03900000     0.02400000     0.00000000
     0.00500000     0.04000000     0.02300000     0.00000000
     0.00500000     0.04000000     0.02400000     0.00000000
     0.00500000     0.04000000     0.02500000     0.00000000
     0.00500000     0.04100000     0.02400000     0.00000000
     0.00500000     0.04100000     0.02500000     0.00000000
     0.00500000     0.04100000     0.02600000     0.00000000
     0.00500000     0.04200000     0.02500000     0.00000000
     0.00500000     0.04200000     0.02600000     0.00000000
     0.00500000     0.04300000     0.02600000     0.00000000
     0.00500000     0.04300000     0.02700000     0.00000000
     0.00500000     0.04300000     0.02800000     0.00000000
     0.00500000     0.04400000     0.02700000     0.00000000
     0.00500000     0.04400000     0.02800000     0.00000000
     0.00500000     0.04500000     0.02800000     0.00000000
     0.00500000     0.04500000     0.02900000     0.00000000
     0.00500000     0.04500000     0.03000000     0.00000000
     0.00500000     0.04600000     0.02900000     0.00000000
     0.00500000     0.04600000     0.03000000     0.00000000
     0.00500000     0.04700000     0.02900000     0.00000000
     0.00500000     0.04700000     0.03000000     0.00000000
     0.00500000     0.04700000     0.03100000     0.00000000
     0.00500000     0.04800000     0.03000000     0.00000000
     0.00500000     0.04800000     0.03100000     0.00000000
     0.00600000     0.00000000     0.00900000     0.00000000
     0.00600000     0.00100000     0.00800000     0.00000000
     0.00600000     0.00100000     0.00900000     0.00000000
     0.00600000     0.00200000     0.00700000     0.00000000
     0.00600000     0.00300000     0.00600000     0.00000000
     0.00600000     0.00300000     0.00700000     0.00000000
     0.00600000     0.00400000     0.00600000     0.00000000
     0.00600000     0.00500000     0.00500000     0.00000000
     0.00600000     0.00500000     0.00600000     0.00000000
     0.00600000     0.00600000     0.00400000    37.38002960
     0.00600000     0.00600000     0.00500000     0.00000000
     0.00600000     0.00800000     0.00400000   293.04094682
     0.00600000     0.00900000     0.00300000   -41.90813204
     0.00600000     0.00900000     0.00400000  2180.84657721
     0.00600000     0.01000000     0.00300000    87.83850496
     0.00600000     0.01100000     0.00300000     2.43276412
     0.00600000     0.01200000     0.00300000   194.19547720
     0.00600000     0.01300000     0.00200000   627.84448773
     0.00600000     0.01300000     0.00300000   578.62340499
     0.00600000     0.01600000     0.00200000   574.76612991
     0.00600000     0.01600000     0.00300000   594.47541698
     0.00600000     0.01700000     0.00300000   159.26007888
     0.00600000     0.01800000     0.00300000    19.81578958
     0.00600000     0.01900000     0.00300000    10.15841316
     0.00600000     0.02000000     0.00300000    38.00723455
     0.00600000     0.02000000     0.00400000     2.13734297
     0.00600000     0.02100000     0.00300000   -22.63833950
     0.00600000     0.02100000     0.00400000  2188.65924628
     0.00600000     0.02200000     0.00400000   330.78103767
     0.00600000     0.02300000     0.00400000   137.13460946
     0.00600000     0.02300000     0.00500000     0.00000000
     0.00600000     0.02400000     0.00500000     0.00000000
     0.00600000     0.02400000     0.00600000     0.00000000
     0.00600000     0.02500000     0.00500000     0.00000000
     0.00600000     0.02500000     0.00600000     0.00000000
     0.00600000     0.02600000     0.00600000     0.00000000
     0.00600000     0.02600000     0.00700000     0.00000000
     0.00600000     0.02700000     0.00700000     0.00000000
     0.00600000     0.02700000     0.00800000     0.00000000
     0.00600000     0.02800000     0.00700000     0.00000000
     0.00600000     0.02800000     0.00800000     0.00000000
     0.00600000     0.02900000     0.00800000     0.00000000
     0.00600000     0.02900000     0.00900000     0.00000000
     0.00600000     0.02900000     0.01000000     0.00000000
     0.00600000     0.03000000     0.00900000     0.00000000
     0.00600000     0.03000000     0.01000000     0.00000000
     0.00600000     0.03100000     0.01000000     0.00000000
     0.00600000     0.03100000     0.01100000     0.00000000
     0.00600000     0.03100000     0.01200000     0.00000000
     0.00600000     0.03200000     0.01100000     0.00000000
     0.00600000     0.03200000     0.01200000     0.00000000
     0.00600000     0.03200000     0.01300000     0.00000000
     0.00600000     0.03200000     0.01400000     0.00000000
     0.00600000     0.03300000     0.01300000     0.00000000
     0.00600000     0.03300000     0.01400000     0.00000000
     0.00600000     0.03400000     0.01400000     0.00000000
     0.00600000     0.03500000     0.01600000     0.00000000
     0.00600000     0.03500000     0.01700000     0.00000000
     0.00600000     0.03500000     0.01800000     0.00000000
     0.00600000     0.03600000     0.01800000     0.00000000
     0.00600000     0.03700000     0.02000000     0.00000000
     0.00600000     0.03700000     0.02100000     0.00000000
     0.00600000     0.03700000     0.02200000     0.00000000
     0.00600000     0.03800000     0.02100000     0.00000000
     0.00600000     0.03800000     0.02200000     0.00000000
     0.00600000     0.03900000     0.02200000     0.00000000
     0.00600000     0.03900000     0.02300000     0.00000000
     0.00600000     0.03900000     0.02400000     0.00000000
     0.00600000     0.04000000     0.02300000     0.00000000
     0.00600000     0.04000000     0.02400000     0.00000000
     0.00600000     0.04100000     0.02400000     0.00000000
     0.00600000     0.04100000     0.02500000     0.00000000
     0.00600000     0.04100000     0.02600000     0.00000000
     0.00600000     0.04200000     0.02500000     0.00000000
     0.00600000     0.04200000     0.02600000     0.00000000
     0.00600000     0.04300000     0.02600000     0.00000000
     0.00600000     0.04300000     0.02700000     0.00000000
     0.00600000     0.04300000     0.02800000     0.00000000
     0.00600000     0.04400000     0.02700000     0.00000000
     0.00600000     0.04400000     0.02800000     0.00000000
     0.00600000     0.04500000     0.02800000     0.00000000
     0.00600000     0.04500000     0.02900000     0.00000000
     0.00600000     0.04600000     0.02900000     0.00000000
     0.00700000     0.00000000     0.00900000     0.00000000
     0.00700000     0.00100000     0.00800000     0.00000000
     0.00700000     0.00100000     0.00900000     0.00000000
     0.00700000     0.00200000     0.00700000     0.00000000
     0.00700000     0.00300000     0.00600000     0.00000000
     0.00700000     0.00300000     0.00700000     0.00000000
     0.00700000     0.00400000     0.00600000     0.00000000
     0.00700000     0.00400000     0.00700000     0.00000000
     0.00700000     0.00500000     0.00500000     0.00000000
     0.00700000     0.00500000     0.00600000     0.00000000
     0.00700000     0.00600000     0.00400000    31.94544100
     0.00700000     0.00600000     0.00500000     0.00000000
     0.00700000     0.00800000     0.00400000   440.67951695
     0.00700000     0.00900000     0.00300000    16.04185868
     0.00700000     0.00900000     0.00400000  2232.42926531
     0.00700000     0.01000000     0.00300000    23.39598997
     0.00700000     0.01100000     0.00300000     1.13219444
     0.00700000     0.01200000     0.00300000    72.64449617
     0.00700000     0.01300000     0.00200000   632.13310524
     0.00700000     0.01300000     0.00300000   529.22118359
     0.00700000     0.01400000     0.00200000   609.16967187
     0.00700000     0.01400000     0.00300000   626.65337580
     0.00700000     0.01500000     0.00200000   631.28677190
     0.00700000     0.01500000     0.00300000   541.07515286
     0.00700000     0.01600000     0.00200000   588.82312866
     0.00700000     0.01600000     0.00300000   620.21810433
     0.00700000     0.01700000     0.00300000    24.82509130
     0.00700000     0.01800000     0.00300000    58.22596737
     0.00700000     0.01900000     0.00300000    18.00956682
     0.00700000     0.02000000     0.00300000    34.61202812
     0.00700000     0.02000000     0.00400000   -25.28189244
     0.00700000     0.02100000     0.00300000    27.56881330
     0.00700000     0.02100000     0.00400000  2183.16347773
     0.00700000     0.02200000     0.00400000   462.58293494
     0.00700000     0.02300000     0.00400000   179.63809876
     0.00700000     0.02300000     0.00500000     0.00000000
     0.00700000     0.02400000     0.00500000     0.00000000
     0.00700000     0.02400000     0.00600000     0.00000000
     0.00700000     0.02500000     0.00500000     0.00000000
     0.00700000     0.02500000     0.00600000     0.00000000
     0.00700000     0.02600000     0.00600000     0.00000000
     0.00700000     0.02600000     0.00700000     0.00000000
     0.00700000     0.02600000     0.00800000     0.00000000
     0.00700000     0.02700000     0.00700000     0.00000000
     0.00700000     0.02700000     0.00800000     0.00000000
     0.00700000     0.02800000     0.00700000     0.00000000
     0.00700000     0.02800000     0.00800000     0.00000000
     0.00700000     0.02900000     0.00800000     0.00000000
     0.00700000     0.02900000     0.00900000     0.00000000
     0.00700000     0.02900000     0.01000000     0.00000000
     0.00700000     0.03000000     0.00900000     0.00000000
     0.00700000     0.03000000     0.01000000     0.00000000
     0.00700000     0.03100000     0.01000000     0.00000000
     0.00700000     0.03100000     0.01100000     0.00000000
     0.00700000     0.03100000     0.01200000     0.00000000
     0.00700000     0.03200000     0.01100000     0.00000000
     0.00700000     0.03200000     0.01200000     0.00000000
     0.00700000     0.03200000     0.01300000     0.00000000
     0.00700000     0.03200000     0.01400000     0.00000000
     0.00700000     0.03300000     0.01300000     0.00000000
     0.00700000     0.03300000     0.01400000     0.00000000
     0.00700000     0.03300000     0.01500000     0.00000000
     0.00700000     0.03300000     0.01600000     0.00000000
     0.00700000     0.03400000     0.01400000     0.00000000
     0.00700000     0.03400000     0.01500000     0.00000000
     0.00700000     0.03400000     0.01600000     0.00000000
     0.00700000     0.03500000     0.01600000     0.00000000
     0.00700000     0.03500000     0.01700000     0.00000000
     0.00700000     0.03500000     0.01800000     0.00000000
     0.00700000     0.03600000     0.01800000     0.00000000
     0.00700000     0.03600000     0.01900000     0.00000000
     0.00700000     0.03600000     0.02000000     0.00000000
     0.00700000     0.03700000     0.01900000     0.00000000
     0.00700000     0.03700000     0.02000000     0.00000000
     0.00700000     0.03700000     0.02100000     0.00000000
     0.00700000     0.03700000     0.02200000     0.00000000
     0.00700000     0.03800000     0.02100000     0.00000000
     0.00700000     0.03800000     0.02200000     0.00000000
     0.00700000     0.03800000     0.02300000     0.00000000
     0.00700000     0.03800000     0.02400000     0.00000000
     0.00700000     0.03900000     0.02200000     0.00000000
     0.00700000     0.03900000     0.02300000     0.00000000
     0.00700000     0.03900000     0.02400000     0.00000000
     0.00700000     0.04000000     0.02300000     0.00000000
     0.00700000     0.04000000     0.02400000     0.00000000
     0.00700000     0.04000000     0.02500000     0.00000000
     0.00700000     0.04100000     0.02400000     0.00000000
     0.00700000     0.04100000     0.02500000     0.00000000
     0.00700000     0.04100000     0.02600000     0.00000000
     0.00700000     0.04200000     0.02500000     0.00000000
     0.00700000     0.04200000     0.02600000     0.00000000
     0.00700000     0.04300000     0.02600000     0.00000000
     0.00700000     0.04300000     0.02700000     0.00000000
     0.00700000     0.04300000     0.02800000     0.00000000
     0.00700000     0.04400000     0.02700000     0.00000000
     0.00700000     0.04400000     0.02800000     0.00000000
     0.00700000     0.04500000     0.02800000     0.00000000
     0.00700000     0.04500000     0.02900000     0.00000000
     0.00700000     0.04500000     0.03000000     0.00000000
     0.00700000     0.04600000     0.02900000     0.00000000
     0.00700000     0.04600000     0.03000000     0.00000000
     0.00700000     0.04700000     0.02900000     0.00000000
     0.00700000     0.04700000     0.03000000     0.00000000
     0.00700000     0.04700000     0.03100000     0.00000000
     0.00700000     0.04800000     0.03000000     0.00000000
     0.00700000     0.04800000     0.03100000     0.00000000
     0.00800000     0.00000000     0.00900000     0.00000000
     0.00800000     0.00100000     0.00800000     0.00000000
     0.00800000     0.00100000     0.00900000     0.00000000
     0.00800000     0.00200000     0.00700000     0.00000000
     0.00800000     0.00200000     0.00800000     0.00000000
     0.00800000     0.00200000     0.00900000     0.00000000
     0.00800000     0.00300000     0.00700000     0.00000000
     0.00800000     0.00300000     0.00800000     0.00000000
     0.00800000     0.00400000     0.00600000     0.00000000
     0.00800000     0.00400000     0.00700000     0.00000000
     0.00800000     0.00500000     0.00500000     0.00000000
     0.00800000     0.00500000     0.00600000     0.00000000
     0.00800000     0.00600000     0.00400000    42.36186274
     0.00800000     0.00600000     0.00500000     0.00000000
     0.00800000     0.00700000     0.00400000   128.50058855
     0.00800000     0.00700000     0.00500000     0.00000000
     0.00800000     0.00800000     0.00400000    20.29377970
     0.00800000     0.00900000     0.00300000   -37.17835723
     0.00800000     0.00900000     0.00400000  2165.87291309
     0.00800000     0.01000000     0.00300000    86.83658803
     0.00800000     0.01100000     0.00300000    28.76171630
     0.00800000     0.01200000     0.00300000   -14.37790719
     0.00800000     0.01300000     0.00300000    44.75023035
     0.00800000     0.01400000     0.00300000   203.23952351
     0.00800000     0.01500000     0.00300000    84.22305179
     0.00800000     0.01600000     0.00300000    48.58755472
     0.00800000     0.01700000     0.00300000   -23.20994549
     0.00800000     0.01800000     0.00300000    18.78076591
     0.00800000     0.01900000     0.00300000    20.85267266
     0.00800000     0.01900000     0.00400000   -10.85205339
     0.00800000     0.02000000     0.00300000    42.13791979
     0.00800000     0.02000000     0.00400000  2174.29429942
     0.00800000     0.02100000     0.00300000   -19.06984220
     0.00800000     0.02100000     0.00400000  2171.45539090
     0.00800000     0.02200000     0.00400000    71.34557509
     0.00800000     0.02300000     0.00400000    47.31027132
     0.00800000     0.02300000     0.00500000     0.00000000
     0.00800000     0.02300000     0.00600000     0.00000000
     0.00800000     0.02400000     0.00500000     0.00000000
     0.00800000     0.02400000     0.00600000     0.00000000
     0.00800000     0.02500000     0.00500000     0.00000000
     0.00800000     0.02500000     0.00600000     0.00000000
     0.00800000     0.02600000     0.00600000     0.00000000
     0.00800000     0.02600000     0.00700000     0.00000000
     0.00800000     0.02600000     0.00800000     0.00000000
     0.00800000     0.02700000     0.00700000     0.00000000
     0.00800000     0.02700000     0.00800000     0.00000000
     0.00800000     0.02800000     0.00800000     0.00000000
     0.00800000     0.02800000     0.00900000     0.00000000
     0.00800000     0.02800000     0.01000000     0.00000000
     0.00800000     0.02900000     0.00800000     0.00000000
     0.00800000     0.02900000     0.00900000     0.00000000
     0.00800000     0.02900000     0.01000000     0.00000000
     0.00800000     0.03000000     0.00900000     0.00000000
     0.00800000     0.03000000     0.01000000     0.00000000
     0.00800000     0.03000000     0.01100000     0.00000000
     0.00800000     0.03000000     0.01200000     0.00000000
     0.00800000     0.03100000     0.01000000     0.00000000
     0.00800000     0.03100000     0.01100000     0.00000000
     0.00800000     0.03100000     0.01200000     0.00000000
     0.00800000     0.03200000     0.01100000     0.00000000
     0.00800000     0.03200000     0.01200000     0.00000000
     0.00800000     0.03200000     0.01300000     0.00000000
     0.00800000     0.03200000     0.01400000     0.00000000
     0.00800000     0.03300000     0.01300000     0.00000000
     0.00800000     0.03300000     0.01400000     0.00000000
     0.00800000     0.03300000     0.01500000     0.00000000
     0.00800000     0.03300000     0.01600000     0.00000000
     0.00800000     0.03400000     0.01500000     0.00000000
     0.00800000     0.03400000     0.01600000     0.00000000
     0.00800000     0.03400000     0.01700000     0.00000000
     0.00800000     0.03500000     0.01600000     0.00000000
     0.00800000     0.03500000     0.01700000     0.00000000
     0.00800000     0.03500000     0.01800000     0.00000000
     0.00800000     0.03600000     0.01800000     0.00000000
     0.00800000     0.03600000     0.01900000     0.00000000
     0.00800000     0.03600000     0.02000000     0.00000000
     0.00800000     0.03700000     0.02000000     0.00000000
     0.00800000     0.03700000     0.02100000     0.00000000
     0.00800000     0.03700000     0.02200000     0.00000000
     0.00800000     0.03800000     0.02100000     0.00000000
     0.00800000     0.03800000     0.02200000     0.00000000
     0.00800000     0.03800000     0.02300000     0.00000000
     0.00800000     0.03800000     0.02400000     0.00000000
     0.00800000     0.03900000     0.02300000     0.00000000
     0.00800000     0.03900000     0.02400000     0.00000000
     0.00800000     0.04000000     0.02400000     0.00000000
     0.00800000     0.04000000     0.02500000     0.00000000
     0.00800000     0.04100000     0.02500000     0.00000000
     0.00800000     0.04100000     0.02600000     0.00000000
     0.00800000     0.04200000     0.02500000     0.00000000
     0.00800000     0.04200000     0.02600000     0.00000000
     0.00800000     0.04300000     0.02600000     0.00000000
     0.00800000     0.04300000     0.02700000     0.00000000
     0.00800000     0.04300000     0.02800000     0.00000000
     0.00800000     0.04400000     0.02700000     0.00000000
     0.00800000     0.04400000     0.02800000     0.00000000
     0.00800000     0.04500000     0.02800000     0.00000000
     0.00800000     0.04500000     0.02900000     0.00000000
     0.00800000     0.04500000     0.03000000     0.00000000
     0.00800000     0.04600000     0.02900000     0.00000000
     0.00800000     0.04600000     0.03000000     0.00000000
     0.00800000     0.04700000     0.03000000     0.00000000
     0.00800000     0.04700000     0.03100000     0.00000000
     0.00800000     0.04800000     0.03100000     0.00000000
     0.00900000     0.00000000     0.00900000     0.00000000
     0.00900000     0.00000000     0.01000000     0.00000000
     0.00900000     0.00100000     0.00900000     0.00000000
     0.00900000     0.00100000     0.01000000     0.00000000
     0.00900000     0.00200000     0.00800000     0.00000000
     0.00900000     0.00200000     0.00900000     0.00000000
     0.00900000     0.00300000     0.00700000     0.00000000
     0.00900000     0.00300000     0.00800000     0.00000000
     0.00900000     0.00400000     0.00600000     0.00000000
     0.00900000     0.00400000     0.00700000     0.00000000
     0.00900000     0.00500000     0.00500000     0.00000000
     0.00900000     0.00500000     0.00600000     0.00000000
     0.00900000     0.00500000     0.00700000     0.00000000
     0.00900000     0.00600000     0.00500000     0.00000000
     0.00900000     0.00700000     0.00400000   312.57738564
     0.00900000     0.00700000     0.00500000     0.00000000
     0.00900000     0.00800000     0.00400000  -266.23088277
     0.00900000     0.00800000     0.00500000     0.00000000
     0.00900000     0.01000000     0.00300000   -18.51994436
     0.00900000     0.01100000     0.00300000    25.62196961
     0.00900000     0.01200000     0.00300000    38.47312611
     0.00900000     0.01300000     0.00300000    92.69209068
     0.00900000     0.01400000     0.00300000    29.99098736
     0.00900000     0.01500000     0.00300000    96.79719813
     0.00900000     0.01600000     0.00300000    80.90899112
     0.00900000     0.01700000     0.00300000    51.26761758
     0.00900000     0.01700000     0.00400000   -37.09470233
     0.00900000     0.01800000     0.00300000    28.21679664
     0.00900000     0.01800000     0.00400000  2173.56857396
     0.00900000     0.01900000     0.00300000    38.97129924
     0.00900000     0.01900000     0.00400000  2164.49367924
     0.00900000     0.02000000     0.00300000    -0.27829571
     0.00900000     0.02000000     0.00400000  2158.34689804
     0.00900000     0.02200000     0.00400000  -374.60399582
     0.00900000     0.02200000     0.00500000     0.00000000
     0.00900000     0.02300000     0.00400000     0.00000000
     0.00900000     0.02300000     0.00500000     0.00000000
     0.00900000     0.02300000     0.00600000     0.00000000
     0.00900000     0.02400000     0.00500000     0.00000000
     0.00900000     0.02400000     0.00600000     0.00000000
     0.00900000     0.02500000     0.00600000     0.00000000
     0.00900000     0.02500000     0.00700000     0.00000000
     0.00900000     0.02500000     0.00800000     0.00000000
     0.00900000     0.02600000     0.00600000     0.00000000
     0.00900000     0.02600000     0.00700000     0.00000000
     0.00900000     0.02600000     0.00800000     0.00000000
     0.00900000     0.02700000     0.00700000     0.00000000
     0.00900000     0.02700000     0.00800000     0.00000000
     0.00900000     0.02700000     0.00900000     0.00000000
     0.00900000     0.02800000     0.00800000     0.00000000
     0.00900000     0.02800000     0.00900000     0.00000000
     0.00900000     0.02800000     0.01000000     0.00000000
     0.00900000     0.02900000     0.00900000     0.00000000
     0.00900000     0.02900000     0.01000000     0.00000000
     0.00900000     0.03000000     0.01000000     0.00000000
     0.00900000     0.03000000     0.01100000     0.00000000
     0.00900000     0.03000000     0.01200000     0.00000000
     0.00900000     0.03100000     0.01100000     0.00000000
     0.00900000     0.03100000     0.01200000     0.00000000
     0.00900000     0.03100000     0.01300000     0.00000000
     0.00900000     0.03100000     0.01400000     0.00000000
     0.00900000     0.03200000     0.01200000     0.00000000
     0.00900000     0.03200000     0.01300000     0.00000000
     0.00900000     0.03200000     0.01400000     0.00000000
     0.00900000     0.03200000     0.01500000     0.00000000
     0.00900000     0.03300000     0.01300000     0.00000000
     0.00900000     0.03300000     0.01400000     0.00000000
     0.00900000     0.03300000     0.01500000     0.00000000
     0.00900000     0.03300000     0.01600000     0.00000000
     0.00900000     0.03400000     0.01500000     0.00000000
     0.00900000     0.03400000     0.01600000     0.00000000
     0.00900000     0.03400000     0.01700000     0.00000000
     0.00900000     0.03500000     0.01700000     0.00000000
     0.01000000     0.00000000     0.01000000     0.00000000
     0.01000000     0.00100000     0.00900000     0.00000000
     0.01000000     0.00100000     0.01000000     0.00000000
     0.01000000     0.00200000     0.00800000     0.00000000
     0.01000000     0.00200000     0.00900000     0.00000000
     0.01000000     0.00200000     0.01000000     0.00000000
     0.01000000     0.00300000     0.00700000     0.00000000
     0.01000000     0.00300000     0.00800000     0.00000000
     0.01000000     0.00300000     0.00900000     0.00000000
     0.01000000     0.00400000     0.00700000     0.00000000
     0.01000000     0.00400000     0.00800000     0.00000000
     0.01000000     0.00500000     0.00600000     0.00000000
     0.01000000     0.00500000     0.00700000     0.00000000
     0.01000000     0.00500000     0.00800000     0.00000000
     0.01000000     0.00600000     0.00500000     0.00000000
     0.01000000     0.00600000     0.00600000     0.00000000
     0.01000000     0.00600000     0.00700000     0.00000000
     0.01000000     0.00700000     0.00500000     0.00000000
     0.01000000     0.00800000     0.00400000   276.26745500
     0.01000000     0.00800000     0.00500000     0.00000000
     0.01000000     0.00900000     0.00400000  -313.47257644
     0.01000000     0.00900000     0.00500000     0.00000000
     0.01000000     0.01000000     0.00400000    93.17139949
     0.01000000     0.01000000     0.00500000     0.00000000
     0.01000000     0.01200000     0.00300000   -40.69780097
     0.01000000     0.01300000     0.00300000    34.48969204
     0.01000000     0.01400000     0.00300000   -30.75351516
     0.01000000     0.01500000     0.00300000   -18.56154125
     0.01000000     0.01600000     0.00300000   -38.06457336
     0.01000000     0.01700000     0.00300000    27.88983365
     0.01000000     0.01700000     0.00400000  2185.73381504
     0.01000000     0.01800000     0.00300000   -26.13227268
     0.01000000     0.01800000     0.00400000  2182.36032009
     0.01000000     0.01900000     0.00400000  1343.62675480
     0.01000000     0.01900000     0.00500000     0.00000000
     0.01000000     0.02000000     0.00400000    40.21923046
     0.01000000     0.02000000     0.00500000     0.00000000
     0.01000000     0.02100000     0.00400000  -352.22537681
     0.01000000     0.02100000     0.00500000     0.00000000
     0.01000000     0.02100000     0.00600000     0.00000000
     0.01000000     0.02200000     0.00400000   191.51172759
     0.01000000     0.02200000     0.00500000     0.00000000
     0.01000000     0.02200000     0.00600000     0.00000000
     0.01000000     0.02300000     0.00500000     0.00000000
     0.01000000     0.02300000     0.00600000     0.00000000
     0.01000000     0.02400000     0.00500000     0.00000000
     0.01000000     0.02400000     0.00600000     0.00000000
     0.01000000     0.02400000     0.00700000     0.00000000
     0.01000000     0.02400000     0.00800000     0.00000000
     0.01000000     0.02500000     0.00600000     0.00000000
     0.01000000     0.02500000     0.00700000     0.00000000
     0.01000000     0.02500000     0.00800000     0.00000000
     0.01000000     0.02600000     0.00700000     0.00000000
     0.01000000     0.02600000     0.00800000     0.00000000
     0.01000000     0.02600000     0.00900000     0.00000000
     0.01000000     0.02700000     0.00800000     0.00000000
     0.01000000     0.02700000     0.00900000     0.00000000
     0.01000000     0.02700000     0.01000000     0.00000000
     0.01000000     0.02800000     0.00900000     0.00000000
     0.01000000     0.02800000     0.01000000     0.00000000
     0.01000000     0.02900000     0.00900000     0.00000000
     0.01000000     0.02900000     0.01000000     0.00000000
     0.01000000     0.02900000     0.01100000     0.00000000
     0.01000000     0.02900000     0.01200000     0.00000000
     0.01000000     0.03000000     0.01000000     0.00000000
     0.01000000     0.03000000     0.01100000     0.00000000
     0.01000000     0.03000000     0.01200000     0.00000000
     0.01000000     0.03100000     0.01100000     0.00000000
     0.01000000     0.03100000     0.01200000     0.00000000
     0.01000000     0.03100000     0.01300000     0.00000000
     0.01000000     0.03100000     0.01400000     0.00000000
     0.01000000     0.03200000     0.01300000     0.00000000
     0.01000000     0.03200000     0.01400000     0.00000000
     0.01000000     0.03200000     0.01500000     0.00000000
     0.01000000     0.03300000     0.01500000     0.00000000
     0.01100000     0.00100000     0.01000000     0.00000000
     0.01100000     0.00200000     0.00900000     0.00000000
     0.01100000     0.00200000     0.01000000     0.00000000
     0.01100000     0.00200000     0.01100000     0.00000000
     0.01100000     0.00300000     0.00800000     0.00000000
     0.01100000     0.00300000     0.00900000     0.00000000
     0.01100000     0.00300000     0.01000000     0.00000000
     0.01100000     0.00300000     0.01100000     0.00000000
     0.01100000     0.00400000     0.00800000     0.00000000
     0.01100000     0.00400000     0.00900000     0.00000000
     0.01100000     0.00400000     0.01000000     0.00000000
     0.01100000     0.00500000     0.00700000     0.00000000
     0.01100000     0.00500000     0.00800000     0.00000000
     0.01100000     0.00500000     0.00900000     0.00000000
     0.01100000     0.00600000     0.00600000     0.00000000
     0.01100000     0.00600000     0.00700000     0.00000000
     0.01100000     0.00600000     0.00800000     0.00000000
     0.01100000     0.00700000     0.00600000     0.00000000
     0.01100000     0.00700000     0.00700000     0.00000000
     0.01100000     0.00700000     0.00800000     0.00000000
     0.01100000     0.00800000     0.00500000     0.00000000
     0.01100000     0.00800000     0.00600000     0.00000000
     0.01100000     0.00800000     0.00700000     0.00000000
     0.01100000     0.00900000     0.00500000     0.00000000
     0.01100000     0.00900000     0.00600000     0.00000000
     0.01100000     0.01000000     0.00400000   182.31618469
     0.01100000     0.01000000     0.00500000     0.00000000
     0.01100000     0.01000000     0.00600000     0.00000000
     0.01100000     0.01100000     0.00400000  -367.46478594
     0.01100000     0.01100000     0.00500000     0.00000000
     0.01100000     0.01100000     0.00600000     0.00000000
     0.01100000     0.01200000     0.00400000   155.42209700
     0.01100000     0.01200000     0.00500000     0.00000000
     0.01100000     0.01300000     0.00400000   900.95334760
     0.01100000     0.01300000     0.00500000     0.00000000
     0.01100000     0.01400000     0.00400000   750.34977275
     0.01100000     0.01400000     0.00500000     0.00000000
     0.01100000     0.01500000     0.00400000   751.02605557
     0.01100000     0.01500000     0.00500000     0.00000000
     0.01100000     0.01600000     0.00400000   658.26354483
     0.01100000     0.01600000     0.00500000     0.00000000
     0.01100000     0.01700000     0.00400000   838.68067057
     0.01100000     0.01700000     0.00500000     0.00000000
     0.01100000     0.01800000     0.00400000   226.24045177
     0.01100000     0.01800000     0.00500000     0.00000000
     0.01100000     0.01800000     0.00600000     0.00000000
     0.01100000     0.01900000     0.00400000  -896.81313155
     0.01100000     0.01900000     0.00500000     0.00000000
     0.01100000     0.01900000     0.00600000     0.00000000
     0.01100000     0.02000000     0.00500000     0.00000000
     0.01100000     0.02000000     0.00600000     0.00000000
     0.01100000     0.02100000     0.00500000     0.00000000
     0.01100000     0.02100000     0.00600000     0.00000000
     0.01100000     0.02100000     0.00700000     0.00000000
     0.01100000     0.02200000     0.00500000     0.00000000
     0.01100000     0.02200000     0.00600000     0.00000000
     0.01100000     0.02200000     0.00700000     0.00000000
     0.01100000     0.02200000     0.00800000     0.00000000
     0.01100000     0.02300000     0.00600000     0.00000000
     0.01100000     0.02300000     0.00700000     0.00000000
     0.01100000     0.02300000     0.00800000     0.00000000
     0.01100000     0.02400000     0.00600000     0.00000000
     0.01100000     0.02400000     0.00700000     0.00000000
     0.01100000     0.02400000     0.00800000     0.00000000
     0.01100000     0.02500000     0.00700000     0.00000000
     0.01100000     0.02500000     0.00800000     0.00000000
     0.01100000     0.02500000     0.00900000     0.00000000
     0.01100000     0.02500000     0.01000000     0.00000000
     0.01100000     0.02600000     0.00800000     0.00000000
     0.01100000     0.02600000     0.00900000     0.00000000
     0.01100000     0.02600000     0.01000000     0.00000000
     0.01100000     0.02700000     0.00900000     0.00000000
     0.01100000     0.02700000     0.01000000     0.00000000
     0.01100000     0.02700000     0.01100000     0.00000000
     0.01100000     0.02700000     0.01200000     0.00000000
     0.01100000     0.02800000     0.00900000     0.00000000
     0.01100000     0.02800000     0.01000000     0.00000000
     0.01100000     0.02800000     0.01100000     0.00000000
     0.01100000     0.02800000     0.01200000     0.00000000
     0.01100000     0.02900000     0.01000000     0.00000000
     0.01100000     0.02900000     0.01100000     0.00000000
     0.01100000     0.02900000     0.01200000     0.00000000
     0.01100000     0.03000000     0.01100000     0.00000000
     0.01100000     0.03000000     0.01200000     0.00000000
     0.01100000     0.03100000     0.01200000     0.00000000
     0.01200000     0.00200000     0.01100000     0.00000000
     0.01200000     0.00300000     0.01000000     0.00000000
     0.01200000     0.00300000     0.01100000     0.00000000
     0.01200000     0.00400000     0.00900000     0.00000000
     0.01200000     0.00400000     0.01000000     0.00000000
     0.01200000     0.00500000     0.00800000     0.00000000
     0.01200000     0.00500000     0.00900000     0.00000000
     0.01200000     0.00600000     0.00800000     0.00000000
     0.01200000     0.00700000     0.00700000     0.00000000
     0.01200000     0.00700000     0.00800000     0.00000000
     0.01200000     0.00800000     0.00600000     0.00000000
     0.01200000     0.00800000     0.00700000     0.00000000
     0.01200000     0.00900000     0.00600000     0.00000000
     0.01200000     0.01000000     0.00600000     0.00000000
     0.01200000     0.01100000     0.00500000     0.00000000
     0.01200000     0.01100000     0.00600000     0.00000000
     0.01200000     0.01200000     0.00500000     0.00000000
     0.01200000     0.01300000     0.00500000     0.00000000
     0.01200000     0.01400000     0.00500000     0.00000000
     0.01200000     0.01500000     0.00500000     0.00000000
     0.01200000     0.01600000     0.00500000     0.00000000
     0.01200000     0.01700000     0.00500000     0.00000000
     0.01200000     0.01800000     0.00500000     0.00000000
     0.01200000     0.01800000     0.00600000     0.00000000
     0.01200000     0.01900000     0.00500000     0.00000000
     0.01200000     0.01900000     0.00600000     0.00000000
     0.01200000     0.02000000     0.00600000     0.00000000
     0.01200000     0.02100000     0.00600000     0.00000000
     0.01200000     0.02100000     0.00700000     0.00000000
     0.01200000     0.02200000     0.00700000     0.00000000
     0.01200000     0.02200000     0.00800000     0.00000000
     0.01200000     0.02300000     0.00700000     0.00000000
     0.01200000     0.02300000     0.00800000     0.00000000
     0.01200000     0.02400000     0.00800000     0.00000000
     0.01200000     0.02500000     0.00800000     0.00000000
     0.01200000     0.02500000     0.00900000     0.00000000
     0.01200000     0.02500000     0.01000000     0.00000000
     0.01200000     0.02600000     0.00900000     0.00000000
     0.01200000     0.02600000     0.01000000     0.00000000
     0.01200000     0.02700000     0.01000000     0.00000000
     0.01200000     0.02700000     0.01100000     0.00000000
     0.01200000     0.02700000     0.01200000     0.00000000
     0.01200000     0.02800000     0.01100000     0.00000000
     0.01200000     0.02800000     0.01200000     0.00000000
     0.01200000     0.02900000     0.01200000     0.00000000
