     0.00000000     0.00800000     0.00600000   488.87315312
     0.00100000     0.00300000     0.00800000   507.95594669
     0.00100000     0.00400000     0.00800000   511.10597642
     0.00100000     0.00600000     0.00600000   491.56627910
     0.00100000     0.00700000     0.00600000   493.45195582
     0.00100000     0.00800000     0.00500000   481.80003973
     0.00100000     0.00800000     0.00600000   490.83073221
     0.00100000     0.01000000     0.00400000   471.17395599
     0.00100000     0.01100000     0.00400000   473.21999585
     0.00100000     0.01200000     0.00400000   473.38624072
     0.00100000     0.01300000     0.00400000   472.79746347
     0.00100000     0.01400000     0.00400000   472.63096042
     0.00100000     0.01500000     0.00400000   472.85613895
     0.00100000     0.01600000     0.00400000   473.40485213
     0.00100000     0.01700000     0.00400000   474.18507562
     0.00100000     0.01800000     0.00400000   474.64560744
     0.00100000     0.01900000     0.00400000   472.95760566
     0.00100000     0.02200000     0.00500000   487.39589397
     0.00100000     0.02200000     0.00600000   498.12855938
     0.00100000     0.02300000     0.00600000   500.76628064
     0.00100000     0.02400000     0.00600000   499.94237778
     0.00100000     0.02600000     0.00800000   538.89685297
     0.00200000     0.00200000     0.00800000   506.91685289
     0.00200000     0.00300000     0.00700000   502.18906079
     0.00200000     0.00300000     0.00800000   510.01160619
     0.00200000     0.00400000     0.00700000   504.49463575
     0.00200000     0.00400000     0.00800000   512.25621985
     0.00200000     0.00500000     0.00600000   492.85727200
     0.00200000     0.00600000     0.00500000   484.48610121
     0.00200000     0.00600000     0.00600000   493.65519942
     0.00200000     0.00700000     0.00500000   485.96332962
     0.00200000     0.00700000     0.00600000   494.25793207
     0.00200000     0.00800000     0.00400000   473.92028111
     0.00200000     0.00800000     0.00500000   483.20894224
     0.00200000     0.00800000     0.00600000   492.41988717
     0.00200000     0.00900000     0.00400000   475.46319996
     0.00200000     0.01000000     0.00400000   475.05434760
     0.00200000     0.01100000     0.00400000   475.61750340
     0.00200000     0.01200000     0.00300000   462.45492291
     0.00200000     0.01200000     0.00400000   473.33024337
     0.00200000     0.01300000     0.00300000   464.80300929
     0.00200000     0.01300000     0.00400000   472.56170062
     0.00200000     0.01400000     0.00300000   465.45890498
     0.00200000     0.01400000     0.00400000   472.59388786
     0.00200000     0.01500000     0.00300000   465.65011784
     0.00200000     0.01500000     0.00400000   472.81087366
     0.00200000     0.01600000     0.00300000   466.03787794
     0.00200000     0.01600000     0.00400000   473.29328241
     0.00200000     0.01700000     0.00300000   465.94556968
     0.00200000     0.01700000     0.00400000   473.84997241
     0.00200000     0.01800000     0.00300000   463.85398878
     0.00200000     0.01800000     0.00400000   474.82431288
     0.00200000     0.01900000     0.00400000   476.26125049
     0.00200000     0.02000000     0.00400000   478.09227798
     0.00200000     0.02100000     0.00400000   479.67789723
     0.00200000     0.02200000     0.00400000   478.34603123
     0.00200000     0.02200000     0.00500000   489.47165253
     0.00200000     0.02200000     0.00600000   500.21806184
     0.00200000     0.02300000     0.00500000   494.33133524
     0.00200000     0.02300000     0.00600000   502.06591503
     0.00200000     0.02400000     0.00500000   492.66420717
     0.00200000     0.02400000     0.00600000   499.94237778
     0.00200000     0.02500000     0.00600000   507.50199810
     0.00200000     0.02600000     0.00700000   529.02990588
     0.00200000     0.02600000     0.00800000   541.30749682
     0.00200000     0.02700000     0.00800000   543.45915750
     0.00200000     0.03000000     0.01000000   568.64327044
     0.00300000     0.00200000     0.00800000   509.24772467
     0.00300000     0.00400000     0.00600000   493.71522354
     0.00300000     0.00700000     0.00400000   475.57462235
     0.00300000     0.00800000     0.00400000   477.43680114
     0.00300000     0.00900000     0.00400000   477.72428607
     0.00300000     0.01000000     0.00300000   462.72073880
     0.00300000     0.01000000     0.00400000   474.08090822
     0.00300000     0.02000000     0.00300000   465.50208110
     0.00300000     0.02000000     0.00400000   477.48748978
     0.00300000     0.02100000     0.00400000   481.53314981
     0.00300000     0.02200000     0.00400000   480.48234890
     0.00300000     0.02300000     0.00400000   496.54404967
     0.00300000     0.02400000     0.00500000   495.82625869
     0.00300000     0.02400000     0.00600000   504.58566583
     0.00300000     0.02500000     0.00600000   507.50199810
     0.00300000     0.02600000     0.00600000   533.53029152
     0.00300000     0.02800000     0.00800000   567.41610270
     0.00300000     0.03000000     0.01000000   571.45696406
     0.00300000     0.03200000     0.01200000   207.86298110
     0.00400000     0.00100000     0.00800000   504.65002052
     0.00400000     0.00200000     0.00700000   501.69875366
     0.00400000     0.00200000     0.00800000   508.67424230
     0.00400000     0.00400000     0.00600000   496.30255644
     0.00400000     0.00600000     0.00400000   477.32722234
     0.00400000     0.00700000     0.00400000   479.37147340
     0.00400000     0.00800000     0.00400000   479.59376034
     0.00400000     0.00900000     0.00300000   463.37817004
     0.00400000     0.00900000     0.00400000   475.21712085
     0.00400000     0.01000000     0.00300000   465.87702049
     0.00400000     0.01000000     0.00400000   472.47088795
     0.00400000     0.02000000     0.00300000   468.84152862
     0.00400000     0.02000000     0.00400000   475.82911147
     0.00400000     0.02100000     0.00300000   466.46404980
     0.00400000     0.02100000     0.00400000   478.78107546
     0.00400000     0.02200000     0.00400000   481.38527763
     0.00400000     0.02300000     0.00400000   479.51545654
     0.00400000     0.02400000     0.00500000   498.23710664
     0.00400000     0.02400000     0.00600000   506.43738967
     0.00400000     0.02500000     0.00500000   496.59364921
     0.00400000     0.02500000     0.00600000   506.66663154
     0.00400000     0.02600000     0.00600000   512.66764716
     0.00400000     0.02800000     0.00800000   547.54139813
     0.00400000     0.02900000     0.00800000   568.61904234
     0.00400000     0.03000000     0.00900000   566.56260074
     0.00400000     0.03000000     0.01000000   571.27627936
     0.00400000     0.03100000     0.01000000   578.96193312
     0.00400000     0.03200000     0.01100000   578.96193312
     0.00400000     0.03200000     0.01200000   215.56519561
     0.00400000     0.03400000     0.01500000     0.00000000
     0.00400000     0.03400000     0.01600000     0.00000000
     0.00400000     0.03500000     0.01600000     0.00000000
     0.00400000     0.03600000     0.01800000     0.00000000
     0.00400000     0.03800000     0.02100000     0.00000000
     0.00400000     0.03800000     0.02200000     0.00000000
     0.00400000     0.04000000     0.02400000     0.00000000
     0.00400000     0.04200000     0.02500000     0.00000000
     0.00400000     0.04200000     0.02600000     0.00000000
     0.00400000     0.04300000     0.02600000     0.00000000
     0.00400000     0.04400000     0.02700000     0.00000000
     0.00400000     0.04400000     0.02800000     0.00000000
     0.00400000     0.04500000     0.02800000     0.00000000
     0.00500000     0.00100000     0.00800000   507.47699370
     0.00500000     0.00200000     0.00700000   504.37215615
     0.00500000     0.00200000     0.00800000   510.35010054
     0.00500000     0.00300000     0.00600000   495.57612530
     0.00500000     0.00400000     0.00600000   498.16271397
     0.00500000     0.00600000     0.00400000   479.93758253
     0.00500000     0.00700000     0.00400000   481.69353494
     0.00500000     0.00800000     0.00400000   479.84560878
     0.00500000     0.01300000     0.00200000   451.73849429
     0.00500000     0.01400000     0.00200000   454.13949782
     0.00500000     0.01500000     0.00200000   454.13600029
     0.00500000     0.01600000     0.00200000   451.72782230
     0.00500000     0.02200000     0.00400000   482.76291952
     0.00500000     0.02300000     0.00400000   481.77278330
     0.00500000     0.02600000     0.00600000   512.66764716
     0.00500000     0.02800000     0.00700000   536.94343221
     0.00500000     0.02800000     0.00800000   547.25306021
     0.00500000     0.02900000     0.00800000   571.74992589
     0.00500000     0.03000000     0.00900000   570.16655862
     0.00500000     0.03000000     0.01000000   574.90622605
     0.00500000     0.03100000     0.01000000   582.25985902
     0.00500000     0.03200000     0.01100000   582.25985902
     0.00500000     0.03200000     0.01200000   155.60309971
     0.00500000     0.03400000     0.01400000   736.88488593
     0.00500000     0.03400000     0.01500000     0.00000000
     0.00500000     0.03400000     0.01600000     0.00000000
     0.00500000     0.03500000     0.01600000     0.00000000
     0.00500000     0.03600000     0.01800000     0.00000000
     0.00500000     0.03600000     0.01900000     0.00000000
     0.00500000     0.03600000     0.02000000     0.00000000
     0.00500000     0.03700000     0.01900000     0.00000000
     0.00500000     0.03700000     0.02000000     0.00000000
     0.00500000     0.03800000     0.02100000     0.00000000
     0.00500000     0.03800000     0.02200000     0.00000000
     0.00500000     0.03900000     0.02200000     0.00000000
     0.00500000     0.04000000     0.02300000     0.00000000
     0.00500000     0.04000000     0.02400000     0.00000000
     0.00500000     0.04100000     0.02400000     0.00000000
     0.00500000     0.04200000     0.02500000     0.00000000
     0.00500000     0.04200000     0.02600000     0.00000000
     0.00500000     0.04300000     0.02600000     0.00000000
     0.00500000     0.04400000     0.02700000     0.00000000
     0.00500000     0.04400000     0.02800000     0.00000000
     0.00500000     0.04500000     0.02800000     0.00000000
     0.00500000     0.04600000     0.02900000     0.00000000
     0.00500000     0.04600000     0.03000000     0.00000000
     0.00500000     0.04700000     0.02900000     0.00000000
     0.00500000     0.04700000     0.03000000     0.00000000
     0.00500000     0.04800000     0.03000000     0.00000000
     0.00600000     0.00100000     0.00800000   508.56758733
     0.00600000     0.00200000     0.00700000   505.28275951
     0.00600000     0.00200000     0.00800000   511.19592395
     0.00600000     0.00300000     0.00600000   497.82767422
     0.00600000     0.00400000     0.00600000   500.15837428
     0.00600000     0.00600000     0.00400000   480.89523467
     0.00600000     0.00700000     0.00400000   482.43648974
     0.00600000     0.00800000     0.00400000   480.10541721
     0.00600000     0.01300000     0.00200000   453.66880904
     0.00600000     0.01400000     0.00200000   456.07909196
     0.00600000     0.01500000     0.00200000   456.06806449
     0.00600000     0.01600000     0.00200000   453.65081791
     0.00600000     0.02200000     0.00400000   482.95507296
     0.00600000     0.02300000     0.00400000   482.34125456
     0.00600000     0.02600000     0.00600000   514.67869982
     0.00600000     0.02800000     0.00700000   539.19784770
     0.00600000     0.02800000     0.00800000   547.37219180
     0.00600000     0.02900000     0.00800000   572.53049062
     0.00600000     0.03000000     0.00900000   571.09205942
     0.00600000     0.03000000     0.01000000   576.04519197
     0.00600000     0.03100000     0.01000000   584.76472079
     0.00600000     0.03200000     0.01100000   584.76472079
     0.00600000     0.03200000     0.01200000   121.22438540
     0.00600000     0.03400000     0.01400000   735.97551141
     0.00600000     0.03400000     0.01500000     0.00000000
     0.00600000     0.03400000     0.01600000     0.00000000
     0.00600000     0.03500000     0.01600000     0.00000000
     0.00600000     0.03600000     0.01800000     0.00000000
     0.00600000     0.03600000     0.01900000     0.00000000
     0.00600000     0.03600000     0.02000000     0.00000000
     0.00600000     0.03700000     0.01900000     0.00000000
     0.00600000     0.03700000     0.02000000     0.00000000
     0.00600000     0.03800000     0.02100000     0.00000000
     0.00600000     0.03800000     0.02200000     0.00000000
     0.00600000     0.03900000     0.02200000     0.00000000
     0.00600000     0.04000000     0.02300000     0.00000000
     0.00600000     0.04000000     0.02400000     0.00000000
     0.00600000     0.04100000     0.02400000     0.00000000
     0.00600000     0.04200000     0.02500000     0.00000000
     0.00600000     0.04200000     0.02600000     0.00000000
     0.00600000     0.04300000     0.02600000     0.00000000
     0.00600000     0.04400000     0.02700000     0.00000000
     0.00600000     0.04400000     0.02800000     0.00000000
     0.00600000     0.04500000     0.02800000     0.00000000
     0.00600000     0.04600000     0.02900000     0.00000000
     0.00600000     0.04600000     0.03000000     0.00000000
     0.00600000     0.04700000     0.02900000     0.00000000
     0.00600000     0.04700000     0.03000000     0.00000000
     0.00600000     0.04800000     0.03000000     0.00000000
     0.00700000     0.00100000     0.00800000   508.54789562
     0.00700000     0.00200000     0.00700000   505.44429948
     0.00700000     0.00200000     0.00800000   511.53590251
     0.00700000     0.00300000     0.00600000   495.97867247
     0.00700000     0.00400000     0.00600000   499.17377856
     0.00700000     0.00600000     0.00400000   480.86880544
     0.00700000     0.00700000     0.00400000   482.70614944
     0.00700000     0.00800000     0.00400000   480.91186341
     0.00700000     0.01300000     0.00200000   451.84568118
     0.00700000     0.01400000     0.00200000   454.25563199
     0.00700000     0.01500000     0.00200000   454.23604887
     0.00700000     0.01600000     0.00200000   451.82137628
     0.00700000     0.02200000     0.00400000   483.04475872
     0.00700000     0.02300000     0.00400000   482.02990115
     0.00700000     0.02600000     0.00600000   512.78487250
     0.00700000     0.02800000     0.00700000   537.06563532
     0.00700000     0.02800000     0.00800000   547.44811516
     0.00700000     0.02900000     0.00800000   572.01839847
     0.00700000     0.03000000     0.00900000   570.40382306
     0.00700000     0.03000000     0.01000000   575.07034522
     0.00700000     0.03100000     0.01000000   582.50740005
     0.00700000     0.03200000     0.01100000   582.50740005
     0.00700000     0.03200000     0.01200000   155.73646234
     0.00700000     0.03400000     0.01400000   736.78214676
     0.00700000     0.03400000     0.01500000     0.00000000
     0.00700000     0.03400000     0.01600000     0.00000000
     0.00700000     0.03500000     0.01600000     0.00000000
     0.00700000     0.03600000     0.01800000     0.00000000
     0.00700000     0.03600000     0.01900000     0.00000000
     0.00700000     0.03600000     0.02000000     0.00000000
     0.00700000     0.03700000     0.01900000     0.00000000
     0.00700000     0.03700000     0.02000000     0.00000000
     0.00700000     0.03800000     0.02100000     0.00000000
     0.00700000     0.03800000     0.02200000     0.00000000
     0.00700000     0.03900000     0.02200000     0.00000000
     0.00700000     0.04000000     0.02300000     0.00000000
     0.00700000     0.04000000     0.02400000     0.00000000
     0.00700000     0.04100000     0.02400000     0.00000000
     0.00700000     0.04200000     0.02500000     0.00000000
     0.00700000     0.04200000     0.02600000     0.00000000
     0.00700000     0.04300000     0.02600000     0.00000000
     0.00700000     0.04400000     0.02700000     0.00000000
     0.00700000     0.04400000     0.02800000     0.00000000
     0.00700000     0.04500000     0.02800000     0.00000000
     0.00700000     0.04600000     0.02900000     0.00000000
     0.00700000     0.04600000     0.03000000     0.00000000
     0.00700000     0.04700000     0.02900000     0.00000000
     0.00700000     0.04700000     0.03000000     0.00000000
     0.00700000     0.04800000     0.03000000     0.00000000
     0.00800000     0.00100000     0.00800000   506.29028816
     0.00800000     0.00200000     0.00700000   503.34877480
     0.00800000     0.00200000     0.00800000   510.81176749
     0.00800000     0.00400000     0.00600000   498.75173046
     0.00800000     0.00600000     0.00400000   478.73746663
     0.00800000     0.00700000     0.00400000   481.15701128
     0.00800000     0.00800000     0.00400000   481.61270955
     0.00800000     0.00900000     0.00300000   464.52296279
     0.00800000     0.00900000     0.00400000   477.04233976
     0.00800000     0.01000000     0.00300000   467.21459605
     0.00800000     0.01000000     0.00400000   474.13971823
     0.00800000     0.02000000     0.00300000   469.30880736
     0.00800000     0.02000000     0.00400000   476.40871142
     0.00800000     0.02100000     0.00300000   466.83080921
     0.00800000     0.02100000     0.00400000   479.35055238
     0.00800000     0.02200000     0.00400000   481.90819625
     0.00800000     0.02300000     0.00400000   479.91240658
     0.00800000     0.02400000     0.00500000   498.81982102
     0.00800000     0.02400000     0.00600000   507.05158868
     0.00800000     0.02500000     0.00500000   497.00864714
     0.00800000     0.02500000     0.00600000   507.25085213
     0.00800000     0.02600000     0.00600000   512.78487250
     0.00800000     0.02800000     0.00800000   547.91337569
     0.00800000     0.02900000     0.00800000   568.98614142
     0.00800000     0.03000000     0.00900000   567.14891793
     0.00800000     0.03000000     0.01000000   571.58926822
     0.00800000     0.03100000     0.01000000   579.09797941
     0.00800000     0.03200000     0.01100000   579.09797941
     0.00800000     0.03200000     0.01200000   216.59961535
     0.00800000     0.03400000     0.01500000     0.00000000
     0.00800000     0.03400000     0.01600000     0.00000000
     0.00800000     0.03500000     0.01600000     0.00000000
     0.00800000     0.03600000     0.01800000     0.00000000
     0.00800000     0.03800000     0.02100000     0.00000000
     0.00800000     0.03800000     0.02200000     0.00000000
     0.00800000     0.04000000     0.02400000     0.00000000
     0.00800000     0.04200000     0.02500000     0.00000000
     0.00800000     0.04200000     0.02600000     0.00000000
     0.00800000     0.04300000     0.02600000     0.00000000
     0.00800000     0.04400000     0.02700000     0.00000000
     0.00800000     0.04400000     0.02800000     0.00000000
     0.00800000     0.04500000     0.02800000     0.00000000
     0.00900000     0.00200000     0.00800000   513.11324635
     0.00900000     0.00400000     0.00600000   496.77944038
     0.00900000     0.00500000     0.00500000   488.37133540
     0.00900000     0.00500000     0.00600000   497.85083373
     0.00900000     0.00600000     0.00500000   491.09214511
     0.00900000     0.00600000     0.00600000   498.56793168
     0.00900000     0.00700000     0.00400000   478.01809701
     0.00900000     0.00800000     0.00400000   480.18593566
     0.00900000     0.00900000     0.00400000   480.49971417
     0.00900000     0.01000000     0.00300000   464.46845412
     0.00900000     0.01000000     0.00400000   476.64150085
     0.00900000     0.01100000     0.00300000   466.44360173
     0.00900000     0.01100000     0.00400000   474.85197786
     0.00900000     0.01200000     0.00300000   467.29410794
     0.00900000     0.01200000     0.00400000   473.80647191
     0.00900000     0.01800000     0.00300000   468.24087821
     0.00900000     0.01800000     0.00400000   474.69429343
     0.00900000     0.01900000     0.00300000   467.96690833
     0.00900000     0.01900000     0.00400000   476.05987899
     0.00900000     0.02000000     0.00300000   466.17483157
     0.00900000     0.02000000     0.00400000   478.36021478
     0.00900000     0.02100000     0.00400000   482.40287761
     0.00900000     0.02200000     0.00400000   481.30824069
     0.00900000     0.02300000     0.00400000   497.45200454
     0.00900000     0.02400000     0.00500000   496.73668446
     0.00900000     0.02400000     0.00600000   505.51043109
     0.00900000     0.02500000     0.00600000   508.37898886
     0.00900000     0.02600000     0.00600000   534.62336067
     0.00900000     0.02600000     0.00700000   534.62336067
     0.00900000     0.02600000     0.00800000   543.89931818
     0.00900000     0.02700000     0.00700000   533.40597040
     0.00900000     0.02700000     0.00800000   544.36659649
     0.00900000     0.02800000     0.00800000   568.35022734
     0.00900000     0.03000000     0.01000000   573.41688039
     0.00900000     0.03200000     0.01200000   208.72755383
     0.01000000     0.00200000     0.00800000   511.24958662
     0.01000000     0.00300000     0.00700000   506.50846343
     0.01000000     0.00300000     0.00800000   514.78844049
     0.01000000     0.00400000     0.00700000   508.94912192
     0.01000000     0.00400000     0.00800000   517.35426857
     0.01000000     0.00500000     0.00600000   497.08251630
     0.01000000     0.00600000     0.00500000   488.27882196
     0.01000000     0.00600000     0.00600000   498.01116611
     0.01000000     0.00700000     0.00500000   489.74954872
     0.01000000     0.00700000     0.00600000   498.77030742
     0.01000000     0.00800000     0.00400000   477.19467997
     0.01000000     0.00800000     0.00500000   487.09348978
     0.01000000     0.00800000     0.00600000   496.85459054
     0.01000000     0.00900000     0.00400000   478.68077130
     0.01000000     0.01000000     0.00400000   478.27607228
     0.01000000     0.01100000     0.00400000   478.73274951
     0.01000000     0.01200000     0.00300000   464.43908421
     0.01000000     0.01200000     0.00400000   476.07851635
     0.01000000     0.01300000     0.00300000   466.76301082
     0.01000000     0.01300000     0.00400000   474.96544473
     0.01000000     0.01400000     0.00300000   467.16007052
     0.01000000     0.01400000     0.00400000   474.79465327
     0.01000000     0.01500000     0.00300000   467.21110787
     0.01000000     0.01500000     0.00400000   474.74262840
     0.01000000     0.01600000     0.00300000   467.38824688
     0.01000000     0.01600000     0.00400000   474.92749133
     0.01000000     0.01700000     0.00300000   467.14327576
     0.01000000     0.01700000     0.00400000   475.32756273
     0.01000000     0.01800000     0.00300000   464.96690978
     0.01000000     0.01800000     0.00400000   476.15776175
     0.01000000     0.01900000     0.00400000   477.52450771
     0.01000000     0.02000000     0.00400000   479.11312890
     0.01000000     0.02100000     0.00400000   480.65772160
     0.01000000     0.02200000     0.00400000   479.25384098
     0.01000000     0.02200000     0.00500000   490.63677463
     0.01000000     0.02200000     0.00600000   501.44584616
     0.01000000     0.02300000     0.00500000   495.31957681
     0.01000000     0.02300000     0.00600000   503.27428558
     0.01000000     0.02400000     0.00500000   493.66997843
     0.01000000     0.02400000     0.00600000   501.02517964
     0.01000000     0.02500000     0.00600000   529.85191193
     0.01000000     0.02600000     0.00700000   530.45063770
     0.01000000     0.02600000     0.00800000   542.47042134
     0.01000000     0.02700000     0.00800000   544.83516872
     0.01000000     0.03000000     0.01000000   569.38236048
     0.01100000     0.00300000     0.00800000   513.65361628
     0.01100000     0.00400000     0.00800000   517.07088503
     0.01100000     0.00600000     0.00600000   496.96781774
     0.01100000     0.00700000     0.00600000   499.01490016
     0.01100000     0.00800000     0.00500000   485.75825275
     0.01100000     0.00800000     0.00600000   496.55586029
     0.01100000     0.01000000     0.00400000   474.76188239
     0.01100000     0.01100000     0.00400000   476.74499075
     0.01100000     0.01200000     0.00400000   476.64180618
     0.01100000     0.01300000     0.00400000   475.63008787
     0.01100000     0.01400000     0.00400000   475.22928024
     0.01100000     0.01500000     0.00400000   475.07064465
     0.01100000     0.01600000     0.00400000   475.31577099
     0.01100000     0.01700000     0.00400000   475.89631208
     0.01100000     0.01800000     0.00400000   476.18184400
     0.01100000     0.01900000     0.00400000   474.44349536
     0.01100000     0.02200000     0.00500000   488.77105066
     0.01100000     0.02200000     0.00600000   499.58100442
     0.01100000     0.02300000     0.00600000   502.34620241
     0.01100000     0.02400000     0.00600000   501.02517964
     0.01100000     0.02600000     0.00800000   540.49799425
     0.01200000     0.00800000     0.00600000   494.60477383
     0.00000000     0.00200000     0.01100000   516.73638789
     0.00000000     0.00300000     0.01000000   517.08891079
     0.00000000     0.00300000     0.01100000   521.34043956
     0.00000000     0.00400000     0.00900000   513.98116730
     0.00000000     0.00400000     0.01000000   520.40535457
     0.00000000     0.00500000     0.00800000   508.31052780
     0.00000000     0.00500000     0.00900000   515.36865164
     0.00000000     0.00600000     0.00800000   510.55032866
     0.00000000     0.00700000     0.00700000   497.57098418
     0.00000000     0.00700000     0.00800000   507.33334518
     0.00000000     0.00800000     0.00600000   488.87315312
     0.00000000     0.00800000     0.00700000   497.29894562
     0.00000000     0.00900000     0.00600000   491.23045251
     0.00000000     0.01000000     0.00600000   490.19231586
     0.00000000     0.01100000     0.00500000   477.35202070
     0.00000000     0.01100000     0.00600000   486.26758805
     0.00000000     0.01200000     0.00500000   479.66406837
     0.00000000     0.01300000     0.00500000   480.09062876
     0.00000000     0.01400000     0.00500000   480.11433394
     0.00000000     0.01500000     0.00500000   480.42279019
     0.00000000     0.01600000     0.00500000   481.08317787
     0.00000000     0.01700000     0.00500000   482.03160986
     0.00000000     0.01800000     0.00500000   482.40099120
     0.00000000     0.01800000     0.00600000   489.04224327
     0.00000000     0.01900000     0.00500000   480.59407137
     0.00000000     0.01900000     0.00600000   490.59197506
     0.00000000     0.02000000     0.00600000   495.47986596
     0.00000000     0.02100000     0.00600000   494.61322734
     0.00000000     0.02100000     0.00700000   505.73535222
     0.00000000     0.02200000     0.00700000   512.37211474
     0.00000000     0.02200000     0.00800000   521.23716276
     0.00000000     0.02300000     0.00700000   511.96769218
     0.00000000     0.02300000     0.00800000   524.31843626
     0.00000000     0.02400000     0.00800000   527.36748563
     0.00000000     0.02500000     0.00800000   547.98798311
     0.00000000     0.02500000     0.00900000   547.98798311
     0.00000000     0.02500000     0.01000000   555.30356173
     0.00000000     0.02600000     0.00900000   547.10230264
     0.00000000     0.02600000     0.01000000   553.63180869
     0.00000000     0.02700000     0.01000000   571.02500077
     0.00000000     0.02700000     0.01100000   571.02500077
     0.00000000     0.02700000     0.01200000   575.44569874
     0.00000000     0.02800000     0.01100000   569.53992840
     0.00000000     0.02800000     0.01200000   573.40130297
     0.00000000     0.02900000     0.01200000   572.88725719
     0.00100000     0.00100000     0.01000000   509.33714701
     0.00100000     0.00200000     0.00900000   510.65947404
     0.00100000     0.00200000     0.01000000   515.17521947
     0.00100000     0.00200000     0.01100000   518.88106324
     0.00100000     0.00300000     0.00800000   507.95594669
     0.00100000     0.00300000     0.00900000   514.16476846
     0.00100000     0.00300000     0.01000000   519.74034441
     0.00100000     0.00300000     0.01100000   524.27503255
     0.00100000     0.00400000     0.00800000   511.10597642
     0.00100000     0.00400000     0.00900000   517.23809543
     0.00100000     0.00400000     0.01000000   523.24324345
     0.00100000     0.00500000     0.00700000   500.92365557
     0.00100000     0.00500000     0.00800000   510.42468905
     0.00100000     0.00500000     0.00900000   518.74088663
     0.00100000     0.00600000     0.00600000   491.56627910
     0.00100000     0.00600000     0.00700000   500.69913029
     0.00100000     0.00600000     0.00800000   511.06647189
     0.00100000     0.00700000     0.00600000   493.45195582
     0.00100000     0.00700000     0.00700000   501.07013829
     0.00100000     0.00700000     0.00800000   509.29506616
     0.00100000     0.00800000     0.00500000   481.80003973
     0.00100000     0.00800000     0.00600000   490.83073221
     0.00100000     0.00800000     0.00700000   500.76161201
     0.00100000     0.00900000     0.00500000   483.17028693
     0.00100000     0.00900000     0.00600000   491.36561500
     0.00100000     0.01000000     0.00400000   471.17395599
     0.00100000     0.01000000     0.00500000   479.99955771
     0.00100000     0.01000000     0.00600000   489.97920801
     0.00100000     0.01100000     0.00400000   473.21999585
     0.00100000     0.01100000     0.00500000   479.94362926
     0.00100000     0.01100000     0.00600000   488.23039758
     0.00100000     0.01200000     0.00400000   473.38624072
     0.00100000     0.01200000     0.00500000   480.82096341
     0.00100000     0.01300000     0.00400000   472.79746347
     0.00100000     0.01300000     0.00500000   480.55194237
     0.00100000     0.01400000     0.00400000   472.63096042
     0.00100000     0.01400000     0.00500000   480.34953356
     0.00100000     0.01500000     0.00400000   472.85613895
     0.00100000     0.01500000     0.00500000   480.59118491
     0.00100000     0.01600000     0.00400000   473.40485213
     0.00100000     0.01600000     0.00500000   481.22262532
     0.00100000     0.01700000     0.00400000   474.18507562
     0.00100000     0.01700000     0.00500000   482.18439249
     0.00100000     0.01800000     0.00400000   474.64560744
     0.00100000     0.01800000     0.00500000   483.00339653
     0.00100000     0.01800000     0.00600000   491.20280725
     0.00100000     0.01900000     0.00400000   472.95760566
     0.00100000     0.01900000     0.00500000   482.85281297
     0.00100000     0.01900000     0.00600000   492.72010757
     0.00100000     0.02000000     0.00500000   487.16335799
     0.00100000     0.02000000     0.00600000   495.89043570
     0.00100000     0.02100000     0.00500000   488.86028735
     0.00100000     0.02100000     0.00600000   496.60972021
     0.00100000     0.02100000     0.00700000   507.98217511
     0.00100000     0.02200000     0.00500000   487.39589397
     0.00100000     0.02200000     0.00600000   498.12855938
     0.00100000     0.02200000     0.00700000   512.34416275
     0.00100000     0.02200000     0.00800000   522.89951107
     0.00100000     0.02300000     0.00600000   500.76628064
     0.00100000     0.02300000     0.00700000   515.14590649
     0.00100000     0.02300000     0.00800000   527.01919606
     0.00100000     0.02400000     0.00600000   499.94237778
     0.00100000     0.02400000     0.00700000   523.44792018
     0.00100000     0.02400000     0.00800000   531.44575167
     0.00100000     0.02500000     0.00700000   523.66754263
     0.00100000     0.02500000     0.00800000   535.01288156
     0.00100000     0.02500000     0.00900000   549.12632585
     0.00100000     0.02500000     0.01000000   558.36306372
     0.00100000     0.02600000     0.00800000   538.89685297
     0.00100000     0.02600000     0.00900000   552.09265785
     0.00100000     0.02600000     0.01000000   561.03461416
     0.00100000     0.02700000     0.00900000   559.12441371
     0.00100000     0.02700000     0.01000000   565.88605230
     0.00100000     0.02700000     0.01100000   573.65427503
     0.00100000     0.02700000     0.01200000   579.76450553
     0.00100000     0.02800000     0.00900000   558.37091311
     0.00100000     0.02800000     0.01000000   564.24326521
     0.00100000     0.02800000     0.01100000   574.69096209
     0.00100000     0.02800000     0.01200000   579.38168406
     0.00100000     0.02900000     0.01000000   575.02171266
     0.00100000     0.02900000     0.01100000   575.02171266
     0.00100000     0.02900000     0.01200000   578.61551204
     0.00100000     0.03000000     0.01100000   574.59407239
     0.00100000     0.03000000     0.01200000   569.60258280
     0.00100000     0.03100000     0.01200000   585.33329183
     0.00200000     0.00000000     0.01000000   502.93630159
     0.00200000     0.00100000     0.00900000   507.56570304
     0.00200000     0.00100000     0.01000000   511.03911374
     0.00200000     0.00200000     0.00800000   506.91685289
     0.00200000     0.00200000     0.00900000   512.86161386
     0.00200000     0.00200000     0.01000000   517.61832150
     0.00200000     0.00300000     0.00700000   502.18906079
     0.00200000     0.00300000     0.00800000   510.01160619
     0.00200000     0.00300000     0.00900000   516.64309885
     0.00200000     0.00400000     0.00700000   504.49463575
     0.00200000     0.00400000     0.00800000   512.25621985
     0.00200000     0.00500000     0.00600000   492.85727200
     0.00200000     0.00500000     0.00700000   502.70495527
     0.00200000     0.00500000     0.00800000   511.75369332
     0.00200000     0.00600000     0.00500000   484.48610121
     0.00200000     0.00600000     0.00600000   493.65519942
     0.00200000     0.00600000     0.00700000   502.65119668
     0.00200000     0.00700000     0.00500000   485.96332962
     0.00200000     0.00800000     0.00400000   473.92028111
     0.00200000     0.00800000     0.00500000   483.20894224
     0.00200000     0.00900000     0.00400000   475.46319996
     0.00200000     0.00900000     0.00500000   483.15311391
     0.00200000     0.01000000     0.00400000   475.05434760
     0.00200000     0.01000000     0.00500000   481.63988153
     0.00200000     0.01100000     0.00400000   475.61750340
     0.00200000     0.01200000     0.00300000   462.45492291
     0.00200000     0.01200000     0.00400000   473.33024337
     0.00200000     0.01300000     0.00300000   464.80300929
     0.00200000     0.01400000     0.00300000   465.45890498
     0.00200000     0.01500000     0.00300000   465.65011784
     0.00200000     0.01600000     0.00300000   466.03787794
     0.00200000     0.01700000     0.00300000   465.94556968
     0.00200000     0.01700000     0.00400000   473.84997241
     0.00200000     0.01800000     0.00300000   463.85398878
     0.00200000     0.01800000     0.00400000   474.82431288
     0.00200000     0.01900000     0.00400000   476.26125049
     0.00200000     0.01900000     0.00500000   483.65810428
     0.00200000     0.02000000     0.00400000   478.09227798
     0.00200000     0.02000000     0.00500000   486.44597859
     0.00200000     0.02100000     0.00400000   479.67789723
     0.00200000     0.02100000     0.00500000   488.70066340
     0.00200000     0.02100000     0.00600000   497.58129958
     0.00200000     0.02200000     0.00400000   478.34603123
     0.00200000     0.02200000     0.00500000   489.47165253
     0.00200000     0.02200000     0.00600000   500.21806184
     0.00200000     0.02300000     0.00500000   494.33133524
     0.00200000     0.02300000     0.00600000   502.06591503
     0.00200000     0.02400000     0.00500000   492.66420717
     0.00200000     0.02400000     0.00600000   499.94237778
     0.00200000     0.02400000     0.00700000   521.82309802
     0.00200000     0.02400000     0.00800000   533.18021712
     0.00200000     0.02500000     0.00600000   507.50199810
     0.00200000     0.02500000     0.00700000   528.48542002
     0.00200000     0.02500000     0.00800000   538.42353074
     0.00200000     0.02600000     0.00700000   529.02990588
     0.00200000     0.02600000     0.00800000   541.30749682
     0.00200000     0.02600000     0.00900000   554.22172789
     0.00200000     0.02700000     0.00800000   543.45915750
     0.00200000     0.02700000     0.00900000   559.84621578
     0.00200000     0.02700000     0.01000000   569.33172217
     0.00200000     0.02800000     0.00900000   564.06475941
     0.00200000     0.02800000     0.01000000   569.63557740
     0.00200000     0.02900000     0.00900000   561.67560405
     0.00200000     0.02900000     0.01000000   568.64327044
     0.00200000     0.02900000     0.01100000   577.13805368
     0.00200000     0.02900000     0.01200000   585.20939537
     0.00200000     0.03000000     0.01000000   568.64327044
     0.00200000     0.03000000     0.01100000   576.92007212
     0.00200000     0.03000000     0.01200000   571.67040934
     0.00200000     0.03100000     0.01100000   577.07920550
     0.00200000     0.03100000     0.01200000   569.56695766
     0.00200000     0.03100000     0.01300000   547.52040139
     0.00200000     0.03100000     0.01400000  2163.61390659
     0.00200000     0.03200000     0.01300000  2611.47264238
     0.00200000     0.03200000     0.01400000  2611.47264238
     0.00200000     0.03200000     0.01500000     0.00000000
     0.00200000     0.03300000     0.01500000     0.00000000
     0.00300000     0.00000000     0.00900000   503.74185324
     0.00300000     0.00000000     0.01000000   506.69416892
     0.00300000     0.00100000     0.00900000   509.65655775
     0.00300000     0.00100000     0.01000000   512.80355521
     0.00300000     0.00200000     0.00800000   509.24772467
     0.00300000     0.00200000     0.00900000   514.31578291
     0.00300000     0.00300000     0.00700000   504.72139232
     0.00300000     0.00300000     0.00800000   511.41644078
     0.00300000     0.00400000     0.00600000   493.71522354
     0.00300000     0.00400000     0.00700000   504.98448130
     0.00300000     0.00500000     0.00500000   485.61798979
     0.00300000     0.00500000     0.00600000   494.51397630
     0.00300000     0.00500000     0.00700000   503.60344991
     0.00300000     0.00600000     0.00500000   487.92267086
     0.00300000     0.00600000     0.00600000   494.96675195
     0.00300000     0.00700000     0.00400000   475.57462235
     0.00300000     0.00700000     0.00500000   486.51623925
     0.00300000     0.00800000     0.00400000   477.43680114
     0.00300000     0.00800000     0.00500000   484.37078050
     0.00300000     0.01000000     0.00300000   462.72073880
     0.00300000     0.01000000     0.00400000   474.08090822
     0.00300000     0.01100000     0.00300000   464.73047659
     0.00300000     0.01100000     0.00400000   472.54949483
     0.00300000     0.01200000     0.00300000   465.48851039
     0.00300000     0.01200000     0.00400000   471.62992609
     0.00300000     0.01300000     0.00300000   466.90619110
     0.00300000     0.01400000     0.00300000   467.17314281
     0.00300000     0.01500000     0.00300000   467.39192395
     0.00300000     0.01600000     0.00300000   467.84264357
     0.00300000     0.01700000     0.00300000   468.18647830
     0.00300000     0.01700000     0.00400000   472.37871195
     0.00300000     0.01800000     0.00300000   467.27860474
     0.00300000     0.01800000     0.00400000   473.64799211
     0.00300000     0.01900000     0.00300000   467.25297201
     0.00300000     0.01900000     0.00400000   475.16361010
     0.00300000     0.02000000     0.00300000   465.50208110
     0.00300000     0.02000000     0.00400000   477.48748978
     0.00300000     0.02200000     0.00400000   480.48234890
     0.00300000     0.02200000     0.00500000   490.41043088
     0.00300000     0.02300000     0.00400000   496.54404967
     0.00300000     0.02300000     0.00500000   496.54404967
     0.00300000     0.02300000     0.00600000   503.63172995
     0.00300000     0.02400000     0.00500000   495.82625869
     0.00300000     0.02400000     0.00600000   504.58566583
     0.00300000     0.02500000     0.00600000   507.50199810
     0.00300000     0.02500000     0.00700000   526.87568469
     0.00300000     0.02500000     0.00800000   538.23238604
     0.00300000     0.02600000     0.00600000   533.53029152
     0.00300000     0.02600000     0.00700000   533.53029152
     0.00300000     0.02600000     0.00800000   542.78826910
     0.00300000     0.02700000     0.00700000   532.66492509
     0.00300000     0.02700000     0.00800000   542.99056692
     0.00300000     0.02700000     0.00900000   559.09620637
     0.00300000     0.02800000     0.00800000   567.41610270
     0.00300000     0.02800000     0.00900000   567.41610270
     0.00300000     0.02800000     0.01000000   572.88718955
     0.00300000     0.02900000     0.00900000   565.61614153
     0.00300000     0.02900000     0.01000000   571.45696406
     0.00300000     0.03000000     0.01000000   571.45696406
     0.00300000     0.03000000     0.01100000   581.50870900
     0.00300000     0.03000000     0.01200000   579.32704264
     0.00300000     0.03100000     0.01100000   577.07920550
     0.00300000     0.03100000     0.01200000   572.36849785
     0.00300000     0.03100000     0.01300000   560.42771747
     0.00300000     0.03100000     0.01400000  2165.68717249
     0.00300000     0.03200000     0.01200000   207.86298110
     0.00300000     0.03200000     0.01300000   207.86298110
     0.00300000     0.03200000     0.01400000  2131.98279073
     0.00300000     0.03200000     0.01500000     0.00000000
     0.00300000     0.03300000     0.01300000   207.86298110
     0.00300000     0.03300000     0.01400000     0.00000000
     0.00300000     0.03300000     0.01500000     0.00000000
     0.00300000     0.03300000     0.01600000     0.00000000
     0.00300000     0.03400000     0.01500000     0.00000000
     0.00300000     0.03400000     0.01600000     0.00000000
     0.00300000     0.03400000     0.01700000     0.00000000
     0.00300000     0.03500000     0.01700000     0.00000000
     0.00400000     0.00000000     0.00900000   506.57386357
     0.00400000     0.00100000     0.00800000   504.65002052
     0.00400000     0.00100000     0.00900000   510.67780232
     0.00400000     0.00200000     0.00700000   501.69875366
     0.00400000     0.00200000     0.00800000   508.67424230
     0.00400000     0.00200000     0.00900000   514.09705506
     0.00400000     0.00300000     0.00700000   505.32490097
     0.00400000     0.00300000     0.00800000   511.20130556
     0.00400000     0.00400000     0.00600000   496.30255644
     0.00400000     0.00400000     0.00700000   504.61720892
     0.00400000     0.00500000     0.00500000   487.82872469
     0.00400000     0.00500000     0.00600000   496.05747546
     0.00400000     0.00600000     0.00400000   477.32722234
     0.00400000     0.00600000     0.00500000   487.93016042
     0.00400000     0.00700000     0.00400000   479.37147340
     0.00400000     0.00700000     0.00500000   486.20886307
     0.00400000     0.00800000     0.00400000   479.59376034
     0.00400000     0.00900000     0.00300000   463.37817004
     0.00400000     0.00900000     0.00400000   475.21712085
     0.00400000     0.01000000     0.00300000   465.87702049
     0.00400000     0.01100000     0.00300000   466.99538928
     0.00400000     0.01200000     0.00300000   466.63660890
     0.00400000     0.01300000     0.00300000   466.15193546
     0.00400000     0.01400000     0.00300000   465.78205017
     0.00400000     0.01500000     0.00300000   465.90454169
     0.00400000     0.01600000     0.00300000   466.58819548
     0.00400000     0.01700000     0.00300000   467.72045364
     0.00400000     0.01800000     0.00300000   468.76315077
     0.00400000     0.01900000     0.00300000   469.66273883
     0.00400000     0.01900000     0.00400000   473.92259169
     0.00400000     0.02000000     0.00300000   468.84152862
     0.00400000     0.02000000     0.00400000   475.82911147
     0.00400000     0.02100000     0.00300000   466.46404980
     0.00400000     0.02100000     0.00400000   478.78107546
     0.00400000     0.02200000     0.00400000   481.38527763
     0.00400000     0.02300000     0.00400000   479.51545654
     0.00400000     0.02300000     0.00500000   493.89690147
     0.00400000     0.02300000     0.00600000   502.51215008
     0.00400000     0.02400000     0.00500000   498.23710664
     0.00400000     0.02400000     0.00600000   506.43738967
     0.00400000     0.02500000     0.00500000   496.59364921
     0.00400000     0.02500000     0.00600000   506.66663154
     0.00400000     0.02600000     0.00600000   512.66764716
     0.00400000     0.02600000     0.00700000   535.52722199
     0.00400000     0.02600000     0.00800000   543.20571905
     0.00400000     0.02700000     0.00700000   535.65420646
     0.00400000     0.02700000     0.00800000   545.11121621
     0.00400000     0.02800000     0.00800000   547.54139813
     0.00400000     0.02800000     0.00900000   564.62142120
     0.00400000     0.02800000     0.01000000   573.47277946
     0.00400000     0.02900000     0.00800000   568.61904234
     0.00400000     0.02900000     0.00900000   568.61904234
     0.00400000     0.02900000     0.01000000   574.41041297
     0.00400000     0.03000000     0.00900000   566.56260074
     0.00400000     0.03000000     0.01000000   571.27627936
     0.00400000     0.03000000     0.01100000   580.65610957
     0.00400000     0.03000000     0.01200000   587.84038717
     0.00400000     0.03100000     0.01000000   578.96193312
     0.00400000     0.03100000     0.01100000   578.96193312
     0.00400000     0.03100000     0.01200000   583.22375418
     0.00400000     0.03200000     0.01100000   578.96193312
     0.00400000     0.03200000     0.01200000   215.56519561
     0.00400000     0.03200000     0.01300000   215.56519561
     0.00400000     0.03200000     0.01400000  2144.83057761
     0.00400000     0.03300000     0.01300000    50.99404298
     0.00400000     0.03300000     0.01400000     0.00000000
     0.00400000     0.03300000     0.01500000     0.00000000
     0.00400000     0.03300000     0.01600000     0.00000000
     0.00400000     0.03400000     0.01500000     0.00000000
     0.00400000     0.03400000     0.01600000     0.00000000
     0.00400000     0.03400000     0.01700000     0.00000000
     0.00400000     0.03500000     0.01600000     0.00000000
     0.00400000     0.03500000     0.01700000     0.00000000
     0.00400000     0.03500000     0.01800000     0.00000000
     0.00400000     0.03600000     0.01800000     0.00000000
     0.00400000     0.03600000     0.01900000     0.00000000
     0.00400000     0.03600000     0.02000000     0.00000000
     0.00400000     0.03700000     0.02000000     0.00000000
     0.00400000     0.03700000     0.02100000     0.00000000
     0.00400000     0.03700000     0.02200000     0.00000000
     0.00400000     0.03800000     0.02100000     0.00000000
     0.00400000     0.03800000     0.02200000     0.00000000
     0.00400000     0.03800000     0.02300000     0.00000000
     0.00400000     0.03800000     0.02400000     0.00000000
     0.00400000     0.03900000     0.02300000     0.00000000
     0.00400000     0.03900000     0.02400000     0.00000000
     0.00400000     0.04000000     0.02400000     0.00000000
     0.00400000     0.04000000     0.02500000     0.00000000
     0.00400000     0.04100000     0.02500000     0.00000000
     0.00400000     0.04100000     0.02600000     0.00000000
     0.00400000     0.04200000     0.02500000     0.00000000
     0.00400000     0.04200000     0.02600000     0.00000000
     0.00400000     0.04300000     0.02600000     0.00000000
     0.00400000     0.04300000     0.02700000     0.00000000
     0.00400000     0.04300000     0.02800000     0.00000000
     0.00400000     0.04400000     0.02700000     0.00000000
     0.00400000     0.04400000     0.02800000     0.00000000
     0.00400000     0.04500000     0.02800000     0.00000000
     0.00400000     0.04500000     0.02900000     0.00000000
     0.00400000     0.04500000     0.03000000     0.00000000
     0.00400000     0.04600000     0.02900000     0.00000000
     0.00400000     0.04600000     0.03000000     0.00000000
     0.00400000     0.04700000     0.03000000     0.00000000
     0.00400000     0.04700000     0.03100000     0.00000000
     0.00400000     0.04800000     0.03100000     0.00000000
     0.00500000     0.00000000     0.00900000   507.54130888
     0.00500000     0.00100000     0.00800000   507.47699370
     0.00500000     0.00100000     0.00900000   511.86146162
     0.00500000     0.00200000     0.00700000   504.37215615
     0.00500000     0.00300000     0.00600000   495.57612530
     0.00500000     0.00300000     0.00700000   505.56462817
     0.00500000     0.00400000     0.00600000   498.16271397
     0.00500000     0.00400000     0.00700000   504.70831549
     0.00500000     0.00500000     0.00500000   488.20031649
     0.00500000     0.00500000     0.00600000   496.35808765
     0.00500000     0.00600000     0.00400000   479.93758253
     0.00500000     0.00600000     0.00500000   487.84741539
     0.00500000     0.00800000     0.00400000   479.84560878
     0.00500000     0.00900000     0.00300000   465.69390930
     0.00500000     0.00900000     0.00400000   474.06891159
     0.00500000     0.01000000     0.00300000   467.77902279
     0.00500000     0.01100000     0.00300000   467.27875419
     0.00500000     0.01200000     0.00300000   465.81086587
     0.00500000     0.01300000     0.00200000   451.73849429
     0.00500000     0.01300000     0.00300000   462.63975206
     0.00500000     0.01400000     0.00200000   454.13949782
     0.00500000     0.01400000     0.00300000   461.88245892
     0.00500000     0.01500000     0.00200000   454.13600029
     0.00500000     0.01500000     0.00300000   461.88032122
     0.00500000     0.01600000     0.00200000   451.72782230
     0.00500000     0.01600000     0.00300000   462.80395914
     0.00500000     0.01700000     0.00300000   466.27198511
     0.00500000     0.01800000     0.00300000   468.15107236
     0.00500000     0.01900000     0.00300000   470.04824345
     0.00500000     0.02000000     0.00300000   470.76662902
     0.00500000     0.02000000     0.00400000   475.32921824
     0.00500000     0.02100000     0.00300000   468.76400190
     0.00500000     0.02100000     0.00400000   477.64523781
     0.00500000     0.02200000     0.00400000   482.76291952
     0.00500000     0.02300000     0.00400000   481.77278330
     0.00500000     0.02300000     0.00500000   492.73053572
     0.00500000     0.02400000     0.00500000   500.40394175
     0.00500000     0.02400000     0.00600000   507.04341080
     0.00500000     0.02500000     0.00500000   499.48074603
     0.00500000     0.02500000     0.00600000   508.88637883
     0.00500000     0.02600000     0.00600000   512.66764716
     0.00500000     0.02600000     0.00700000   531.65564401
     0.00500000     0.02600000     0.00800000   542.13027415
     0.00500000     0.02700000     0.00700000   538.43845578
     0.00500000     0.02700000     0.00800000   547.24706217
     0.00500000     0.02800000     0.00700000   536.94343221
     0.00500000     0.02800000     0.00800000   547.25306021
     0.00500000     0.02900000     0.00800000   571.74992589
     0.00500000     0.02900000     0.00900000   571.74992589
     0.00500000     0.02900000     0.01000000   577.36690292
     0.00500000     0.03000000     0.00900000   570.16655862
     0.00500000     0.03000000     0.01000000   574.90622605
     0.00500000     0.03100000     0.01000000   582.25985902
     0.00500000     0.03100000     0.01100000   582.25985902
     0.00500000     0.03100000     0.01200000   577.30239113
     0.00500000     0.03200000     0.01100000   582.25985902
     0.00500000     0.03200000     0.01200000   155.60309971
     0.00500000     0.03200000     0.01300000   155.60309971
     0.00500000     0.03200000     0.01400000  2150.73839680
     0.00500000     0.03300000     0.01300000    50.99404298
     0.00500000     0.03300000     0.01400000  2173.30986080
     0.00500000     0.03300000     0.01500000     0.00000000
     0.00500000     0.03300000     0.01600000     0.00000000
     0.00500000     0.03400000     0.01400000   736.88488593
     0.00500000     0.03400000     0.01500000     0.00000000
     0.00500000     0.03400000     0.01600000     0.00000000
     0.00500000     0.03500000     0.01600000     0.00000000
     0.00500000     0.03500000     0.01700000     0.00000000
     0.00500000     0.03500000     0.01800000     0.00000000
     0.00500000     0.03600000     0.01800000     0.00000000
     0.00500000     0.03600000     0.01900000     0.00000000
     0.00500000     0.03600000     0.02000000     0.00000000
     0.00500000     0.03700000     0.01900000     0.00000000
     0.00500000     0.03700000     0.02000000     0.00000000
     0.00500000     0.03700000     0.02100000     0.00000000
     0.00500000     0.03700000     0.02200000     0.00000000
     0.00500000     0.03800000     0.02100000     0.00000000
     0.00500000     0.03800000     0.02200000     0.00000000
     0.00500000     0.03800000     0.02300000     0.00000000
     0.00500000     0.03800000     0.02400000     0.00000000
     0.00500000     0.03900000     0.02200000     0.00000000
     0.00500000     0.03900000     0.02300000     0.00000000
     0.00500000     0.03900000     0.02400000     0.00000000
     0.00500000     0.04000000     0.02300000     0.00000000
     0.00500000     0.04000000     0.02400000     0.00000000
     0.00500000     0.04000000     0.02500000     0.00000000
     0.00500000     0.04100000     0.02400000     0.00000000
     0.00500000     0.04100000     0.02500000     0.00000000
     0.00500000     0.04100000     0.02600000     0.00000000
     0.00500000     0.04200000     0.02500000     0.00000000
     0.00500000     0.04200000     0.02600000     0.00000000
     0.00500000     0.04300000     0.02600000     0.00000000
     0.00500000     0.04300000     0.02700000     0.00000000
     0.00500000     0.04300000     0.02800000     0.00000000
     0.00500000     0.04400000     0.02700000     0.00000000
     0.00500000     0.04400000     0.02800000     0.00000000
     0.00500000     0.04500000     0.02800000     0.00000000
     0.00500000     0.04500000     0.02900000     0.00000000
     0.00500000     0.04500000     0.03000000     0.00000000
     0.00500000     0.04600000     0.02900000     0.00000000
     0.00500000     0.04600000     0.03000000     0.00000000
     0.00500000     0.04700000     0.02900000     0.00000000
     0.00500000     0.04700000     0.03000000     0.00000000
     0.00500000     0.04700000     0.03100000     0.00000000
     0.00500000     0.04800000     0.03000000     0.00000000
     0.00500000     0.04800000     0.03100000     0.00000000
     0.00600000     0.00000000     0.00900000   508.12037230
     0.00600000     0.00100000     0.00800000   508.56758733
     0.00600000     0.00100000     0.00900000   512.53138181
     0.00600000     0.00200000     0.00700000   505.28275951
     0.00600000     0.00300000     0.00600000   497.82767422
     0.00600000     0.00300000     0.00700000   505.88364256
     0.00600000     0.00400000     0.00600000   500.15837428
     0.00600000     0.00500000     0.00500000   488.55623482
     0.00600000     0.00500000     0.00600000   496.91765970
     0.00600000     0.00600000     0.00400000   480.89523467
     0.00600000     0.00600000     0.00500000   488.33486751
     0.00600000     0.00800000     0.00400000   480.10541721
     0.00600000     0.00900000     0.00300000   466.43775174
     0.00600000     0.00900000     0.00400000   474.30539467
     0.00600000     0.01000000     0.00300000   468.23544123
     0.00600000     0.01100000     0.00300000   467.27822567
     0.00600000     0.01200000     0.00300000   465.46852885
     0.00600000     0.01300000     0.00200000   453.66880904
     0.00600000     0.01300000     0.00300000   461.76414441
     0.00600000     0.01600000     0.00200000   453.65081791
     0.00600000     0.01600000     0.00300000   461.79712589
     0.00600000     0.01700000     0.00300000   465.67368551
     0.00600000     0.01800000     0.00300000   467.84549693
     0.00600000     0.01900000     0.00300000   469.93973615
     0.00600000     0.02000000     0.00300000   471.04298287
     0.00600000     0.02000000     0.00400000   474.96447912
     0.00600000     0.02100000     0.00300000   469.29604067
     0.00600000     0.02100000     0.00400000   477.61059893
     0.00600000     0.02200000     0.00400000   482.95507296
     0.00600000     0.02300000     0.00400000   482.34125456
     0.00600000     0.02300000     0.00500000   492.77953995
     0.00600000     0.02400000     0.00500000   500.77181300
     0.00600000     0.02400000     0.00600000   507.40460083
     0.00600000     0.02500000     0.00500000   500.48765990
     0.00600000     0.02500000     0.00600000   511.32711349
     0.00600000     0.02600000     0.00600000   514.67869982
     0.00600000     0.02600000     0.00700000   530.02505127
     0.00600000     0.02700000     0.00700000   540.51644688
     0.00600000     0.02700000     0.00800000   548.06150935
     0.00600000     0.02800000     0.00700000   539.19784770
     0.00600000     0.02800000     0.00800000   547.37219180
     0.00600000     0.02900000     0.00800000   572.53049062
     0.00600000     0.02900000     0.00900000   572.53049062
     0.00600000     0.02900000     0.01000000   577.82047133
     0.00600000     0.03000000     0.00900000   571.09205942
     0.00600000     0.03000000     0.01000000   576.04519197
     0.00600000     0.03100000     0.01000000   584.76472079
     0.00600000     0.03100000     0.01100000   584.76472079
     0.00600000     0.03100000     0.01200000   579.15875653
     0.00600000     0.03200000     0.01100000   584.76472079
     0.00600000     0.03200000     0.01200000   121.22438540
     0.00600000     0.03200000     0.01300000   121.22438540
     0.00600000     0.03200000     0.01400000  2151.90037311
     0.00600000     0.03300000     0.01300000    40.20254791
     0.00600000     0.03300000     0.01400000  2170.75535239
     0.00600000     0.03400000     0.01400000   735.97551141
     0.00600000     0.03500000     0.01600000     0.00000000
     0.00600000     0.03500000     0.01700000     0.00000000
     0.00600000     0.03500000     0.01800000     0.00000000
     0.00600000     0.03600000     0.01800000     0.00000000
     0.00600000     0.03700000     0.02000000     0.00000000
     0.00600000     0.03700000     0.02100000     0.00000000
     0.00600000     0.03700000     0.02200000     0.00000000
     0.00600000     0.03800000     0.02100000     0.00000000
     0.00600000     0.03800000     0.02200000     0.00000000
     0.00600000     0.03900000     0.02200000     0.00000000
     0.00600000     0.03900000     0.02300000     0.00000000
     0.00600000     0.03900000     0.02400000     0.00000000
     0.00600000     0.04000000     0.02300000     0.00000000
     0.00600000     0.04000000     0.02400000     0.00000000
     0.00600000     0.04100000     0.02400000     0.00000000
     0.00600000     0.04100000     0.02500000     0.00000000
     0.00600000     0.04100000     0.02600000     0.00000000
     0.00600000     0.04200000     0.02500000     0.00000000
     0.00600000     0.04200000     0.02600000     0.00000000
     0.00600000     0.04300000     0.02600000     0.00000000
     0.00600000     0.04300000     0.02700000     0.00000000
     0.00600000     0.04300000     0.02800000     0.00000000
     0.00600000     0.04400000     0.02700000     0.00000000
     0.00600000     0.04400000     0.02800000     0.00000000
     0.00600000     0.04500000     0.02800000     0.00000000
     0.00600000     0.04500000     0.02900000     0.00000000
     0.00600000     0.04600000     0.02900000     0.00000000
     0.00700000     0.00000000     0.00900000   508.78109196
     0.00700000     0.00100000     0.00800000   508.54789562
     0.00700000     0.00100000     0.00900000   513.07323004
     0.00700000     0.00200000     0.00700000   505.44429948
     0.00700000     0.00300000     0.00600000   495.97867247
     0.00700000     0.00300000     0.00700000   506.60242285
     0.00700000     0.00400000     0.00600000   499.17377856
     0.00700000     0.00400000     0.00700000   505.94574160
     0.00700000     0.00500000     0.00500000   489.42703492
     0.00700000     0.00500000     0.00600000   497.68017279
     0.00700000     0.00600000     0.00400000   480.86880544
     0.00700000     0.00600000     0.00500000   488.99699216
     0.00700000     0.00800000     0.00400000   480.91186341
     0.00700000     0.00900000     0.00300000   466.45505560
     0.00700000     0.00900000     0.00400000   475.01921944
     0.00700000     0.01000000     0.00300000   468.55442451
     0.00700000     0.01100000     0.00300000   468.06113218
     0.00700000     0.01200000     0.00300000   466.55471718
     0.00700000     0.01300000     0.00200000   451.84568118
     0.00700000     0.01300000     0.00300000   463.19792600
     0.00700000     0.01400000     0.00200000   454.25563199
     0.00700000     0.01400000     0.00300000   462.26931885
     0.00700000     0.01500000     0.00200000   454.23604887
     0.00700000     0.01500000     0.00300000   462.24696604
     0.00700000     0.01600000     0.00200000   451.82137628
     0.00700000     0.01600000     0.00300000   463.16069889
     0.00700000     0.01700000     0.00300000   466.68074792
     0.00700000     0.01800000     0.00300000   468.51335427
     0.00700000     0.01900000     0.00300000   470.36580724
     0.00700000     0.02000000     0.00300000   471.03884983
     0.00700000     0.02000000     0.00400000   475.49528373
     0.00700000     0.02100000     0.00300000   468.99205356
     0.00700000     0.02100000     0.00400000   477.93175050
     0.00700000     0.02200000     0.00400000   483.04475872
     0.00700000     0.02300000     0.00400000   482.02990115
     0.00700000     0.02300000     0.00500000   493.03087214
     0.00700000     0.02400000     0.00500000   500.70075835
     0.00700000     0.02400000     0.00600000   507.38161751
     0.00700000     0.02500000     0.00500000   499.73373805
     0.00700000     0.02500000     0.00600000   509.17405982
     0.00700000     0.02600000     0.00600000   512.78487250
     0.00700000     0.02600000     0.00700000   532.00517186
     0.00700000     0.02600000     0.00800000   542.55459778
     0.00700000     0.02700000     0.00700000   538.68282170
     0.00700000     0.02700000     0.00800000   547.67759940
     0.00700000     0.02800000     0.00700000   537.06563532
     0.00700000     0.02800000     0.00800000   547.44811516
     0.00700000     0.02900000     0.00800000   572.01839847
     0.00700000     0.02900000     0.00900000   572.01839847
     0.00700000     0.02900000     0.01000000   577.85997154
     0.00700000     0.03000000     0.00900000   570.40382306
     0.00700000     0.03000000     0.01000000   575.07034522
     0.00700000     0.03100000     0.01000000   582.50740005
     0.00700000     0.03100000     0.01100000   582.50740005
     0.00700000     0.03100000     0.01200000   577.79491119
     0.00700000     0.03200000     0.01100000   582.50740005
     0.00700000     0.03200000     0.01200000   155.73646234
     0.00700000     0.03200000     0.01300000   155.73646234
     0.00700000     0.03200000     0.01400000  2150.47796303
     0.00700000     0.03300000     0.01300000    50.94708956
     0.00700000     0.03300000     0.01400000  2173.39433206
     0.00700000     0.03300000     0.01500000     0.00000000
     0.00700000     0.03300000     0.01600000     0.00000000
     0.00700000     0.03400000     0.01400000   736.78214676
     0.00700000     0.03400000     0.01500000     0.00000000
     0.00700000     0.03400000     0.01600000     0.00000000
     0.00700000     0.03500000     0.01600000     0.00000000
     0.00700000     0.03500000     0.01700000     0.00000000
     0.00700000     0.03500000     0.01800000     0.00000000
     0.00700000     0.03600000     0.01800000     0.00000000
     0.00700000     0.03600000     0.01900000     0.00000000
     0.00700000     0.03600000     0.02000000     0.00000000
     0.00700000     0.03700000     0.01900000     0.00000000
     0.00700000     0.03700000     0.02000000     0.00000000
     0.00700000     0.03700000     0.02100000     0.00000000
     0.00700000     0.03700000     0.02200000     0.00000000
     0.00700000     0.03800000     0.02100000     0.00000000
     0.00700000     0.03800000     0.02200000     0.00000000
     0.00700000     0.03800000     0.02300000     0.00000000
     0.00700000     0.03800000     0.02400000     0.00000000
     0.00700000     0.03900000     0.02200000     0.00000000
     0.00700000     0.03900000     0.02300000     0.00000000
     0.00700000     0.03900000     0.02400000     0.00000000
     0.00700000     0.04000000     0.02300000     0.00000000
     0.00700000     0.04000000     0.02400000     0.00000000
     0.00700000     0.04000000     0.02500000     0.00000000
     0.00700000     0.04100000     0.02400000     0.00000000
     0.00700000     0.04100000     0.02500000     0.00000000
     0.00700000     0.04100000     0.02600000     0.00000000
     0.00700000     0.04200000     0.02500000     0.00000000
     0.00700000     0.04200000     0.02600000     0.00000000
     0.00700000     0.04300000     0.02600000     0.00000000
     0.00700000     0.04300000     0.02700000     0.00000000
     0.00700000     0.04300000     0.02800000     0.00000000
     0.00700000     0.04400000     0.02700000     0.00000000
     0.00700000     0.04400000     0.02800000     0.00000000
     0.00700000     0.04500000     0.02800000     0.00000000
     0.00700000     0.04500000     0.02900000     0.00000000
     0.00700000     0.04500000     0.03000000     0.00000000
     0.00700000     0.04600000     0.02900000     0.00000000
     0.00700000     0.04600000     0.03000000     0.00000000
     0.00700000     0.04700000     0.02900000     0.00000000
     0.00700000     0.04700000     0.03000000     0.00000000
     0.00700000     0.04700000     0.03100000     0.00000000
     0.00700000     0.04800000     0.03000000     0.00000000
     0.00700000     0.04800000     0.03100000     0.00000000
     0.00800000     0.00000000     0.00900000   508.88120714
     0.00800000     0.00100000     0.00800000   506.29028816
     0.00800000     0.00100000     0.00900000   513.00892265
     0.00800000     0.00200000     0.00700000   503.34877480
     0.00800000     0.00200000     0.00800000   510.81176749
     0.00800000     0.00200000     0.00900000   516.67807950
     0.00800000     0.00300000     0.00700000   507.66835625
     0.00800000     0.00300000     0.00800000   513.82047855
     0.00800000     0.00400000     0.00600000   498.75173046
     0.00800000     0.00400000     0.00700000   507.31486049
     0.00800000     0.00500000     0.00500000   490.10353870
     0.00800000     0.00500000     0.00600000   498.57591732
     0.00800000     0.00600000     0.00400000   478.73746663
     0.00800000     0.00600000     0.00500000   490.09707685
     0.00800000     0.00700000     0.00400000   481.15701128
     0.00800000     0.00700000     0.00500000   488.35738333
     0.00800000     0.00800000     0.00400000   481.61270955
     0.00800000     0.00900000     0.00300000   464.52296279
     0.00800000     0.00900000     0.00400000   477.04233976
     0.00800000     0.01000000     0.00300000   467.21459605
     0.00800000     0.01100000     0.00300000   468.42593658
     0.00800000     0.01200000     0.00300000   468.01674545
     0.00800000     0.01300000     0.00300000   467.45158741
     0.00800000     0.01400000     0.00300000   466.92644451
     0.00800000     0.01500000     0.00300000   466.92798113
     0.00800000     0.01600000     0.00300000   467.51159624
     0.00800000     0.01700000     0.00300000   468.51354371
     0.00800000     0.01800000     0.00300000   469.43614123
     0.00800000     0.01900000     0.00300000   470.24442184
     0.00800000     0.01900000     0.00400000   474.60647298
     0.00800000     0.02000000     0.00300000   469.30880736
     0.00800000     0.02000000     0.00400000   476.40871142
     0.00800000     0.02100000     0.00300000   466.83080921
     0.00800000     0.02100000     0.00400000   479.35055238
     0.00800000     0.02200000     0.00400000   481.90819625
     0.00800000     0.02300000     0.00400000   479.91240658
     0.00800000     0.02300000     0.00500000   494.49423737
     0.00800000     0.02300000     0.00600000   503.21932917
     0.00800000     0.02400000     0.00500000   498.81982102
     0.00800000     0.02400000     0.00600000   507.05158868
     0.00800000     0.02500000     0.00500000   497.00864714
     0.00800000     0.02500000     0.00600000   507.25085213
     0.00800000     0.02600000     0.00600000   512.78487250
     0.00800000     0.02600000     0.00700000   536.39990659
     0.00800000     0.02600000     0.00800000   543.90274138
     0.00800000     0.02700000     0.00700000   536.27861514
     0.00800000     0.02700000     0.00800000   545.89920523
     0.00800000     0.02800000     0.00800000   547.91337569
     0.00800000     0.02800000     0.00900000   565.63795710
     0.00800000     0.02800000     0.01000000   573.98923028
     0.00800000     0.02900000     0.00800000   568.98614142
     0.00800000     0.02900000     0.00900000   568.98614142
     0.00800000     0.02900000     0.01000000   575.08254879
     0.00800000     0.03000000     0.00900000   567.14891793
     0.00800000     0.03000000     0.01000000   571.58926822
     0.00800000     0.03000000     0.01100000   581.68658315
     0.00800000     0.03000000     0.01200000   588.12155922
     0.00800000     0.03100000     0.01000000   579.09797941
     0.00800000     0.03100000     0.01100000   579.09797941
     0.00800000     0.03100000     0.01200000   583.93315090
     0.00800000     0.03200000     0.01100000   579.09797941
     0.00800000     0.03200000     0.01200000   216.59961535
     0.00800000     0.03200000     0.01300000   216.59961535
     0.00800000     0.03200000     0.01400000  2144.32196152
     0.00800000     0.03300000     0.01300000    50.94708956
     0.00800000     0.03300000     0.01400000     0.00000000
     0.00800000     0.03300000     0.01500000     0.00000000
     0.00800000     0.03300000     0.01600000     0.00000000
     0.00800000     0.03400000     0.01500000     0.00000000
     0.00800000     0.03400000     0.01600000     0.00000000
     0.00800000     0.03400000     0.01700000     0.00000000
     0.00800000     0.03500000     0.01600000     0.00000000
     0.00800000     0.03500000     0.01700000     0.00000000
     0.00800000     0.03500000     0.01800000     0.00000000
     0.00800000     0.03600000     0.01800000     0.00000000
     0.00800000     0.03600000     0.01900000     0.00000000
     0.00800000     0.03600000     0.02000000     0.00000000
     0.00800000     0.03700000     0.02000000     0.00000000
     0.00800000     0.03700000     0.02100000     0.00000000
     0.00800000     0.03700000     0.02200000     0.00000000
     0.00800000     0.03800000     0.02100000     0.00000000
     0.00800000     0.03800000     0.02200000     0.00000000
     0.00800000     0.03800000     0.02300000     0.00000000
     0.00800000     0.03800000     0.02400000     0.00000000
     0.00800000     0.03900000     0.02300000     0.00000000
     0.00800000     0.03900000     0.02400000     0.00000000
     0.00800000     0.04000000     0.02400000     0.00000000
     0.00800000     0.04000000     0.02500000     0.00000000
     0.00800000     0.04100000     0.02500000     0.00000000
     0.00800000     0.04100000     0.02600000     0.00000000
     0.00800000     0.04200000     0.02500000     0.00000000
     0.00800000     0.04200000     0.02600000     0.00000000
     0.00800000     0.04300000     0.02600000     0.00000000
     0.00800000     0.04300000     0.02700000     0.00000000
     0.00800000     0.04300000     0.02800000     0.00000000
     0.00800000     0.04400000     0.02700000     0.00000000
     0.00800000     0.04400000     0.02800000     0.00000000
     0.00800000     0.04500000     0.02800000     0.00000000
     0.00800000     0.04500000     0.02900000     0.00000000
     0.00800000     0.04500000     0.03000000     0.00000000
     0.00800000     0.04600000     0.02900000     0.00000000
     0.00800000     0.04600000     0.03000000     0.00000000
     0.00800000     0.04700000     0.03000000     0.00000000
     0.00800000     0.04700000     0.03100000     0.00000000
     0.00800000     0.04800000     0.03100000     0.00000000
     0.00900000     0.00000000     0.00900000   506.55051948
     0.00900000     0.00000000     0.01000000   510.02059548
     0.00900000     0.00100000     0.00900000   512.99057877
     0.00900000     0.00100000     0.01000000   516.45897864
     0.00900000     0.00200000     0.00800000   513.11324635
     0.00900000     0.00200000     0.00900000   518.27563502
     0.00900000     0.00300000     0.00700000   508.51729795
     0.00900000     0.00300000     0.00800000   515.43135748
     0.00900000     0.00400000     0.00600000   496.77944038
     0.00900000     0.00400000     0.00700000   508.74840739
     0.00900000     0.00500000     0.00500000   488.37133540
     0.00900000     0.00500000     0.00600000   497.85083373
     0.00900000     0.00500000     0.00700000   507.52538875
     0.00900000     0.00600000     0.00500000   491.09214511
     0.00900000     0.00700000     0.00400000   478.01809701
     0.00900000     0.00700000     0.00500000   489.65266384
     0.00900000     0.00800000     0.00400000   480.18593566
     0.00900000     0.00800000     0.00500000   487.51686652
     0.00900000     0.01000000     0.00300000   464.46845412
     0.00900000     0.01100000     0.00300000   466.44360173
     0.00900000     0.01200000     0.00300000   467.29410794
     0.00900000     0.01300000     0.00300000   468.71683409
     0.00900000     0.01400000     0.00300000   468.80868334
     0.00900000     0.01500000     0.00300000   468.83451465
     0.00900000     0.01600000     0.00300000   469.14413082
     0.00900000     0.01700000     0.00300000   469.29857349
     0.00900000     0.01700000     0.00400000   473.57921598
     0.00900000     0.01800000     0.00300000   468.24087821
     0.00900000     0.01800000     0.00400000   474.69429343
     0.00900000     0.01900000     0.00300000   467.96690833
     0.00900000     0.01900000     0.00400000   476.05987899
     0.00900000     0.02000000     0.00300000   466.17483157
     0.00900000     0.02000000     0.00400000   478.36021478
     0.00900000     0.02200000     0.00400000   481.30824069
     0.00900000     0.02200000     0.00500000   491.35601001
     0.00900000     0.02300000     0.00400000   497.45200454
     0.00900000     0.02300000     0.00500000   497.45200454
     0.00900000     0.02300000     0.00600000   504.63929506
     0.00900000     0.02400000     0.00500000   496.73668446
     0.00900000     0.02400000     0.00600000   505.51043109
     0.00900000     0.02500000     0.00600000   508.37898886
     0.00900000     0.02500000     0.00700000   527.88279627
     0.00900000     0.02500000     0.00800000   539.59146904
     0.00900000     0.02600000     0.00600000   534.62336067
     0.00900000     0.02600000     0.00700000   534.62336067
     0.00900000     0.02600000     0.00800000   543.89931818
     0.00900000     0.02700000     0.00700000   533.40597040
     0.00900000     0.02700000     0.00800000   544.36659649
     0.00900000     0.02700000     0.00900000   559.79881080
     0.00900000     0.02800000     0.00800000   568.35022734
     0.00900000     0.02800000     0.00900000   568.35022734
     0.00900000     0.02800000     0.01000000   573.69702943
     0.00900000     0.02900000     0.00900000   566.32599637
     0.00900000     0.02900000     0.01000000   573.41688039
     0.00900000     0.03000000     0.01000000   573.41688039
     0.00900000     0.03000000     0.01100000   582.27844157
     0.00900000     0.03000000     0.01200000   579.33676126
     0.00900000     0.03100000     0.01100000   577.63188543
     0.00900000     0.03100000     0.01200000   573.51404138
     0.00900000     0.03100000     0.01300000   560.64413500
     0.00900000     0.03100000     0.01400000  2167.63362541
     0.00900000     0.03200000     0.01200000   208.72755383
     0.00900000     0.03200000     0.01300000   208.72755383
     0.00900000     0.03200000     0.01400000  2130.94692042
     0.00900000     0.03200000     0.01500000     0.00000000
     0.00900000     0.03300000     0.01300000   208.72755383
     0.00900000     0.03300000     0.01400000     0.00000000
     0.00900000     0.03300000     0.01500000     0.00000000
     0.00900000     0.03300000     0.01600000     0.00000000
     0.00900000     0.03400000     0.01500000     0.00000000
     0.00900000     0.03400000     0.01600000     0.00000000
     0.00900000     0.03400000     0.01700000     0.00000000
     0.00900000     0.03500000     0.01700000     0.00000000
     0.01000000     0.00000000     0.01000000   506.64463267
     0.01000000     0.00100000     0.00900000   511.87311431
     0.01000000     0.00100000     0.01000000   515.62827275
     0.01000000     0.00200000     0.00800000   511.24958662
     0.01000000     0.00200000     0.00900000   517.60712553
     0.01000000     0.00200000     0.01000000   522.64778995
     0.01000000     0.00300000     0.00700000   506.50846343
     0.01000000     0.00300000     0.00800000   514.78844049
     0.01000000     0.00300000     0.00900000   521.98810923
     0.01000000     0.00400000     0.00700000   508.94912192
     0.01000000     0.00400000     0.00800000   517.35426857
     0.01000000     0.00500000     0.00600000   497.08251630
     0.01000000     0.00500000     0.00700000   507.65815640
     0.01000000     0.00500000     0.00800000   517.33978020
     0.01000000     0.00600000     0.00500000   488.27882196
     0.01000000     0.00600000     0.00600000   498.01116611
     0.01000000     0.00600000     0.00700000   507.89201149
     0.01000000     0.00700000     0.00500000   489.74954872
     0.01000000     0.00800000     0.00400000   477.19467997
     0.01000000     0.00800000     0.00500000   487.09348978
     0.01000000     0.00900000     0.00400000   478.68077130
     0.01000000     0.00900000     0.00500000   487.18464397
     0.01000000     0.01000000     0.00400000   478.27607228
     0.01000000     0.01000000     0.00500000   485.36605393
     0.01000000     0.01200000     0.00300000   464.43908421
     0.01000000     0.01300000     0.00300000   466.76301082
     0.01000000     0.01400000     0.00300000   467.16007052
     0.01000000     0.01500000     0.00300000   467.21110787
     0.01000000     0.01600000     0.00300000   467.38824688
     0.01000000     0.01700000     0.00300000   467.14327576
     0.01000000     0.01700000     0.00400000   475.32756273
     0.01000000     0.01800000     0.00300000   464.96690978
     0.01000000     0.01800000     0.00400000   476.15776175
     0.01000000     0.01900000     0.00400000   477.52450771
     0.01000000     0.01900000     0.00500000   485.06315821
     0.01000000     0.02000000     0.00400000   479.11312890
     0.01000000     0.02000000     0.00500000   487.64551582
     0.01000000     0.02100000     0.00400000   480.65772160
     0.01000000     0.02100000     0.00500000   489.86498140
     0.01000000     0.02100000     0.00600000   498.91507100
     0.01000000     0.02200000     0.00400000   479.25384098
     0.01000000     0.02200000     0.00500000   490.63677463
     0.01000000     0.02200000     0.00600000   501.44584616
     0.01000000     0.02300000     0.00500000   495.31957681
     0.01000000     0.02300000     0.00600000   503.27428558
     0.01000000     0.02400000     0.00500000   493.66997843
     0.01000000     0.02400000     0.00600000   501.02517964
     0.01000000     0.02400000     0.00700000   523.53732398
     0.01000000     0.02400000     0.00800000   535.11193450
     0.01000000     0.02500000     0.00600000   529.85191193
     0.01000000     0.02500000     0.00700000   529.85191193
     0.01000000     0.02500000     0.00800000   539.92574834
     0.01000000     0.02600000     0.00700000   530.45063770
     0.01000000     0.02600000     0.00800000   542.47042134
     0.01000000     0.02600000     0.00900000   556.25278795
     0.01000000     0.02700000     0.00800000   544.83516872
     0.01000000     0.02700000     0.00900000   560.85238958
     0.01000000     0.02700000     0.01000000   570.87044606
     0.01000000     0.02800000     0.00900000   566.44021838
     0.01000000     0.02800000     0.01000000   570.34570097
     0.01000000     0.02900000     0.00900000   562.49681727
     0.01000000     0.02900000     0.01000000   569.38236048
     0.01000000     0.02900000     0.01100000   575.58388512
     0.01000000     0.02900000     0.01200000   586.90795850
     0.01000000     0.03000000     0.01000000   569.38236048
     0.01000000     0.03000000     0.01100000   580.70910249
     0.01000000     0.03000000     0.01200000   572.91324299
     0.01000000     0.03100000     0.01100000   571.00623724
     0.01000000     0.03100000     0.01200000   571.00623724
     0.01000000     0.03100000     0.01300000   541.89527348
     0.01000000     0.03100000     0.01400000  2165.08415200
     0.01000000     0.03200000     0.01300000  2605.34186355
     0.01000000     0.03200000     0.01400000  2605.34186355
     0.01000000     0.03200000     0.01500000     0.00000000
     0.01000000     0.03300000     0.01500000     0.00000000
     0.01100000     0.00100000     0.01000000   514.89653782
     0.01100000     0.00200000     0.00900000   516.04153277
     0.01100000     0.00200000     0.01000000   520.86421899
     0.01100000     0.00200000     0.01100000   524.89076610
     0.01100000     0.00300000     0.00800000   513.65361628
     0.01100000     0.00300000     0.00900000   519.91853035
     0.01100000     0.00300000     0.01000000   526.29031576
     0.01100000     0.00300000     0.01100000   531.31540257
     0.01100000     0.00400000     0.00800000   517.07088503
     0.01100000     0.00400000     0.00900000   523.58534765
     0.01100000     0.00400000     0.01000000   530.49226122
     0.01100000     0.00500000     0.00700000   506.55151781
     0.01100000     0.00500000     0.00800000   517.06187383
     0.01100000     0.00500000     0.00900000   525.60959351
     0.01100000     0.00600000     0.00600000   496.96781774
     0.01100000     0.00600000     0.00700000   506.17881968
     0.01100000     0.00600000     0.00800000   517.87866515
     0.01100000     0.00700000     0.00600000   499.01490016
     0.01100000     0.00700000     0.00700000   506.53510213
     0.01100000     0.00700000     0.00800000   516.50925651
     0.01100000     0.00800000     0.00500000   485.75825275
     0.01100000     0.00800000     0.00600000   496.55586029
     0.01100000     0.00800000     0.00700000   506.13267124
     0.01100000     0.00900000     0.00500000   487.35784682
     0.01100000     0.00900000     0.00600000   496.68682212
     0.01100000     0.01000000     0.00400000   474.76188239
     0.01100000     0.01000000     0.00500000   483.65638082
     0.01100000     0.01000000     0.00600000   495.21346933
     0.01100000     0.01100000     0.00400000   476.74499075
     0.01100000     0.01100000     0.00500000   483.60403703
     0.01100000     0.01100000     0.00600000   492.79572516
     0.01100000     0.01200000     0.00400000   476.64180618
     0.01100000     0.01200000     0.00500000   484.24168771
     0.01100000     0.01300000     0.00400000   475.63008787
     0.01100000     0.01300000     0.00500000   483.81058717
     0.01100000     0.01400000     0.00400000   475.22928024
     0.01100000     0.01400000     0.00500000   483.18640718
     0.01100000     0.01500000     0.00400000   475.07064465
     0.01100000     0.01500000     0.00500000   483.00455212
     0.01100000     0.01600000     0.00400000   475.31577099
     0.01100000     0.01600000     0.00500000   483.44093036
     0.01100000     0.01700000     0.00400000   475.89631208
     0.01100000     0.01700000     0.00500000   484.01089973
     0.01100000     0.01800000     0.00400000   476.18184400
     0.01100000     0.01800000     0.00500000   484.75091592
     0.01100000     0.01800000     0.00600000   493.20228496
     0.01100000     0.01900000     0.00400000   474.44349536
     0.01100000     0.01900000     0.00500000   484.43330778
     0.01100000     0.01900000     0.00600000   494.45051725
     0.01100000     0.02000000     0.00500000   488.58481687
     0.01100000     0.02000000     0.00600000   497.68965612
     0.01100000     0.02100000     0.00500000   490.17085651
     0.01100000     0.02100000     0.00600000   498.23983684
     0.01100000     0.02100000     0.00700000   509.51515995
     0.01100000     0.02200000     0.00500000   488.77105066
     0.01100000     0.02200000     0.00600000   499.58100442
     0.01100000     0.02200000     0.00700000   513.91265692
     0.01100000     0.02200000     0.00800000   525.40423418
     0.01100000     0.02300000     0.00600000   502.34620241
     0.01100000     0.02300000     0.00700000   516.55426940
     0.01100000     0.02300000     0.00800000   529.48765755
     0.01100000     0.02400000     0.00600000   501.02517964
     0.01100000     0.02400000     0.00700000   525.07785781
     0.01100000     0.02400000     0.00800000   533.26581739
     0.01100000     0.02500000     0.00700000   524.73736130
     0.01100000     0.02500000     0.00800000   537.14364875
     0.01100000     0.02500000     0.00900000   550.83989085
     0.01100000     0.02500000     0.01000000   560.69272332
     0.01100000     0.02600000     0.00800000   540.49799425
     0.01100000     0.02600000     0.00900000   554.11089661
     0.01100000     0.02600000     0.01000000   561.92954040
     0.01100000     0.02700000     0.00900000   560.28474123
     0.01100000     0.02700000     0.01000000   568.94688378
     0.01100000     0.02700000     0.01100000   575.82068531
     0.01100000     0.02700000     0.01200000   588.22961680
     0.01100000     0.02800000     0.00900000   559.93003810
     0.01100000     0.02800000     0.01000000   564.50688680
     0.01100000     0.02800000     0.01100000   576.61270684
     0.01100000     0.02800000     0.01200000   570.28622936
     0.01100000     0.02900000     0.01000000   576.89908387
     0.01100000     0.02900000     0.01100000   576.89908387
     0.01100000     0.02900000     0.01200000   585.48119830
     0.01100000     0.03000000     0.01100000   577.52903305
     0.01100000     0.03000000     0.01200000   564.27046962
     0.01100000     0.03100000     0.01200000   590.42049319
     0.01200000     0.00200000     0.01100000   523.85164292
     0.01200000     0.00300000     0.01000000   524.22199684
     0.01200000     0.00300000     0.01100000   528.95455567
     0.01200000     0.00400000     0.00900000   521.40119927
     0.01200000     0.00400000     0.01000000   527.74969115
     0.01200000     0.00500000     0.00800000   515.17132238
     0.01200000     0.00500000     0.00900000   523.04752992
     0.01200000     0.00600000     0.00800000   517.47017040
     0.01200000     0.00700000     0.00700000   504.22778945
     0.01200000     0.00700000     0.00800000   514.04136065
     0.01200000     0.00800000     0.00600000   494.60477383
     0.01200000     0.00800000     0.00700000   503.73100199
     0.01200000     0.00900000     0.00600000   496.28605961
     0.01200000     0.01000000     0.00600000   495.39476992
     0.01200000     0.01100000     0.00500000   481.52828483
     0.01200000     0.01100000     0.00600000   490.73689711
     0.01200000     0.01200000     0.00500000   483.48770786
     0.01200000     0.01300000     0.00500000   483.61945193
     0.01200000     0.01400000     0.00500000   483.13888103
     0.01200000     0.01500000     0.00500000   483.02350934
     0.01200000     0.01600000     0.00500000   483.45103318
     0.01200000     0.01700000     0.00500000   484.02926037
     0.01200000     0.01800000     0.00500000   484.28300666
     0.01200000     0.01800000     0.00600000   490.96616277
     0.01200000     0.01900000     0.00500000   482.35519409
     0.01200000     0.01900000     0.00600000   492.43539983
     0.01200000     0.02000000     0.00600000   497.15465347
     0.01200000     0.02100000     0.00600000   496.26271452
     0.01200000     0.02100000     0.00700000   507.98936394
     0.01200000     0.02200000     0.00700000   514.97732769
     0.01200000     0.02200000     0.00800000   522.40998244
     0.01200000     0.02300000     0.00700000   514.70238484
     0.01200000     0.02300000     0.00800000   525.63494060
     0.01200000     0.02400000     0.00800000   528.48904434
     0.01200000     0.02500000     0.00800000   549.72669104
     0.01200000     0.02500000     0.00900000   549.72669104
     0.01200000     0.02500000     0.01000000   557.59968775
     0.01200000     0.02600000     0.00900000   549.64977486
     0.01200000     0.02600000     0.01000000   555.84612772
     0.01200000     0.02700000     0.01000000   566.03433018
     0.01200000     0.02700000     0.01100000   566.03433018
     0.01200000     0.02700000     0.01200000   578.54656154
     0.01200000     0.02800000     0.01100000   575.94250193
     0.01200000     0.02800000     0.01200000   577.98125680
     0.01200000     0.02900000     0.01200000   580.93381852
