     0.00000000     0.00800000     0.00600000     0.00000000
     0.00100000     0.00300000     0.00800000     0.00000000
     0.00100000     0.00400000     0.00800000     0.00000000
     0.00100000     0.00600000     0.00600000     0.00000000
     0.00100000     0.00700000     0.00600000     0.00000000
     0.00100000     0.00800000     0.00500000     0.00000000
     0.00100000     0.00800000     0.00600000     0.00000000
     0.00100000     0.01000000     0.00400000     0.00000000
     0.00100000     0.01100000     0.00400000     0.00000000
     0.00100000     0.01200000     0.00400000     0.00000000
     0.00100000     0.01300000     0.00400000     0.00000000
     0.00100000     0.01400000     0.00400000     0.00000000
     0.00100000     0.01500000     0.00400000     0.00000000
     0.00100000     0.01600000     0.00400000     0.00000000
     0.00100000     0.01700000     0.00400000     0.00000000
     0.00100000     0.01800000     0.00400000     0.00000000
     0.00100000     0.01900000     0.00400000     0.00000000
     0.00100000     0.02200000     0.00500000     0.00000000
     0.00100000     0.02200000     0.00600000     0.00000000
     0.00100000     0.02300000     0.00600000     0.00000000
     0.00100000     0.02400000     0.00600000     0.00000000
     0.00100000     0.02600000     0.00800000     0.00000000
     0.00200000     0.00200000     0.00800000     0.00000000
     0.00200000     0.00300000     0.00700000     0.00000000
     0.00200000     0.00300000     0.00800000     0.00000000
     0.00200000     0.00400000     0.00700000     0.00000000
     0.00200000     0.00400000     0.00800000     0.00000000
     0.00200000     0.00500000     0.00600000     0.00000000
     0.00200000     0.00600000     0.00500000     0.00000000
     0.00200000     0.00600000     0.00600000     0.00000000
     0.00200000     0.00700000     0.00500000     0.00000000
     0.00200000     0.00700000     0.00600000     0.00000000
     0.00200000     0.00800000     0.00400000     0.00000000
     0.00200000     0.00800000     0.00500000     0.00000000
     0.00200000     0.00800000     0.00600000     0.00000000
     0.00200000     0.00900000     0.00400000     0.00000000
     0.00200000     0.01000000     0.00400000     0.00000000
     0.00200000     0.01100000     0.00400000     0.00000000
     0.00200000     0.01200000     0.00300000     0.00000000
     0.00200000     0.01200000     0.00400000     0.00000000
     0.00200000     0.01300000     0.00300000     0.00000000
     0.00200000     0.01300000     0.00400000     0.00000000
     0.00200000     0.01400000     0.00300000     0.00000000
     0.00200000     0.01400000     0.00400000     0.00000000
     0.00200000     0.01500000     0.00300000     0.00000000
     0.00200000     0.01500000     0.00400000     0.00000000
     0.00200000     0.01600000     0.00300000     0.00000000
     0.00200000     0.01600000     0.00400000     0.00000000
     0.00200000     0.01700000     0.00300000     0.00000000
     0.00200000     0.01700000     0.00400000     0.00000000
     0.00200000     0.01800000     0.00300000     0.00000000
     0.00200000     0.01800000     0.00400000     0.00000000
     0.00200000     0.01900000     0.00400000     0.00000000
     0.00200000     0.02000000     0.00400000     0.00000000
     0.00200000     0.02100000     0.00400000     0.00000000
     0.00200000     0.02200000     0.00400000     0.00000000
     0.00200000     0.02200000     0.00500000     0.00000000
     0.00200000     0.02200000     0.00600000     0.00000000
     0.00200000     0.02300000     0.00500000     0.00000000
     0.00200000     0.02300000     0.00600000     0.00000000
     0.00200000     0.02400000     0.00500000     0.00000000
     0.00200000     0.02400000     0.00600000     0.00000000
     0.00200000     0.02500000     0.00600000     0.00000000
     0.00200000     0.02600000     0.00700000     0.00000000
     0.00200000     0.02600000     0.00800000     0.00000000
     0.00200000     0.02700000     0.00800000     0.00000000
     0.00200000     0.03000000     0.01000000     0.00000000
     0.00300000     0.00200000     0.00800000     0.00000000
     0.00300000     0.00400000     0.00600000     0.00000000
     0.00300000     0.00700000     0.00400000     0.00000000
     0.00300000     0.00800000     0.00400000     0.00000000
     0.00300000     0.00900000     0.00400000     0.00000000
     0.00300000     0.01000000     0.00300000     0.00000000
     0.00300000     0.01000000     0.00400000     0.00000000
     0.00300000     0.02000000     0.00300000     0.00000000
     0.00300000     0.02000000     0.00400000     0.00000000
     0.00300000     0.02100000     0.00400000     0.00000000
     0.00300000     0.02200000     0.00400000     0.00000000
     0.00300000     0.02300000     0.00400000     0.00000000
     0.00300000     0.02400000     0.00500000     0.00000000
     0.00300000     0.02400000     0.00600000     0.00000000
     0.00300000     0.02500000     0.00600000     0.00000000
     0.00300000     0.02600000     0.00600000     0.00000000
     0.00300000     0.02800000     0.00800000     0.00000000
     0.00300000     0.03000000     0.01000000     0.00000000
     0.00300000     0.03200000     0.01200000     0.00000000
     0.00400000     0.00100000     0.00800000     0.00000000
     0.00400000     0.00200000     0.00700000     0.00000000
     0.00400000     0.00200000     0.00800000     0.00000000
     0.00400000     0.00400000     0.00600000     0.00000000
     0.00400000     0.00600000     0.00400000     0.00000000
     0.00400000     0.00700000     0.00400000     0.00000000
     0.00400000     0.00800000     0.00400000     0.00000000
     0.00400000     0.00900000     0.00300000     0.00000000
     0.00400000     0.00900000     0.00400000     0.00000000
     0.00400000     0.01000000     0.00300000     0.00000000
     0.00400000     0.01000000     0.00400000     0.00000000
     0.00400000     0.02000000     0.00300000     0.00000000
     0.00400000     0.02000000     0.00400000     0.00000000
     0.00400000     0.02100000     0.00300000     0.00000000
     0.00400000     0.02100000     0.00400000     0.00000000
     0.00400000     0.02200000     0.00400000     0.00000000
     0.00400000     0.02300000     0.00400000     0.00000000
     0.00400000     0.02400000     0.00500000     0.00000000
     0.00400000     0.02400000     0.00600000     0.00000000
     0.00400000     0.02500000     0.00500000     0.00000000
     0.00400000     0.02500000     0.00600000     0.00000000
     0.00400000     0.02600000     0.00600000     0.00000000
     0.00400000     0.02800000     0.00800000     0.00000000
     0.00400000     0.02900000     0.00800000     0.00000000
     0.00400000     0.03000000     0.00900000     0.00000000
     0.00400000     0.03000000     0.01000000     0.00000000
     0.00400000     0.03100000     0.01000000     0.00000000
     0.00400000     0.03200000     0.01100000     0.00000000
     0.00400000     0.03200000     0.01200000     0.00000000
     0.00400000     0.03400000     0.01500000     0.00000000
     0.00400000     0.03400000     0.01600000     0.00000000
     0.00400000     0.03500000     0.01600000     0.00000000
     0.00400000     0.03600000     0.01800000     0.00000000
     0.00400000     0.03800000     0.02100000     0.00000000
     0.00400000     0.03800000     0.02200000     0.00000000
     0.00400000     0.04000000     0.02400000     0.00000000
     0.00400000     0.04200000     0.02500000     0.00000000
     0.00400000     0.04200000     0.02600000     0.00000000
     0.00400000     0.04300000     0.02600000     0.00000000
     0.00400000     0.04400000     0.02700000     0.00000000
     0.00400000     0.04400000     0.02800000     0.00000000
     0.00400000     0.04500000     0.02800000     0.00000000
     0.00500000     0.00100000     0.00800000     0.00000000
     0.00500000     0.00200000     0.00700000     0.00000000
     0.00500000     0.00200000     0.00800000     0.00000000
     0.00500000     0.00300000     0.00600000     0.00000000
     0.00500000     0.00400000     0.00600000     0.00000000
     0.00500000     0.00600000     0.00400000     0.00000000
     0.00500000     0.00700000     0.00400000     0.00000000
     0.00500000     0.00800000     0.00400000     0.00000000
     0.00500000     0.01300000     0.00200000    19.96778449
     0.00500000     0.01400000     0.00200000    19.96800933
     0.00500000     0.01500000     0.00200000    19.96730943
     0.00500000     0.01600000     0.00200000    19.96815500
     0.00500000     0.02200000     0.00400000     0.00000000
     0.00500000     0.02300000     0.00400000     0.00000000
     0.00500000     0.02600000     0.00600000     0.00000000
     0.00500000     0.02800000     0.00700000     0.00000000
     0.00500000     0.02800000     0.00800000     0.00000000
     0.00500000     0.02900000     0.00800000     0.00000000
     0.00500000     0.03000000     0.00900000     0.00000000
     0.00500000     0.03000000     0.01000000     0.00000000
     0.00500000     0.03100000     0.01000000     0.00000000
     0.00500000     0.03200000     0.01100000     0.00000000
     0.00500000     0.03200000     0.01200000     0.00000000
     0.00500000     0.03400000     0.01400000     0.00000000
     0.00500000     0.03400000     0.01500000     0.00000000
     0.00500000     0.03400000     0.01600000     0.00000000
     0.00500000     0.03500000     0.01600000     0.00000000
     0.00500000     0.03600000     0.01800000     0.00000000
     0.00500000     0.03600000     0.01900000     0.00000000
     0.00500000     0.03600000     0.02000000     0.00000000
     0.00500000     0.03700000     0.01900000     0.00000000
     0.00500000     0.03700000     0.02000000     0.00000000
     0.00500000     0.03800000     0.02100000     0.00000000
     0.00500000     0.03800000     0.02200000     0.00000000
     0.00500000     0.03900000     0.02200000     0.00000000
     0.00500000     0.04000000     0.02300000     0.00000000
     0.00500000     0.04000000     0.02400000     0.00000000
     0.00500000     0.04100000     0.02400000     0.00000000
     0.00500000     0.04200000     0.02500000     0.00000000
     0.00500000     0.04200000     0.02600000     0.00000000
     0.00500000     0.04300000     0.02600000     0.00000000
     0.00500000     0.04400000     0.02700000     0.00000000
     0.00500000     0.04400000     0.02800000     0.00000000
     0.00500000     0.04500000     0.02800000     0.00000000
     0.00500000     0.04600000     0.02900000     0.00000000
     0.00500000     0.04600000     0.03000000     0.00000000
     0.00500000     0.04700000     0.02900000     0.00000000
     0.00500000     0.04700000     0.03000000     0.00000000
     0.00500000     0.04800000     0.03000000     0.00000000
     0.00600000     0.00100000     0.00800000     0.00000000
     0.00600000     0.00200000     0.00700000     0.00000000
     0.00600000     0.00200000     0.00800000     0.00000000
     0.00600000     0.00300000     0.00600000     0.00000000
     0.00600000     0.00400000     0.00600000     0.00000000
     0.00600000     0.00600000     0.00400000     0.00000000
     0.00600000     0.00700000     0.00400000     0.00000000
     0.00600000     0.00800000     0.00400000     0.00000000
     0.00600000     0.01300000     0.00200000    19.96763518
     0.00600000     0.01400000     0.00200000    19.96756581
     0.00600000     0.01500000     0.00200000    19.96628742
     0.00600000     0.01600000     0.00200000    19.96731483
     0.00600000     0.02200000     0.00400000     0.00000000
     0.00600000     0.02300000     0.00400000     0.00000000
     0.00600000     0.02600000     0.00600000     0.00000000
     0.00600000     0.02800000     0.00700000     0.00000000
     0.00600000     0.02800000     0.00800000     0.00000000
     0.00600000     0.02900000     0.00800000     0.00000000
     0.00600000     0.03000000     0.00900000     0.00000000
     0.00600000     0.03000000     0.01000000     0.00000000
     0.00600000     0.03100000     0.01000000     0.00000000
     0.00600000     0.03200000     0.01100000     0.00000000
     0.00600000     0.03200000     0.01200000     0.00000000
     0.00600000     0.03400000     0.01400000     0.00000000
     0.00600000     0.03400000     0.01500000     0.00000000
     0.00600000     0.03400000     0.01600000     0.00000000
     0.00600000     0.03500000     0.01600000     0.00000000
     0.00600000     0.03600000     0.01800000     0.00000000
     0.00600000     0.03600000     0.01900000     0.00000000
     0.00600000     0.03600000     0.02000000     0.00000000
     0.00600000     0.03700000     0.01900000     0.00000000
     0.00600000     0.03700000     0.02000000     0.00000000
     0.00600000     0.03800000     0.02100000     0.00000000
     0.00600000     0.03800000     0.02200000     0.00000000
     0.00600000     0.03900000     0.02200000     0.00000000
     0.00600000     0.04000000     0.02300000     0.00000000
     0.00600000     0.04000000     0.02400000     0.00000000
     0.00600000     0.04100000     0.02400000     0.00000000
     0.00600000     0.04200000     0.02500000     0.00000000
     0.00600000     0.04200000     0.02600000     0.00000000
     0.00600000     0.04300000     0.02600000     0.00000000
     0.00600000     0.04400000     0.02700000     0.00000000
     0.00600000     0.04400000     0.02800000     0.00000000
     0.00600000     0.04500000     0.02800000     0.00000000
     0.00600000     0.04600000     0.02900000     0.00000000
     0.00600000     0.04600000     0.03000000     0.00000000
     0.00600000     0.04700000     0.02900000     0.00000000
     0.00600000     0.04700000     0.03000000     0.00000000
     0.00600000     0.04800000     0.03000000     0.00000000
     0.00700000     0.00100000     0.00800000     0.00000000
     0.00700000     0.00200000     0.00700000     0.00000000
     0.00700000     0.00200000     0.00800000     0.00000000
     0.00700000     0.00300000     0.00600000     0.00000000
     0.00700000     0.00400000     0.00600000     0.00000000
     0.00700000     0.00600000     0.00400000     0.00000000
     0.00700000     0.00700000     0.00400000     0.00000000
     0.00700000     0.00800000     0.00400000     0.00000000
     0.00700000     0.01300000     0.00200000    19.96778989
     0.00700000     0.01400000     0.00200000    19.96802221
     0.00700000     0.01500000     0.00200000    19.96736181
     0.00700000     0.01600000     0.00200000    19.96817952
     0.00700000     0.02200000     0.00400000     0.00000000
     0.00700000     0.02300000     0.00400000     0.00000000
     0.00700000     0.02600000     0.00600000     0.00000000
     0.00700000     0.02800000     0.00700000     0.00000000
     0.00700000     0.02800000     0.00800000     0.00000000
     0.00700000     0.02900000     0.00800000     0.00000000
     0.00700000     0.03000000     0.00900000     0.00000000
     0.00700000     0.03000000     0.01000000     0.00000000
     0.00700000     0.03100000     0.01000000     0.00000000
     0.00700000     0.03200000     0.01100000     0.00000000
     0.00700000     0.03200000     0.01200000     0.00000000
     0.00700000     0.03400000     0.01400000     0.00000000
     0.00700000     0.03400000     0.01500000     0.00000000
     0.00700000     0.03400000     0.01600000     0.00000000
     0.00700000     0.03500000     0.01600000     0.00000000
     0.00700000     0.03600000     0.01800000     0.00000000
     0.00700000     0.03600000     0.01900000     0.00000000
     0.00700000     0.03600000     0.02000000     0.00000000
     0.00700000     0.03700000     0.01900000     0.00000000
     0.00700000     0.03700000     0.02000000     0.00000000
     0.00700000     0.03800000     0.02100000     0.00000000
     0.00700000     0.03800000     0.02200000     0.00000000
     0.00700000     0.03900000     0.02200000     0.00000000
     0.00700000     0.04000000     0.02300000     0.00000000
     0.00700000     0.04000000     0.02400000     0.00000000
     0.00700000     0.04100000     0.02400000     0.00000000
     0.00700000     0.04200000     0.02500000     0.00000000
     0.00700000     0.04200000     0.02600000     0.00000000
     0.00700000     0.04300000     0.02600000     0.00000000
     0.00700000     0.04400000     0.02700000     0.00000000
     0.00700000     0.04400000     0.02800000     0.00000000
     0.00700000     0.04500000     0.02800000     0.00000000
     0.00700000     0.04600000     0.02900000     0.00000000
     0.00700000     0.04600000     0.03000000     0.00000000
     0.00700000     0.04700000     0.02900000     0.00000000
     0.00700000     0.04700000     0.03000000     0.00000000
     0.00700000     0.04800000     0.03000000     0.00000000
     0.00800000     0.00100000     0.00800000     0.00000000
     0.00800000     0.00200000     0.00700000     0.00000000
     0.00800000     0.00200000     0.00800000     0.00000000
     0.00800000     0.00400000     0.00600000     0.00000000
     0.00800000     0.00600000     0.00400000     0.00000000
     0.00800000     0.00700000     0.00400000     0.00000000
     0.00800000     0.00800000     0.00400000     0.00000000
     0.00800000     0.00900000     0.00300000     0.00000000
     0.00800000     0.00900000     0.00400000     0.00000000
     0.00800000     0.01000000     0.00300000     0.00000000
     0.00800000     0.01000000     0.00400000     0.00000000
     0.00800000     0.02000000     0.00300000     0.00000000
     0.00800000     0.02000000     0.00400000     0.00000000
     0.00800000     0.02100000     0.00300000     0.00000000
     0.00800000     0.02100000     0.00400000     0.00000000
     0.00800000     0.02200000     0.00400000     0.00000000
     0.00800000     0.02300000     0.00400000     0.00000000
     0.00800000     0.02400000     0.00500000     0.00000000
     0.00800000     0.02400000     0.00600000     0.00000000
     0.00800000     0.02500000     0.00500000     0.00000000
     0.00800000     0.02500000     0.00600000     0.00000000
     0.00800000     0.02600000     0.00600000     0.00000000
     0.00800000     0.02800000     0.00800000     0.00000000
     0.00800000     0.02900000     0.00800000     0.00000000
     0.00800000     0.03000000     0.00900000     0.00000000
     0.00800000     0.03000000     0.01000000     0.00000000
     0.00800000     0.03100000     0.01000000     0.00000000
     0.00800000     0.03200000     0.01100000     0.00000000
     0.00800000     0.03200000     0.01200000     0.00000000
     0.00800000     0.03400000     0.01500000     0.00000000
     0.00800000     0.03400000     0.01600000     0.00000000
     0.00800000     0.03500000     0.01600000     0.00000000
     0.00800000     0.03600000     0.01800000     0.00000000
     0.00800000     0.03800000     0.02100000     0.00000000
     0.00800000     0.03800000     0.02200000     0.00000000
     0.00800000     0.04000000     0.02400000     0.00000000
     0.00800000     0.04200000     0.02500000     0.00000000
     0.00800000     0.04200000     0.02600000     0.00000000
     0.00800000     0.04300000     0.02600000     0.00000000
     0.00800000     0.04400000     0.02700000     0.00000000
     0.00800000     0.04400000     0.02800000     0.00000000
     0.00800000     0.04500000     0.02800000     0.00000000
     0.00900000     0.00200000     0.00800000     0.00000000
     0.00900000     0.00400000     0.00600000     0.00000000
     0.00900000     0.00500000     0.00500000     0.00000000
     0.00900000     0.00500000     0.00600000     0.00000000
     0.00900000     0.00600000     0.00500000     0.00000000
     0.00900000     0.00600000     0.00600000     0.00000000
     0.00900000     0.00700000     0.00400000     0.00000000
     0.00900000     0.00800000     0.00400000     0.00000000
     0.00900000     0.00900000     0.00400000     0.00000000
     0.00900000     0.01000000     0.00300000     0.00000000
     0.00900000     0.01000000     0.00400000     0.00000000
     0.00900000     0.01100000     0.00300000     0.00000000
     0.00900000     0.01100000     0.00400000     0.00000000
     0.00900000     0.01200000     0.00300000     0.00000000
     0.00900000     0.01200000     0.00400000     0.00000000
     0.00900000     0.01800000     0.00300000     0.00000000
     0.00900000     0.01800000     0.00400000     0.00000000
     0.00900000     0.01900000     0.00300000     0.00000000
     0.00900000     0.01900000     0.00400000     0.00000000
     0.00900000     0.02000000     0.00300000     0.00000000
     0.00900000     0.02000000     0.00400000     0.00000000
     0.00900000     0.02100000     0.00400000     0.00000000
     0.00900000     0.02200000     0.00400000     0.00000000
     0.00900000     0.02300000     0.00400000     0.00000000
     0.00900000     0.02400000     0.00500000     0.00000000
     0.00900000     0.02400000     0.00600000     0.00000000
     0.00900000     0.02500000     0.00600000     0.00000000
     0.00900000     0.02600000     0.00600000     0.00000000
     0.00900000     0.02600000     0.00700000     0.00000000
     0.00900000     0.02600000     0.00800000     0.00000000
     0.00900000     0.02700000     0.00700000     0.00000000
     0.00900000     0.02700000     0.00800000     0.00000000
     0.00900000     0.02800000     0.00800000     0.00000000
     0.00900000     0.03000000     0.01000000     0.00000000
     0.00900000     0.03200000     0.01200000     0.00000000
     0.01000000     0.00200000     0.00800000     0.00000000
     0.01000000     0.00300000     0.00700000     0.00000000
     0.01000000     0.00300000     0.00800000     0.00000000
     0.01000000     0.00400000     0.00700000     0.00000000
     0.01000000     0.00400000     0.00800000     0.00000000
     0.01000000     0.00500000     0.00600000     0.00000000
     0.01000000     0.00600000     0.00500000     0.00000000
     0.01000000     0.00600000     0.00600000     0.00000000
     0.01000000     0.00700000     0.00500000     0.00000000
     0.01000000     0.00700000     0.00600000     0.00000000
     0.01000000     0.00800000     0.00400000     0.00000000
     0.01000000     0.00800000     0.00500000     0.00000000
     0.01000000     0.00800000     0.00600000     0.00000000
     0.01000000     0.00900000     0.00400000     0.00000000
     0.01000000     0.01000000     0.00400000     0.00000000
     0.01000000     0.01100000     0.00400000     0.00000000
     0.01000000     0.01200000     0.00300000     0.00000000
     0.01000000     0.01200000     0.00400000     0.00000000
     0.01000000     0.01300000     0.00300000     0.00000000
     0.01000000     0.01300000     0.00400000     0.00000000
     0.01000000     0.01400000     0.00300000     0.00000000
     0.01000000     0.01400000     0.00400000     0.00000000
     0.01000000     0.01500000     0.00300000     0.00000000
     0.01000000     0.01500000     0.00400000     0.00000000
     0.01000000     0.01600000     0.00300000     0.00000000
     0.01000000     0.01600000     0.00400000     0.00000000
     0.01000000     0.01700000     0.00300000     0.00000000
     0.01000000     0.01700000     0.00400000     0.00000000
     0.01000000     0.01800000     0.00300000     0.00000000
     0.01000000     0.01800000     0.00400000     0.00000000
     0.01000000     0.01900000     0.00400000     0.00000000
     0.01000000     0.02000000     0.00400000     0.00000000
     0.01000000     0.02100000     0.00400000     0.00000000
     0.01000000     0.02200000     0.00400000     0.00000000
     0.01000000     0.02200000     0.00500000     0.00000000
     0.01000000     0.02200000     0.00600000     0.00000000
     0.01000000     0.02300000     0.00500000     0.00000000
     0.01000000     0.02300000     0.00600000     0.00000000
     0.01000000     0.02400000     0.00500000     0.00000000
     0.01000000     0.02400000     0.00600000     0.00000000
     0.01000000     0.02500000     0.00600000     0.00000000
     0.01000000     0.02600000     0.00700000     0.00000000
     0.01000000     0.02600000     0.00800000     0.00000000
     0.01000000     0.02700000     0.00800000     0.00000000
     0.01000000     0.03000000     0.01000000     0.00000000
     0.01100000     0.00300000     0.00800000     0.00000000
     0.01100000     0.00400000     0.00800000     0.00000000
     0.01100000     0.00600000     0.00600000     0.00000000
     0.01100000     0.00700000     0.00600000     0.00000000
     0.01100000     0.00800000     0.00500000     0.00000000
     0.01100000     0.00800000     0.00600000     0.00000000
     0.01100000     0.01000000     0.00400000     0.00000000
     0.01100000     0.01100000     0.00400000     0.00000000
     0.01100000     0.01200000     0.00400000     0.00000000
     0.01100000     0.01300000     0.00400000     0.00000000
     0.01100000     0.01400000     0.00400000     0.00000000
     0.01100000     0.01500000     0.00400000     0.00000000
     0.01100000     0.01600000     0.00400000     0.00000000
     0.01100000     0.01700000     0.00400000     0.00000000
     0.01100000     0.01800000     0.00400000     0.00000000
     0.01100000     0.01900000     0.00400000     0.00000000
     0.01100000     0.02200000     0.00500000     0.00000000
     0.01100000     0.02200000     0.00600000     0.00000000
     0.01100000     0.02300000     0.00600000     0.00000000
     0.01100000     0.02400000     0.00600000     0.00000000
     0.01100000     0.02600000     0.00800000     0.00000000
     0.01200000     0.00800000     0.00600000     0.00000000
     0.00000000     0.00200000     0.01100000     0.00000000
     0.00000000     0.00300000     0.01000000     0.00000000
     0.00000000     0.00300000     0.01100000     0.00000000
     0.00000000     0.00400000     0.00900000     0.00000000
     0.00000000     0.00400000     0.01000000     0.00000000
     0.00000000     0.00500000     0.00800000     0.00000000
     0.00000000     0.00500000     0.00900000     0.00000000
     0.00000000     0.00600000     0.00800000     0.00000000
     0.00000000     0.00700000     0.00700000     0.00000000
     0.00000000     0.00700000     0.00800000     0.00000000
     0.00000000     0.00800000     0.00600000     0.00000000
     0.00000000     0.00800000     0.00700000     0.00000000
     0.00000000     0.00900000     0.00600000     0.00000000
     0.00000000     0.01000000     0.00600000     0.00000000
     0.00000000     0.01100000     0.00500000     0.00000000
     0.00000000     0.01100000     0.00600000     0.00000000
     0.00000000     0.01200000     0.00500000     0.00000000
     0.00000000     0.01300000     0.00500000     0.00000000
     0.00000000     0.01400000     0.00500000     0.00000000
     0.00000000     0.01500000     0.00500000     0.00000000
     0.00000000     0.01600000     0.00500000     0.00000000
     0.00000000     0.01700000     0.00500000     0.00000000
     0.00000000     0.01800000     0.00500000     0.00000000
     0.00000000     0.01800000     0.00600000     0.00000000
     0.00000000     0.01900000     0.00500000     0.00000000
     0.00000000     0.01900000     0.00600000     0.00000000
     0.00000000     0.02000000     0.00600000     0.00000000
     0.00000000     0.02100000     0.00600000     0.00000000
     0.00000000     0.02100000     0.00700000     0.00000000
     0.00000000     0.02200000     0.00700000     0.00000000
     0.00000000     0.02200000     0.00800000     0.00000000
     0.00000000     0.02300000     0.00700000     0.00000000
     0.00000000     0.02300000     0.00800000     0.00000000
     0.00000000     0.02400000     0.00800000     0.00000000
     0.00000000     0.02500000     0.00800000     0.00000000
     0.00000000     0.02500000     0.00900000     0.00000000
     0.00000000     0.02500000     0.01000000     0.00000000
     0.00000000     0.02600000     0.00900000     0.00000000
     0.00000000     0.02600000     0.01000000     0.00000000
     0.00000000     0.02700000     0.01000000     0.00000000
     0.00000000     0.02700000     0.01100000     0.00000000
     0.00000000     0.02700000     0.01200000     0.00000000
     0.00000000     0.02800000     0.01100000     0.00000000
     0.00000000     0.02800000     0.01200000     0.00000000
     0.00000000     0.02900000     0.01200000     0.00000000
     0.00100000     0.00100000     0.01000000     0.00000000
     0.00100000     0.00200000     0.00900000     0.00000000
     0.00100000     0.00200000     0.01000000     0.00000000
     0.00100000     0.00200000     0.01100000     0.00000000
     0.00100000     0.00300000     0.00800000     0.00000000
     0.00100000     0.00300000     0.00900000     0.00000000
     0.00100000     0.00300000     0.01000000     0.00000000
     0.00100000     0.00300000     0.01100000     0.00000000
     0.00100000     0.00400000     0.00800000     0.00000000
     0.00100000     0.00400000     0.00900000     0.00000000
     0.00100000     0.00400000     0.01000000     0.00000000
     0.00100000     0.00500000     0.00700000     0.00000000
     0.00100000     0.00500000     0.00800000     0.00000000
     0.00100000     0.00500000     0.00900000     0.00000000
     0.00100000     0.00600000     0.00600000     0.00000000
     0.00100000     0.00600000     0.00700000     0.00000000
     0.00100000     0.00600000     0.00800000     0.00000000
     0.00100000     0.00700000     0.00600000     0.00000000
     0.00100000     0.00700000     0.00700000     0.00000000
     0.00100000     0.00700000     0.00800000     0.00000000
     0.00100000     0.00800000     0.00500000     0.00000000
     0.00100000     0.00800000     0.00600000     0.00000000
     0.00100000     0.00800000     0.00700000     0.00000000
     0.00100000     0.00900000     0.00500000     0.00000000
     0.00100000     0.00900000     0.00600000     0.00000000
     0.00100000     0.01000000     0.00400000     0.00000000
     0.00100000     0.01000000     0.00500000     0.00000000
     0.00100000     0.01000000     0.00600000     0.00000000
     0.00100000     0.01100000     0.00400000     0.00000000
     0.00100000     0.01100000     0.00500000     0.00000000
     0.00100000     0.01100000     0.00600000     0.00000000
     0.00100000     0.01200000     0.00400000     0.00000000
     0.00100000     0.01200000     0.00500000     0.00000000
     0.00100000     0.01300000     0.00400000     0.00000000
     0.00100000     0.01300000     0.00500000     0.00000000
     0.00100000     0.01400000     0.00400000     0.00000000
     0.00100000     0.01400000     0.00500000     0.00000000
     0.00100000     0.01500000     0.00400000     0.00000000
     0.00100000     0.01500000     0.00500000     0.00000000
     0.00100000     0.01600000     0.00400000     0.00000000
     0.00100000     0.01600000     0.00500000     0.00000000
     0.00100000     0.01700000     0.00400000     0.00000000
     0.00100000     0.01700000     0.00500000     0.00000000
     0.00100000     0.01800000     0.00400000     0.00000000
     0.00100000     0.01800000     0.00500000     0.00000000
     0.00100000     0.01800000     0.00600000     0.00000000
     0.00100000     0.01900000     0.00400000     0.00000000
     0.00100000     0.01900000     0.00500000     0.00000000
     0.00100000     0.01900000     0.00600000     0.00000000
     0.00100000     0.02000000     0.00500000     0.00000000
     0.00100000     0.02000000     0.00600000     0.00000000
     0.00100000     0.02100000     0.00500000     0.00000000
     0.00100000     0.02100000     0.00600000     0.00000000
     0.00100000     0.02100000     0.00700000     0.00000000
     0.00100000     0.02200000     0.00500000     0.00000000
     0.00100000     0.02200000     0.00600000     0.00000000
     0.00100000     0.02200000     0.00700000     0.00000000
     0.00100000     0.02200000     0.00800000     0.00000000
     0.00100000     0.02300000     0.00600000     0.00000000
     0.00100000     0.02300000     0.00700000     0.00000000
     0.00100000     0.02300000     0.00800000     0.00000000
     0.00100000     0.02400000     0.00600000     0.00000000
     0.00100000     0.02400000     0.00700000     0.00000000
     0.00100000     0.02400000     0.00800000     0.00000000
     0.00100000     0.02500000     0.00700000     0.00000000
     0.00100000     0.02500000     0.00800000     0.00000000
     0.00100000     0.02500000     0.00900000     0.00000000
     0.00100000     0.02500000     0.01000000     0.00000000
     0.00100000     0.02600000     0.00800000     0.00000000
     0.00100000     0.02600000     0.00900000     0.00000000
     0.00100000     0.02600000     0.01000000     0.00000000
     0.00100000     0.02700000     0.00900000     0.00000000
     0.00100000     0.02700000     0.01000000     0.00000000
     0.00100000     0.02700000     0.01100000     0.00000000
     0.00100000     0.02700000     0.01200000     0.00000000
     0.00100000     0.02800000     0.00900000     0.00000000
     0.00100000     0.02800000     0.01000000     0.00000000
     0.00100000     0.02800000     0.01100000     0.00000000
     0.00100000     0.02800000     0.01200000     0.00000000
     0.00100000     0.02900000     0.01000000     0.00000000
     0.00100000     0.02900000     0.01100000     0.00000000
     0.00100000     0.02900000     0.01200000     0.00000000
     0.00100000     0.03000000     0.01100000     0.00000000
     0.00100000     0.03000000     0.01200000     0.00000000
     0.00100000     0.03100000     0.01200000     0.00000000
     0.00200000     0.00000000     0.01000000     0.00000000
     0.00200000     0.00100000     0.00900000     0.00000000
     0.00200000     0.00100000     0.01000000     0.00000000
     0.00200000     0.00200000     0.00800000     0.00000000
     0.00200000     0.00200000     0.00900000     0.00000000
     0.00200000     0.00200000     0.01000000     0.00000000
     0.00200000     0.00300000     0.00700000     0.00000000
     0.00200000     0.00300000     0.00800000     0.00000000
     0.00200000     0.00300000     0.00900000     0.00000000
     0.00200000     0.00400000     0.00700000     0.00000000
     0.00200000     0.00400000     0.00800000     0.00000000
     0.00200000     0.00500000     0.00600000     0.00000000
     0.00200000     0.00500000     0.00700000     0.00000000
     0.00200000     0.00500000     0.00800000     0.00000000
     0.00200000     0.00600000     0.00500000     0.00000000
     0.00200000     0.00600000     0.00600000     0.00000000
     0.00200000     0.00600000     0.00700000     0.00000000
     0.00200000     0.00700000     0.00500000     0.00000000
     0.00200000     0.00800000     0.00400000     0.00000000
     0.00200000     0.00800000     0.00500000     0.00000000
     0.00200000     0.00900000     0.00400000     0.00000000
     0.00200000     0.00900000     0.00500000     0.00000000
     0.00200000     0.01000000     0.00400000     0.00000000
     0.00200000     0.01000000     0.00500000     0.00000000
     0.00200000     0.01100000     0.00400000     0.00000000
     0.00200000     0.01200000     0.00300000     0.00000000
     0.00200000     0.01200000     0.00400000     0.00000000
     0.00200000     0.01300000     0.00300000     0.00000000
     0.00200000     0.01400000     0.00300000     0.00000000
     0.00200000     0.01500000     0.00300000     0.00000000
     0.00200000     0.01600000     0.00300000     0.00000000
     0.00200000     0.01700000     0.00300000     0.00000000
     0.00200000     0.01700000     0.00400000     0.00000000
     0.00200000     0.01800000     0.00300000     0.00000000
     0.00200000     0.01800000     0.00400000     0.00000000
     0.00200000     0.01900000     0.00400000     0.00000000
     0.00200000     0.01900000     0.00500000     0.00000000
     0.00200000     0.02000000     0.00400000     0.00000000
     0.00200000     0.02000000     0.00500000     0.00000000
     0.00200000     0.02100000     0.00400000     0.00000000
     0.00200000     0.02100000     0.00500000     0.00000000
     0.00200000     0.02100000     0.00600000     0.00000000
     0.00200000     0.02200000     0.00400000     0.00000000
     0.00200000     0.02200000     0.00500000     0.00000000
     0.00200000     0.02200000     0.00600000     0.00000000
     0.00200000     0.02300000     0.00500000     0.00000000
     0.00200000     0.02300000     0.00600000     0.00000000
     0.00200000     0.02400000     0.00500000     0.00000000
     0.00200000     0.02400000     0.00600000     0.00000000
     0.00200000     0.02400000     0.00700000     0.00000000
     0.00200000     0.02400000     0.00800000     0.00000000
     0.00200000     0.02500000     0.00600000     0.00000000
     0.00200000     0.02500000     0.00700000     0.00000000
     0.00200000     0.02500000     0.00800000     0.00000000
     0.00200000     0.02600000     0.00700000     0.00000000
     0.00200000     0.02600000     0.00800000     0.00000000
     0.00200000     0.02600000     0.00900000     0.00000000
     0.00200000     0.02700000     0.00800000     0.00000000
     0.00200000     0.02700000     0.00900000     0.00000000
     0.00200000     0.02700000     0.01000000     0.00000000
     0.00200000     0.02800000     0.00900000     0.00000000
     0.00200000     0.02800000     0.01000000     0.00000000
     0.00200000     0.02900000     0.00900000     0.00000000
     0.00200000     0.02900000     0.01000000     0.00000000
     0.00200000     0.02900000     0.01100000     0.00000000
     0.00200000     0.02900000     0.01200000     0.00000000
     0.00200000     0.03000000     0.01000000     0.00000000
     0.00200000     0.03000000     0.01100000     0.00000000
     0.00200000     0.03000000     0.01200000     0.00000000
     0.00200000     0.03100000     0.01100000     0.00000000
     0.00200000     0.03100000     0.01200000     0.00000000
     0.00200000     0.03100000     0.01300000     0.00000000
     0.00200000     0.03100000     0.01400000     0.00000000
     0.00200000     0.03200000     0.01300000     0.00000000
     0.00200000     0.03200000     0.01400000     0.00000000
     0.00200000     0.03200000     0.01500000     0.00000000
     0.00200000     0.03300000     0.01500000     0.00000000
     0.00300000     0.00000000     0.00900000     0.00000000
     0.00300000     0.00000000     0.01000000     0.00000000
     0.00300000     0.00100000     0.00900000     0.00000000
     0.00300000     0.00100000     0.01000000     0.00000000
     0.00300000     0.00200000     0.00800000     0.00000000
     0.00300000     0.00200000     0.00900000     0.00000000
     0.00300000     0.00300000     0.00700000     0.00000000
     0.00300000     0.00300000     0.00800000     0.00000000
     0.00300000     0.00400000     0.00600000     0.00000000
     0.00300000     0.00400000     0.00700000     0.00000000
     0.00300000     0.00500000     0.00500000     0.00000000
     0.00300000     0.00500000     0.00600000     0.00000000
     0.00300000     0.00500000     0.00700000     0.00000000
     0.00300000     0.00600000     0.00500000     0.00000000
     0.00300000     0.00600000     0.00600000     0.00000000
     0.00300000     0.00700000     0.00400000     0.00000000
     0.00300000     0.00700000     0.00500000     0.00000000
     0.00300000     0.00800000     0.00400000     0.00000000
     0.00300000     0.00800000     0.00500000     0.00000000
     0.00300000     0.01000000     0.00300000     0.00000000
     0.00300000     0.01000000     0.00400000     0.00000000
     0.00300000     0.01100000     0.00300000     0.00000000
     0.00300000     0.01100000     0.00400000     0.00000000
     0.00300000     0.01200000     0.00300000     0.00000000
     0.00300000     0.01200000     0.00400000     0.00000000
     0.00300000     0.01300000     0.00300000     0.00000000
     0.00300000     0.01400000     0.00300000     0.00000000
     0.00300000     0.01500000     0.00300000     0.00000000
     0.00300000     0.01600000     0.00300000     0.00000000
     0.00300000     0.01700000     0.00300000     0.00000000
     0.00300000     0.01700000     0.00400000     0.00000000
     0.00300000     0.01800000     0.00300000     0.00000000
     0.00300000     0.01800000     0.00400000     0.00000000
     0.00300000     0.01900000     0.00300000     0.00000000
     0.00300000     0.01900000     0.00400000     0.00000000
     0.00300000     0.02000000     0.00300000     0.00000000
     0.00300000     0.02000000     0.00400000     0.00000000
     0.00300000     0.02200000     0.00400000     0.00000000
     0.00300000     0.02200000     0.00500000     0.00000000
     0.00300000     0.02300000     0.00400000     0.00000000
     0.00300000     0.02300000     0.00500000     0.00000000
     0.00300000     0.02300000     0.00600000     0.00000000
     0.00300000     0.02400000     0.00500000     0.00000000
     0.00300000     0.02400000     0.00600000     0.00000000
     0.00300000     0.02500000     0.00600000     0.00000000
     0.00300000     0.02500000     0.00700000     0.00000000
     0.00300000     0.02500000     0.00800000     0.00000000
     0.00300000     0.02600000     0.00600000     0.00000000
     0.00300000     0.02600000     0.00700000     0.00000000
     0.00300000     0.02600000     0.00800000     0.00000000
     0.00300000     0.02700000     0.00700000     0.00000000
     0.00300000     0.02700000     0.00800000     0.00000000
     0.00300000     0.02700000     0.00900000     0.00000000
     0.00300000     0.02800000     0.00800000     0.00000000
     0.00300000     0.02800000     0.00900000     0.00000000
     0.00300000     0.02800000     0.01000000     0.00000000
     0.00300000     0.02900000     0.00900000     0.00000000
     0.00300000     0.02900000     0.01000000     0.00000000
     0.00300000     0.03000000     0.01000000     0.00000000
     0.00300000     0.03000000     0.01100000     0.00000000
     0.00300000     0.03000000     0.01200000     0.00000000
     0.00300000     0.03100000     0.01100000     0.00000000
     0.00300000     0.03100000     0.01200000     0.00000000
     0.00300000     0.03100000     0.01300000     0.00000000
     0.00300000     0.03100000     0.01400000     0.00000000
     0.00300000     0.03200000     0.01200000     0.00000000
     0.00300000     0.03200000     0.01300000     0.00000000
     0.00300000     0.03200000     0.01400000     0.00000000
     0.00300000     0.03200000     0.01500000     0.00000000
     0.00300000     0.03300000     0.01300000     0.00000000
     0.00300000     0.03300000     0.01400000     0.00000000
     0.00300000     0.03300000     0.01500000     0.00000000
     0.00300000     0.03300000     0.01600000     0.00000000
     0.00300000     0.03400000     0.01500000     0.00000000
     0.00300000     0.03400000     0.01600000     0.00000000
     0.00300000     0.03400000     0.01700000     0.00000000
     0.00300000     0.03500000     0.01700000     0.00000000
     0.00400000     0.00000000     0.00900000     0.00000000
     0.00400000     0.00100000     0.00800000     0.00000000
     0.00400000     0.00100000     0.00900000     0.00000000
     0.00400000     0.00200000     0.00700000     0.00000000
     0.00400000     0.00200000     0.00800000     0.00000000
     0.00400000     0.00200000     0.00900000     0.00000000
     0.00400000     0.00300000     0.00700000     0.00000000
     0.00400000     0.00300000     0.00800000     0.00000000
     0.00400000     0.00400000     0.00600000     0.00000000
     0.00400000     0.00400000     0.00700000     0.00000000
     0.00400000     0.00500000     0.00500000     0.00000000
     0.00400000     0.00500000     0.00600000     0.00000000
     0.00400000     0.00600000     0.00400000     0.00000000
     0.00400000     0.00600000     0.00500000     0.00000000
     0.00400000     0.00700000     0.00400000     0.00000000
     0.00400000     0.00700000     0.00500000     0.00000000
     0.00400000     0.00800000     0.00400000     0.00000000
     0.00400000     0.00900000     0.00300000     0.00000000
     0.00400000     0.00900000     0.00400000     0.00000000
     0.00400000     0.01000000     0.00300000     0.00000000
     0.00400000     0.01100000     0.00300000     0.00000000
     0.00400000     0.01200000     0.00300000     0.00000000
     0.00400000     0.01300000     0.00300000     0.00000000
     0.00400000     0.01400000     0.00300000     0.00000000
     0.00400000     0.01500000     0.00300000     0.00000000
     0.00400000     0.01600000     0.00300000     0.00000000
     0.00400000     0.01700000     0.00300000     0.00000000
     0.00400000     0.01800000     0.00300000     0.00000000
     0.00400000     0.01900000     0.00300000     0.00000000
     0.00400000     0.01900000     0.00400000     0.00000000
     0.00400000     0.02000000     0.00300000     0.00000000
     0.00400000     0.02000000     0.00400000     0.00000000
     0.00400000     0.02100000     0.00300000     0.00000000
     0.00400000     0.02100000     0.00400000     0.00000000
     0.00400000     0.02200000     0.00400000     0.00000000
     0.00400000     0.02300000     0.00400000     0.00000000
     0.00400000     0.02300000     0.00500000     0.00000000
     0.00400000     0.02300000     0.00600000     0.00000000
     0.00400000     0.02400000     0.00500000     0.00000000
     0.00400000     0.02400000     0.00600000     0.00000000
     0.00400000     0.02500000     0.00500000     0.00000000
     0.00400000     0.02500000     0.00600000     0.00000000
     0.00400000     0.02600000     0.00600000     0.00000000
     0.00400000     0.02600000     0.00700000     0.00000000
     0.00400000     0.02600000     0.00800000     0.00000000
     0.00400000     0.02700000     0.00700000     0.00000000
     0.00400000     0.02700000     0.00800000     0.00000000
     0.00400000     0.02800000     0.00800000     0.00000000
     0.00400000     0.02800000     0.00900000     0.00000000
     0.00400000     0.02800000     0.01000000     0.00000000
     0.00400000     0.02900000     0.00800000     0.00000000
     0.00400000     0.02900000     0.00900000     0.00000000
     0.00400000     0.02900000     0.01000000     0.00000000
     0.00400000     0.03000000     0.00900000     0.00000000
     0.00400000     0.03000000     0.01000000     0.00000000
     0.00400000     0.03000000     0.01100000     0.00000000
     0.00400000     0.03000000     0.01200000     0.00000000
     0.00400000     0.03100000     0.01000000     0.00000000
     0.00400000     0.03100000     0.01100000     0.00000000
     0.00400000     0.03100000     0.01200000     0.00000000
     0.00400000     0.03200000     0.01100000     0.00000000
     0.00400000     0.03200000     0.01200000     0.00000000
     0.00400000     0.03200000     0.01300000     0.00000000
     0.00400000     0.03200000     0.01400000     0.00000000
     0.00400000     0.03300000     0.01300000     0.00000000
     0.00400000     0.03300000     0.01400000     0.00000000
     0.00400000     0.03300000     0.01500000     0.00000000
     0.00400000     0.03300000     0.01600000     0.00000000
     0.00400000     0.03400000     0.01500000     0.00000000
     0.00400000     0.03400000     0.01600000     0.00000000
     0.00400000     0.03400000     0.01700000     0.00000000
     0.00400000     0.03500000     0.01600000     0.00000000
     0.00400000     0.03500000     0.01700000     0.00000000
     0.00400000     0.03500000     0.01800000     0.00000000
     0.00400000     0.03600000     0.01800000     0.00000000
     0.00400000     0.03600000     0.01900000     0.00000000
     0.00400000     0.03600000     0.02000000     0.00000000
     0.00400000     0.03700000     0.02000000     0.00000000
     0.00400000     0.03700000     0.02100000     0.00000000
     0.00400000     0.03700000     0.02200000     0.00000000
     0.00400000     0.03800000     0.02100000     0.00000000
     0.00400000     0.03800000     0.02200000     0.00000000
     0.00400000     0.03800000     0.02300000     0.00000000
     0.00400000     0.03800000     0.02400000     0.00000000
     0.00400000     0.03900000     0.02300000     0.00000000
     0.00400000     0.03900000     0.02400000     0.00000000
     0.00400000     0.04000000     0.02400000     0.00000000
     0.00400000     0.04000000     0.02500000     0.00000000
     0.00400000     0.04100000     0.02500000     0.00000000
     0.00400000     0.04100000     0.02600000     0.00000000
     0.00400000     0.04200000     0.02500000     0.00000000
     0.00400000     0.04200000     0.02600000     0.00000000
     0.00400000     0.04300000     0.02600000     0.00000000
     0.00400000     0.04300000     0.02700000     0.00000000
     0.00400000     0.04300000     0.02800000     0.00000000
     0.00400000     0.04400000     0.02700000     0.00000000
     0.00400000     0.04400000     0.02800000     0.00000000
     0.00400000     0.04500000     0.02800000     0.00000000
     0.00400000     0.04500000     0.02900000     0.00000000
     0.00400000     0.04500000     0.03000000     0.00000000
     0.00400000     0.04600000     0.02900000     0.00000000
     0.00400000     0.04600000     0.03000000     0.00000000
     0.00400000     0.04700000     0.03000000     0.00000000
     0.00400000     0.04700000     0.03100000     0.00000000
     0.00400000     0.04800000     0.03100000     0.00000000
     0.00500000     0.00000000     0.00900000     0.00000000
     0.00500000     0.00100000     0.00800000     0.00000000
     0.00500000     0.00100000     0.00900000     0.00000000
     0.00500000     0.00200000     0.00700000     0.00000000
     0.00500000     0.00300000     0.00600000     0.00000000
     0.00500000     0.00300000     0.00700000     0.00000000
     0.00500000     0.00400000     0.00600000     0.00000000
     0.00500000     0.00400000     0.00700000     0.00000000
     0.00500000     0.00500000     0.00500000     0.00000000
     0.00500000     0.00500000     0.00600000     0.00000000
     0.00500000     0.00600000     0.00400000     0.00000000
     0.00500000     0.00600000     0.00500000     0.00000000
     0.00500000     0.00800000     0.00400000     0.00000000
     0.00500000     0.00900000     0.00300000     0.00000000
     0.00500000     0.00900000     0.00400000     0.00000000
     0.00500000     0.01000000     0.00300000     0.00000000
     0.00500000     0.01100000     0.00300000     0.00000000
     0.00500000     0.01200000     0.00300000     0.00000000
     0.00500000     0.01300000     0.00200000    19.96778449
     0.00500000     0.01300000     0.00300000     0.00000000
     0.00500000     0.01400000     0.00200000    19.96800933
     0.00500000     0.01400000     0.00300000     0.00000000
     0.00500000     0.01500000     0.00200000    19.96730943
     0.00500000     0.01500000     0.00300000     0.00000000
     0.00500000     0.01600000     0.00200000    19.96815500
     0.00500000     0.01600000     0.00300000     0.00000000
     0.00500000     0.01700000     0.00300000     0.00000000
     0.00500000     0.01800000     0.00300000     0.00000000
     0.00500000     0.01900000     0.00300000     0.00000000
     0.00500000     0.02000000     0.00300000     0.00000000
     0.00500000     0.02000000     0.00400000     0.00000000
     0.00500000     0.02100000     0.00300000     0.00000000
     0.00500000     0.02100000     0.00400000     0.00000000
     0.00500000     0.02200000     0.00400000     0.00000000
     0.00500000     0.02300000     0.00400000     0.00000000
     0.00500000     0.02300000     0.00500000     0.00000000
     0.00500000     0.02400000     0.00500000     0.00000000
     0.00500000     0.02400000     0.00600000     0.00000000
     0.00500000     0.02500000     0.00500000     0.00000000
     0.00500000     0.02500000     0.00600000     0.00000000
     0.00500000     0.02600000     0.00600000     0.00000000
     0.00500000     0.02600000     0.00700000     0.00000000
     0.00500000     0.02600000     0.00800000     0.00000000
     0.00500000     0.02700000     0.00700000     0.00000000
     0.00500000     0.02700000     0.00800000     0.00000000
     0.00500000     0.02800000     0.00700000     0.00000000
     0.00500000     0.02800000     0.00800000     0.00000000
     0.00500000     0.02900000     0.00800000     0.00000000
     0.00500000     0.02900000     0.00900000     0.00000000
     0.00500000     0.02900000     0.01000000     0.00000000
     0.00500000     0.03000000     0.00900000     0.00000000
     0.00500000     0.03000000     0.01000000     0.00000000
     0.00500000     0.03100000     0.01000000     0.00000000
     0.00500000     0.03100000     0.01100000     0.00000000
     0.00500000     0.03100000     0.01200000     0.00000000
     0.00500000     0.03200000     0.01100000     0.00000000
     0.00500000     0.03200000     0.01200000     0.00000000
     0.00500000     0.03200000     0.01300000     0.00000000
     0.00500000     0.03200000     0.01400000     0.00000000
     0.00500000     0.03300000     0.01300000     0.00000000
     0.00500000     0.03300000     0.01400000     0.00000000
     0.00500000     0.03300000     0.01500000     0.00000000
     0.00500000     0.03300000     0.01600000     0.00000000
     0.00500000     0.03400000     0.01400000     0.00000000
     0.00500000     0.03400000     0.01500000     0.00000000
     0.00500000     0.03400000     0.01600000     0.00000000
     0.00500000     0.03500000     0.01600000     0.00000000
     0.00500000     0.03500000     0.01700000     0.00000000
     0.00500000     0.03500000     0.01800000     0.00000000
     0.00500000     0.03600000     0.01800000     0.00000000
     0.00500000     0.03600000     0.01900000     0.00000000
     0.00500000     0.03600000     0.02000000     0.00000000
     0.00500000     0.03700000     0.01900000     0.00000000
     0.00500000     0.03700000     0.02000000     0.00000000
     0.00500000     0.03700000     0.02100000     0.00000000
     0.00500000     0.03700000     0.02200000     0.00000000
     0.00500000     0.03800000     0.02100000     0.00000000
     0.00500000     0.03800000     0.02200000     0.00000000
     0.00500000     0.03800000     0.02300000     0.00000000
     0.00500000     0.03800000     0.02400000     0.00000000
     0.00500000     0.03900000     0.02200000     0.00000000
     0.00500000     0.03900000     0.02300000     0.00000000
     0.00500000     0.03900000     0.02400000     0.00000000
     0.00500000     0.04000000     0.02300000     0.00000000
     0.00500000     0.04000000     0.02400000     0.00000000
     0.00500000     0.04000000     0.02500000     0.00000000
     0.00500000     0.04100000     0.02400000     0.00000000
     0.00500000     0.04100000     0.02500000     0.00000000
     0.00500000     0.04100000     0.02600000     0.00000000
     0.00500000     0.04200000     0.02500000     0.00000000
     0.00500000     0.04200000     0.02600000     0.00000000
     0.00500000     0.04300000     0.02600000     0.00000000
     0.00500000     0.04300000     0.02700000     0.00000000
     0.00500000     0.04300000     0.02800000     0.00000000
     0.00500000     0.04400000     0.02700000     0.00000000
     0.00500000     0.04400000     0.02800000     0.00000000
     0.00500000     0.04500000     0.02800000     0.00000000
     0.00500000     0.04500000     0.02900000     0.00000000
     0.00500000     0.04500000     0.03000000     0.00000000
     0.00500000     0.04600000     0.02900000     0.00000000
     0.00500000     0.04600000     0.03000000     0.00000000
     0.00500000     0.04700000     0.02900000     0.00000000
     0.00500000     0.04700000     0.03000000     0.00000000
     0.00500000     0.04700000     0.03100000     0.00000000
     0.00500000     0.04800000     0.03000000     0.00000000
     0.00500000     0.04800000     0.03100000     0.00000000
     0.00600000     0.00000000     0.00900000     0.00000000
     0.00600000     0.00100000     0.00800000     0.00000000
     0.00600000     0.00100000     0.00900000     0.00000000
     0.00600000     0.00200000     0.00700000     0.00000000
     0.00600000     0.00300000     0.00600000     0.00000000
     0.00600000     0.00300000     0.00700000     0.00000000
     0.00600000     0.00400000     0.00600000     0.00000000
     0.00600000     0.00500000     0.00500000     0.00000000
     0.00600000     0.00500000     0.00600000     0.00000000
     0.00600000     0.00600000     0.00400000     0.00000000
     0.00600000     0.00600000     0.00500000     0.00000000
     0.00600000     0.00800000     0.00400000     0.00000000
     0.00600000     0.00900000     0.00300000     0.00000000
     0.00600000     0.00900000     0.00400000     0.00000000
     0.00600000     0.01000000     0.00300000     0.00000000
     0.00600000     0.01100000     0.00300000     0.00000000
     0.00600000     0.01200000     0.00300000     0.00000000
     0.00600000     0.01300000     0.00200000    19.96763518
     0.00600000     0.01300000     0.00300000     0.00000000
     0.00600000     0.01600000     0.00200000    19.96731483
     0.00600000     0.01600000     0.00300000     0.00000000
     0.00600000     0.01700000     0.00300000     0.00000000
     0.00600000     0.01800000     0.00300000     0.00000000
     0.00600000     0.01900000     0.00300000     0.00000000
     0.00600000     0.02000000     0.00300000     0.00000000
     0.00600000     0.02000000     0.00400000     0.00000000
     0.00600000     0.02100000     0.00300000     0.00000000
     0.00600000     0.02100000     0.00400000     0.00000000
     0.00600000     0.02200000     0.00400000     0.00000000
     0.00600000     0.02300000     0.00400000     0.00000000
     0.00600000     0.02300000     0.00500000     0.00000000
     0.00600000     0.02400000     0.00500000     0.00000000
     0.00600000     0.02400000     0.00600000     0.00000000
     0.00600000     0.02500000     0.00500000     0.00000000
     0.00600000     0.02500000     0.00600000     0.00000000
     0.00600000     0.02600000     0.00600000     0.00000000
     0.00600000     0.02600000     0.00700000     0.00000000
     0.00600000     0.02700000     0.00700000     0.00000000
     0.00600000     0.02700000     0.00800000     0.00000000
     0.00600000     0.02800000     0.00700000     0.00000000
     0.00600000     0.02800000     0.00800000     0.00000000
     0.00600000     0.02900000     0.00800000     0.00000000
     0.00600000     0.02900000     0.00900000     0.00000000
     0.00600000     0.02900000     0.01000000     0.00000000
     0.00600000     0.03000000     0.00900000     0.00000000
     0.00600000     0.03000000     0.01000000     0.00000000
     0.00600000     0.03100000     0.01000000     0.00000000
     0.00600000     0.03100000     0.01100000     0.00000000
     0.00600000     0.03100000     0.01200000     0.00000000
     0.00600000     0.03200000     0.01100000     0.00000000
     0.00600000     0.03200000     0.01200000     0.00000000
     0.00600000     0.03200000     0.01300000     0.00000000
     0.00600000     0.03200000     0.01400000     0.00000000
     0.00600000     0.03300000     0.01300000     0.00000000
     0.00600000     0.03300000     0.01400000     0.00000000
     0.00600000     0.03400000     0.01400000     0.00000000
     0.00600000     0.03500000     0.01600000     0.00000000
     0.00600000     0.03500000     0.01700000     0.00000000
     0.00600000     0.03500000     0.01800000     0.00000000
     0.00600000     0.03600000     0.01800000     0.00000000
     0.00600000     0.03700000     0.02000000     0.00000000
     0.00600000     0.03700000     0.02100000     0.00000000
     0.00600000     0.03700000     0.02200000     0.00000000
     0.00600000     0.03800000     0.02100000     0.00000000
     0.00600000     0.03800000     0.02200000     0.00000000
     0.00600000     0.03900000     0.02200000     0.00000000
     0.00600000     0.03900000     0.02300000     0.00000000
     0.00600000     0.03900000     0.02400000     0.00000000
     0.00600000     0.04000000     0.02300000     0.00000000
     0.00600000     0.04000000     0.02400000     0.00000000
     0.00600000     0.04100000     0.02400000     0.00000000
     0.00600000     0.04100000     0.02500000     0.00000000
     0.00600000     0.04100000     0.02600000     0.00000000
     0.00600000     0.04200000     0.02500000     0.00000000
     0.00600000     0.04200000     0.02600000     0.00000000
     0.00600000     0.04300000     0.02600000     0.00000000
     0.00600000     0.04300000     0.02700000     0.00000000
     0.00600000     0.04300000     0.02800000     0.00000000
     0.00600000     0.04400000     0.02700000     0.00000000
     0.00600000     0.04400000     0.02800000     0.00000000
     0.00600000     0.04500000     0.02800000     0.00000000
     0.00600000     0.04500000     0.02900000     0.00000000
     0.00600000     0.04600000     0.02900000     0.00000000
     0.00700000     0.00000000     0.00900000     0.00000000
     0.00700000     0.00100000     0.00800000     0.00000000
     0.00700000     0.00100000     0.00900000     0.00000000
     0.00700000     0.00200000     0.00700000     0.00000000
     0.00700000     0.00300000     0.00600000     0.00000000
     0.00700000     0.00300000     0.00700000     0.00000000
     0.00700000     0.00400000     0.00600000     0.00000000
     0.00700000     0.00400000     0.00700000     0.00000000
     0.00700000     0.00500000     0.00500000     0.00000000
     0.00700000     0.00500000     0.00600000     0.00000000
     0.00700000     0.00600000     0.00400000     0.00000000
     0.00700000     0.00600000     0.00500000     0.00000000
     0.00700000     0.00800000     0.00400000     0.00000000
     0.00700000     0.00900000     0.00300000     0.00000000
     0.00700000     0.00900000     0.00400000     0.00000000
     0.00700000     0.01000000     0.00300000     0.00000000
     0.00700000     0.01100000     0.00300000     0.00000000
     0.00700000     0.01200000     0.00300000     0.00000000
     0.00700000     0.01300000     0.00200000    19.96778989
     0.00700000     0.01300000     0.00300000     0.00000000
     0.00700000     0.01400000     0.00200000    19.96802221
     0.00700000     0.01400000     0.00300000     0.00000000
     0.00700000     0.01500000     0.00200000    19.96736181
     0.00700000     0.01500000     0.00300000     0.00000000
     0.00700000     0.01600000     0.00200000    19.96817952
     0.00700000     0.01600000     0.00300000     0.00000000
     0.00700000     0.01700000     0.00300000     0.00000000
     0.00700000     0.01800000     0.00300000     0.00000000
     0.00700000     0.01900000     0.00300000     0.00000000
     0.00700000     0.02000000     0.00300000     0.00000000
     0.00700000     0.02000000     0.00400000     0.00000000
     0.00700000     0.02100000     0.00300000     0.00000000
     0.00700000     0.02100000     0.00400000     0.00000000
     0.00700000     0.02200000     0.00400000     0.00000000
     0.00700000     0.02300000     0.00400000     0.00000000
     0.00700000     0.02300000     0.00500000     0.00000000
     0.00700000     0.02400000     0.00500000     0.00000000
     0.00700000     0.02400000     0.00600000     0.00000000
     0.00700000     0.02500000     0.00500000     0.00000000
     0.00700000     0.02500000     0.00600000     0.00000000
     0.00700000     0.02600000     0.00600000     0.00000000
     0.00700000     0.02600000     0.00700000     0.00000000
     0.00700000     0.02600000     0.00800000     0.00000000
     0.00700000     0.02700000     0.00700000     0.00000000
     0.00700000     0.02700000     0.00800000     0.00000000
     0.00700000     0.02800000     0.00700000     0.00000000
     0.00700000     0.02800000     0.00800000     0.00000000
     0.00700000     0.02900000     0.00800000     0.00000000
     0.00700000     0.02900000     0.00900000     0.00000000
     0.00700000     0.02900000     0.01000000     0.00000000
     0.00700000     0.03000000     0.00900000     0.00000000
     0.00700000     0.03000000     0.01000000     0.00000000
     0.00700000     0.03100000     0.01000000     0.00000000
     0.00700000     0.03100000     0.01100000     0.00000000
     0.00700000     0.03100000     0.01200000     0.00000000
     0.00700000     0.03200000     0.01100000     0.00000000
     0.00700000     0.03200000     0.01200000     0.00000000
     0.00700000     0.03200000     0.01300000     0.00000000
     0.00700000     0.03200000     0.01400000     0.00000000
     0.00700000     0.03300000     0.01300000     0.00000000
     0.00700000     0.03300000     0.01400000     0.00000000
     0.00700000     0.03300000     0.01500000     0.00000000
     0.00700000     0.03300000     0.01600000     0.00000000
     0.00700000     0.03400000     0.01400000     0.00000000
     0.00700000     0.03400000     0.01500000     0.00000000
     0.00700000     0.03400000     0.01600000     0.00000000
     0.00700000     0.03500000     0.01600000     0.00000000
     0.00700000     0.03500000     0.01700000     0.00000000
     0.00700000     0.03500000     0.01800000     0.00000000
     0.00700000     0.03600000     0.01800000     0.00000000
     0.00700000     0.03600000     0.01900000     0.00000000
     0.00700000     0.03600000     0.02000000     0.00000000
     0.00700000     0.03700000     0.01900000     0.00000000
     0.00700000     0.03700000     0.02000000     0.00000000
     0.00700000     0.03700000     0.02100000     0.00000000
     0.00700000     0.03700000     0.02200000     0.00000000
     0.00700000     0.03800000     0.02100000     0.00000000
     0.00700000     0.03800000     0.02200000     0.00000000
     0.00700000     0.03800000     0.02300000     0.00000000
     0.00700000     0.03800000     0.02400000     0.00000000
     0.00700000     0.03900000     0.02200000     0.00000000
     0.00700000     0.03900000     0.02300000     0.00000000
     0.00700000     0.03900000     0.02400000     0.00000000
     0.00700000     0.04000000     0.02300000     0.00000000
     0.00700000     0.04000000     0.02400000     0.00000000
     0.00700000     0.04000000     0.02500000     0.00000000
     0.00700000     0.04100000     0.02400000     0.00000000
     0.00700000     0.04100000     0.02500000     0.00000000
     0.00700000     0.04100000     0.02600000     0.00000000
     0.00700000     0.04200000     0.02500000     0.00000000
     0.00700000     0.04200000     0.02600000     0.00000000
     0.00700000     0.04300000     0.02600000     0.00000000
     0.00700000     0.04300000     0.02700000     0.00000000
     0.00700000     0.04300000     0.02800000     0.00000000
     0.00700000     0.04400000     0.02700000     0.00000000
     0.00700000     0.04400000     0.02800000     0.00000000
     0.00700000     0.04500000     0.02800000     0.00000000
     0.00700000     0.04500000     0.02900000     0.00000000
     0.00700000     0.04500000     0.03000000     0.00000000
     0.00700000     0.04600000     0.02900000     0.00000000
     0.00700000     0.04600000     0.03000000     0.00000000
     0.00700000     0.04700000     0.02900000     0.00000000
     0.00700000     0.04700000     0.03000000     0.00000000
     0.00700000     0.04700000     0.03100000     0.00000000
     0.00700000     0.04800000     0.03000000     0.00000000
     0.00700000     0.04800000     0.03100000     0.00000000
     0.00800000     0.00000000     0.00900000     0.00000000
     0.00800000     0.00100000     0.00800000     0.00000000
     0.00800000     0.00100000     0.00900000     0.00000000
     0.00800000     0.00200000     0.00700000     0.00000000
     0.00800000     0.00200000     0.00800000     0.00000000
     0.00800000     0.00200000     0.00900000     0.00000000
     0.00800000     0.00300000     0.00700000     0.00000000
     0.00800000     0.00300000     0.00800000     0.00000000
     0.00800000     0.00400000     0.00600000     0.00000000
     0.00800000     0.00400000     0.00700000     0.00000000
     0.00800000     0.00500000     0.00500000     0.00000000
     0.00800000     0.00500000     0.00600000     0.00000000
     0.00800000     0.00600000     0.00400000     0.00000000
     0.00800000     0.00600000     0.00500000     0.00000000
     0.00800000     0.00700000     0.00400000     0.00000000
     0.00800000     0.00700000     0.00500000     0.00000000
     0.00800000     0.00800000     0.00400000     0.00000000
     0.00800000     0.00900000     0.00300000     0.00000000
     0.00800000     0.00900000     0.00400000     0.00000000
     0.00800000     0.01000000     0.00300000     0.00000000
     0.00800000     0.01100000     0.00300000     0.00000000
     0.00800000     0.01200000     0.00300000     0.00000000
     0.00800000     0.01300000     0.00300000     0.00000000
     0.00800000     0.01400000     0.00300000     0.00000000
     0.00800000     0.01500000     0.00300000     0.00000000
     0.00800000     0.01600000     0.00300000     0.00000000
     0.00800000     0.01700000     0.00300000     0.00000000
     0.00800000     0.01800000     0.00300000     0.00000000
     0.00800000     0.01900000     0.00300000     0.00000000
     0.00800000     0.01900000     0.00400000     0.00000000
     0.00800000     0.02000000     0.00300000     0.00000000
     0.00800000     0.02000000     0.00400000     0.00000000
     0.00800000     0.02100000     0.00300000     0.00000000
     0.00800000     0.02100000     0.00400000     0.00000000
     0.00800000     0.02200000     0.00400000     0.00000000
     0.00800000     0.02300000     0.00400000     0.00000000
     0.00800000     0.02300000     0.00500000     0.00000000
     0.00800000     0.02300000     0.00600000     0.00000000
     0.00800000     0.02400000     0.00500000     0.00000000
     0.00800000     0.02400000     0.00600000     0.00000000
     0.00800000     0.02500000     0.00500000     0.00000000
     0.00800000     0.02500000     0.00600000     0.00000000
     0.00800000     0.02600000     0.00600000     0.00000000
     0.00800000     0.02600000     0.00700000     0.00000000
     0.00800000     0.02600000     0.00800000     0.00000000
     0.00800000     0.02700000     0.00700000     0.00000000
     0.00800000     0.02700000     0.00800000     0.00000000
     0.00800000     0.02800000     0.00800000     0.00000000
     0.00800000     0.02800000     0.00900000     0.00000000
     0.00800000     0.02800000     0.01000000     0.00000000
     0.00800000     0.02900000     0.00800000     0.00000000
     0.00800000     0.02900000     0.00900000     0.00000000
     0.00800000     0.02900000     0.01000000     0.00000000
     0.00800000     0.03000000     0.00900000     0.00000000
     0.00800000     0.03000000     0.01000000     0.00000000
     0.00800000     0.03000000     0.01100000     0.00000000
     0.00800000     0.03000000     0.01200000     0.00000000
     0.00800000     0.03100000     0.01000000     0.00000000
     0.00800000     0.03100000     0.01100000     0.00000000
     0.00800000     0.03100000     0.01200000     0.00000000
     0.00800000     0.03200000     0.01100000     0.00000000
     0.00800000     0.03200000     0.01200000     0.00000000
     0.00800000     0.03200000     0.01300000     0.00000000
     0.00800000     0.03200000     0.01400000     0.00000000
     0.00800000     0.03300000     0.01300000     0.00000000
     0.00800000     0.03300000     0.01400000     0.00000000
     0.00800000     0.03300000     0.01500000     0.00000000
     0.00800000     0.03300000     0.01600000     0.00000000
     0.00800000     0.03400000     0.01500000     0.00000000
     0.00800000     0.03400000     0.01600000     0.00000000
     0.00800000     0.03400000     0.01700000     0.00000000
     0.00800000     0.03500000     0.01600000     0.00000000
     0.00800000     0.03500000     0.01700000     0.00000000
     0.00800000     0.03500000     0.01800000     0.00000000
     0.00800000     0.03600000     0.01800000     0.00000000
     0.00800000     0.03600000     0.01900000     0.00000000
     0.00800000     0.03600000     0.02000000     0.00000000
     0.00800000     0.03700000     0.02000000     0.00000000
     0.00800000     0.03700000     0.02100000     0.00000000
     0.00800000     0.03700000     0.02200000     0.00000000
     0.00800000     0.03800000     0.02100000     0.00000000
     0.00800000     0.03800000     0.02200000     0.00000000
     0.00800000     0.03800000     0.02300000     0.00000000
     0.00800000     0.03800000     0.02400000     0.00000000
     0.00800000     0.03900000     0.02300000     0.00000000
     0.00800000     0.03900000     0.02400000     0.00000000
     0.00800000     0.04000000     0.02400000     0.00000000
     0.00800000     0.04000000     0.02500000     0.00000000
     0.00800000     0.04100000     0.02500000     0.00000000
     0.00800000     0.04100000     0.02600000     0.00000000
     0.00800000     0.04200000     0.02500000     0.00000000
     0.00800000     0.04200000     0.02600000     0.00000000
     0.00800000     0.04300000     0.02600000     0.00000000
     0.00800000     0.04300000     0.02700000     0.00000000
     0.00800000     0.04300000     0.02800000     0.00000000
     0.00800000     0.04400000     0.02700000     0.00000000
     0.00800000     0.04400000     0.02800000     0.00000000
     0.00800000     0.04500000     0.02800000     0.00000000
     0.00800000     0.04500000     0.02900000     0.00000000
     0.00800000     0.04500000     0.03000000     0.00000000
     0.00800000     0.04600000     0.02900000     0.00000000
     0.00800000     0.04600000     0.03000000     0.00000000
     0.00800000     0.04700000     0.03000000     0.00000000
     0.00800000     0.04700000     0.03100000     0.00000000
     0.00800000     0.04800000     0.03100000     0.00000000
     0.00900000     0.00000000     0.00900000     0.00000000
     0.00900000     0.00000000     0.01000000     0.00000000
     0.00900000     0.00100000     0.00900000     0.00000000
     0.00900000     0.00100000     0.01000000     0.00000000
     0.00900000     0.00200000     0.00800000     0.00000000
     0.00900000     0.00200000     0.00900000     0.00000000
     0.00900000     0.00300000     0.00700000     0.00000000
     0.00900000     0.00300000     0.00800000     0.00000000
     0.00900000     0.00400000     0.00600000     0.00000000
     0.00900000     0.00400000     0.00700000     0.00000000
     0.00900000     0.00500000     0.00500000     0.00000000
     0.00900000     0.00500000     0.00600000     0.00000000
     0.00900000     0.00500000     0.00700000     0.00000000
     0.00900000     0.00600000     0.00500000     0.00000000
     0.00900000     0.00700000     0.00400000     0.00000000
     0.00900000     0.00700000     0.00500000     0.00000000
     0.00900000     0.00800000     0.00400000     0.00000000
     0.00900000     0.00800000     0.00500000     0.00000000
     0.00900000     0.01000000     0.00300000     0.00000000
     0.00900000     0.01100000     0.00300000     0.00000000
     0.00900000     0.01200000     0.00300000     0.00000000
     0.00900000     0.01300000     0.00300000     0.00000000
     0.00900000     0.01400000     0.00300000     0.00000000
     0.00900000     0.01500000     0.00300000     0.00000000
     0.00900000     0.01600000     0.00300000     0.00000000
     0.00900000     0.01700000     0.00300000     0.00000000
     0.00900000     0.01700000     0.00400000     0.00000000
     0.00900000     0.01800000     0.00300000     0.00000000
     0.00900000     0.01800000     0.00400000     0.00000000
     0.00900000     0.01900000     0.00300000     0.00000000
     0.00900000     0.01900000     0.00400000     0.00000000
     0.00900000     0.02000000     0.00300000     0.00000000
     0.00900000     0.02000000     0.00400000     0.00000000
     0.00900000     0.02200000     0.00400000     0.00000000
     0.00900000     0.02200000     0.00500000     0.00000000
     0.00900000     0.02300000     0.00400000     0.00000000
     0.00900000     0.02300000     0.00500000     0.00000000
     0.00900000     0.02300000     0.00600000     0.00000000
     0.00900000     0.02400000     0.00500000     0.00000000
     0.00900000     0.02400000     0.00600000     0.00000000
     0.00900000     0.02500000     0.00600000     0.00000000
     0.00900000     0.02500000     0.00700000     0.00000000
     0.00900000     0.02500000     0.00800000     0.00000000
     0.00900000     0.02600000     0.00600000     0.00000000
     0.00900000     0.02600000     0.00700000     0.00000000
     0.00900000     0.02600000     0.00800000     0.00000000
     0.00900000     0.02700000     0.00700000     0.00000000
     0.00900000     0.02700000     0.00800000     0.00000000
     0.00900000     0.02700000     0.00900000     0.00000000
     0.00900000     0.02800000     0.00800000     0.00000000
     0.00900000     0.02800000     0.00900000     0.00000000
     0.00900000     0.02800000     0.01000000     0.00000000
     0.00900000     0.02900000     0.00900000     0.00000000
     0.00900000     0.02900000     0.01000000     0.00000000
     0.00900000     0.03000000     0.01000000     0.00000000
     0.00900000     0.03000000     0.01100000     0.00000000
     0.00900000     0.03000000     0.01200000     0.00000000
     0.00900000     0.03100000     0.01100000     0.00000000
     0.00900000     0.03100000     0.01200000     0.00000000
     0.00900000     0.03100000     0.01300000     0.00000000
     0.00900000     0.03100000     0.01400000     0.00000000
     0.00900000     0.03200000     0.01200000     0.00000000
     0.00900000     0.03200000     0.01300000     0.00000000
     0.00900000     0.03200000     0.01400000     0.00000000
     0.00900000     0.03200000     0.01500000     0.00000000
     0.00900000     0.03300000     0.01300000     0.00000000
     0.00900000     0.03300000     0.01400000     0.00000000
     0.00900000     0.03300000     0.01500000     0.00000000
     0.00900000     0.03300000     0.01600000     0.00000000
     0.00900000     0.03400000     0.01500000     0.00000000
     0.00900000     0.03400000     0.01600000     0.00000000
     0.00900000     0.03400000     0.01700000     0.00000000
     0.00900000     0.03500000     0.01700000     0.00000000
     0.01000000     0.00000000     0.01000000     0.00000000
     0.01000000     0.00100000     0.00900000     0.00000000
     0.01000000     0.00100000     0.01000000     0.00000000
     0.01000000     0.00200000     0.00800000     0.00000000
     0.01000000     0.00200000     0.00900000     0.00000000
     0.01000000     0.00200000     0.01000000     0.00000000
     0.01000000     0.00300000     0.00700000     0.00000000
     0.01000000     0.00300000     0.00800000     0.00000000
     0.01000000     0.00300000     0.00900000     0.00000000
     0.01000000     0.00400000     0.00700000     0.00000000
     0.01000000     0.00400000     0.00800000     0.00000000
     0.01000000     0.00500000     0.00600000     0.00000000
     0.01000000     0.00500000     0.00700000     0.00000000
     0.01000000     0.00500000     0.00800000     0.00000000
     0.01000000     0.00600000     0.00500000     0.00000000
     0.01000000     0.00600000     0.00600000     0.00000000
     0.01000000     0.00600000     0.00700000     0.00000000
     0.01000000     0.00700000     0.00500000     0.00000000
     0.01000000     0.00800000     0.00400000     0.00000000
     0.01000000     0.00800000     0.00500000     0.00000000
     0.01000000     0.00900000     0.00400000     0.00000000
     0.01000000     0.00900000     0.00500000     0.00000000
     0.01000000     0.01000000     0.00400000     0.00000000
     0.01000000     0.01000000     0.00500000     0.00000000
     0.01000000     0.01200000     0.00300000     0.00000000
     0.01000000     0.01300000     0.00300000     0.00000000
     0.01000000     0.01400000     0.00300000     0.00000000
     0.01000000     0.01500000     0.00300000     0.00000000
     0.01000000     0.01600000     0.00300000     0.00000000
     0.01000000     0.01700000     0.00300000     0.00000000
     0.01000000     0.01700000     0.00400000     0.00000000
     0.01000000     0.01800000     0.00300000     0.00000000
     0.01000000     0.01800000     0.00400000     0.00000000
     0.01000000     0.01900000     0.00400000     0.00000000
     0.01000000     0.01900000     0.00500000     0.00000000
     0.01000000     0.02000000     0.00400000     0.00000000
     0.01000000     0.02000000     0.00500000     0.00000000
     0.01000000     0.02100000     0.00400000     0.00000000
     0.01000000     0.02100000     0.00500000     0.00000000
     0.01000000     0.02100000     0.00600000     0.00000000
     0.01000000     0.02200000     0.00400000     0.00000000
     0.01000000     0.02200000     0.00500000     0.00000000
     0.01000000     0.02200000     0.00600000     0.00000000
     0.01000000     0.02300000     0.00500000     0.00000000
     0.01000000     0.02300000     0.00600000     0.00000000
     0.01000000     0.02400000     0.00500000     0.00000000
     0.01000000     0.02400000     0.00600000     0.00000000
     0.01000000     0.02400000     0.00700000     0.00000000
     0.01000000     0.02400000     0.00800000     0.00000000
     0.01000000     0.02500000     0.00600000     0.00000000
     0.01000000     0.02500000     0.00700000     0.00000000
     0.01000000     0.02500000     0.00800000     0.00000000
     0.01000000     0.02600000     0.00700000     0.00000000
     0.01000000     0.02600000     0.00800000     0.00000000
     0.01000000     0.02600000     0.00900000     0.00000000
     0.01000000     0.02700000     0.00800000     0.00000000
     0.01000000     0.02700000     0.00900000     0.00000000
     0.01000000     0.02700000     0.01000000     0.00000000
     0.01000000     0.02800000     0.00900000     0.00000000
     0.01000000     0.02800000     0.01000000     0.00000000
     0.01000000     0.02900000     0.00900000     0.00000000
     0.01000000     0.02900000     0.01000000     0.00000000
     0.01000000     0.02900000     0.01100000     0.00000000
     0.01000000     0.02900000     0.01200000     0.00000000
     0.01000000     0.03000000     0.01000000     0.00000000
     0.01000000     0.03000000     0.01100000     0.00000000
     0.01000000     0.03000000     0.01200000     0.00000000
     0.01000000     0.03100000     0.01100000     0.00000000
     0.01000000     0.03100000     0.01200000     0.00000000
     0.01000000     0.03100000     0.01300000     0.00000000
     0.01000000     0.03100000     0.01400000     0.00000000
     0.01000000     0.03200000     0.01300000     0.00000000
     0.01000000     0.03200000     0.01400000     0.00000000
     0.01000000     0.03200000     0.01500000     0.00000000
     0.01000000     0.03300000     0.01500000     0.00000000
     0.01100000     0.00100000     0.01000000     0.00000000
     0.01100000     0.00200000     0.00900000     0.00000000
     0.01100000     0.00200000     0.01000000     0.00000000
     0.01100000     0.00200000     0.01100000     0.00000000
     0.01100000     0.00300000     0.00800000     0.00000000
     0.01100000     0.00300000     0.00900000     0.00000000
     0.01100000     0.00300000     0.01000000     0.00000000
     0.01100000     0.00300000     0.01100000     0.00000000
     0.01100000     0.00400000     0.00800000     0.00000000
     0.01100000     0.00400000     0.00900000     0.00000000
     0.01100000     0.00400000     0.01000000     0.00000000
     0.01100000     0.00500000     0.00700000     0.00000000
     0.01100000     0.00500000     0.00800000     0.00000000
     0.01100000     0.00500000     0.00900000     0.00000000
     0.01100000     0.00600000     0.00600000     0.00000000
     0.01100000     0.00600000     0.00700000     0.00000000
     0.01100000     0.00600000     0.00800000     0.00000000
     0.01100000     0.00700000     0.00600000     0.00000000
     0.01100000     0.00700000     0.00700000     0.00000000
     0.01100000     0.00700000     0.00800000     0.00000000
     0.01100000     0.00800000     0.00500000     0.00000000
     0.01100000     0.00800000     0.00600000     0.00000000
     0.01100000     0.00800000     0.00700000     0.00000000
     0.01100000     0.00900000     0.00500000     0.00000000
     0.01100000     0.00900000     0.00600000     0.00000000
     0.01100000     0.01000000     0.00400000     0.00000000
     0.01100000     0.01000000     0.00500000     0.00000000
     0.01100000     0.01000000     0.00600000     0.00000000
     0.01100000     0.01100000     0.00400000     0.00000000
     0.01100000     0.01100000     0.00500000     0.00000000
     0.01100000     0.01100000     0.00600000     0.00000000
     0.01100000     0.01200000     0.00400000     0.00000000
     0.01100000     0.01200000     0.00500000     0.00000000
     0.01100000     0.01300000     0.00400000     0.00000000
     0.01100000     0.01300000     0.00500000     0.00000000
     0.01100000     0.01400000     0.00400000     0.00000000
     0.01100000     0.01400000     0.00500000     0.00000000
     0.01100000     0.01500000     0.00400000     0.00000000
     0.01100000     0.01500000     0.00500000     0.00000000
     0.01100000     0.01600000     0.00400000     0.00000000
     0.01100000     0.01600000     0.00500000     0.00000000
     0.01100000     0.01700000     0.00400000     0.00000000
     0.01100000     0.01700000     0.00500000     0.00000000
     0.01100000     0.01800000     0.00400000     0.00000000
     0.01100000     0.01800000     0.00500000     0.00000000
     0.01100000     0.01800000     0.00600000     0.00000000
     0.01100000     0.01900000     0.00400000     0.00000000
     0.01100000     0.01900000     0.00500000     0.00000000
     0.01100000     0.01900000     0.00600000     0.00000000
     0.01100000     0.02000000     0.00500000     0.00000000
     0.01100000     0.02000000     0.00600000     0.00000000
     0.01100000     0.02100000     0.00500000     0.00000000
     0.01100000     0.02100000     0.00600000     0.00000000
     0.01100000     0.02100000     0.00700000     0.00000000
     0.01100000     0.02200000     0.00500000     0.00000000
     0.01100000     0.02200000     0.00600000     0.00000000
     0.01100000     0.02200000     0.00700000     0.00000000
     0.01100000     0.02200000     0.00800000     0.00000000
     0.01100000     0.02300000     0.00600000     0.00000000
     0.01100000     0.02300000     0.00700000     0.00000000
     0.01100000     0.02300000     0.00800000     0.00000000
     0.01100000     0.02400000     0.00600000     0.00000000
     0.01100000     0.02400000     0.00700000     0.00000000
     0.01100000     0.02400000     0.00800000     0.00000000
     0.01100000     0.02500000     0.00700000     0.00000000
     0.01100000     0.02500000     0.00800000     0.00000000
     0.01100000     0.02500000     0.00900000     0.00000000
     0.01100000     0.02500000     0.01000000     0.00000000
     0.01100000     0.02600000     0.00800000     0.00000000
     0.01100000     0.02600000     0.00900000     0.00000000
     0.01100000     0.02600000     0.01000000     0.00000000
     0.01100000     0.02700000     0.00900000     0.00000000
     0.01100000     0.02700000     0.01000000     0.00000000
     0.01100000     0.02700000     0.01100000     0.00000000
     0.01100000     0.02700000     0.01200000     0.00000000
     0.01100000     0.02800000     0.00900000     0.00000000
     0.01100000     0.02800000     0.01000000     0.00000000
     0.01100000     0.02800000     0.01100000     0.00000000
     0.01100000     0.02800000     0.01200000     0.00000000
     0.01100000     0.02900000     0.01000000     0.00000000
     0.01100000     0.02900000     0.01100000     0.00000000
     0.01100000     0.02900000     0.01200000     0.00000000
     0.01100000     0.03000000     0.01100000     0.00000000
     0.01100000     0.03000000     0.01200000     0.00000000
     0.01100000     0.03100000     0.01200000     0.00000000
     0.01200000     0.00200000     0.01100000     0.00000000
     0.01200000     0.00300000     0.01000000     0.00000000
     0.01200000     0.00300000     0.01100000     0.00000000
     0.01200000     0.00400000     0.00900000     0.00000000
     0.01200000     0.00400000     0.01000000     0.00000000
     0.01200000     0.00500000     0.00800000     0.00000000
     0.01200000     0.00500000     0.00900000     0.00000000
     0.01200000     0.00600000     0.00800000     0.00000000
     0.01200000     0.00700000     0.00700000     0.00000000
     0.01200000     0.00700000     0.00800000     0.00000000
     0.01200000     0.00800000     0.00600000     0.00000000
     0.01200000     0.00800000     0.00700000     0.00000000
     0.01200000     0.00900000     0.00600000     0.00000000
     0.01200000     0.01000000     0.00600000     0.00000000
     0.01200000     0.01100000     0.00500000     0.00000000
     0.01200000     0.01100000     0.00600000     0.00000000
     0.01200000     0.01200000     0.00500000     0.00000000
     0.01200000     0.01300000     0.00500000     0.00000000
     0.01200000     0.01400000     0.00500000     0.00000000
     0.01200000     0.01500000     0.00500000     0.00000000
     0.01200000     0.01600000     0.00500000     0.00000000
     0.01200000     0.01700000     0.00500000     0.00000000
     0.01200000     0.01800000     0.00500000     0.00000000
     0.01200000     0.01800000     0.00600000     0.00000000
     0.01200000     0.01900000     0.00500000     0.00000000
     0.01200000     0.01900000     0.00600000     0.00000000
     0.01200000     0.02000000     0.00600000     0.00000000
     0.01200000     0.02100000     0.00600000     0.00000000
     0.01200000     0.02100000     0.00700000     0.00000000
     0.01200000     0.02200000     0.00700000     0.00000000
     0.01200000     0.02200000     0.00800000     0.00000000
     0.01200000     0.02300000     0.00700000     0.00000000
     0.01200000     0.02300000     0.00800000     0.00000000
     0.01200000     0.02400000     0.00800000     0.00000000
     0.01200000     0.02500000     0.00800000     0.00000000
     0.01200000     0.02500000     0.00900000     0.00000000
     0.01200000     0.02500000     0.01000000     0.00000000
     0.01200000     0.02600000     0.00900000     0.00000000
     0.01200000     0.02600000     0.01000000     0.00000000
     0.01200000     0.02700000     0.01000000     0.00000000
     0.01200000     0.02700000     0.01100000     0.00000000
     0.01200000     0.02700000     0.01200000     0.00000000
     0.01200000     0.02800000     0.01100000     0.00000000
     0.01200000     0.02800000     0.01200000     0.00000000
     0.01200000     0.02900000     0.01200000     0.00000000
