     0.00000000     0.00000000    24.00000000  3084.99880896
     1.00000000     0.00000000    24.00000000  3085.16169788
     2.00000000     0.00000000    24.00000000  3085.18078899
     3.00000000     0.00000000    24.00000000  3085.18697392
     4.00000000     0.00000000    24.00000000  3085.15009567
     5.00000000     0.00000000    24.00000000  3085.27441700
     6.00000000     0.00000000    24.00000000  3083.60591404
     7.00000000     0.00000000    24.00000000  3086.97322067
     8.00000000     0.00000000    24.00000000  3024.42019003
     9.00000000     0.00000000    24.00000000  2993.67861121
    10.00000000     0.00000000    24.00000000  2995.67971778
     0.00000000     1.00000000    24.00000000  3084.99880896
     1.00000000     1.00000000    24.00000000  3085.16169788
     2.00000000     1.00000000    24.00000000  3085.18078899
     3.00000000     1.00000000    24.00000000  3085.18697392
     4.00000000     1.00000000    24.00000000  3085.15009567
     5.00000000     1.00000000    24.00000000  3085.27441700
     6.00000000     1.00000000    24.00000000  3083.60591404
     7.00000000     1.00000000    24.00000000  3086.97322067
     8.00000000     1.00000000    24.00000000  3024.42019003
     9.00000000     1.00000000    24.00000000  2993.67861121
    10.00000000     1.00000000    24.00000000  2995.67971778
     0.00000000     2.00000000    24.00000000  3084.99880896
     1.00000000     2.00000000    24.00000000  3085.16169788
     2.00000000     2.00000000    24.00000000  3085.18078899
     3.00000000     2.00000000    24.00000000  3085.18697392
     4.00000000     2.00000000    24.00000000  3085.15009567
     5.00000000     2.00000000    24.00000000  3085.27441700
     6.00000000     2.00000000    24.00000000  3083.60591404
     7.00000000     2.00000000    24.00000000  3086.97322067
     8.00000000     2.00000000    24.00000000  3024.42019003
     9.00000000     2.00000000    24.00000000  2993.67861121
    10.00000000     2.00000000    24.00000000  2995.67971778
     0.00000000     3.00000000    24.00000000  3084.99880896
     1.00000000     3.00000000    24.00000000  3085.16169788
     2.00000000     3.00000000    24.00000000  3085.18078899
     3.00000000     3.00000000    24.00000000  3085.18697392
     4.00000000     3.00000000    24.00000000  3085.15009567
     5.00000000     3.00000000    24.00000000  3085.27441700
     6.00000000     3.00000000    24.00000000  3083.60591404
     7.00000000     3.00000000    24.00000000  3086.97322067
     8.00000000     3.00000000    24.00000000  3024.42019003
     9.00000000     3.00000000    24.00000000  2993.67861121
    10.00000000     3.00000000    24.00000000  2995.67971778
     0.00000000     4.00000000    24.00000000  3084.99880896
     1.00000000     4.00000000    24.00000000  3085.16169788
     2.00000000     4.00000000    24.00000000  3085.18078899
     3.00000000     4.00000000    24.00000000  3085.18697392
     4.00000000     4.00000000    24.00000000  3085.15009567
     5.00000000     4.00000000    24.00000000  3085.27441700
     6.00000000     4.00000000    24.00000000  3083.60591404
     7.00000000     4.00000000    24.00000000  3086.97322067
     8.00000000     4.00000000    24.00000000  3024.42019003
     9.00000000     4.00000000    24.00000000  2993.67861121
    10.00000000     4.00000000    24.00000000  2995.67971778
     0.00000000     5.00000000    24.00000000  3084.99880896
     1.00000000     5.00000000    24.00000000  3085.16169788
     2.00000000     5.00000000    24.00000000  3085.18078899
     3.00000000     5.00000000    24.00000000  3085.18697392
     4.00000000     5.00000000    24.00000000  3085.15009567
     5.00000000     5.00000000    24.00000000  3085.27441700
     6.00000000     5.00000000    24.00000000  3083.60591404
     7.00000000     5.00000000    24.00000000  3086.97322067
     8.00000000     5.00000000    24.00000000  3024.42019003
     9.00000000     5.00000000    24.00000000  2993.67861121
    10.00000000     5.00000000    24.00000000  2995.67971778
     0.00000000     6.00000000    24.00000000  3084.99880896
     1.00000000     6.00000000    24.00000000  3085.16169788
     2.00000000     6.00000000    24.00000000  3085.18078899
     3.00000000     6.00000000    24.00000000  3085.18697392
     4.00000000     6.00000000    24.00000000  3085.15009567
     5.00000000     6.00000000    24.00000000  3085.27441700
     6.00000000     6.00000000    24.00000000  3083.60591404
     7.00000000     6.00000000    24.00000000  3086.97322067
     8.00000000     6.00000000    24.00000000  3024.42019003
     9.00000000     6.00000000    24.00000000  2993.67861121
    10.00000000     6.00000000    24.00000000  2995.67971778
     0.00000000     7.00000000    24.00000000  3084.99880896
     1.00000000     7.00000000    24.00000000  3085.16169788
     2.00000000     7.00000000    24.00000000  3085.18078899
     3.00000000     7.00000000    24.00000000  3085.18697392
     4.00000000     7.00000000    24.00000000  3085.15009567
     5.00000000     7.00000000    24.00000000  3085.27441700
     6.00000000     7.00000000    24.00000000  3083.60591404
     7.00000000     7.00000000    24.00000000  3086.97322067
     8.00000000     7.00000000    24.00000000  3024.42019003
     9.00000000     7.00000000    24.00000000  2993.67861121
    10.00000000     7.00000000    24.00000000  2995.67971778
     0.00000000     8.00000000    24.00000000  3084.99880896
     1.00000000     8.00000000    24.00000000  3085.16169788
     2.00000000     8.00000000    24.00000000  3085.18078899
     3.00000000     8.00000000    24.00000000  3085.18697392
     4.00000000     8.00000000    24.00000000  3085.15009567
     5.00000000     8.00000000    24.00000000  3085.27441700
     6.00000000     8.00000000    24.00000000  3083.60591404
     7.00000000     8.00000000    24.00000000  3086.97322067
     8.00000000     8.00000000    24.00000000  3024.42019003
     9.00000000     8.00000000    24.00000000  2993.67861121
    10.00000000     8.00000000    24.00000000  2995.67971778
     0.00000000     9.00000000    24.00000000  3084.99880896
     1.00000000     9.00000000    24.00000000  3085.16169788
     2.00000000     9.00000000    24.00000000  3085.18078899
     3.00000000     9.00000000    24.00000000  3085.18697392
     4.00000000     9.00000000    24.00000000  3085.15009567
     5.00000000     9.00000000    24.00000000  3085.27441700
     6.00000000     9.00000000    24.00000000  3083.60591404
     7.00000000     9.00000000    24.00000000  3086.97322067
     8.00000000     9.00000000    24.00000000  3024.42019003
     9.00000000     9.00000000    24.00000000  2993.67861121
    10.00000000     9.00000000    24.00000000  2995.67971778
     0.00000000    10.00000000    24.00000000  3084.99880896
     1.00000000    10.00000000    24.00000000  3085.16169788
     2.00000000    10.00000000    24.00000000  3085.18078899
     3.00000000    10.00000000    24.00000000  3085.18697392
     4.00000000    10.00000000    24.00000000  3085.15009567
     5.00000000    10.00000000    24.00000000  3085.27441700
     6.00000000    10.00000000    24.00000000  3083.60591404
     7.00000000    10.00000000    24.00000000  3086.97322067
     8.00000000    10.00000000    24.00000000  3024.42019003
     9.00000000    10.00000000    24.00000000  2993.67861121
    10.00000000    10.00000000    24.00000000  2995.67971778
     0.00000000    11.00000000    24.00000000  3084.99880896
     1.00000000    11.00000000    24.00000000  3085.16169788
     2.00000000    11.00000000    24.00000000  3085.18078899
     3.00000000    11.00000000    24.00000000  3085.18697392
     4.00000000    11.00000000    24.00000000  3085.15009567
     5.00000000    11.00000000    24.00000000  3085.27441700
     6.00000000    11.00000000    24.00000000  3083.60591404
     7.00000000    11.00000000    24.00000000  3086.97322067
     8.00000000    11.00000000    24.00000000  3024.42019003
     9.00000000    11.00000000    24.00000000  2993.67861121
    10.00000000    11.00000000    24.00000000  2995.67971778
     0.00000000    12.00000000    24.00000000  3084.99880896
     1.00000000    12.00000000    24.00000000  3085.16169788
     2.00000000    12.00000000    24.00000000  3085.18078899
     3.00000000    12.00000000    24.00000000  3085.18697392
     4.00000000    12.00000000    24.00000000  3085.15009567
     5.00000000    12.00000000    24.00000000  3085.27441700
     6.00000000    12.00000000    24.00000000  3083.60591404
     7.00000000    12.00000000    24.00000000  3086.97322067
     8.00000000    12.00000000    24.00000000  3024.42019003
     9.00000000    12.00000000    24.00000000  2993.67861121
    10.00000000    12.00000000    24.00000000  2995.67971778
     0.00000000    13.00000000    24.00000000  3084.99880896
     1.00000000    13.00000000    24.00000000  3085.16169788
     2.00000000    13.00000000    24.00000000  3085.18078899
     3.00000000    13.00000000    24.00000000  3085.18697392
     4.00000000    13.00000000    24.00000000  3085.15009567
     5.00000000    13.00000000    24.00000000  3085.27441700
     6.00000000    13.00000000    24.00000000  3083.60591404
     7.00000000    13.00000000    24.00000000  3086.97322067
     8.00000000    13.00000000    24.00000000  3024.42019003
     9.00000000    13.00000000    24.00000000  2993.67861121
    10.00000000    13.00000000    24.00000000  2995.67971778
     0.00000000    14.00000000    24.00000000  3084.99880896
     1.00000000    14.00000000    24.00000000  3085.16169788
     2.00000000    14.00000000    24.00000000  3085.18078899
     3.00000000    14.00000000    24.00000000  3085.18697392
     4.00000000    14.00000000    24.00000000  3085.15009567
     5.00000000    14.00000000    24.00000000  3085.27441700
     6.00000000    14.00000000    24.00000000  3083.60591404
     7.00000000    14.00000000    24.00000000  3086.97322067
     8.00000000    14.00000000    24.00000000  3024.42019003
     9.00000000    14.00000000    24.00000000  2993.67861121
    10.00000000    14.00000000    24.00000000  2995.67971778
     0.00000000    15.00000000    24.00000000  3084.99880896
     1.00000000    15.00000000    24.00000000  3085.16169788
     2.00000000    15.00000000    24.00000000  3085.18078899
     3.00000000    15.00000000    24.00000000  3085.18697392
     4.00000000    15.00000000    24.00000000  3085.15009567
     5.00000000    15.00000000    24.00000000  3085.27441700
     6.00000000    15.00000000    24.00000000  3083.60591404
     7.00000000    15.00000000    24.00000000  3086.97322067
     8.00000000    15.00000000    24.00000000  3024.42019003
     9.00000000    15.00000000    24.00000000  2993.67861121
    10.00000000    15.00000000    24.00000000  2995.67971778
     0.00000000    16.00000000    24.00000000  3084.99880896
     1.00000000    16.00000000    24.00000000  3085.16169788
     2.00000000    16.00000000    24.00000000  3085.18078899
     3.00000000    16.00000000    24.00000000  3085.18697392
     4.00000000    16.00000000    24.00000000  3085.15009567
     5.00000000    16.00000000    24.00000000  3085.27441700
     6.00000000    16.00000000    24.00000000  3083.60591404
     7.00000000    16.00000000    24.00000000  3086.97322067
     8.00000000    16.00000000    24.00000000  3024.42019003
     9.00000000    16.00000000    24.00000000  2993.67861121
    10.00000000    16.00000000    24.00000000  2995.67971778
     0.00000000    17.00000000    24.00000000  3084.99880896
     1.00000000    17.00000000    24.00000000  3085.16169788
     2.00000000    17.00000000    24.00000000  3085.18078899
     3.00000000    17.00000000    24.00000000  3085.18697392
     4.00000000    17.00000000    24.00000000  3085.15009567
     5.00000000    17.00000000    24.00000000  3085.27441700
     6.00000000    17.00000000    24.00000000  3083.60591404
     7.00000000    17.00000000    24.00000000  3086.97322067
     8.00000000    17.00000000    24.00000000  3024.42019003
     9.00000000    17.00000000    24.00000000  2993.67861121
    10.00000000    17.00000000    24.00000000  2995.67971778
     0.00000000    18.00000000    24.00000000  3084.99880896
     1.00000000    18.00000000    24.00000000  3085.16169788
     2.00000000    18.00000000    24.00000000  3085.18078899
     3.00000000    18.00000000    24.00000000  3085.18697392
     4.00000000    18.00000000    24.00000000  3085.15009567
     5.00000000    18.00000000    24.00000000  3085.27441700
     6.00000000    18.00000000    24.00000000  3083.60591404
     7.00000000    18.00000000    24.00000000  3086.97322067
     8.00000000    18.00000000    24.00000000  3024.42019003
     9.00000000    18.00000000    24.00000000  2993.67861121
    10.00000000    18.00000000    24.00000000  2995.67971778
     0.00000000    19.00000000    24.00000000  3084.99880896
     1.00000000    19.00000000    24.00000000  3085.16169788
     2.00000000    19.00000000    24.00000000  3085.18078899
     3.00000000    19.00000000    24.00000000  3085.18697392
     4.00000000    19.00000000    24.00000000  3085.15009567
     5.00000000    19.00000000    24.00000000  3085.27441700
     6.00000000    19.00000000    24.00000000  3083.60591404
     7.00000000    19.00000000    24.00000000  3086.97322067
     8.00000000    19.00000000    24.00000000  3024.42019003
     9.00000000    19.00000000    24.00000000  2993.67861121
    10.00000000    19.00000000    24.00000000  2995.67971778
     0.00000000    20.00000000    24.00000000  3084.99880896
     1.00000000    20.00000000    24.00000000  3085.16169788
     2.00000000    20.00000000    24.00000000  3085.18078899
     3.00000000    20.00000000    24.00000000  3085.18697392
     4.00000000    20.00000000    24.00000000  3085.15009567
     5.00000000    20.00000000    24.00000000  3085.27441700
     6.00000000    20.00000000    24.00000000  3083.60591404
     7.00000000    20.00000000    24.00000000  3086.97322067
     8.00000000    20.00000000    24.00000000  3024.42019003
     9.00000000    20.00000000    24.00000000  2993.67861121
    10.00000000    20.00000000    24.00000000  2995.67971778
     0.00000000    21.00000000    24.00000000  3084.99880896
     1.00000000    21.00000000    24.00000000  3085.16169788
     2.00000000    21.00000000    24.00000000  3085.18078899
     3.00000000    21.00000000    24.00000000  3085.18697392
     4.00000000    21.00000000    24.00000000  3085.15009567
     5.00000000    21.00000000    24.00000000  3085.27441700
     6.00000000    21.00000000    24.00000000  3083.60591404
     7.00000000    21.00000000    24.00000000  3086.97322067
     8.00000000    21.00000000    24.00000000  3024.42019003
     9.00000000    21.00000000    24.00000000  2993.67861121
    10.00000000    21.00000000    24.00000000  2995.67971778
     0.00000000    22.00000000    24.00000000  3084.99880896
     1.00000000    22.00000000    24.00000000  3085.16169788
     2.00000000    22.00000000    24.00000000  3085.18078899
     3.00000000    22.00000000    24.00000000  3085.18697392
     4.00000000    22.00000000    24.00000000  3085.15009567
     5.00000000    22.00000000    24.00000000  3085.27441700
     6.00000000    22.00000000    24.00000000  3083.60591404
     7.00000000    22.00000000    24.00000000  3086.97322067
     8.00000000    22.00000000    24.00000000  3024.42019003
     9.00000000    22.00000000    24.00000000  2993.67861121
    10.00000000    22.00000000    24.00000000  2995.67971778
     0.00000000    23.00000000    24.00000000  3084.99880896
     1.00000000    23.00000000    24.00000000  3085.16169788
     2.00000000    23.00000000    24.00000000  3085.18078899
     3.00000000    23.00000000    24.00000000  3085.18697392
     4.00000000    23.00000000    24.00000000  3085.15009567
     5.00000000    23.00000000    24.00000000  3085.27441700
     6.00000000    23.00000000    24.00000000  3083.60591404
     7.00000000    23.00000000    24.00000000  3086.97322067
     8.00000000    23.00000000    24.00000000  3024.42019003
     9.00000000    23.00000000    24.00000000  2993.67861121
    10.00000000    23.00000000    24.00000000  2995.67971778
     0.00000000    24.00000000    24.00000000  3084.99880896
     1.00000000    24.00000000    24.00000000  3085.16169788
     2.00000000    24.00000000    24.00000000  3085.18078899
     3.00000000    24.00000000    24.00000000  3085.18697392
     4.00000000    24.00000000    24.00000000  3085.15009567
     5.00000000    24.00000000    24.00000000  3085.27441700
     6.00000000    24.00000000    24.00000000  3083.60591404
     7.00000000    24.00000000    24.00000000  3086.97322067
     8.00000000    24.00000000    24.00000000  3024.42019003
     9.00000000    24.00000000    24.00000000  2993.67861121
    10.00000000    24.00000000    24.00000000  2995.67971778
     0.00000000    25.00000000    24.00000000  3084.99880896
     1.00000000    25.00000000    24.00000000  3085.16169788
     2.00000000    25.00000000    24.00000000  3085.18078899
     3.00000000    25.00000000    24.00000000  3085.18697392
     4.00000000    25.00000000    24.00000000  3085.15009567
     5.00000000    25.00000000    24.00000000  3085.27441700
     6.00000000    25.00000000    24.00000000  3083.60591404
     7.00000000    25.00000000    24.00000000  3086.97322067
     8.00000000    25.00000000    24.00000000  3024.42019003
     9.00000000    25.00000000    24.00000000  2993.67861121
    10.00000000    25.00000000    24.00000000  2995.67971778
     0.00000000    26.00000000    24.00000000  3084.99880896
     1.00000000    26.00000000    24.00000000  3085.16169788
     2.00000000    26.00000000    24.00000000  3085.18078899
     3.00000000    26.00000000    24.00000000  3085.18697392
     4.00000000    26.00000000    24.00000000  3085.15009567
     5.00000000    26.00000000    24.00000000  3085.27441700
     6.00000000    26.00000000    24.00000000  3083.60591404
     7.00000000    26.00000000    24.00000000  3086.97322067
     8.00000000    26.00000000    24.00000000  3024.42019003
     9.00000000    26.00000000    24.00000000  2993.67861121
    10.00000000    26.00000000    24.00000000  2995.67971778
     0.00000000    27.00000000    24.00000000  3084.99880896
     1.00000000    27.00000000    24.00000000  3085.16169788
     2.00000000    27.00000000    24.00000000  3085.18078899
     3.00000000    27.00000000    24.00000000  3085.18697392
     4.00000000    27.00000000    24.00000000  3085.15009567
     5.00000000    27.00000000    24.00000000  3085.27441700
     6.00000000    27.00000000    24.00000000  3083.60591404
     7.00000000    27.00000000    24.00000000  3086.97322067
     8.00000000    27.00000000    24.00000000  3024.42019003
     9.00000000    27.00000000    24.00000000  2993.67861121
    10.00000000    27.00000000    24.00000000  2995.67971778
     0.00000000    28.00000000    24.00000000  3084.99880896
     1.00000000    28.00000000    24.00000000  3085.16169788
     2.00000000    28.00000000    24.00000000  3085.18078899
     3.00000000    28.00000000    24.00000000  3085.18697392
     4.00000000    28.00000000    24.00000000  3085.15009567
     5.00000000    28.00000000    24.00000000  3085.27441700
     6.00000000    28.00000000    24.00000000  3083.60591404
     7.00000000    28.00000000    24.00000000  3086.97322067
     8.00000000    28.00000000    24.00000000  3024.42019003
     9.00000000    28.00000000    24.00000000  2993.67861121
    10.00000000    28.00000000    24.00000000  2995.67971778
     0.00000000    29.00000000    24.00000000  3084.99880896
     1.00000000    29.00000000    24.00000000  3085.16169788
     2.00000000    29.00000000    24.00000000  3085.18078899
     3.00000000    29.00000000    24.00000000  3085.18697392
     4.00000000    29.00000000    24.00000000  3085.15009567
     5.00000000    29.00000000    24.00000000  3085.27441700
     6.00000000    29.00000000    24.00000000  3083.60591404
     7.00000000    29.00000000    24.00000000  3086.97322067
     8.00000000    29.00000000    24.00000000  3024.42019003
     9.00000000    29.00000000    24.00000000  2993.67861121
    10.00000000    29.00000000    24.00000000  2995.67971778
     0.00000000    30.00000000    24.00000000  3084.99880896
     1.00000000    30.00000000    24.00000000  3085.16169788
     2.00000000    30.00000000    24.00000000  3085.18078899
     3.00000000    30.00000000    24.00000000  3085.18697392
     4.00000000    30.00000000    24.00000000  3085.15009567
     5.00000000    30.00000000    24.00000000  3085.27441700
     6.00000000    30.00000000    24.00000000  3083.60591404
     7.00000000    30.00000000    24.00000000  3086.97322067
     8.00000000    30.00000000    24.00000000  3024.42019003
     9.00000000    30.00000000    24.00000000  2993.67861121
    10.00000000    30.00000000    24.00000000  2995.67971778
     0.00000000    31.00000000    24.00000000  3084.99880896
     1.00000000    31.00000000    24.00000000  3085.16169788
     2.00000000    31.00000000    24.00000000  3085.18078899
     3.00000000    31.00000000    24.00000000  3085.18697392
     4.00000000    31.00000000    24.00000000  3085.15009567
     5.00000000    31.00000000    24.00000000  3085.27441699
     6.00000000    31.00000000    24.00000000  3083.60591404
     7.00000000    31.00000000    24.00000000  3086.97322067
     8.00000000    31.00000000    24.00000000  3024.42019003
     9.00000000    31.00000000    24.00000000  2993.67861121
    10.00000000    31.00000000    24.00000000  2995.67971778
     0.00000000    32.00000000    24.00000000  3084.99880896
     1.00000000    32.00000000    24.00000000  3085.16169788
     2.00000000    32.00000000    24.00000000  3085.18078899
     3.00000000    32.00000000    24.00000000  3085.18697392
     4.00000000    32.00000000    24.00000000  3085.15009567
     5.00000000    32.00000000    24.00000000  3085.27441700
     6.00000000    32.00000000    24.00000000  3083.60591404
     7.00000000    32.00000000    24.00000000  3086.97322067
     8.00000000    32.00000000    24.00000000  3024.42019003
     9.00000000    32.00000000    24.00000000  2993.67861122
    10.00000000    32.00000000    24.00000000  2995.67971779
     0.00000000    33.00000000    24.00000000  3084.99880896
     1.00000000    33.00000000    24.00000000  3085.16169788
     2.00000000    33.00000000    24.00000000  3085.18078899
     3.00000000    33.00000000    24.00000000  3085.18697392
     4.00000000    33.00000000    24.00000000  3085.15009567
     5.00000000    33.00000000    24.00000000  3085.27441699
     6.00000000    33.00000000    24.00000000  3083.60591403
     7.00000000    33.00000000    24.00000000  3086.97322067
     8.00000000    33.00000000    24.00000000  3024.42019003
     9.00000000    33.00000000    24.00000000  2993.67861121
    10.00000000    33.00000000    24.00000000  2995.67971778
     0.00000000    34.00000000    24.00000000  3084.99880896
     1.00000000    34.00000000    24.00000000  3085.16169788
     2.00000000    34.00000000    24.00000000  3085.18078899
     3.00000000    34.00000000    24.00000000  3085.18697392
     4.00000000    34.00000000    24.00000000  3085.15009567
     5.00000000    34.00000000    24.00000000  3085.27441700
     6.00000000    34.00000000    24.00000000  3083.60591404
     7.00000000    34.00000000    24.00000000  3086.97322066
     8.00000000    34.00000000    24.00000000  3024.42019004
     9.00000000    34.00000000    24.00000000  2993.67861122
    10.00000000    34.00000000    24.00000000  2995.67971779
     0.00000000    35.00000000    24.00000000  3084.99880896
     1.00000000    35.00000000    24.00000000  3085.16169788
     2.00000000    35.00000000    24.00000000  3085.18078899
     3.00000000    35.00000000    24.00000000  3085.18697392
     4.00000000    35.00000000    24.00000000  3085.15009567
     5.00000000    35.00000000    24.00000000  3085.27441699
     6.00000000    35.00000000    24.00000000  3083.60591403
     7.00000000    35.00000000    24.00000000  3086.97322069
     8.00000000    35.00000000    24.00000000  3024.42019003
     9.00000000    35.00000000    24.00000000  2993.67861120
    10.00000000    35.00000000    24.00000000  2995.67971778
     0.00000000    36.00000000    24.00000000  3084.99880896
     1.00000000    36.00000000    24.00000000  3085.16169788
     2.00000000    36.00000000    24.00000000  3085.18078899
     3.00000000    36.00000000    24.00000000  3085.18697392
     4.00000000    36.00000000    24.00000000  3085.15009567
     5.00000000    36.00000000    24.00000000  3085.27441700
     6.00000000    36.00000000    24.00000000  3083.60591404
     7.00000000    36.00000000    24.00000000  3086.97322064
     8.00000000    36.00000000    24.00000000  3024.42019004
     9.00000000    36.00000000    24.00000000  2993.67861124
    10.00000000    36.00000000    24.00000000  2995.67971779
     0.00000000    37.00000000    24.00000000  3084.99880896
     1.00000000    37.00000000    24.00000000  3085.16169788
     2.00000000    37.00000000    24.00000000  3085.18078899
     3.00000000    37.00000000    24.00000000  3085.18697392
     4.00000000    37.00000000    24.00000000  3085.15009568
     5.00000000    37.00000000    24.00000000  3085.27441699
     6.00000000    37.00000000    24.00000000  3083.60591404
     7.00000000    37.00000000    24.00000000  3086.97322073
     8.00000000    37.00000000    24.00000000  3024.42019003
     9.00000000    37.00000000    24.00000000  2993.67861119
    10.00000000    37.00000000    24.00000000  2995.67971778
     0.00000000    38.00000000    24.00000000  3084.99880896
     1.00000000    38.00000000    24.00000000  3085.16169788
     2.00000000    38.00000000    24.00000000  3085.18078899
     3.00000000    38.00000000    24.00000000  3085.18697393
     4.00000000    38.00000000    24.00000000  3085.15009567
     5.00000000    38.00000000    24.00000000  3085.27441700
     6.00000000    38.00000000    24.00000000  3083.60591403
     7.00000000    38.00000000    24.00000000  3086.97322059
     8.00000000    38.00000000    24.00000000  3024.42019002
     9.00000000    38.00000000    24.00000000  2993.67861122
    10.00000000    38.00000000    24.00000000  2995.67971776
     0.00000000    39.00000000    24.00000000  3084.99880896
     1.00000000    39.00000000    24.00000000  3085.16169787
     2.00000000    39.00000000    24.00000000  3085.18078899
     3.00000000    39.00000000    24.00000000  3085.18697391
     4.00000000    39.00000000    24.00000000  3085.15009569
     5.00000000    39.00000000    24.00000000  3085.27441699
     6.00000000    39.00000000    24.00000000  3083.60591405
     7.00000000    39.00000000    24.00000000  3086.97322080
     8.00000000    39.00000000    24.00000000  3024.42019011
     9.00000000    39.00000000    24.00000000  2993.67861128
    10.00000000    39.00000000    24.00000000  2995.67971790
     0.00000000    40.00000000    24.00000000  3084.99880896
     1.00000000    40.00000000    24.00000000  3085.16169788
     2.00000000    40.00000000    24.00000000  3085.18078898
     3.00000000    40.00000000    24.00000000  3085.18697393
     4.00000000    40.00000000    24.00000000  3085.15009566
     5.00000000    40.00000000    24.00000000  3085.27441699
     6.00000000    40.00000000    24.00000000  3083.60591402
     7.00000000    40.00000000    24.00000000  3086.97322049
     8.00000000    40.00000000    24.00000000  3024.42018979
     9.00000000    40.00000000    24.00000000  2993.67861091
    10.00000000    40.00000000    24.00000000  2995.67971741
     0.00000000    41.00000000    24.00000000  3084.99880895
     1.00000000    41.00000000    24.00000000  3085.16169786
     2.00000000    41.00000000    24.00000000  3085.18078899
     3.00000000    41.00000000    24.00000000  3085.18697391
     4.00000000    41.00000000    24.00000000  3085.15009568
     5.00000000    41.00000000    24.00000000  3085.27441701
     6.00000000    41.00000000    24.00000000  3083.60591399
     7.00000000    41.00000000    24.00000000  3086.97322101
     8.00000000    41.00000000    24.00000000  3024.42019064
     9.00000000    41.00000000    24.00000000  2993.67861203
    10.00000000    41.00000000    24.00000000  2995.67971879
     0.00000000    42.00000000    24.00000000  3084.99880872
     1.00000000    42.00000000    24.00000000  3085.16169765
     2.00000000    42.00000000    24.00000000  3085.18078874
     3.00000000    42.00000000    24.00000000  3085.18697370
     4.00000000    42.00000000    24.00000000  3085.15009543
     5.00000000    42.00000000    24.00000000  3085.27441677
     6.00000000    42.00000000    24.00000000  3083.60591393
     7.00000000    42.00000000    24.00000000  3086.97321959
     8.00000000    42.00000000    24.00000000  3024.42018869
     9.00000000    42.00000000    24.00000000  2993.67860966
    10.00000000    42.00000000    24.00000000  2995.67971571
     0.00000000    43.00000000    24.00000000  3084.99880608
     1.00000000    43.00000000    24.00000000  3085.16169498
     2.00000000    43.00000000    24.00000000  3085.18078610
     3.00000000    43.00000000    24.00000000  3085.18697102
     4.00000000    43.00000000    24.00000000  3085.15009267
     5.00000000    43.00000000    24.00000000  3085.27441417
     6.00000000    43.00000000    24.00000000  3083.60591069
     7.00000000    43.00000000    24.00000000  3086.97321979
     8.00000000    43.00000000    24.00000000  3024.42018898
     9.00000000    43.00000000    24.00000000  2993.67860998
    10.00000000    43.00000000    24.00000000  2995.67971775
     0.00000000    44.00000000    24.00000000  3084.99877862
     1.00000000    44.00000000    24.00000000  3085.16166756
     2.00000000    44.00000000    24.00000000  3085.18075868
     3.00000000    44.00000000    24.00000000  3085.18694371
     4.00000000    44.00000000    24.00000000  3085.15006561
     5.00000000    44.00000000    24.00000000  3085.27438638
     6.00000000    44.00000000    24.00000000  3083.60588500
     7.00000000    44.00000000    24.00000000  3086.97318330
     8.00000000    44.00000000    24.00000000  3024.42016750
     9.00000000    44.00000000    24.00000000  2993.67859573
    10.00000000    44.00000000    24.00000000  2995.67969693
     0.00000000    45.00000000    24.00000000  3084.99852194
     1.00000000    45.00000000    24.00000000  3085.16141063
     2.00000000    45.00000000    24.00000000  3085.18050181
     3.00000000    45.00000000    24.00000000  3085.18668652
     4.00000000    45.00000000    24.00000000  3085.14980803
     5.00000000    45.00000000    24.00000000  3085.27413076
     6.00000000    45.00000000    24.00000000  3083.60562651
     7.00000000    45.00000000    24.00000000  3086.97294632
     8.00000000    45.00000000    24.00000000  3024.41984307
     9.00000000    45.00000000    24.00000000  2993.67822615
    10.00000000    45.00000000    24.00000000  2995.67934070
     0.00000000    46.00000000    24.00000000  3084.99623790
     1.00000000    46.00000000    24.00000000  3085.15912696
     2.00000000    46.00000000    24.00000000  3085.17821823
     3.00000000    46.00000000    24.00000000  3085.18440306
     4.00000000    46.00000000    24.00000000  3085.14752607
     5.00000000    46.00000000    24.00000000  3085.27183978
     6.00000000    46.00000000    24.00000000  3083.60334835
     7.00000000    46.00000000    24.00000000  3086.97065404
     8.00000000    46.00000000    24.00000000  3024.41792769
     9.00000000    46.00000000    24.00000000  2993.67649515
    10.00000000    46.00000000    24.00000000  2995.67758772
     0.00000000    47.00000000    24.00000000  3084.97668908
     1.00000000    47.00000000    24.00000000  3085.13957615
     2.00000000    47.00000000    24.00000000  3085.15866655
     3.00000000    47.00000000    24.00000000  3085.16485631
     4.00000000    47.00000000    24.00000000  3085.12796582
     5.00000000    47.00000000    24.00000000  3085.25232351
     6.00000000    47.00000000    24.00000000  3083.58374690
     7.00000000    47.00000000    24.00000000  3086.95110107
     8.00000000    47.00000000    24.00000000  3024.39667353
     9.00000000    47.00000000    24.00000000  2993.65441721
    10.00000000    47.00000000    24.00000000  2995.65564522
     0.00000000    48.00000000    24.00000000  3084.81388015
     1.00000000    48.00000000    24.00000000  3084.97676534
     2.00000000    48.00000000    24.00000000  3084.99585255
     3.00000000    48.00000000    24.00000000  3085.00203948
     4.00000000    48.00000000    24.00000000  3084.96515745
     5.00000000    48.00000000    24.00000000  3085.08948090
     6.00000000    48.00000000    24.00000000  3083.42115951
     7.00000000    48.00000000    24.00000000  3086.78990743
     8.00000000    48.00000000    24.00000000  3024.25046901
     9.00000000    48.00000000    24.00000000  2993.51554200
    10.00000000    48.00000000    24.00000000  2995.51727829
