    12.00000000    49.50000000    24.00000000  2995.51727792
    13.00000000    49.50000000    24.00000000  2995.65564560
    14.00000000    49.50000000    24.00000000  2995.67758727
    15.00000000    49.50000000    24.00000000  2995.67934126
    16.00000000    49.50000000    24.00000000  2995.67969619
    17.00000000    49.50000000    24.00000000  2995.67971875
    18.00000000    49.50000000    24.00000000  2995.67971430
    19.00000000    49.50000000    24.00000000  2995.67972076
    20.00000000    49.50000000    24.00000000  2995.67971479
    21.00000000    49.50000000    24.00000000  2995.67972072
    22.00000000    49.50000000    24.00000000  2995.67971705
    23.00000000    49.50000000    24.00000000  2995.67970934
    24.00000000    49.50000000    24.00000000  2995.67975454
    25.00000000    49.50000000    24.00000000  2995.67960861
    26.00000000    49.50000000    24.00000000  2995.67999174
    27.00000000    49.50000000    24.00000000  2995.67910369
    28.00000000    49.50000000    24.00000000  2995.68093469
    29.00000000    49.50000000    24.00000000  2995.67761985
    30.00000000    49.50000000    24.00000000  2995.68235871
    31.00000000    49.50000000    24.00000000  2995.67933953
    32.00000000    49.50000000    24.00000000  2995.66647202
    33.00000000    49.50000000    24.00000000  2995.74823485
    34.00000000    49.50000000    24.00000000  2995.47315793
    35.00000000    49.50000000    24.00000000  2996.37496702
    36.00000000    49.50000000    24.00000000  2993.52340383
    37.00000000    49.50000000    24.00000000  2992.07609043
    38.00000000    49.50000000    24.00000000  2913.43628878
    12.00000000    50.50000000    24.00000000  2993.51554128
    13.00000000    50.50000000    24.00000000  2993.65441798
    14.00000000    50.50000000    24.00000000  2993.67649421
    15.00000000    50.50000000    24.00000000  2993.67822733
    16.00000000    50.50000000    24.00000000  2993.67859429
    17.00000000    50.50000000    24.00000000  2993.67861156
    18.00000000    50.50000000    24.00000000  2993.67860831
    19.00000000    50.50000000    24.00000000  2993.67861230
    20.00000000    50.50000000    24.00000000  2993.67861348
    21.00000000    50.50000000    24.00000000  2993.67860241
    22.00000000    50.50000000    24.00000000  2993.67863308
    23.00000000    50.50000000    24.00000000  2993.67856332
    24.00000000    50.50000000    24.00000000  2993.67870931
    25.00000000    50.50000000    24.00000000  2993.67841783
    26.00000000    50.50000000    24.00000000  2993.67897649
    27.00000000    50.50000000    24.00000000  2993.67796562
    28.00000000    50.50000000    24.00000000  2993.67964185
    29.00000000    50.50000000    24.00000000  2993.67739196
    30.00000000    50.50000000    24.00000000  2993.67860298
    31.00000000    50.50000000    24.00000000  2993.68521828
    32.00000000    50.50000000    24.00000000  2993.64599014
    33.00000000    50.50000000    24.00000000  2993.79371671
    34.00000000    50.50000000    24.00000000  2993.34625865
    35.00000000    50.50000000    24.00000000  2994.70870806
    36.00000000    50.50000000    24.00000000  2990.82070280
    37.00000000    50.50000000    24.00000000  2991.42367279
    38.00000000    50.50000000    24.00000000  2905.88629609
    12.00000000    51.50000000    24.00000000  3024.25046889
    13.00000000    51.50000000    24.00000000  3024.39667367
    14.00000000    51.50000000    24.00000000  3024.41792751
    15.00000000    51.50000000    24.00000000  3024.41984334
    16.00000000    51.50000000    24.00000000  3024.42016708
    17.00000000    51.50000000    24.00000000  3024.42018968
    18.00000000    51.50000000    24.00000000  3024.42018754
    19.00000000    51.50000000    24.00000000  3024.42019253
    20.00000000    51.50000000    24.00000000  3024.42018680
    21.00000000    51.50000000    24.00000000  3024.42019452
    22.00000000    51.50000000    24.00000000  3024.42018468
    23.00000000    51.50000000    24.00000000  3024.42019338
    24.00000000    51.50000000    24.00000000  3024.42019853
    25.00000000    51.50000000    24.00000000  3024.42014400
    26.00000000    51.50000000    24.00000000  3024.42033100
    27.00000000    51.50000000    24.00000000  3024.41983911
    28.00000000    51.50000000    24.00000000  3024.42094482
    29.00000000    51.50000000    24.00000000  3024.41882385
    30.00000000    51.50000000    24.00000000  3024.42202852
    31.00000000    51.50000000    24.00000000  3024.41960485
    32.00000000    51.50000000    24.00000000  3024.41060359
    33.00000000    51.50000000    24.00000000  3024.46902443
    34.00000000    51.50000000    24.00000000  3024.26006703
    35.00000000    51.50000000    24.00000000  3024.98632042
    36.00000000    51.50000000    24.00000000  3022.63719384
    37.00000000    51.50000000    24.00000000  3022.30921413
    38.00000000    51.50000000    24.00000000  2958.49381555
    12.00000000    52.50000000    24.00000000  3086.78990869
    13.00000000    52.50000000    24.00000000  3086.95109969
    14.00000000    52.50000000    24.00000000  3086.97065573
    15.00000000    52.50000000    24.00000000  3086.97294418
    16.00000000    52.50000000    24.00000000  3086.97318585
    17.00000000    52.50000000    24.00000000  3086.97321723
    18.00000000    52.50000000    24.00000000  3086.97322104
    19.00000000    52.50000000    24.00000000  3086.97322304
    20.00000000    52.50000000    24.00000000  3086.97321041
    21.00000000    52.50000000    24.00000000  3086.97324693
    22.00000000    52.50000000    24.00000000  3086.97316525
    23.00000000    52.50000000    24.00000000  3086.97332526
    24.00000000    52.50000000    24.00000000  3086.97304007
    25.00000000    52.50000000    24.00000000  3086.97350805
    26.00000000    52.50000000    24.00000000  3086.97281134
    27.00000000    52.50000000    24.00000000  3086.97369571
    28.00000000    52.50000000    24.00000000  3086.97291917
    29.00000000    52.50000000    24.00000000  3086.97249564
    30.00000000    52.50000000    24.00000000  3086.97712436
    31.00000000    52.50000000    24.00000000  3086.96102161
    32.00000000    52.50000000    24.00000000  3087.00809752
    33.00000000    52.50000000    24.00000000  3086.89147154
    34.00000000    52.50000000    24.00000000  3087.16296431
    35.00000000    52.50000000    24.00000000  3086.51520282
    36.00000000    52.50000000    24.00000000  3087.63270820
    37.00000000    52.50000000    24.00000000  3086.09145352
    38.00000000    52.50000000    24.00000000  3094.06607445
    12.00000000    53.50000000    24.00000000  3083.42115966
    13.00000000    53.50000000    24.00000000  3083.58374672
    14.00000000    53.50000000    24.00000000  3083.60334862
    15.00000000    53.50000000    24.00000000  3083.60562606
    16.00000000    53.50000000    24.00000000  3083.60588574
    17.00000000    53.50000000    24.00000000  3083.60590949
    18.00000000    53.50000000    24.00000000  3083.60591580
    19.00000000    53.50000000    24.00000000  3083.60591122
    20.00000000    53.50000000    24.00000000  3083.60591777
    21.00000000    53.50000000    24.00000000  3083.60590984
    22.00000000    53.50000000    24.00000000  3083.60591684
    23.00000000    53.50000000    24.00000000  3083.60591770
    24.00000000    53.50000000    24.00000000  3083.60589175
    25.00000000    53.50000000    24.00000000  3083.60597699
    26.00000000    53.50000000    24.00000000  3083.60576355
    27.00000000    53.50000000    24.00000000  3083.60622402
    28.00000000    53.50000000    24.00000000  3083.60534845
    29.00000000    53.50000000    24.00000000  3083.60693275
    30.00000000    53.50000000    24.00000000  3083.60448774
    31.00000000    53.50000000    24.00000000  3083.60786697
    32.00000000    53.50000000    24.00000000  3083.60297014
    33.00000000    53.50000000    24.00000000  3083.60620688
    34.00000000    53.50000000    24.00000000  3083.59275415
    35.00000000    53.50000000    24.00000000  3083.64577418
    36.00000000    53.50000000    24.00000000  3083.50866656
    37.00000000    53.50000000    24.00000000  3084.03270920
    38.00000000    53.50000000    24.00000000  3082.03633181
    12.00000000    54.50000000    24.00000000  3085.08948056
    13.00000000    54.50000000    24.00000000  3085.25232382
    14.00000000    54.50000000    24.00000000  3085.27183956
    15.00000000    54.50000000    24.00000000  3085.27413078
    16.00000000    54.50000000    24.00000000  3085.27438676
    17.00000000    54.50000000    24.00000000  3085.27441305
    18.00000000    54.50000000    24.00000000  3085.27441917
    19.00000000    54.50000000    24.00000000  3085.27441256
    20.00000000    54.50000000    24.00000000  3085.27442454
    21.00000000    54.50000000    24.00000000  3085.27440493
    22.00000000    54.50000000    24.00000000  3085.27443499
    23.00000000    54.50000000    24.00000000  3085.27439174
    24.00000000    54.50000000    24.00000000  3085.27445059
    25.00000000    54.50000000    24.00000000  3085.27437848
    26.00000000    54.50000000    24.00000000  3085.27445885
    27.00000000    54.50000000    24.00000000  3085.27439129
    28.00000000    54.50000000    24.00000000  3085.27439149
    29.00000000    54.50000000    24.00000000  3085.27450450
    30.00000000    54.50000000    24.00000000  3085.27400756
    31.00000000    54.50000000    24.00000000  3085.27499342
    32.00000000    54.50000000    24.00000000  3085.27359482
    33.00000000    54.50000000    24.00000000  3085.27626266
    34.00000000    54.50000000    24.00000000  3085.28335364
    35.00000000    54.50000000    24.00000000  3085.25368829
    36.00000000    54.50000000    24.00000000  3085.36540433
    37.00000000    54.50000000    24.00000000  3084.97657357
    38.00000000    54.50000000    24.00000000  3085.28527649
    12.00000000    55.50000000    24.00000000  3084.96515728
    13.00000000    55.50000000    24.00000000  3085.12796599
    14.00000000    55.50000000    24.00000000  3085.14752590
    15.00000000    55.50000000    24.00000000  3085.14980819
    16.00000000    55.50000000    24.00000000  3085.15006549
    17.00000000    55.50000000    24.00000000  3085.15009268
    18.00000000    55.50000000    24.00000000  3085.15009568
    19.00000000    55.50000000    24.00000000  3085.15009493
    20.00000000    55.50000000    24.00000000  3085.15009733
    21.00000000    55.50000000    24.00000000  3085.15009262
    22.00000000    55.50000000    24.00000000  3085.15010092
    23.00000000    55.50000000    24.00000000  3085.15008800
    24.00000000    55.50000000    24.00000000  3085.15010477
    25.00000000    55.50000000    24.00000000  3085.15008832
    26.00000000    55.50000000    24.00000000  3085.15008453
    27.00000000    55.50000000    24.00000000  3085.15014797
    28.00000000    55.50000000    24.00000000  3085.14993302
    29.00000000    55.50000000    24.00000000  3085.15049227
    30.00000000    55.50000000    24.00000000  3085.14939208
    31.00000000    55.50000000    24.00000000  3085.15152837
    32.00000000    55.50000000    24.00000000  3085.14829878
    33.00000000    55.50000000    24.00000000  3085.15172266
    34.00000000    55.50000000    24.00000000  3085.14682806
    35.00000000    55.50000000    24.00000000  3085.14576883
    36.00000000    55.50000000    24.00000000  3085.13022655
    37.00000000    55.50000000    24.00000000  3085.17131361
    38.00000000    55.50000000    24.00000000  3085.01024421
    12.00000000    56.50000000    24.00000000  3085.00203928
    13.00000000    56.50000000    24.00000000  3085.16485653
    14.00000000    56.50000000    24.00000000  3085.18440278
    15.00000000    56.50000000    24.00000000  3085.18668688
    16.00000000    56.50000000    24.00000000  3085.18694324
    17.00000000    56.50000000    24.00000000  3085.18697159
    18.00000000    56.50000000    24.00000000  3085.18697307
    19.00000000    56.50000000    24.00000000  3085.18697446
    20.00000000    56.50000000    24.00000000  3085.18697369
    21.00000000    56.50000000    24.00000000  3085.18697332
    22.00000000    56.50000000    24.00000000  3085.18697594
    23.00000000    56.50000000    24.00000000  3085.18696901
    24.00000000    56.50000000    24.00000000  3085.18698358
    25.00000000    56.50000000    24.00000000  3085.18695669
    26.00000000    56.50000000    24.00000000  3085.18700753
    27.00000000    56.50000000    24.00000000  3085.18692027
    28.00000000    56.50000000    24.00000000  3085.18707659
    29.00000000    56.50000000    24.00000000  3085.18680298
    30.00000000    56.50000000    24.00000000  3085.18720235
    31.00000000    56.50000000    24.00000000  3085.18655926
    32.00000000    56.50000000    24.00000000  3085.18708578
    33.00000000    56.50000000    24.00000000  3085.18721696
    34.00000000    56.50000000    24.00000000  3085.18605433
    35.00000000    56.50000000    24.00000000  3085.19152808
    36.00000000    56.50000000    24.00000000  3085.19141161
    37.00000000    56.50000000    24.00000000  3085.15297384
    38.00000000    56.50000000    24.00000000  3084.98715500
    12.00000000    57.50000000    24.00000000  3084.99585250
    13.00000000    57.50000000    24.00000000  3085.15866661
    14.00000000    57.50000000    24.00000000  3085.17821814
    15.00000000    57.50000000    24.00000000  3085.18050192
    16.00000000    57.50000000    24.00000000  3085.18075852
    17.00000000    57.50000000    24.00000000  3085.18078632
    18.00000000    57.50000000    24.00000000  3085.18078845
    19.00000000    57.50000000    24.00000000  3085.18078933
    20.00000000    57.50000000    24.00000000  3085.18078863
    21.00000000    57.50000000    24.00000000  3085.18078931
    22.00000000    57.50000000    24.00000000  3085.18078904
    23.00000000    57.50000000    24.00000000  3085.18078849
    24.00000000    57.50000000    24.00000000  3085.18079102
    25.00000000    57.50000000    24.00000000  3085.18078470
    26.00000000    57.50000000    24.00000000  3085.18079517
    27.00000000    57.50000000    24.00000000  3085.18077739
    28.00000000    57.50000000    24.00000000  3085.18078870
    29.00000000    57.50000000    24.00000000  3085.18080806
    30.00000000    57.50000000    24.00000000  3085.18069704
    31.00000000    57.50000000    24.00000000  3085.18109785
    32.00000000    57.50000000    24.00000000  3085.18032867
    33.00000000    57.50000000    24.00000000  3085.18185065
    34.00000000    57.50000000    24.00000000  3085.17950946
    35.00000000    57.50000000    24.00000000  3085.18113856
    36.00000000    57.50000000    24.00000000  3085.17284984
    37.00000000    57.50000000    24.00000000  3085.16120742
    38.00000000    57.50000000    24.00000000  3085.00436873
    12.00000000    58.50000000    24.00000000  3084.97676537
    13.00000000    58.50000000    24.00000000  3085.13957612
    14.00000000    58.50000000    24.00000000  3085.15912697
    15.00000000    58.50000000    24.00000000  3085.16141066
    16.00000000    58.50000000    24.00000000  3085.16166748
    17.00000000    58.50000000    24.00000000  3085.16169517
    18.00000000    58.50000000    24.00000000  3085.16169735
    19.00000000    58.50000000    24.00000000  3085.16169830
    20.00000000    58.50000000    24.00000000  3085.16169730
    21.00000000    58.50000000    24.00000000  3085.16169852
    22.00000000    58.50000000    24.00000000  3085.16169717
    23.00000000    58.50000000    24.00000000  3085.16169807
    24.00000000    58.50000000    24.00000000  3085.16169805
    25.00000000    58.50000000    24.00000000  3085.16169605
    26.00000000    58.50000000    24.00000000  3085.16170258
    27.00000000    58.50000000    24.00000000  3085.16169060
    28.00000000    58.50000000    24.00000000  3085.16172156
    29.00000000    58.50000000    24.00000000  3085.16166123
    30.00000000    58.50000000    24.00000000  3085.16179453
    31.00000000    58.50000000    24.00000000  3085.16149232
    32.00000000    58.50000000    24.00000000  3085.16198604
    33.00000000    58.50000000    24.00000000  3085.16105870
    34.00000000    58.50000000    24.00000000  3085.16204915
    35.00000000    58.50000000    24.00000000  3085.16126776
    36.00000000    58.50000000    24.00000000  3085.16011457
    37.00000000    58.50000000    24.00000000  3085.14146694
    38.00000000    58.50000000    24.00000000  3084.97143290
    12.00000000    59.50000000    24.00000000  3084.81388017
    13.00000000    59.50000000    24.00000000  3084.97668906
    14.00000000    59.50000000    24.00000000  3084.99623790
    15.00000000    59.50000000    24.00000000  3084.99852195
    16.00000000    59.50000000    24.00000000  3084.99877857
    17.00000000    59.50000000    24.00000000  3084.99880616
    18.00000000    59.50000000    24.00000000  3084.99880856
    19.00000000    59.50000000    24.00000000  3084.99880921
    20.00000000    59.50000000    24.00000000  3084.99880852
    21.00000000    59.50000000    24.00000000  3084.99880974
    22.00000000    59.50000000    24.00000000  3084.99880777
    23.00000000    59.50000000    24.00000000  3084.99881108
    24.00000000    59.50000000    24.00000000  3084.99880641
    25.00000000    59.50000000    24.00000000  3084.99881234
    26.00000000    59.50000000    24.00000000  3084.99880643
    27.00000000    59.50000000    24.00000000  3084.99880576
    28.00000000    59.50000000    24.00000000  3084.99881535
    29.00000000    59.50000000    24.00000000  3084.99877944
    30.00000000    59.50000000    24.00000000  3084.99883334
    31.00000000    59.50000000    24.00000000  3084.99880236
    32.00000000    59.50000000    24.00000000  3084.99878392
    33.00000000    59.50000000    24.00000000  3084.99915094
    34.00000000    59.50000000    24.00000000  3084.99853613
    35.00000000    59.50000000    24.00000000  3084.99914783
    36.00000000    59.50000000    24.00000000  3084.99499888
    37.00000000    59.50000000    24.00000000  3084.97585231
    38.00000000    59.50000000    24.00000000  3084.81633773
