     0.00000000     0.00000000    24.00000000   860.94477238
     1.00000000     0.00000000    24.00000000   860.70219358
     2.00000000     0.00000000    24.00000000   858.44747996
     3.00000000     0.00000000    24.00000000   854.19004495
     4.00000000     0.00000000    24.00000000   847.93590352
     5.00000000     0.00000000    24.00000000   839.71248931
     6.00000000     0.00000000    24.00000000   829.30014936
     7.00000000     0.00000000    24.00000000   816.77198928
     8.00000000     0.00000000    24.00000000   794.49813986
     9.00000000     0.00000000    24.00000000   784.84780703
    10.00000000     0.00000000    24.00000000   782.45933789
     0.00000000     1.00000000    24.00000000   860.94185892
     1.00000000     1.00000000    24.00000000   860.69928078
     2.00000000     1.00000000    24.00000000   858.44457445
     3.00000000     1.00000000    24.00000000   854.18715332
     4.00000000     1.00000000    24.00000000   847.93303237
     5.00000000     1.00000000    24.00000000   839.70964518
     6.00000000     1.00000000    24.00000000   829.29733953
     7.00000000     1.00000000    24.00000000   816.76922085
     8.00000000     1.00000000    24.00000000   794.49544535
     9.00000000     1.00000000    24.00000000   784.84514457
    10.00000000     1.00000000    24.00000000   782.45668342
     0.00000000     2.00000000    24.00000000   860.93310062
     1.00000000     2.00000000    24.00000000   860.69052447
     2.00000000     2.00000000    24.00000000   858.43584003
     3.00000000     2.00000000    24.00000000   854.17846064
     4.00000000     2.00000000    24.00000000   847.92440126
     5.00000000     2.00000000    24.00000000   839.70109527
     6.00000000     2.00000000    24.00000000   829.28889276
     7.00000000     2.00000000    24.00000000   816.76089852
     8.00000000     2.00000000    24.00000000   794.48734524
     9.00000000     2.00000000    24.00000000   784.83714078
    10.00000000     2.00000000    24.00000000   782.44870366
     0.00000000     3.00000000    24.00000000   860.91844375
     1.00000000     3.00000000    24.00000000   860.67587093
     2.00000000     3.00000000    24.00000000   858.42122314
     3.00000000     3.00000000    24.00000000   854.16391358
     4.00000000     3.00000000    24.00000000   847.90995723
     5.00000000     3.00000000    24.00000000   839.68678712
     6.00000000     3.00000000    24.00000000   829.27475719
     7.00000000     3.00000000    24.00000000   816.74697119
     8.00000000     3.00000000    24.00000000   794.47378977
     9.00000000     3.00000000    24.00000000   784.82374653
    10.00000000     3.00000000    24.00000000   782.43534961
     0.00000000     4.00000000    24.00000000   860.89779883
     1.00000000     4.00000000    24.00000000   860.65523070
     2.00000000     4.00000000    24.00000000   858.40063450
     3.00000000     4.00000000    24.00000000   854.14342329
     4.00000000     4.00000000    24.00000000   847.88961204
     5.00000000     4.00000000    24.00000000   839.66663332
     6.00000000     4.00000000    24.00000000   829.25484645
     7.00000000     4.00000000    24.00000000   816.72735372
     8.00000000     4.00000000    24.00000000   794.45469609
     9.00000000     4.00000000    24.00000000   784.80487989
    10.00000000     4.00000000    24.00000000   782.41653960
     0.00000000     5.00000000    24.00000000   860.87104067
     1.00000000     5.00000000    24.00000000   860.62847863
     2.00000000     5.00000000    24.00000000   858.37394928
     3.00000000     5.00000000    24.00000000   854.11686552
     4.00000000     5.00000000    24.00000000   847.86324231
     5.00000000     5.00000000    24.00000000   839.64051159
     6.00000000     5.00000000    24.00000000   829.22903971
     7.00000000     5.00000000    24.00000000   816.70192705
     8.00000000     5.00000000    24.00000000   794.42994823
     9.00000000     5.00000000    24.00000000   784.78042630
    10.00000000     5.00000000    24.00000000   782.39215941
     0.00000000     6.00000000    24.00000000   860.83800857
     1.00000000     6.00000000    24.00000000   860.59545402
     2.00000000     6.00000000    24.00000000   858.34100718
     3.00000000     6.00000000    24.00000000   854.08408071
     4.00000000     6.00000000    24.00000000   847.83068956
     5.00000000     6.00000000    24.00000000   839.60826492
     6.00000000     6.00000000    24.00000000   829.19718180
     7.00000000     6.00000000    24.00000000   816.67053824
     8.00000000     6.00000000    24.00000000   794.39939727
     9.00000000     6.00000000    24.00000000   784.75023855
    10.00000000     6.00000000    24.00000000   782.36206224
     0.00000000     7.00000000    24.00000000   860.79850643
     1.00000000     7.00000000    24.00000000   860.55596082
     2.00000000     7.00000000    24.00000000   858.30161261
     3.00000000     7.00000000    24.00000000   854.04487418
     4.00000000     7.00000000    24.00000000   847.79176045
     5.00000000     7.00000000    24.00000000   839.56970173
     6.00000000     7.00000000    24.00000000   829.15908339
     7.00000000     7.00000000    24.00000000   816.63300064
     8.00000000     7.00000000    24.00000000   794.36286140
     9.00000000     7.00000000    24.00000000   784.71413694
    10.00000000     7.00000000    24.00000000   782.32606894
     0.00000000     8.00000000    24.00000000   860.75230300
     1.00000000     8.00000000    24.00000000   860.50976785
     2.00000000     8.00000000    24.00000000   858.25553493
     3.00000000     8.00000000    24.00000000   853.99901634
     4.00000000     8.00000000    24.00000000   847.74622697
     5.00000000     8.00000000    24.00000000   839.52459608
     6.00000000     8.00000000    24.00000000   829.11452114
     7.00000000     8.00000000    24.00000000   816.58909411
     8.00000000     8.00000000    24.00000000   794.32012615
     9.00000000     8.00000000    24.00000000   784.67190944
    10.00000000     8.00000000    24.00000000   782.28396809
     0.00000000     9.00000000    24.00000000   860.69913222
     1.00000000     9.00000000    24.00000000   860.45660906
     2.00000000     9.00000000    24.00000000   858.20250876
     3.00000000     9.00000000    24.00000000   853.94624302
     4.00000000     9.00000000    24.00000000   847.69382673
     5.00000000     9.00000000    24.00000000   839.47268794
     6.00000000     9.00000000    24.00000000   829.06323804
     7.00000000     9.00000000    24.00000000   816.53856525
     8.00000000     9.00000000    24.00000000   794.27094459
     9.00000000     9.00000000    24.00000000   784.62331196
    10.00000000     9.00000000    24.00000000   782.23551630
     0.00000000    10.00000000    24.00000000   860.63869353
     1.00000000    10.00000000    24.00000000   860.39618397
     2.00000000    10.00000000    24.00000000   858.14223430
     3.00000000    10.00000000    24.00000000   853.88625581
     4.00000000    10.00000000    24.00000000   847.63426333
     5.00000000    10.00000000    24.00000000   839.41368358
     6.00000000    10.00000000    24.00000000   829.00494374
     7.00000000    10.00000000    24.00000000   816.48112777
     8.00000000    10.00000000    24.00000000   794.21503769
     9.00000000    10.00000000    24.00000000   784.56806857
    10.00000000    10.00000000    24.00000000   782.18043845
     0.00000000    11.00000000    24.00000000   860.57065241
     1.00000000    11.00000000    24.00000000   860.32815812
     2.00000000    11.00000000    24.00000000   858.07437788
     3.00000000    11.00000000    24.00000000   853.81872253
     4.00000000    11.00000000    24.00000000   847.56720684
     5.00000000    11.00000000    24.00000000   839.34725600
     6.00000000    11.00000000    24.00000000   828.93931497
     7.00000000    11.00000000    24.00000000   816.41646292
     8.00000000    11.00000000    24.00000000   794.15209470
     9.00000000    11.00000000    24.00000000   784.50587201
    10.00000000    11.00000000    24.00000000   782.11842814
     0.00000000    12.00000000    24.00000000   860.49464090
     1.00000000    12.00000000    24.00000000   860.25216360
     2.00000000    12.00000000    24.00000000   857.99857248
     3.00000000    12.00000000    24.00000000   853.74327781
     4.00000000    12.00000000    24.00000000   847.49229433
     5.00000000    12.00000000    24.00000000   839.27304550
     6.00000000    12.00000000    24.00000000   828.86599612
     7.00000000    12.00000000    24.00000000   816.34422000
     8.00000000    12.00000000    24.00000000   794.08177367
     9.00000000    12.00000000    24.00000000   784.43638411
    10.00000000    12.00000000    24.00000000   782.04914816
     0.00000000    13.00000000    24.00000000   860.41025833
     1.00000000    13.00000000    24.00000000   860.16779983
     2.00000000    13.00000000    24.00000000   857.91441841
     3.00000000    13.00000000    24.00000000   853.65952377
     4.00000000    13.00000000    24.00000000   847.40913058
     5.00000000    13.00000000    24.00000000   839.19066035
     6.00000000    13.00000000    24.00000000   828.78459990
     7.00000000    13.00000000    24.00000000   816.26401704
     8.00000000    13.00000000    24.00000000   794.00370208
     9.00000000    13.00000000    24.00000000   784.35923643
    10.00000000    13.00000000    24.00000000   781.97223112
     0.00000000    14.00000000    24.00000000   860.31707212
     1.00000000    14.00000000    24.00000000   860.07463428
     2.00000000    14.00000000    24.00000000   857.82148419
     3.00000000    14.00000000    24.00000000   853.56703086
     4.00000000    14.00000000    24.00000000   847.31728888
     5.00000000    14.00000000    24.00000000   839.09967761
     6.00000000    14.00000000    24.00000000   828.69470810
     7.00000000    14.00000000    24.00000000   816.17544157
     8.00000000    14.00000000    24.00000000   793.91747761
     9.00000000    14.00000000    24.00000000   784.27403106
    10.00000000    14.00000000    24.00000000   781.88728021
     0.00000000    15.00000000    24.00000000   860.21461879
     1.00000000    15.00000000    24.00000000   859.97220356
     2.00000000    15.00000000    24.00000000   857.71930746
     3.00000000    15.00000000    24.00000000   853.46533878
     4.00000000    15.00000000    24.00000000   847.21631197
     5.00000000    15.00000000    24.00000000   838.99964403
     6.00000000    15.00000000    24.00000000   828.59587257
     7.00000000    15.00000000    24.00000000   816.07805153
     8.00000000    15.00000000    24.00000000   793.82266902
     9.00000000    15.00000000    24.00000000   784.18034142
    10.00000000    15.00000000    24.00000000   781.79387007
     0.00000000    16.00000000    24.00000000   860.10240502
     1.00000000    16.00000000    24.00000000   859.86001444
     2.00000000    16.00000000    24.00000000   857.60739616
     3.00000000    16.00000000    24.00000000   853.35395765
     4.00000000    16.00000000    24.00000000   847.10571322
     5.00000000    16.00000000    24.00000000   838.89007723
     6.00000000    16.00000000    24.00000000   828.48761631
     7.00000000    16.00000000    24.00000000   815.97137640
     8.00000000    16.00000000    24.00000000   793.71881724
     9.00000000    16.00000000    24.00000000   784.07771340
    10.00000000    16.00000000    24.00000000   781.69154784
     0.00000000    17.00000000    24.00000000   859.97990905
     1.00000000    17.00000000    24.00000000   859.73754522
     2.00000000    17.00000000    24.00000000   857.48522979
     3.00000000    17.00000000    24.00000000   853.23236929
     4.00000000    17.00000000    24.00000000   846.98497785
     5.00000000    17.00000000    24.00000000   838.77046691
     6.00000000    17.00000000    24.00000000   828.36943472
     7.00000000    17.00000000    24.00000000   815.85491841
     8.00000000    17.00000000    24.00000000   793.60543658
     9.00000000    17.00000000    24.00000000   783.96566652
    10.00000000    17.00000000    24.00000000   781.57983437
     0.00000000    18.00000000    24.00000000   859.84658208
     1.00000000    18.00000000    24.00000000   859.60424722
     2.00000000    18.00000000    24.00000000   857.35226091
     3.00000000    18.00000000    24.00000000   853.10002869
     4.00000000    18.00000000    24.00000000   846.85356443
     5.00000000    18.00000000    24.00000000   838.64027639
     6.00000000    18.00000000    24.00000000   828.24079705
     7.00000000    18.00000000    24.00000000   815.72815397
     8.00000000    18.00000000    24.00000000   793.48201612
     9.00000000    18.00000000    24.00000000   783.84369534
    10.00000000    18.00000000    24.00000000   781.45822561
     0.00000000    19.00000000    24.00000000   859.70185001
     1.00000000    19.00000000    24.00000000   859.45954640
     2.00000000    19.00000000    24.00000000   857.20791683
     3.00000000    19.00000000    24.00000000   852.95636569
     4.00000000    19.00000000    24.00000000   846.71090656
     5.00000000    19.00000000    24.00000000   838.49894417
     6.00000000    19.00000000    24.00000000   828.10114808
     7.00000000    19.00000000    24.00000000   815.59053533
     8.00000000    19.00000000    24.00000000   793.34802131
     9.00000000    19.00000000    24.00000000   783.71127100
    10.00000000    19.00000000    24.00000000   781.32619420
     0.00000000    20.00000000    24.00000000   859.54511527
     1.00000000    20.00000000    24.00000000   859.30284532
     2.00000000    20.00000000    24.00000000   857.05160146
     3.00000000    20.00000000    24.00000000   852.80078685
     4.00000000    20.00000000    24.00000000   846.55641470
     5.00000000    20.00000000    24.00000000   838.34588587
     6.00000000    20.00000000    24.00000000   827.94990988
     7.00000000    20.00000000    24.00000000   815.44149236
     8.00000000    20.00000000    24.00000000   793.20289573
     9.00000000    20.00000000    24.00000000   783.56784304
    10.00000000    20.00000000    24.00000000   781.18319115
     0.00000000    21.00000000    24.00000000   859.37575895
     1.00000000    21.00000000    24.00000000   859.13352515
     2.00000000    21.00000000    24.00000000   856.88269743
     3.00000000    21.00000000    24.00000000   852.63267755
     4.00000000    21.00000000    24.00000000   846.38947828
     5.00000000    21.00000000    24.00000000   838.18049622
     6.00000000    21.00000000    24.00000000   827.78648393
     7.00000000    21.00000000    24.00000000   815.28043458
     8.00000000    21.00000000    24.00000000   793.04606312
     9.00000000    21.00000000    24.00000000   783.41284129
    10.00000000    21.00000000    24.00000000   781.02864790
     0.00000000    22.00000000    24.00000000   859.19314307
     1.00000000    22.00000000    24.00000000   858.95094803
     2.00000000    22.00000000    24.00000000   856.70056834
     3.00000000    22.00000000    24.00000000   852.45140424
     4.00000000    22.00000000    24.00000000   846.20946795
     5.00000000    22.00000000    24.00000000   838.00215140
     6.00000000    22.00000000    24.00000000   827.61025332
     7.00000000    22.00000000    24.00000000   815.10675340
     8.00000000    22.00000000    24.00000000   792.87692950
     9.00000000    22.00000000    24.00000000   783.24567812
    10.00000000    22.00000000    24.00000000   780.86197843
     0.00000000    23.00000000    24.00000000   858.99661308
     1.00000000    23.00000000    24.00000000   858.75445952
     2.00000000    23.00000000    24.00000000   856.50456130
     3.00000000    23.00000000    24.00000000   852.25631697
     4.00000000    23.00000000    24.00000000   846.01573807
     5.00000000    23.00000000    24.00000000   837.81021144
     6.00000000    23.00000000    24.00000000   827.42058527
     7.00000000    23.00000000    24.00000000   814.91982459
     8.00000000    23.00000000    24.00000000   792.69488565
     9.00000000    23.00000000    24.00000000   783.06575075
    10.00000000    23.00000000    24.00000000   780.68258161
     0.00000000    24.00000000    24.00000000   858.78550058
     1.00000000    24.00000000    24.00000000   858.54339136
     2.00000000    24.00000000    24.00000000   856.29400963
     3.00000000    24.00000000    24.00000000   852.04675207
     4.00000000    24.00000000    24.00000000   845.80762945
     5.00000000    24.00000000    24.00000000   837.60402298
     6.00000000    24.00000000    24.00000000   827.21683375
     7.00000000    24.00000000    24.00000000   814.71901089
     8.00000000    24.00000000    24.00000000   792.49930966
     9.00000000    24.00000000    24.00000000   782.87244390
    10.00000000    24.00000000    24.00000000   780.48984388
     0.00000000    25.00000000    24.00000000   858.55912624
     1.00000000    25.00000000    24.00000000   858.31706433
     2.00000000    25.00000000    24.00000000   856.06823574
     3.00000000    25.00000000    24.00000000   851.82203510
     4.00000000    25.00000000    24.00000000   845.58447220
     5.00000000    25.00000000    24.00000000   837.38292213
     6.00000000    25.00000000    24.00000000   826.99834240
     7.00000000    25.00000000    24.00000000   814.50366491
     8.00000000    25.00000000    24.00000000   792.28956980
     9.00000000    25.00000000    24.00000000   782.66513259
    10.00000000    25.00000000    24.00000000   780.28314198
     0.00000000    26.00000000    24.00000000   858.31680283
     1.00000000    26.00000000    24.00000000   858.07479137
     2.00000000    26.00000000    24.00000000   855.82655426
     3.00000000    26.00000000    24.00000000   851.58148388
     4.00000000    26.00000000    24.00000000   845.34558886
     5.00000000    26.00000000    24.00000000   837.14623759
     6.00000000    26.00000000    24.00000000   826.76444762
     7.00000000    26.00000000    24.00000000   814.27313222
     8.00000000    26.00000000    24.00000000   792.06502757
     9.00000000    26.00000000    24.00000000   782.44318518
    10.00000000    26.00000000    24.00000000   780.06184604
     0.00000000    27.00000000    24.00000000   858.05783856
     1.00000000    27.00000000    24.00000000   857.81588085
     2.00000000    27.00000000    24.00000000   855.56827531
     3.00000000    27.00000000    24.00000000   851.32441183
     4.00000000    27.00000000    24.00000000   845.09029768
     5.00000000    27.00000000    24.00000000   836.89329388
     6.00000000    27.00000000    24.00000000   826.51448183
     7.00000000    27.00000000    24.00000000   814.02675461
     8.00000000    27.00000000    24.00000000   791.82504097
     9.00000000    27.00000000    24.00000000   782.20596663
    10.00000000    27.00000000    24.00000000   779.82532282
     0.00000000    28.00000000    24.00000000   857.78154044
     1.00000000    28.00000000    24.00000000   857.53963996
     2.00000000    28.00000000    24.00000000   855.29270787
     3.00000000    28.00000000    24.00000000   851.05013133
     4.00000000    28.00000000    24.00000000   844.81791599
     5.00000000    28.00000000    24.00000000   836.62341482
     6.00000000    28.00000000    24.00000000   826.24777692
     7.00000000    28.00000000    24.00000000   813.76387354
     8.00000000    28.00000000    24.00000000   791.56896794
     9.00000000    28.00000000    24.00000000   781.95284197
    10.00000000    28.00000000    24.00000000   779.57293916
     0.00000000    29.00000000    24.00000000   857.48721785
     1.00000000    29.00000000    24.00000000   857.24537827
     2.00000000    29.00000000    24.00000000   854.99916339
     3.00000000    29.00000000    24.00000000   850.75795733
     4.00000000    29.00000000    24.00000000   844.52776383
     5.00000000    29.00000000    24.00000000   836.33592709
     6.00000000    29.00000000    24.00000000   825.96366784
     7.00000000    29.00000000    24.00000000   813.48383375
     8.00000000    29.00000000    24.00000000   791.29617003
     9.00000000    29.00000000    24.00000000   781.68317997
    10.00000000    29.00000000    24.00000000   779.30406568
     0.00000000    30.00000000    24.00000000   857.17418614
     1.00000000    30.00000000    24.00000000   856.93241139
     2.00000000    30.00000000    24.00000000   854.68695940
     3.00000000    30.00000000    24.00000000   850.44721096
     4.00000000    30.00000000    24.00000000   844.21916761
     5.00000000    30.00000000    24.00000000   836.03016390
     6.00000000    30.00000000    24.00000000   825.66149631
     7.00000000    30.00000000    24.00000000   813.18598699
     8.00000000    30.00000000    24.00000000   791.00601617
     9.00000000    30.00000000    24.00000000   781.39635695
    10.00000000    30.00000000    24.00000000   779.01808057
     0.00000000    31.00000000    24.00000000   856.84177038
     1.00000000    31.00000000    24.00000000   856.60006463
     2.00000000    31.00000000    24.00000000   854.35542323
     3.00000000    31.00000000    24.00000000   850.11722329
     4.00000000    31.00000000    24.00000000   843.89146380
     5.00000000    31.00000000    24.00000000   835.70546877
     6.00000000    31.00000000    24.00000000   825.34061461
     7.00000000    31.00000000    24.00000000   812.86969589
     8.00000000    31.00000000    24.00000000   790.69788663
     9.00000000    31.00000000    24.00000000   781.09176074
    10.00000000    31.00000000    24.00000000   778.71437358
     0.00000000    32.00000000    24.00000000   856.48930904
     1.00000000    32.00000000    24.00000000   856.24767677
     2.00000000    32.00000000    24.00000000   854.00389576
     3.00000000    32.00000000    24.00000000   849.76733908
     4.00000000    32.00000000    24.00000000   843.54400275
     5.00000000    32.00000000    24.00000000   835.36119932
     6.00000000    32.00000000    24.00000000   825.00038940
     7.00000000    32.00000000    24.00000000   812.53433779
     8.00000000    32.00000000    24.00000000   790.37117700
     9.00000000    32.00000000    24.00000000   780.76879478
    10.00000000    32.00000000    24.00000000   778.39235011
     0.00000000    33.00000000    24.00000000   856.11615776
     1.00000000    33.00000000    24.00000000   855.87460380
     2.00000000    33.00000000    24.00000000   853.63173515
     3.00000000    33.00000000    24.00000000   849.39692047
     4.00000000    33.00000000    24.00000000   843.17615242
     5.00000000    33.00000000    24.00000000   834.99673104
     6.00000000    33.00000000    24.00000000   824.64020554
     7.00000000    33.00000000    24.00000000   812.17930862
     8.00000000    33.00000000    24.00000000   790.02530220
     9.00000000    33.00000000    24.00000000   780.42688214
    10.00000000    33.00000000    24.00000000   778.05143524
     0.00000000    34.00000000    24.00000000   855.72169299
     1.00000000    34.00000000    24.00000000   855.48022254
     2.00000000    34.00000000    24.00000000   853.23832050
     3.00000000    34.00000000    24.00000000   849.00535074
     4.00000000    34.00000000    24.00000000   842.78730209
     5.00000000    34.00000000    24.00000000   834.61146099
     6.00000000    34.00000000    24.00000000   824.25946985
     7.00000000    34.00000000    24.00000000   811.80402675
     8.00000000    34.00000000    24.00000000   789.65970045
     9.00000000    34.00000000    24.00000000   780.06546962
    10.00000000    34.00000000    24.00000000   777.69107784
     0.00000000    35.00000000    24.00000000   855.30531560
     1.00000000    35.00000000    24.00000000   855.06393428
     2.00000000    35.00000000    24.00000000   852.82305549
     3.00000000    35.00000000    24.00000000   848.59203785
     4.00000000    35.00000000    24.00000000   842.37686593
     5.00000000    35.00000000    24.00000000   834.20481144
     6.00000000    35.00000000    24.00000000   823.85761470
     7.00000000    35.00000000    24.00000000   811.40793662
     8.00000000    35.00000000    24.00000000   789.27383712
     9.00000000    35.00000000    24.00000000   779.68403162
    10.00000000    35.00000000    24.00000000   777.31075446
     0.00000000    36.00000000    24.00000000   854.86645428
     1.00000000    36.00000000    24.00000000   854.62516821
     2.00000000    36.00000000    24.00000000   852.38537176
     3.00000000    36.00000000    24.00000000   848.15641790
     4.00000000    36.00000000    24.00000000   841.94428646
     5.00000000    36.00000000    24.00000000   833.77623328
     6.00000000    36.00000000    24.00000000   823.43410151
     7.00000000    36.00000000    24.00000000   810.99051220
     8.00000000    36.00000000    24.00000000   788.86720828
     9.00000000    36.00000000    24.00000000   779.28207380
    10.00000000    36.00000000    24.00000000   776.90997299
     0.00000000    37.00000000    24.00000000   854.40456890
     1.00000000    37.00000000    24.00000000   854.16338470
     2.00000000    37.00000000    24.00000000   851.92473222
     3.00000000    37.00000000    24.00000000   847.69795836
     4.00000000    37.00000000    24.00000000   841.48903774
     5.00000000    37.00000000    24.00000000   833.32520918
     6.00000000    37.00000000    24.00000000   822.98842387
     7.00000000    37.00000000    24.00000000   810.55126021
     8.00000000    37.00000000    24.00000000   788.43934402
     9.00000000    37.00000000    24.00000000   778.85913641
    10.00000000    37.00000000    24.00000000   776.48827599
     0.00000000    38.00000000    24.00000000   853.91915351
     1.00000000    38.00000000    24.00000000   853.67807837
     2.00000000    38.00000000    24.00000000   851.44063409
     3.00000000    38.00000000    24.00000000   847.21616110
     4.00000000    38.00000000    24.00000000   841.01062839
     5.00000000    38.00000000    24.00000000   832.85125660
     6.00000000    38.00000000    24.00000000   822.52011044
     7.00000000    38.00000000    24.00000000   810.08972295
     8.00000000    38.00000000    24.00000000   787.98981124
     9.00000000    38.00000000    24.00000000   778.41479710
    10.00000000    38.00000000    24.00000000   776.04524350
     0.00000000    39.00000000    24.00000000   853.40973922
     1.00000000    39.00000000    24.00000000   853.16878091
     2.00000000    39.00000000    24.00000000   850.93261171
     3.00000000    39.00000000    24.00000000   846.71056516
     4.00000000    39.00000000    24.00000000   840.50860425
     5.00000000    39.00000000    24.00000000   832.35393034
     6.00000000    39.00000000    24.00000000   822.02872751
     7.00000000    39.00000000    24.00000000   809.60548068
     8.00000000    39.00000000    24.00000000   787.51821599
     9.00000000    39.00000000    24.00000000   777.94867322
    10.00000000    39.00000000    24.00000000   775.58049533
     0.00000000    40.00000000    24.00000000   852.87589679
     1.00000000    40.00000000    24.00000000   852.63506371
     2.00000000    40.00000000    24.00000000   850.40023908
     3.00000000    40.00000000    24.00000000   846.18074922
     4.00000000    40.00000000    24.00000000   839.98255080
     5.00000000    40.00000000    24.00000000   831.83282485
     6.00000000    40.00000000    24.00000000   821.51388109
     7.00000000    40.00000000    24.00000000   809.09815368
     8.00000000    40.00000000    24.00000000   787.02420517
     9.00000000    40.00000000    24.00000000   777.46042343
    10.00000000    40.00000000    24.00000000   775.09369262
     0.00000000    41.00000000    24.00000000   852.31723893
     1.00000000    41.00000000    24.00000000   852.07654009
     2.00000000    41.00000000    24.00000000   849.84313211
     3.00000000    41.00000000    24.00000000   845.62633379
     4.00000000    41.00000000    24.00000000   839.43209520
     5.00000000    41.00000000    24.00000000   831.28757615
     6.00000000    41.00000000    24.00000000   820.97521866
     7.00000000    41.00000000    24.00000000   808.56740366
     8.00000000    41.00000000    24.00000000   786.50746763
     9.00000000    41.00000000    24.00000000   776.94974851
    10.00000000    41.00000000    24.00000000   774.58453868
     0.00000000    42.00000000    24.00000000   851.73342230
     1.00000000    42.00000000    24.00000000   851.49286733
     2.00000000    42.00000000    24.00000000   849.26095057
     3.00000000    42.00000000    24.00000000   845.04698301
     4.00000000    42.00000000    24.00000000   838.85690803
     5.00000000    42.00000000    24.00000000   830.71786332
     6.00000000    42.00000000    24.00000000   820.41243046
     7.00000000    42.00000000    24.00000000   808.01293480
     8.00000000    42.00000000    24.00000000   785.96773449
     9.00000000    42.00000000    24.00000000   776.41639160
    10.00000000    42.00000000    24.00000000   774.05277907
     0.00000000    43.00000000    24.00000000   851.12414932
     1.00000000    43.00000000    24.00000000   850.88374841
     2.00000000    43.00000000    24.00000000   848.65339976
     3.00000000    43.00000000    24.00000000   844.44240631
     4.00000000    43.00000000    24.00000000   838.25670468
     5.00000000    43.00000000    24.00000000   830.12340980
     6.00000000    43.00000000    24.00000000   819.82525044
     7.00000000    43.00000000    24.00000000   807.43449430
     8.00000000    43.00000000    24.00000000   785.40477905
     9.00000000    43.00000000    24.00000000   775.86013755
    10.00000000    43.00000000    24.00000000   773.49820100
     0.00000000    44.00000000    24.00000000   850.48916953
     1.00000000    44.00000000    24.00000000   850.24893345
     2.00000000    44.00000000    24.00000000   848.02023188
     3.00000000    44.00000000    24.00000000   843.81235958
     4.00000000    44.00000000    24.00000000   837.63124648
     5.00000000    44.00000000    24.00000000   829.50398416
     6.00000000    44.00000000    24.00000000   819.21345679
     7.00000000    44.00000000    24.00000000   806.83187257
     8.00000000    44.00000000    24.00000000   784.81841595
     9.00000000    44.00000000    24.00000000   775.28081185
    10.00000000    44.00000000    24.00000000   772.92063211
     0.00000000    45.00000000    24.00000000   849.82828089
     1.00000000    45.00000000    24.00000000   849.58822086
     2.00000000    45.00000000    24.00000000   847.36124716
     3.00000000    45.00000000    24.00000000   843.15664623
     4.00000000    45.00000000    24.00000000   836.98034151
     5.00000000    45.00000000    24.00000000   828.85940080
     6.00000000    45.00000000    24.00000000   818.57687237
     7.00000000    45.00000000    24.00000000   806.20490297
     8.00000000    45.00000000    24.00000000   784.20850014
     9.00000000    45.00000000    24.00000000   774.67827909
    10.00000000    45.00000000    24.00000000   772.31993875
     0.00000000    46.00000000    24.00000000   849.14133062
     1.00000000    46.00000000    24.00000000   848.90145826
     2.00000000    46.00000000    24.00000000   846.67629466
     3.00000000    46.00000000    24.00000000   842.47511791
     4.00000000    46.00000000    24.00000000   836.30384518
     5.00000000    46.00000000    24.00000000   828.18952024
     6.00000000    46.00000000    24.00000000   817.91536390
     7.00000000    46.00000000    24.00000000   805.55346209
     8.00000000    46.00000000    24.00000000   783.57492552
     9.00000000    46.00000000    24.00000000   774.05244091
    10.00000000    46.00000000    24.00000000   771.69602501
     0.00000000    47.00000000    24.00000000   848.42821596
     1.00000000    47.00000000    24.00000000   848.18854316
     2.00000000    47.00000000    24.00000000   845.96527296
     3.00000000    47.00000000    24.00000000   841.76767505
     4.00000000    47.00000000    24.00000000   835.60166076
     5.00000000    47.00000000    24.00000000   827.49424908
     6.00000000    47.00000000    24.00000000   817.22884752
     7.00000000    47.00000000    24.00000000   804.87746925
     8.00000000    47.00000000    24.00000000   782.91762363
     9.00000000    47.00000000    24.00000000   773.40323443
    10.00000000    47.00000000    24.00000000   771.04882514
     0.00000000    48.00000000    24.00000000   847.68888462
     1.00000000    48.00000000    24.00000000   847.44942347
     2.00000000    48.00000000    24.00000000   845.22813049
     3.00000000    48.00000000    24.00000000   841.03426748
     4.00000000    48.00000000    24.00000000   834.87373777
     5.00000000    48.00000000    24.00000000   826.77354508
     6.00000000    48.00000000    24.00000000   816.51724835
     7.00000000    48.00000000    24.00000000   804.17687937
     8.00000000    48.00000000    24.00000000   782.23656261
     9.00000000    48.00000000    24.00000000   772.73063075
    10.00000000    48.00000000    24.00000000   770.37834283
