    12.00000000    49.50000000    24.00000000  3489.68801885
    13.00000000    49.50000000    24.00000000  3489.89545556
    14.00000000    49.50000000    24.00000000  3489.43607568
    15.00000000    49.50000000    24.00000000  3488.38159611
    16.00000000    49.50000000    24.00000000  3486.75943769
    17.00000000    49.50000000    24.00000000  3484.57086638
    18.00000000    49.50000000    24.00000000  3481.81644483
    19.00000000    49.50000000    24.00000000  3478.49649910
    20.00000000    49.50000000    24.00000000  3474.61102752
    21.00000000    49.50000000    24.00000000  3470.15926262
    22.00000000    49.50000000    24.00000000  3465.13980292
    23.00000000    49.50000000    24.00000000  3459.54914552
    24.00000000    49.50000000    24.00000000  3453.38195623
    25.00000000    49.50000000    24.00000000  3446.62902173
    26.00000000    49.50000000    24.00000000  3439.27503338
    27.00000000    49.50000000    24.00000000  3431.30078570
    28.00000000    49.50000000    24.00000000  3422.66532976
    29.00000000    49.50000000    24.00000000  3413.33359046
    30.00000000    49.50000000    24.00000000  3403.20176668
    31.00000000    49.50000000    24.00000000  3392.19325739
    32.00000000    49.50000000    24.00000000  3380.09184553
    33.00000000    49.50000000    24.00000000  3366.55273305
    34.00000000    49.50000000    24.00000000  3351.44672365
    35.00000000    49.50000000    24.00000000  3332.51345640
    36.00000000    49.50000000    24.00000000  3311.53058165
    37.00000000    49.50000000    24.00000000  3277.42929881
    38.00000000    49.50000000    24.00000000  3228.08661268
    12.00000000    50.50000000    24.00000000  3489.02505314
    13.00000000    50.50000000    24.00000000  3489.23183288
    14.00000000    50.50000000    24.00000000  3488.77062048
    15.00000000    50.50000000    24.00000000  3487.71344560
    16.00000000    50.50000000    24.00000000  3486.08708087
    17.00000000    50.50000000    24.00000000  3483.89281362
    18.00000000    50.50000000    24.00000000  3481.13133900
    19.00000000    50.50000000    24.00000000  3477.80310635
    20.00000000    50.50000000    24.00000000  3473.90829167
    21.00000000    50.50000000    24.00000000  3469.44636817
    22.00000000    50.50000000    24.00000000  3464.41619944
    23.00000000    50.50000000    24.00000000  3458.81468686
    24.00000000    50.50000000    24.00000000  3452.63693353
    25.00000000    50.50000000    24.00000000  3445.87432533
    26.00000000    50.50000000    24.00000000  3438.51246912
    27.00000000    50.50000000    24.00000000  3430.53274916
    28.00000000    50.50000000    24.00000000  3421.89667045
    29.00000000    50.50000000    24.00000000  3412.56897614
    30.00000000    50.50000000    24.00000000  3402.45232085
    31.00000000    50.50000000    24.00000000  3391.46994747
    32.00000000    50.50000000    24.00000000  3379.41637231
    33.00000000    50.50000000    24.00000000  3365.97021393
    34.00000000    50.50000000    24.00000000  3350.98658829
    35.00000000    50.50000000    24.00000000  3332.41761579
    36.00000000    50.50000000    24.00000000  3311.71699452
    37.00000000    50.50000000    24.00000000  3278.85108074
    38.00000000    50.50000000    24.00000000  3224.30704595
    12.00000000    51.50000000    24.00000000  3555.01581919
    13.00000000    51.50000000    24.00000000  3555.22999769
    14.00000000    51.50000000    24.00000000  3554.77088962
    15.00000000    51.50000000    24.00000000  3553.71114045
    16.00000000    51.50000000    24.00000000  3552.08004798
    17.00000000    51.50000000    24.00000000  3549.87944511
    18.00000000    51.50000000    24.00000000  3547.11035988
    19.00000000    51.50000000    24.00000000  3543.77383160
    20.00000000    51.50000000    24.00000000  3539.87072293
    21.00000000    51.50000000    24.00000000  3535.40141816
    22.00000000    51.50000000    24.00000000  3530.36593375
    23.00000000    51.50000000    24.00000000  3524.76260667
    24.00000000    51.50000000    24.00000000  3518.58848408
    25.00000000    51.50000000    24.00000000  3511.83712058
    26.00000000    51.50000000    24.00000000  3504.49761985
    27.00000000    51.50000000    24.00000000  3496.55445667
    28.00000000    51.50000000    24.00000000  3487.97596975
    29.00000000    51.50000000    24.00000000  3478.73138661
    30.00000000    51.50000000    24.00000000  3468.73696631
    31.00000000    51.50000000    24.00000000  3457.92775535
    32.00000000    51.50000000    24.00000000  3446.11697268
    33.00000000    51.50000000    24.00000000  3433.06239010
    34.00000000    51.50000000    24.00000000  3418.55060582
    35.00000000    51.50000000    24.00000000  3401.18836815
    36.00000000    51.50000000    24.00000000  3381.30317611
    37.00000000    51.50000000    24.00000000  3353.43459246
    38.00000000    51.50000000    24.00000000  3298.04692592
    12.00000000    52.50000000    24.00000000  3690.13277861
    13.00000000    52.50000000    24.00000000  3690.36274317
    14.00000000    52.50000000    24.00000000  3689.90687205
    15.00000000    52.50000000    24.00000000  3688.83883609
    16.00000000    52.50000000    24.00000000  3687.19326665
    17.00000000    52.50000000    24.00000000  3684.97324292
    18.00000000    52.50000000    24.00000000  3682.18075905
    19.00000000    52.50000000    24.00000000  3678.81842606
    20.00000000    52.50000000    24.00000000  3674.88899641
    21.00000000    52.50000000    24.00000000  3670.39535339
    22.00000000    52.50000000    24.00000000  3665.34068863
    23.00000000    52.50000000    24.00000000  3659.72739867
    24.00000000    52.50000000    24.00000000  3653.55784207
    25.00000000    52.50000000    24.00000000  3646.83208363
    26.00000000    52.50000000    24.00000000  3639.54858910
    27.00000000    52.50000000    24.00000000  3631.70204753
    28.00000000    52.50000000    24.00000000  3623.27905531
    29.00000000    52.50000000    24.00000000  3614.26456597
    30.00000000    52.50000000    24.00000000  3604.61488967
    31.00000000    52.50000000    24.00000000  3594.29402174
    32.00000000    52.50000000    24.00000000  3583.20536844
    33.00000000    52.50000000    24.00000000  3571.21892898
    34.00000000    52.50000000    24.00000000  3558.29650258
    35.00000000    52.50000000    24.00000000  3543.76381601
    36.00000000    52.50000000    24.00000000  3529.05326626
    37.00000000    52.50000000    24.00000000  3511.66126462
    38.00000000    52.50000000    24.00000000  3511.68048783
    12.00000000    53.50000000    24.00000000  3695.58299423
    13.00000000    53.50000000    24.00000000  3695.81505763
    14.00000000    53.50000000    24.00000000  3695.35373694
    15.00000000    53.50000000    24.00000000  3694.27391396
    16.00000000    53.50000000    24.00000000  3692.60919954
    17.00000000    53.50000000    24.00000000  3690.36345066
    18.00000000    53.50000000    24.00000000  3687.53970927
    19.00000000    53.50000000    24.00000000  3684.14194610
    20.00000000    53.50000000    24.00000000  3680.17471314
    21.00000000    53.50000000    24.00000000  3675.64330058
    22.00000000    53.50000000    24.00000000  3670.55387708
    23.00000000    53.50000000    24.00000000  3664.91295972
    24.00000000    53.50000000    24.00000000  3658.72795115
    25.00000000    53.50000000    24.00000000  3652.00586813
    26.00000000    53.50000000    24.00000000  3644.75438789
    27.00000000    53.50000000    24.00000000  3636.97958719
    28.00000000    53.50000000    24.00000000  3628.68697676
    29.00000000    53.50000000    24.00000000  3619.88009284
    30.00000000    53.50000000    24.00000000  3610.55692066
    31.00000000    53.50000000    24.00000000  3600.72168262
    32.00000000    53.50000000    24.00000000  3590.35742824
    33.00000000    53.50000000    24.00000000  3579.50739247
    34.00000000    53.50000000    24.00000000  3568.15499855
    35.00000000    53.50000000    24.00000000  3556.67488242
    36.00000000    53.50000000    24.00000000  3545.21266261
    37.00000000    53.50000000    24.00000000  3536.58193047
    38.00000000    53.50000000    24.00000000  3530.12407922
    12.00000000    54.50000000    24.00000000  3704.40099244
    13.00000000    54.50000000    24.00000000  3704.63725201
    14.00000000    54.50000000    24.00000000  3704.17352649
    15.00000000    54.50000000    24.00000000  3703.08529503
    16.00000000    54.50000000    24.00000000  3701.40663480
    17.00000000    54.50000000    24.00000000  3699.14225393
    18.00000000    54.50000000    24.00000000  3696.29620885
    19.00000000    54.50000000    24.00000000  3692.87388370
    20.00000000    54.50000000    24.00000000  3688.88166697
    21.00000000    54.50000000    24.00000000  3684.32730860
    22.00000000    54.50000000    24.00000000  3679.22011260
    23.00000000    54.50000000    24.00000000  3673.57082270
    24.00000000    54.50000000    24.00000000  3667.39223518
    25.00000000    54.50000000    24.00000000  3660.69867437
    26.00000000    54.50000000    24.00000000  3653.50738252
    27.00000000    54.50000000    24.00000000  3645.83732180
    28.00000000    54.50000000    24.00000000  3637.71176694
    29.00000000    54.50000000    24.00000000  3629.15784528
    30.00000000    54.50000000    24.00000000  3620.20848448
    31.00000000    54.50000000    24.00000000  3610.91363126
    32.00000000    54.50000000    24.00000000  3601.33004441
    33.00000000    54.50000000    24.00000000  3591.58880406
    34.00000000    54.50000000    24.00000000  3581.84952149
    35.00000000    54.50000000    24.00000000  3572.51395536
    36.00000000    54.50000000    24.00000000  3564.29106095
    37.00000000    54.50000000    24.00000000  3557.94334154
    38.00000000    54.50000000    24.00000000  3555.93688568
    12.00000000    55.50000000    24.00000000  3711.15258022
    13.00000000    55.50000000    24.00000000  3711.39194829
    14.00000000    55.50000000    24.00000000  3710.92671045
    15.00000000    55.50000000    24.00000000  3709.83241110
    16.00000000    55.50000000    24.00000000  3708.14367317
    17.00000000    55.50000000    24.00000000  3705.86586912
    18.00000000    55.50000000    24.00000000  3703.00402985
    19.00000000    55.50000000    24.00000000  3699.56486335
    20.00000000    55.50000000    24.00000000  3695.55649420
    21.00000000    55.50000000    24.00000000  3690.98898921
    22.00000000    55.50000000    24.00000000  3685.87464330
    23.00000000    55.50000000    24.00000000  3680.22822838
    24.00000000    55.50000000    24.00000000  3674.06766632
    25.00000000    55.50000000    24.00000000  3667.41435820
    26.00000000    55.50000000    24.00000000  3660.29446321
    27.00000000    55.50000000    24.00000000  3652.73944100
    28.00000000    55.50000000    24.00000000  3644.78868461
    29.00000000    55.50000000    24.00000000  3636.49077558
    30.00000000    55.50000000    24.00000000  3627.90982933
    31.00000000    55.50000000    24.00000000  3619.12834329
    32.00000000    55.50000000    24.00000000  3610.26716526
    33.00000000    55.50000000    24.00000000  3601.48716004
    34.00000000    55.50000000    24.00000000  3593.05788794
    35.00000000    55.50000000    24.00000000  3585.33892102
    36.00000000    55.50000000    24.00000000  3578.89344836
    37.00000000    55.50000000    24.00000000  3574.52309120
    38.00000000    55.50000000    24.00000000  3572.44109316
    12.00000000    56.50000000    24.00000000  3715.73019563
    13.00000000    56.50000000    24.00000000  3715.97220398
    14.00000000    56.50000000    24.00000000  3715.50620759
    15.00000000    56.50000000    24.00000000  3714.40801760
    16.00000000    56.50000000    24.00000000  3712.71263827
    17.00000000    56.50000000    24.00000000  3710.42604819
    18.00000000    56.50000000    24.00000000  3707.55412280
    19.00000000    56.50000000    24.00000000  3704.10470783
    20.00000000    56.50000000    24.00000000  3700.08744000
    21.00000000    56.50000000    24.00000000  3695.51439776
    22.00000000    56.50000000    24.00000000  3690.40049168
    23.00000000    56.50000000    24.00000000  3684.76399011
    24.00000000    56.50000000    24.00000000  3678.62733064
    25.00000000    56.50000000    24.00000000  3672.01798503
    26.00000000    56.50000000    24.00000000  3664.96995788
    27.00000000    56.50000000    24.00000000  3657.52519817
    28.00000000    56.50000000    24.00000000  3649.73664129
    29.00000000    56.50000000    24.00000000  3641.67066070
    30.00000000    56.50000000    24.00000000  3633.41317700
    31.00000000    56.50000000    24.00000000  3625.07554986
    32.00000000    56.50000000    24.00000000  3616.80384507
    33.00000000    56.50000000    24.00000000  3608.79906201
    34.00000000    56.50000000    24.00000000  3601.31376782
    35.00000000    56.50000000    24.00000000  3594.71222302
    36.00000000    56.50000000    24.00000000  3589.39500916
    37.00000000    56.50000000    24.00000000  3585.76845477
    38.00000000    56.50000000    24.00000000  3584.24971018
    12.00000000    57.50000000    24.00000000  3719.15001718
    13.00000000    57.50000000    24.00000000  3719.39392317
    14.00000000    57.50000000    24.00000000  3718.92771228
    15.00000000    57.50000000    24.00000000  3717.82731172
    16.00000000    57.50000000    24.00000000  3716.12805083
    17.00000000    57.50000000    24.00000000  3713.83637222
    18.00000000    57.50000000    24.00000000  3710.95879544
    19.00000000    57.50000000    24.00000000  3707.50404594
    20.00000000    57.50000000    24.00000000  3703.48292945
    21.00000000    57.50000000    24.00000000  3698.90907232
    22.00000000    57.50000000    24.00000000  3693.79942071
    23.00000000    57.50000000    24.00000000  3688.17492924
    24.00000000    57.50000000    24.00000000  3682.06154574
    25.00000000    57.50000000    24.00000000  3675.49139258
    26.00000000    57.50000000    24.00000000  3668.50446390
    27.00000000    57.50000000    24.00000000  3661.15066464
    28.00000000    57.50000000    24.00000000  3653.49280496
    29.00000000    57.50000000    24.00000000  3645.61010316
    30.00000000    57.50000000    24.00000000  3637.60333982
    31.00000000    57.50000000    24.00000000  3629.60045427
    32.00000000    57.50000000    24.00000000  3621.76510804
    33.00000000    57.50000000    24.00000000  3614.30118582
    34.00000000    57.50000000    24.00000000  3607.46736129
    35.00000000    57.50000000    24.00000000  3601.55630055
    36.00000000    57.50000000    24.00000000  3596.91132932
    37.00000000    57.50000000    24.00000000  3593.82435353
    38.00000000    57.50000000    24.00000000  3592.42318258
    12.00000000    58.50000000    24.00000000  3720.94118810
    13.00000000    58.50000000    24.00000000  3721.18623438
    14.00000000    58.50000000    24.00000000  3720.72015375
    15.00000000    58.50000000    24.00000000  3719.61897202
    16.00000000    58.50000000    24.00000000  3717.91821491
    17.00000000    58.50000000    24.00000000  3715.62461338
    18.00000000    58.50000000    24.00000000  3712.74509401
    19.00000000    58.50000000    24.00000000  3709.28893212
    20.00000000    58.50000000    24.00000000  3705.26766974
    21.00000000    58.50000000    24.00000000  3700.69590529
    22.00000000    58.50000000    24.00000000  3695.59186729
    23.00000000    58.50000000    24.00000000  3689.97819948
    24.00000000    58.50000000    24.00000000  3683.88305471
    25.00000000    58.50000000    24.00000000  3677.34146634
    26.00000000    58.50000000    24.00000000  3670.39716109
    27.00000000    58.50000000    24.00000000  3663.10491940
    28.00000000    58.50000000    24.00000000  3655.53358957
    29.00000000    58.50000000    24.00000000  3647.76985350
    30.00000000    58.50000000    24.00000000  3639.92296532
    31.00000000    58.50000000    24.00000000  3632.12971816
    32.00000000    58.50000000    24.00000000  3624.56017174
    33.00000000    58.50000000    24.00000000  3617.42149364
    34.00000000    58.50000000    24.00000000  3610.95613448
    35.00000000    58.50000000    24.00000000  3605.44023302
    36.00000000    58.50000000    24.00000000  3601.14691762
    37.00000000    58.50000000    24.00000000  3598.29680446
    38.00000000    58.50000000    24.00000000  3597.00522567
    12.00000000    59.50000000    24.00000000  3721.14590155
    13.00000000    59.50000000    24.00000000  3721.39126953
    14.00000000    59.50000000    24.00000000  3720.92554391
    15.00000000    59.50000000    24.00000000  3719.82478066
    16.00000000    59.50000000    24.00000000  3718.12456851
    17.00000000    59.50000000    24.00000000  3715.83173489
    18.00000000    59.50000000    24.00000000  3712.95334118
    19.00000000    59.50000000    24.00000000  3709.49884536
    20.00000000    59.50000000    24.00000000  3705.48003345
    21.00000000    59.50000000    24.00000000  3700.91182882
    22.00000000    59.50000000    24.00000000  3695.81288565
    23.00000000    59.50000000    24.00000000  3690.20641244
    24.00000000    59.50000000    24.00000000  3684.12129911
    25.00000000    59.50000000    24.00000000  3677.59354222
    26.00000000    59.50000000    24.00000000  3670.66812647
    27.00000000    59.50000000    24.00000000  3663.40141432
    28.00000000    59.50000000    24.00000000  3655.86426964
    29.00000000    59.50000000    24.00000000  3648.14575318
    30.00000000    59.50000000    24.00000000  3640.35775324
    31.00000000    59.50000000    24.00000000  3632.63976610
    32.00000000    59.50000000    24.00000000  3625.16349750
    33.00000000    59.50000000    24.00000000  3618.13538970
    34.00000000    59.50000000    24.00000000  3611.79547014
    35.00000000    59.50000000    24.00000000  3606.40352668
    36.00000000    59.50000000    24.00000000  3602.22599994
    37.00000000    59.50000000    24.00000000  3599.46175037
    38.00000000    59.50000000    24.00000000  3598.19109984
