    12.00000000    49.50000000    24.00000000   421.67342673
    13.00000000    49.50000000    24.00000000   421.75116851
    14.00000000    49.50000000    24.00000000   421.25390203
    15.00000000    49.50000000    24.00000000   420.18148692
    16.00000000    49.50000000    24.00000000   418.53402603
    17.00000000    49.50000000    24.00000000   416.31178254
    18.00000000    49.50000000    24.00000000   413.51508396
    19.00000000    49.50000000    24.00000000   410.14417531
    20.00000000    49.50000000    24.00000000   406.19900884
    21.00000000    49.50000000    24.00000000   401.67894534
    22.00000000    49.50000000    24.00000000   396.58233288
    23.00000000    49.50000000    24.00000000   390.90591335
    24.00000000    49.50000000    24.00000000   384.64398435
    25.00000000    49.50000000    24.00000000   377.78720792
    26.00000000    49.50000000    24.00000000   370.32089971
    27.00000000    49.50000000    24.00000000   362.22253544
    28.00000000    49.50000000    24.00000000   353.45804187
    29.00000000    49.50000000    24.00000000   343.97613427
    30.00000000    49.50000000    24.00000000   333.69936221
    31.00000000    49.50000000    24.00000000   322.50937013
    32.00000000    49.50000000    24.00000000   310.22112329
    33.00000000    49.50000000    24.00000000   296.53568344
    34.00000000    49.50000000    24.00000000   280.94428453
    35.00000000    49.50000000    24.00000000   262.53705413
    36.00000000    49.50000000    24.00000000   239.59729264
    37.00000000    49.50000000    24.00000000   209.61156242
    38.00000000    49.50000000    24.00000000   178.14285480
    12.00000000    50.50000000    24.00000000   423.10495439
    13.00000000    50.50000000    24.00000000   423.18325517
    14.00000000    50.50000000    24.00000000   422.68502485
    15.00000000    50.50000000    24.00000000   421.61017177
    16.00000000    50.50000000    24.00000000   419.95884793
    17.00000000    50.50000000    24.00000000   417.73139377
    18.00000000    50.50000000    24.00000000   414.92824206
    19.00000000    50.50000000    24.00000000   411.54977727
    20.00000000    50.50000000    24.00000000   407.59613233
    21.00000000    50.50000000    24.00000000   403.06689960
    22.00000000    50.50000000    24.00000000   397.96072238
    23.00000000    50.50000000    24.00000000   392.27471858
    24.00000000    50.50000000    24.00000000   386.00366583
    25.00000000    50.50000000    24.00000000   379.13884270
    26.00000000    50.50000000    24.00000000   371.66636466
    27.00000000    50.50000000    24.00000000   363.56476163
    28.00000000    50.50000000    24.00000000   354.80138298
    29.00000000    50.50000000    24.00000000   345.32693328
    30.00000000    50.50000000    24.00000000   335.06688131
    31.00000000    50.50000000    24.00000000   323.90749124
    32.00000000    50.50000000    24.00000000   311.67156970
    33.00000000    50.50000000    24.00000000   298.07571971
    34.00000000    50.50000000    24.00000000   282.64095085
    35.00000000    50.50000000    24.00000000   264.53518530
    36.00000000    50.50000000    24.00000000   242.13356340
    37.00000000    50.50000000    24.00000000   212.81533972
    38.00000000    50.50000000    24.00000000   180.61212603
    12.00000000    51.50000000    24.00000000   428.41025929
    13.00000000    51.50000000    24.00000000   428.49070129
    14.00000000    51.50000000    24.00000000   427.98927260
    15.00000000    51.50000000    24.00000000   426.90600819
    16.00000000    51.50000000    24.00000000   425.24126904
    17.00000000    51.50000000    24.00000000   422.99570560
    18.00000000    51.50000000    24.00000000   420.17017567
    19.00000000    51.50000000    24.00000000   416.76562468
    20.00000000    51.50000000    24.00000000   412.78291030
    21.00000000    51.50000000    24.00000000   408.22255018
    22.00000000    51.50000000    24.00000000   403.08436179
    23.00000000    51.50000000    24.00000000   397.36694944
    24.00000000    51.50000000    24.00000000   391.06697372
    25.00000000    51.50000000    24.00000000   384.17810664
    26.00000000    51.50000000    24.00000000   376.68952656
    27.00000000    51.50000000    24.00000000   368.58372640
    28.00000000    51.50000000    24.00000000   359.83327126
    29.00000000    51.50000000    24.00000000   350.39591279
    30.00000000    51.50000000    24.00000000   340.20699745
    31.00000000    51.50000000    24.00000000   329.16747498
    32.00000000    51.50000000    24.00000000   317.12330615
    33.00000000    51.50000000    24.00000000   303.83282276
    34.00000000    51.50000000    24.00000000   288.89145314
    35.00000000    51.50000000    24.00000000   271.65647918
    36.00000000    51.50000000    24.00000000   250.75834373
    37.00000000    51.50000000    24.00000000   224.77855388
    38.00000000    51.50000000    24.00000000   193.96952504
    12.00000000    52.50000000    24.00000000   441.54998359
    13.00000000    52.50000000    24.00000000   441.63586519
    14.00000000    52.50000000    24.00000000   441.12698093
    15.00000000    52.50000000    24.00000000   440.02368598
    16.00000000    52.50000000    24.00000000   438.32690971
    17.00000000    52.50000000    24.00000000   436.03814150
    18.00000000    52.50000000    24.00000000   433.15939434
    19.00000000    52.50000000    24.00000000   429.69314464
    20.00000000    52.50000000    24.00000000   425.64223900
    21.00000000    52.50000000    24.00000000   421.00975122
    22.00000000    52.50000000    24.00000000   415.79876734
    23.00000000    52.50000000    24.00000000   410.01206675
    24.00000000    52.50000000    24.00000000   403.65165335
    25.00000000    52.50000000    24.00000000   396.71807093
    26.00000000    52.50000000    24.00000000   389.20940703
    27.00000000    52.50000000    24.00000000   381.11984698
    28.00000000    52.50000000    24.00000000   372.43757421
    29.00000000    52.50000000    24.00000000   363.14173397
    30.00000000    52.50000000    24.00000000   353.19800569
    31.00000000    52.50000000    24.00000000   342.55243428
    32.00000000    52.50000000    24.00000000   331.12208310
    33.00000000    52.50000000    24.00000000   318.78664806
    34.00000000    52.50000000    24.00000000   305.36681803
    35.00000000    52.50000000    24.00000000   290.69365249
    36.00000000    52.50000000    24.00000000   274.54165668
    37.00000000    52.50000000    24.00000000   258.84556697
    38.00000000    52.50000000    24.00000000   250.14759589
    12.00000000    53.50000000    24.00000000   450.71171843
    13.00000000    53.50000000    24.00000000   450.80180864
    14.00000000    53.50000000    24.00000000   450.28896535
    15.00000000    53.50000000    24.00000000   449.17384517
    16.00000000    53.50000000    24.00000000   447.45789179
    17.00000000    53.50000000    24.00000000   445.14336027
    18.00000000    53.50000000    24.00000000   442.23332405
    19.00000000    53.50000000    24.00000000   438.73167912
    20.00000000    53.50000000    24.00000000   434.64313836
    21.00000000    53.50000000    24.00000000   429.97320785
    22.00000000    53.50000000    24.00000000   424.72813407
    23.00000000    53.50000000    24.00000000   418.91480656
    24.00000000    53.50000000    24.00000000   412.54059529
    25.00000000    53.50000000    24.00000000   405.61309635
    26.00000000    53.50000000    24.00000000   398.13975440
    27.00000000    53.50000000    24.00000000   390.12733155
    28.00000000    53.50000000    24.00000000   381.58120936
    29.00000000    53.50000000    24.00000000   372.50458196
    30.00000000    53.50000000    24.00000000   362.89776444
    31.00000000    53.50000000    24.00000000   352.75843487
    32.00000000    53.50000000    24.00000000   342.08455216
    33.00000000    53.50000000    24.00000000   330.88676600
    34.00000000    53.50000000    24.00000000   319.22072843
    35.00000000    53.50000000    24.00000000   307.29807603
    36.00000000    53.50000000    24.00000000   295.74836027
    37.00000000    53.50000000    24.00000000   286.10129108
    38.00000000    53.50000000    24.00000000   281.75219545
    12.00000000    54.50000000    24.00000000   458.61472011
    13.00000000    54.50000000    24.00000000   458.70866401
    14.00000000    54.50000000    24.00000000   458.19314820
    15.00000000    54.50000000    24.00000000   457.06910977
    16.00000000    54.50000000    24.00000000   455.33851225
    17.00000000    54.50000000    24.00000000   453.00438301
    18.00000000    54.50000000    24.00000000   450.07086997
    19.00000000    54.50000000    24.00000000   446.54331447
    20.00000000    54.50000000    24.00000000   442.42834040
    21.00000000    54.50000000    24.00000000   437.73396030
    22.00000000    54.50000000    24.00000000   432.46969943
    23.00000000    54.50000000    24.00000000   426.64674020
    24.00000000    54.50000000    24.00000000   420.27809254
    25.00000000    54.50000000    24.00000000   413.37880274
    26.00000000    54.50000000    24.00000000   405.96622915
    27.00000000    54.50000000    24.00000000   398.06044739
    28.00000000    54.50000000    24.00000000   389.68492131
    29.00000000    54.50000000    24.00000000   380.86773365
    30.00000000    54.50000000    24.00000000   371.64400215
    31.00000000    54.50000000    24.00000000   362.06081652
    32.00000000    54.50000000    24.00000000   352.18752857
    33.00000000    54.50000000    24.00000000   342.13712891
    34.00000000    54.50000000    24.00000000   332.11152517
    35.00000000    54.50000000    24.00000000   322.48469975
    36.00000000    54.50000000    24.00000000   313.96596813
    37.00000000    54.50000000    24.00000000   307.75169651
    38.00000000    54.50000000    24.00000000   305.27788704
    12.00000000    55.50000000    24.00000000   465.02975432
    13.00000000    55.50000000    24.00000000   465.12703851
    14.00000000    55.50000000    24.00000000   464.60995839
    15.00000000    55.50000000    24.00000000   463.47973030
    16.00000000    55.50000000    24.00000000   461.73879985
    17.00000000    55.50000000    24.00000000   459.39091416
    18.00000000    55.50000000    24.00000000   456.44122557
    19.00000000    55.50000000    24.00000000   452.89643123
    20.00000000    55.50000000    24.00000000   448.76495503
    21.00000000    55.50000000    24.00000000   444.05718044
    22.00000000    55.50000000    24.00000000   438.78574708
    23.00000000    55.50000000    24.00000000   432.96592952
    24.00000000    55.50000000    24.00000000   426.61612656
    25.00000000    55.50000000    24.00000000   419.75850471
    26.00000000    55.50000000    24.00000000   412.41986708
    27.00000000    55.50000000    24.00000000   404.63286744
    28.00000000    55.50000000    24.00000000   396.43777790
    29.00000000    55.50000000    24.00000000   387.88518156
    30.00000000    55.50000000    24.00000000   379.04026130
    31.00000000    55.50000000    24.00000000   369.98988300
    32.00000000    55.50000000    24.00000000   360.85459008
    33.00000000    55.50000000    24.00000000   351.80880504
    34.00000000    55.50000000    24.00000000   343.11367443
    35.00000000    55.50000000    24.00000000   335.16447670
    36.00000000    55.50000000    24.00000000   328.53280589
    37.00000000    55.50000000    24.00000000   323.95110605
    38.00000000    55.50000000    24.00000000   322.13386754
    12.00000000    56.50000000    24.00000000   469.97883325
    13.00000000    56.50000000    24.00000000   470.07883079
    14.00000000    56.50000000    24.00000000   469.56097134
    15.00000000    56.50000000    24.00000000   468.42670774
    16.00000000    56.50000000    24.00000000   466.67890078
    17.00000000    56.50000000    24.00000000   464.32191822
    18.00000000    56.50000000    24.00000000   461.36177994
    19.00000000    56.50000000    24.00000000   457.80635704
    20.00000000    56.50000000    24.00000000   453.66563588
    21.00000000    56.50000000    24.00000000   448.95206303
    22.00000000    56.50000000    24.00000000   443.68099354
    23.00000000    56.50000000    24.00000000   437.87127393
    24.00000000    56.50000000    24.00000000   431.54600466
    25.00000000    56.50000000    24.00000000   424.73354629
    26.00000000    56.50000000    24.00000000   417.46886290
    27.00000000    56.50000000    24.00000000   409.79534169
    28.00000000    56.50000000    24.00000000   401.76729875
    29.00000000    56.50000000    24.00000000   393.45348985
    30.00000000    56.50000000    24.00000000   384.94210924
    31.00000000    56.50000000    24.00000000   376.34797679
    32.00000000    56.50000000    24.00000000   367.82281363
    33.00000000    56.50000000    24.00000000   359.56941287
    34.00000000    56.50000000    24.00000000   351.85908336
    35.00000000    56.50000000    24.00000000   345.04736795
    36.00000000    56.50000000    24.00000000   339.57319051
    37.00000000    56.50000000    24.00000000   335.91059537
    38.00000000    56.50000000    24.00000000   334.44838657
    12.00000000    57.50000000    24.00000000   473.41656328
    13.00000000    57.50000000    24.00000000   473.51854843
    14.00000000    57.50000000    24.00000000   473.00045945
    15.00000000    57.50000000    24.00000000   471.86393161
    16.00000000    57.50000000    24.00000000   470.11214449
    17.00000000    57.50000000    24.00000000   467.74994259
    18.00000000    57.50000000    24.00000000   464.78401324
    19.00000000    57.50000000    24.00000000   461.22313208
    20.00000000    57.50000000    24.00000000   457.07849128
    21.00000000    57.50000000    24.00000000   452.36413188
    22.00000000    57.50000000    24.00000000   447.09750943
    23.00000000    57.50000000    24.00000000   441.30023343
    24.00000000    57.50000000    24.00000000   434.99903565
    25.00000000    57.50000000    24.00000000   428.22704186
    26.00000000    57.50000000    24.00000000   421.02544765
    27.00000000    57.50000000    24.00000000   413.44573124
    28.00000000    57.50000000    24.00000000   405.55257529
    29.00000000    57.50000000    24.00000000   397.42770811
    30.00000000    57.50000000    24.00000000   389.17489381
    31.00000000    57.50000000    24.00000000   380.92624911
    32.00000000    57.50000000    24.00000000   372.84981704
    33.00000000    57.50000000    24.00000000   365.15762500
    34.00000000    57.50000000    24.00000000   358.11186386
    35.00000000    57.50000000    24.00000000   352.02378465
    36.00000000    57.50000000    24.00000000   347.23605752
    37.00000000    57.50000000    24.00000000   344.07888600
    38.00000000    57.50000000    24.00000000   342.79991576
    12.00000000    58.50000000    24.00000000   475.32278843
    13.00000000    58.50000000    24.00000000   475.42595978
    14.00000000    58.50000000    24.00000000   474.90800058
    15.00000000    58.50000000    24.00000000   473.77066026
    16.00000000    58.50000000    24.00000000   472.01731801
    17.00000000    58.50000000    24.00000000   469.65311711
    18.00000000    58.50000000    24.00000000   466.68516344
    19.00000000    58.50000000    24.00000000   463.12280049
    20.00000000    58.50000000    24.00000000   458.97797826
    21.00000000    58.50000000    24.00000000   454.26574069
    22.00000000    58.50000000    24.00000000   449.00486518
    23.00000000    58.50000000    24.00000000   443.21869946
    24.00000000    58.50000000    24.00000000   436.93625631
    25.00000000    58.50000000    24.00000000   430.19364475
    26.00000000    58.50000000    24.00000000   423.03593758
    27.00000000    58.50000000    24.00000000   415.51959512
    28.00000000    58.50000000    24.00000000   407.71557675
    29.00000000    58.50000000    24.00000000   399.71325561
    30.00000000    58.50000000    24.00000000   391.62517258
    31.00000000    58.50000000    24.00000000   383.59245527
    32.00000000    58.50000000    24.00000000   375.79028031
    33.00000000    58.50000000    24.00000000   368.43193418
    34.00000000    58.50000000    24.00000000   361.76875157
    35.00000000    58.50000000    24.00000000   356.08174654
    36.00000000    58.50000000    24.00000000   351.66012818
    37.00000000    58.50000000    24.00000000   348.76426369
    38.00000000    58.50000000    24.00000000   347.57828312
    12.00000000    59.50000000    24.00000000   475.68331815
    13.00000000    59.50000000    24.00000000   475.78682741
    14.00000000    59.50000000    24.00000000   475.26923878
    15.00000000    59.50000000    24.00000000   474.13233961
    16.00000000    59.50000000    24.00000000   472.37957518
    17.00000000    59.50000000    24.00000000   470.01618764
    18.00000000    59.50000000    24.00000000   467.04942152
    19.00000000    59.50000000    24.00000000   463.48880867
    20.00000000    59.50000000    24.00000000   459.34655083
    21.00000000    59.50000000    24.00000000   454.63802570
    22.00000000    59.50000000    24.00000000   449.38245115
    23.00000000    59.50000000    24.00000000   443.60375471
    24.00000000    59.50000000    24.00000000   437.33171014
    25.00000000    59.50000000    24.00000000   430.60342070
    26.00000000    59.50000000    24.00000000   423.46524778
    27.00000000    59.50000000    24.00000000   415.97529849
    28.00000000    59.50000000    24.00000000   408.20658718
    29.00000000    59.50000000    24.00000000   400.25094982
    30.00000000    59.50000000    24.00000000   392.22367669
    31.00000000    59.50000000    24.00000000   384.26856946
    32.00000000    59.50000000    24.00000000   376.56262991
    33.00000000    59.50000000    24.00000000   369.31876760
    34.00000000    59.50000000    24.00000000   362.78381941
    35.00000000    59.50000000    24.00000000   357.22822003
    36.00000000    59.50000000    24.00000000   352.92392730
    37.00000000    59.50000000    24.00000000   350.11021148
    38.00000000    59.50000000    24.00000000   348.95316101
