-1.56455120e+03  2.57626700e+03  8.80000000e-02  2.93540000e+01
 -1.56635578e+03  2.57902300e+03  8.80000000e-02  2.93630000e+01
 -1.57696383e+03  2.58177800e+03  8.80000000e-02  2.92750000e+01
 -1.57851522e+03  2.58904200e+03  8.80000000e-02  2.88940000e+01
 -1.57971599e+03  2.59299700e+03  8.80000000e-02  2.88230000e+01
 -1.58610704e+03  2.59883400e+03  8.80000000e-02  2.87830000e+01
 -1.59993324e+03  2.60324400e+03  8.80000000e-02  2.86460000e+01
 -1.61768357e+03  2.60952300e+03  8.80000000e-02  2.86220000e+01
 -1.61793250e+03  2.61064700e+03  8.80000000e-02  2.85460000e+01
 -1.62827653e+03  2.61384500e+03  8.80000000e-02  2.85470000e+01
 -1.63626545e+03  2.61780100e+03  8.80000000e-02  2.84920000e+01
 -1.63624148e+03  2.61727100e+03  8.80000000e-02  2.85360000e+01
 -1.63736736e+03  2.62091200e+03  8.80000000e-02  2.85380000e+01
 -1.63869641e+03  2.62433800e+03  8.80000000e-02  2.83760000e+01
 -1.64362008e+03  2.62839200e+03  8.80000000e-02  2.82020000e+01
 -1.64411287e+03  2.63159000e+03  8.80000000e-02  2.80330000e+01
 -1.64634942e+03  2.63533000e+03  8.80000000e-02  2.79390000e+01
 -1.64715516e+03  2.63788000e+03  8.80000000e-02  2.78660000e+01
 -1.64847669e+03  2.64184700e+03  8.80000000e-02  2.77240000e+01
 -1.64957537e+03  2.64679700e+03  8.80000000e-02  2.76490000e+01
 -1.64991532e+03  2.64889400e+03  8.80000000e-02  2.75350000e+01
 -1.65017068e+03  2.64957400e+03  8.80000000e-02  2.74570000e+01
 -1.65399937e+03  2.65496800e+03  8.80000000e-02  2.74550000e+01
 -1.66293715e+03  2.66200500e+03  8.80000000e-02  2.73480000e+01
 -1.66398192e+03  2.66664100e+03  8.80000000e-02  2.71240000e+01
 -1.67099990e+03  2.67539700e+03  8.80000000e-02  2.68080000e+01
 -1.67411121e+03  2.68146100e+03  8.80000000e-02  2.65990000e+01
 -1.67558876e+03  2.68564300e+03  8.80000000e-02  2.65840000e+01
 -1.67617893e+03  2.69268000e+03  8.80000000e-02  2.62320000e+01
 -1.68569047e+03  2.69380400e+03  8.80000000e-02  2.62470000e+01
 -1.68861423e+03  2.69611700e+03  8.80000000e-02  2.62470000e+01
 -1.69926828e+03  2.69931500e+03  8.80000000e-02  2.62560000e+01
 -1.70115295e+03  2.70074200e+03  8.80000000e-02  2.65140000e+01
 -1.70411461e+03  2.70216900e+03  8.80000000e-02  2.65130000e+01
 -1.70682260e+03  2.70703200e+03  8.80000000e-02  2.64170000e+01
 -1.70697135e+03  2.71010200e+03  8.80000000e-02  2.65040000e+01
 -1.71200971e+03  2.71242500e+03  8.80000000e-02  2.65040000e+01
 -1.71224508e+03  2.71451100e+03  8.90000000e-02  2.64530000e+01
 -1.71572857e+03  2.72065100e+03  8.90000000e-02  2.64200000e+01
 -1.71624002e+03  2.72327700e+03  8.90000000e-02  2.64000000e+01
 -1.72067508e+03  2.72747100e+03  8.90000000e-02  2.62950000e+01
 -1.72076964e+03  2.72815100e+03  8.90000000e-02  2.62950000e+01
 -1.72443061e+03  2.73211800e+03  8.90000000e-02  2.62830000e+01
 -1.72514799e+03  2.73420400e+03  8.90000000e-02  2.62810000e+01
 -1.72971711e+03  2.73749000e+03  8.90000000e-02  2.62870000e+01
 -1.73604561e+03  2.74122900e+03  8.90000000e-02  2.62510000e+01
 -1.74530000e+03  2.74429900e+03  8.90000000e-02  2.61610000e+01
 -1.75769861e+03  2.74869800e+03  8.90000000e-02  2.61450000e+01
 -1.75760867e+03  2.75363800e+03  8.90000000e-02  2.58620000e+01
 -1.76937798e+03  2.75683600e+03  8.90000000e-02  2.58670000e+01
 -1.77186464e+03  2.76168900e+03  8.90000000e-02  2.58590000e+01
 -1.78051221e+03  2.76684400e+03  8.90000000e-02  2.58590000e+01
 -1.78280194e+03  2.76894100e+03  8.90000000e-02  2.58590000e+01
 -1.78429577e+03  2.77402000e+03  8.90000000e-02  2.57510000e+01
 -1.78495174e+03  2.77709000e+03  8.90000000e-02  2.56670000e+01
 -1.78542122e+03  2.77730600e+03  8.90000000e-02  2.58020000e+01
 -1.78519615e+03  2.78037600e+03  8.90000000e-02  2.57310000e+01
 -1.81145954e+03  2.78575800e+03  8.90000000e-02  2.57070000e+01
 -1.81256688e+03  2.78994100e+03  8.90000000e-02  2.56700000e+01
 -1.81497089e+03  2.79159400e+03  8.90000000e-02  2.56700000e+01
 -1.82589360e+03  2.79555000e+03  9.00000000e-02  2.56440000e+01
 -1.82838541e+03  2.80070600e+03  9.00000000e-02  2.56440000e+01
 -1.83934378e+03  2.80421900e+03  9.00000000e-02  2.58090000e+01
 -1.83987179e+03  2.80654200e+03  9.00000000e-02  2.58090000e+01
 -1.84115561e+03  2.80996800e+03  9.00000000e-02  2.57970000e+01
 -1.84179291e+03  2.81392300e+03  9.00000000e-02  2.56630000e+01
 -1.85088621e+03  2.81525200e+03  9.00000000e-02  2.56610000e+01
 -1.85401162e+03  2.81854900e+03  9.00000000e-02  2.55630000e+01
 -1.85553886e+03  2.82131500e+03  9.00000000e-02  2.54540000e+01
 -1.86082210e+03  2.82318500e+03  9.00000000e-02  2.55660000e+01
 -1.86229172e+03  2.82528200e+03  9.00000000e-02  2.55190000e+01
 -1.86411235e+03  2.82812500e+03  8.90000000e-02  2.55160000e+01
 -1.86390097e+03  2.83110700e+03  8.90000000e-02  2.53460000e+01
 -1.86910903e+03  2.83365800e+03  8.90000000e-02  2.53430000e+01
 -1.87869124e+03  2.83882400e+03  8.90000000e-02  2.52870000e+01
 -1.87996195e+03  2.84106100e+03  8.90000000e-02  2.52880000e+01
 -1.88149466e+03  2.84533100e+03  8.90000000e-02  2.51530000e+01
 -1.89152530e+03  2.85302600e+03  8.90000000e-02  2.49200000e+01
 -1.89289150e+03  2.85773900e+03  8.90000000e-02  2.46340000e+01
 -1.91259982e+03  2.86246300e+03  8.90000000e-02  2.45970000e+01
 -1.91310241e+03  2.86597500e+03  8.90000000e-02  2.45280000e+01
 -1.91370665e+03  2.86875300e+03  8.90000000e-02  2.44250000e+01
 -1.91933703e+03  2.87556300e+03  8.90000000e-02  2.41830000e+01
 -1.92137560e+03  2.87961600e+03  8.90000000e-02  2.41600000e+01
 -1.92150889e+03  2.88237200e+03  8.90000000e-02  2.40660000e+01
 -1.92723614e+03  2.88259900e+03  8.90000000e-02  2.42380000e+01
 -1.93180625e+03  2.88446900e+03  8.90000000e-02  2.42260000e+01
 -1.93829173e+03  2.88896500e+03  8.90000000e-02  2.42260000e+01
 -1.94009018e+03  2.89336400e+03  9.00000000e-02  2.40070000e+01
 -1.93984135e+03  2.89260700e+03  9.00000000e-02  2.40890000e+01
 -1.94137449e+03  2.89447700e+03  9.00000000e-02  2.40890000e+01
 -1.94448526e+03  2.89558900e+03  9.00000000e-02  2.40630000e+01
 -1.94692696e+03  2.89931800e+03  9.00000000e-02  2.40630000e+01
 -1.94645731e+03  2.90230100e+03  9.00000000e-02  2.39640000e+01
 -1.94748000e+03  2.90529400e+03  9.00000000e-02  2.39350000e+01
 -1.95213833e+03  2.90747800e+03  9.00000000e-02  2.39340000e+01
 -1.95338503e+03  2.91122800e+03  9.20000000e-02  2.39030000e+01
 -1.95360962e+03  2.91222300e+03  9.20000000e-02  2.38620000e+01
 -1.96654385e+03  2.91378900e+03  9.20000000e-02  2.38980000e+01
 -1.96697886e+03  2.91708600e+03  9.20000000e-02  2.37570000e+01
 -1.96775998e+03  2.92015600e+03  9.20000000e-02  2.35760000e+01
 -1.97265251e+03  2.92255500e+03  9.10000000e-02  2.35730000e+01
 -1.97177269e+03  2.92352800e+03  9.10000000e-02  2.35430000e+01
 -1.97387557e+03  2.92562500e+03  9.10000000e-02  2.35490000e+01
 -1.98128267e+03  2.92913800e+03  9.10000000e-02  2.35490000e+01
 -1.98428391e+03  2.93452100e+03  9.10000000e-02  2.34760000e+01
 -1.98760582e+03  2.93453200e+03  9.10000000e-02  2.34740000e+01
 -1.98966593e+03  2.93751400e+03  9.10000000e-02  2.34860000e+01
 -1.98967412e+03  2.93774100e+03  9.10000000e-02  2.34900000e+01
 -1.99281203e+03  2.94005400e+03  9.10000000e-02  2.35350000e+01
 -2.00396547e+03  2.94422600e+03  9.10000000e-02  2.35350000e+01
 -2.00670962e+03  2.94609600e+03  9.10000000e-02  2.35350000e+01
 -2.00948310e+03  2.94864600e+03  9.10000000e-02  2.35290000e+01
 -2.01013514e+03  2.94955300e+03  9.10000000e-02  2.35290000e+01
 -2.02024895e+03  2.95635200e+03  9.10000000e-02  2.33300000e+01
 -2.02946092e+03  2.95933400e+03  9.10000000e-02  2.31430000e+01
 -2.03333635e+03  2.96045800e+03  9.10000000e-02  2.31090000e+01
 -2.03813771e+03  2.96615500e+03  9.00000000e-02  2.30350000e+01
 -2.04944152e+03  2.96846800e+03  9.00000000e-02  2.30330000e+01
 -2.05286577e+03  2.97243500e+03  9.00000000e-02  2.30130000e+01
 -2.05660441e+03  2.97400100e+03  9.00000000e-02  2.30090000e+01
 -2.06695253e+03  2.97786900e+03  9.00000000e-02  2.30090000e+01
 -2.06568320e+03  2.97959900e+03  9.00000000e-02  2.30090000e+01
 -2.06626740e+03  2.97982600e+03  9.00000000e-02  2.30090000e+01
 -2.06635727e+03  2.98125300e+03  9.00000000e-02  2.29440000e+01
 -2.06643398e+03  2.98140300e+03  9.00000000e-02  2.29330000e+01
 -2.07235156e+03  2.98208400e+03  9.00000000e-02  2.29310000e+01
 -2.07556279e+03  2.98276400e+03  9.00000000e-02  2.29910000e+01
 -2.07538404e+03  2.98134800e+03  9.10000000e-02  2.30150000e+01
 -2.08368214e+03  2.98277500e+03  9.10000000e-02  2.29540000e+01
 -2.10106279e+03  2.98345500e+03  9.10000000e-02  2.29560000e+01
 -2.10096875e+03  2.98436300e+03  9.10000000e-02  2.29550000e+01
 -2.10503509e+03  2.98809200e+03  9.10000000e-02  2.28830000e+01
 -2.10622529e+03  2.99227400e+03  9.10000000e-02  2.28530000e+01
 -2.10945208e+03  2.99757000e+03  9.10000000e-02  2.28200000e+01
 -2.10980712e+03  2.99832700e+03  9.10000000e-02  2.29490000e+01
 -2.11042001e+03  2.99878100e+03  9.10000000e-02  2.29490000e+01
 -2.11898974e+03  3.00297400e+03  9.10000000e-02  2.27890000e+01
 -2.12129550e+03  3.00737300e+03  9.10000000e-02  2.27510000e+01
 -2.12277583e+03  3.00947000e+03  9.10000000e-02  2.27000000e+01
 -2.13184893e+03  3.01432200e+03  9.10000000e-02  2.26930000e+01
 -2.13845437e+03  3.02014800e+03  9.10000000e-02  2.25490000e+01
 -2.13926117e+03  3.02299100e+03  9.10000000e-02  2.25010000e+01
 -2.14196565e+03  3.02313000e+03  9.10000000e-02  2.25940000e+01
 -2.14398963e+03  3.02860000e+03  9.10000000e-02  2.25070000e+01
 -2.14882409e+03  3.03389600e+03  9.10000000e-02  2.24330000e+01
 -2.14924868e+03  3.03665200e+03  9.10000000e-02  2.22680000e+01
 -2.14978377e+03  3.04181900e+03  9.10000000e-02  2.21410000e+01
 -2.16115016e+03  3.04734200e+03  9.10000000e-02  2.20260000e+01
 -2.16628854e+03  3.04943800e+03  9.10000000e-02  2.20260000e+01
 -2.16628854e+03  3.04943800e+03  9.10000000e-02  2.20260000e+01
 -2.16587189e+03  3.05153500e+03  9.40000000e-02  2.18190000e+01
 -2.16602547e+03  3.05153500e+03  9.40000000e-02  2.18190000e+01
 -2.16706440e+03  3.05623700e+03  9.50000000e-02  2.18190000e+01
 -2.16788213e+03  3.05930700e+03  9.50000000e-02  2.18190000e+01
 -2.16939474e+03  3.06251600e+03  9.50000000e-02  2.17280000e+01
 -2.17038797e+03  3.06385600e+03  9.50000000e-02  2.17220000e+01
 -2.17066536e+03  3.06429900e+03  9.50000000e-02  2.17220000e+01
 -2.17066536e+03  3.06429900e+03  9.50000000e-02  2.17220000e+01
 -2.18159316e+03  3.06639500e+03  9.50000000e-02  2.17280000e+01
 -2.18194488e+03  3.06639500e+03  9.50000000e-02  2.17280000e+01
 -2.17834899e+03  3.06706500e+03  9.40000000e-02  2.17280000e+01
 -2.17853168e+03  3.06969200e+03  9.40000000e-02  2.16460000e+01
 -2.18122998e+03  3.07329200e+03  9.40000000e-02  2.17080000e+01
 -2.18122998e+03  3.07329200e+03  9.40000000e-02  2.17080000e+01
 -2.18190032e+03  3.07614500e+03  9.40000000e-02  2.17080000e+01
 -2.18712771e+03  3.08054400e+03  9.40000000e-02  2.16700000e+01
 -2.18712928e+03  3.08010100e+03  9.40000000e-02  2.17200000e+01
 -2.18887442e+03  3.08308400e+03  9.50000000e-02  2.16920000e+01
 -2.19245870e+03  3.08629300e+03  9.50000000e-02  2.16900000e+01
 -2.19313310e+03  3.08652000e+03  9.40000000e-02  2.16860000e+01
 -2.19161111e+03  3.08486500e+03  9.50000000e-02  2.16920000e+01
 -2.19161111e+03  3.08486500e+03  9.50000000e-02  2.16920000e+01
 -2.19786846e+03  3.08321100e+03  9.50000000e-02  2.17420000e+01
 -2.19949479e+03  3.08641000e+03  9.50000000e-02  2.17290000e+01
 -2.21693547e+03  3.08454000e+03  9.50000000e-02  2.18250000e+01
 -2.21784098e+03  3.08836700e+03  9.50000000e-02  2.16780000e+01
 -2.22493593e+03  3.09136000e+03  9.50000000e-02  2.16820000e+01
 -2.22705851e+03  3.09510000e+03  9.50000000e-02  2.16660000e+01
 -2.23672974e+03  3.09853600e+03  9.50000000e-02  2.16190000e+01
 -2.23681234e+03  3.10009200e+03  9.50000000e-02  2.15530000e+01
 -2.23977976e+03  3.10681500e+03  9.40000000e-02  2.14620000e+01
 -2.24023784e+03  3.10801500e+03  9.40000000e-02  2.14620000e+01
 -2.24023784e+03  3.10801500e+03  9.40000000e-02  2.14620000e+01
 -2.24421262e+03  3.11363600e+03  9.70000000e-02  2.13100000e+01
 -2.24801870e+03  3.11406800e+03  9.70000000e-02  2.13710000e+01
 -2.24852254e+03  3.11539600e+03  9.70000000e-02  2.13630000e+01
 -2.25083155e+03  3.11530900e+03  9.90000000e-02  2.13500000e+01
 -2.25180219e+03  3.11739500e+03  9.90000000e-02  2.13400000e+01
 -2.25596600e+03  3.12083100e+03  1.06000000e-01  2.13430000e+01
 -2.25817601e+03  3.12405200e+03  1.06000000e-01  2.12390000e+01
 -2.26029803e+03  3.12555500e+03  1.06000000e-01  2.12460000e+01
 -2.26634907e+03  3.12853800e+03  1.07000000e-01  2.12230000e+01
 -2.28116648e+03  3.13152000e+03  1.07000000e-01  2.13030000e+01
 -2.28332095e+03  3.13120600e+03  1.07000000e-01  2.12930000e+01
 -2.28332095e+03  3.13120600e+03  1.07000000e-01  2.12930000e+01
 -2.27908713e+03  3.13253400e+03  1.08000000e-01  2.11710000e+01
 -2.28641189e+03  3.13783000e+03  1.07000000e-01  2.11540000e+01
 -2.28641189e+03  3.13783000e+03  1.07000000e-01  2.11540000e+01
 -2.28641189e+03  3.13783000e+03  1.07000000e-01  2.11540000e+01
 -2.28641189e+03  3.13783000e+03  1.07000000e-01  2.11540000e+01
 -2.28532596e+03  3.13805700e+03  1.07000000e-01  2.11320000e+01
 -2.28537693e+03  3.13828400e+03  1.07000000e-01  2.10840000e+01
 -2.28209277e+03  3.13664100e+03  1.07000000e-01  2.11290000e+01
 -2.28430606e+03  3.13962300e+03  1.07000000e-01  2.10020000e+01
 -2.28468693e+03  3.14051000e+03  1.07000000e-01  2.09590000e+01
 -2.28507706e+03  3.14379500e+03  1.07000000e-01  2.08950000e+01
 -2.27895057e+03  3.14169800e+03  1.06000000e-01  2.09100000e+01
 -2.27982657e+03  3.14334100e+03  1.06000000e-01  2.08830000e+01
 -2.27993059e+03  3.14334100e+03  1.06000000e-01  2.08820000e+01
 -2.27986550e+03  3.14500500e+03  1.06000000e-01  2.08650000e+01
 -2.28371135e+03  3.14754500e+03  1.06000000e-01  2.07620000e+01
 -2.27493710e+03  3.14843100e+03  1.06000000e-01  2.07600000e+01
 -2.28137385e+03  3.15185600e+03  1.06000000e-01  2.07140000e+01
 -2.28147983e+03  3.15118600e+03  1.05000000e-01  2.08470000e+01
 -2.28702819e+03  3.15426700e+03  1.05000000e-01  2.08450000e+01
 -2.28825141e+03  3.15756300e+03  1.06000000e-01  2.08050000e+01
 -2.29142276e+03  3.15406100e+03  1.06000000e-01  2.09280000e+01
 -2.29263600e+03  3.15758400e+03  1.06000000e-01  2.09000000e+01
 -2.29283668e+03  3.15802700e+03  1.06000000e-01  2.09000000e+01
 -2.29450376e+03  3.15861000e+03  1.07000000e-01  2.09230000e+01
 -2.29450376e+03  3.15861000e+03  1.07000000e-01  2.09230000e+01
 -2.29108691e+03  3.15927900e+03  1.07000000e-01  2.08420000e+01
 -2.29567458e+03  3.16113800e+03  1.07000000e-01  2.07910000e+01
 -2.29609748e+03  3.16158100e+03  1.08000000e-01  2.07910000e+01
 -2.29609748e+03  3.16158100e+03  1.08000000e-01  2.07910000e+01
 -2.29721396e+03  3.16202400e+03  1.08000000e-01  2.07900000e+01
 -2.30018942e+03  3.16598000e+03  1.08000000e-01  2.06760000e+01
 -2.30068659e+03  3.16599100e+03  1.08000000e-01  2.06620000e+01
 -2.30388522e+03  3.16861800e+03  1.08000000e-01  2.06380000e+01
 -2.31115436e+03  3.17302700e+03  1.07000000e-01  2.04880000e+01
 -2.32618774e+03  3.17644200e+03  1.07000000e-01  2.04820000e+01
 -2.32592529e+03  3.17502600e+03  1.07000000e-01  2.05520000e+01
 -2.32662051e+03  3.17757700e+03  1.07000000e-01  2.03110000e+01
 -2.32673032e+03  3.17660300e+03  1.07000000e-01  2.03590000e+01
 -2.32790836e+03  3.17959700e+03  1.07000000e-01  2.02430000e+01
 -2.32930407e+03  3.18079700e+03  1.07000000e-01  2.01280000e+01
 -2.33542946e+03  3.18595300e+03  1.06000000e-01  2.00580000e+01
 -2.33557761e+03  3.18759600e+03  1.07000000e-01  1.99930000e+01
 -2.33667277e+03  3.18828700e+03  1.06000000e-01  1.99840000e+01
 -2.33460963e+03  3.18851400e+03  1.04000000e-01  1.99100000e+01
 -2.33493176e+03  3.19202700e+03  1.04000000e-01  1.98490000e+01
 -2.33520097e+03  3.19173400e+03  1.04000000e-01  1.99360000e+01
 -2.33546215e+03  3.19218800e+03  1.03000000e-01  1.99460000e+01
 -2.33855242e+03  3.19547400e+03  1.03000000e-01  1.98870000e+01
 -2.33935556e+03  3.19743100e+03  1.04000000e-01  1.98370000e+01
 -2.33989160e+03  3.19802400e+03  1.03000000e-01  1.97720000e+01
 -2.34341638e+03  3.19967800e+03  1.03000000e-01  1.97450000e+01
 -2.34355044e+03  3.20163500e+03  1.03000000e-01  1.96290000e+01
 -2.35239405e+03  3.20319100e+03  1.03000000e-01  1.96290000e+01
 -2.35239405e+03  3.20319100e+03  1.03000000e-01  1.96290000e+01
 -2.35451500e+03  3.20790400e+03  1.03000000e-01  1.95880000e+01
 -2.35451500e+03  3.20790400e+03  1.03000000e-01  1.95880000e+01
 -2.35760909e+03  3.21274600e+03  1.03000000e-01  1.95400000e+01
 -2.35983580e+03  3.21393500e+03  1.03000000e-01  1.95640000e+01
 -2.36680134e+03  3.21691800e+03  1.03000000e-01  1.95700000e+01
 -2.36680134e+03  3.21691800e+03  1.03000000e-01  1.95700000e+01
 -2.36582596e+03  3.21580400e+03  1.03000000e-01  1.95060000e+01
 -2.36582596e+03  3.21580400e+03  1.03000000e-01  1.95060000e+01
 -2.36582596e+03  3.21580400e+03  1.03000000e-01  1.95060000e+01
 -2.37049630e+03  3.21820500e+03  1.03000000e-01  1.95060000e+01
 -2.37525276e+03  3.22111100e+03  1.04000000e-01  1.94100000e+01
 -2.37525276e+03  3.22111100e+03  1.04000000e-01  1.94100000e+01
 -2.38113483e+03  3.22650500e+03  1.03000000e-01  1.93180000e+01
 -2.38063349e+03  3.22621200e+03  1.03000000e-01  1.93170000e+01
 -2.38098488e+03  3.22710800e+03  1.03000000e-01  1.93080000e+01
 -2.38098488e+03  3.22710800e+03  1.03000000e-01  1.93080000e+01
 -2.38235783e+03  3.23063200e+03  1.03000000e-01  1.92650000e+01
 -2.38633964e+03  3.23107500e+03  1.03000000e-01  1.91910000e+01
 -2.38757420e+03  3.23272900e+03  1.03000000e-01  1.91950000e+01
 -2.38928530e+03  3.23550600e+03  1.03000000e-01  1.91740000e+01
 -2.39765260e+03  3.24014300e+03  1.03000000e-01  1.91190000e+01
 -2.39765260e+03  3.24014300e+03  1.03000000e-01  1.91190000e+01
 -2.39805113e+03  3.24104000e+03  1.03000000e-01  1.91990000e+01
 -2.40271751e+03  3.24224000e+03  1.03000000e-01  1.91910000e+01
 -2.41797285e+03  3.24754600e+03  1.03000000e-01  1.88870000e+01
 -2.41797285e+03  3.24754600e+03  1.03000000e-01  1.88870000e+01
 -2.41783946e+03  3.24821600e+03  1.03000000e-01  1.88870000e+01
 -2.41820444e+03  3.25075500e+03  1.03000000e-01  1.88540000e+01
 -2.41820444e+03  3.25075500e+03  1.03000000e-01  1.88540000e+01
 -2.41820444e+03  3.25075500e+03  1.03000000e-01  1.88540000e+01
 -2.42359868e+03  3.25143600e+03  1.03000000e-01  1.88540000e+01
 -2.42377365e+03  3.25374800e+03  1.03000000e-01  1.87460000e+01
 -2.42794273e+03  3.25682900e+03  1.03000000e-01  1.87450000e+01
 -2.42849322e+03  3.25981200e+03  1.03000000e-01  1.86340000e+01
 -2.42894581e+03  3.26221200e+03  1.04000000e-01  1.86190000e+01
 -2.42894581e+03  3.26221200e+03  1.04000000e-01  1.86190000e+01
 -2.42894581e+03  3.26221200e+03  1.04000000e-01  1.86190000e+01
 -2.42774641e+03  3.26244900e+03  1.04000000e-01  1.86170000e+01
 -2.42994482e+03  3.26730200e+03  1.04000000e-01  1.84720000e+01
 -2.43094580e+03  3.26707500e+03  1.04000000e-01  1.85100000e+01
 -2.43135132e+03  3.26850100e+03  1.04000000e-01  1.85540000e+01
 -2.43584848e+03  3.27005700e+03  1.04000000e-01  1.85520000e+01
 -2.43494863e+03  3.27139700e+03  1.04000000e-01  1.85000000e+01
 -2.43761213e+03  3.27436800e+03  1.04000000e-01  1.84720000e+01
 -2.43709753e+03  3.27526500e+03  1.04000000e-01  1.84610000e+01
 -2.43742435e+03  3.27616200e+03  1.04000000e-01  1.84530000e+01
 -2.43742435e+03  3.27616200e+03  1.04000000e-01  1.84530000e+01
 -2.43742435e+03  3.27616200e+03  1.04000000e-01  1.84530000e+01
 -2.44214170e+03  3.27705800e+03  1.04000000e-01  1.84530000e+01
 -2.44255841e+03  3.27860300e+03  1.03000000e-01  1.84720000e+01
 -2.44284476e+03  3.28068900e+03  1.03000000e-01  1.84540000e+01
 -2.44358860e+03  3.28202900e+03  1.03000000e-01  1.84330000e+01
 -2.44923722e+03  3.28128200e+03  1.03000000e-01  1.84240000e+01
 -2.44831094e+03  3.28083900e+03  1.03000000e-01  1.84260000e+01
 -2.44875245e+03  3.28194100e+03  1.03000000e-01  1.84400000e+01
 -2.44863654e+03  3.28283800e+03  1.03000000e-01  1.84370000e+01
 -2.44850164e+03  3.28306400e+03  1.03000000e-01  1.83770000e+01
 -2.45940483e+03  3.28417700e+03  1.03000000e-01  1.83770000e+01
 -2.47014331e+03  3.28770000e+03  1.03000000e-01  1.83850000e+01
 -2.47153219e+03  3.28695400e+03  1.04000000e-01  1.83970000e+01
 -2.47248024e+03  3.28830400e+03  1.04000000e-01  1.83910000e+01
 -2.47248024e+03  3.28830400e+03  1.04000000e-01  1.83910000e+01
 -2.47601641e+03  3.29093100e+03  1.04000000e-01  1.83760000e+01
 -2.47995081e+03  3.28861800e+03  1.04000000e-01  1.84440000e+01
 -2.49838202e+03  3.28996800e+03  1.04000000e-01  1.84460000e+01
 -2.49838202e+03  3.28996800e+03  1.04000000e-01  1.84460000e+01
 -2.49896925e+03  3.29019500e+03  1.04000000e-01  1.85170000e+01
 -2.49896925e+03  3.29019500e+03  1.04000000e-01  1.85170000e+01
 -2.50449330e+03  3.29183800e+03  1.04000000e-01  1.85130000e+01
 -2.51213707e+03  3.29811800e+03  1.04000000e-01  1.84600000e+01
 -2.51834780e+03  3.29977200e+03  1.04000000e-01  1.84470000e+01
 -2.52106326e+03  3.30088500e+03  1.04000000e-01  1.83120000e+01
 -2.52796013e+03  3.30635500e+03  1.04000000e-01  1.81650000e+01
 -2.52796013e+03  3.30635500e+03  1.04000000e-01  1.81650000e+01
 -2.52758600e+03  3.30359900e+03  1.04000000e-01  1.83150000e+01
 -2.52758600e+03  3.30359900e+03  1.04000000e-01  1.83150000e+01
 -2.52996042e+03  3.30538200e+03  1.04000000e-01  1.83160000e+01
 -2.53372548e+03  3.30231100e+03  1.04000000e-01  1.83230000e+01
 -2.54349541e+03  3.30289400e+03  1.04000000e-01  1.84120000e+01
 -2.54685761e+03  3.30819000e+03  1.04000000e-01  1.83400000e+01
 -2.54966788e+03  3.30949700e+03  1.04000000e-01  1.83320000e+01
 -2.55013376e+03  3.31114000e+03  1.04000000e-01  1.83890000e+01
 -2.56361863e+03  3.31268500e+03  1.04000000e-01  1.83890000e+01
 -2.57104566e+03  3.31432700e+03  1.04000000e-01  1.85880000e+01
 -2.57104566e+03  3.31432700e+03  1.04000000e-01  1.85880000e+01
 -2.57006548e+03  3.31380800e+03  1.03000000e-01  1.85680000e+01
 -2.57006548e+03  3.31380800e+03  1.03000000e-01  1.85680000e+01
 -2.57012718e+03  3.31073700e+03  1.03000000e-01  1.87970000e+01
 -2.57012718e+03  3.31073700e+03  1.03000000e-01  1.87970000e+01
 -2.57435246e+03  3.31095400e+03  1.03000000e-01  1.87970000e+01
 -2.57875323e+03  3.31513600e+03  1.03000000e-01  1.86330000e+01
 -2.57933679e+03  3.31744900e+03  1.03000000e-01  1.86230000e+01
 -2.57933679e+03  3.31744900e+03  1.03000000e-01  1.86230000e+01
 -2.57933679e+03  3.31744900e+03  1.03000000e-01  1.86230000e+01
 -2.57933679e+03  3.31744900e+03  1.03000000e-01  1.86230000e+01
 -2.57933679e+03  3.31744900e+03  1.03000000e-01  1.86230000e+01
 -2.58627432e+03  3.32088600e+03  1.03000000e-01  1.85400000e+01
 -2.58732139e+03  3.32275500e+03  1.03000000e-01  1.85050000e+01
 -2.58732139e+03  3.32275500e+03  1.03000000e-01  1.85050000e+01
 -2.58789879e+03  3.32431100e+03  1.02000000e-01  1.84720000e+01
 -2.59405466e+03  3.32706700e+03  1.02000000e-01  1.84720000e+01
 -2.59414171e+03  3.32324000e+03  1.02000000e-01  1.85560000e+01
 -2.60167323e+03  3.32392000e+03  1.02000000e-01  1.85510000e+01
 -2.60858858e+03  3.32480600e+03  1.02000000e-01  1.84940000e+01
 -2.61054686e+03  3.32756200e+03  1.04000000e-01  1.84600000e+01
 -2.61362483e+03  3.32897800e+03  1.04000000e-01  1.84490000e+01
 -2.61512166e+03  3.33062100e+03  1.04000000e-01  1.84040000e+01
 -2.61512166e+03  3.33062100e+03  1.04000000e-01  1.84040000e+01
 -2.61512166e+03  3.33062100e+03  1.04000000e-01  1.84040000e+01
 -2.62715673e+03  3.33503100e+03  1.04000000e-01  1.84040000e+01
 -2.62715673e+03  3.33503100e+03  1.04000000e-01  1.84040000e+01
 -2.62715673e+03  3.33503100e+03  1.04000000e-01  1.84040000e+01
 -2.62624249e+03  3.33878100e+03  1.04000000e-01  1.83770000e+01
 -2.63078885e+03  3.34318000e+03  1.04000000e-01  1.83670000e+01
 -2.63197151e+03  3.34626100e+03  1.04000000e-01  1.83290000e+01
 -2.63247167e+03  3.34669300e+03  1.04000000e-01  1.83350000e+01
 -2.63247167e+03  3.34669300e+03  1.04000000e-01  1.83350000e+01
 -2.63247167e+03  3.34669300e+03  1.04000000e-01  1.83350000e+01
 -2.63220507e+03  3.35043300e+03  1.04000000e-01  1.83010000e+01
 -2.63413928e+03  3.35260600e+03  1.04000000e-01  1.82970000e+01
 -2.63470502e+03  3.35567600e+03  1.04000000e-01  1.82750000e+01
 -2.63470502e+03  3.35567600e+03  1.04000000e-01  1.82750000e+01
 -2.63859313e+03  3.35673600e+03  1.04000000e-01  1.82900000e+01
 -2.63859313e+03  3.35673600e+03  1.04000000e-01  1.82900000e+01
 -2.63876452e+03  3.35643200e+03  1.04000000e-01  1.83980000e+01
 -2.64425470e+03  3.35785900e+03  1.04000000e-01  1.83980000e+01
 -2.64420210e+03  3.35554600e+03  1.04000000e-01  1.85190000e+01
 -2.64431314e+03  3.35576200e+03  1.04000000e-01  1.85840000e+01
 -2.64431314e+03  3.35576200e+03  1.04000000e-01  1.85840000e+01
 -2.64207739e+03  3.35696200e+03  1.05000000e-01  1.84640000e+01
 -2.64207739e+03  3.35696200e+03  1.05000000e-01  1.84640000e+01
 -2.64262734e+03  3.35981600e+03  1.05000000e-01  1.84450000e+01
 -2.64262734e+03  3.35981600e+03  1.05000000e-01  1.84450000e+01
 -2.64852994e+03  3.36235500e+03  1.05000000e-01  1.84450000e+01
 -2.64852994e+03  3.36235500e+03  1.05000000e-01  1.84450000e+01
 -2.64853510e+03  3.36377200e+03  1.05000000e-01  1.84150000e+01
 -2.65627626e+03  3.36368400e+03  1.05000000e-01  1.84740000e+01
 -2.66039493e+03  3.36698100e+03  1.05000000e-01  1.84740000e+01
 -2.66911733e+03  3.36765100e+03  1.05000000e-01  1.84740000e+01
 -2.67012070e+03  3.36906700e+03  1.05000000e-01  1.84740000e+01
 -2.67013120e+03  3.36907700e+03  1.05000000e-01  1.84700000e+01
 -2.67491383e+03  3.37117400e+03  1.05000000e-01  1.84820000e+01
 -2.67491383e+03  3.37117400e+03  1.05000000e-01  1.84820000e+01
 -2.67812193e+03  3.37455800e+03  1.04000000e-01  1.84400000e+01
 -2.67837213e+03  3.37589800e+03  1.04000000e-01  1.84010000e+01
 -2.68317470e+03  3.37821100e+03  1.04000000e-01  1.84010000e+01
 -2.68317470e+03  3.37821100e+03  1.04000000e-01  1.84010000e+01
 -2.68395443e+03  3.37910800e+03  1.04000000e-01  1.83350000e+01
 -2.69415529e+03  3.38157100e+03  1.04000000e-01  1.82880000e+01
 -2.69415529e+03  3.38157100e+03  1.04000000e-01  1.82880000e+01
 -2.69307038e+03  3.38397100e+03  1.04000000e-01  1.81020000e+01
 -2.69307038e+03  3.38397100e+03  1.04000000e-01  1.81020000e+01
 -2.69307038e+03  3.38397100e+03  1.04000000e-01  1.81020000e+01
 -2.69307038e+03  3.38397100e+03  1.04000000e-01  1.81020000e+01
 -2.69307038e+03  3.38397100e+03  1.04000000e-01  1.81020000e+01
 -2.69307038e+03  3.38397100e+03  1.04000000e-01  1.81020000e+01
 -2.69314969e+03  3.38485700e+03  1.04000000e-01  1.80890000e+01
 -2.69314969e+03  3.38485700e+03  1.04000000e-01  1.80890000e+01
 -2.70106635e+03  3.38343000e+03  1.04000000e-01  1.80950000e+01
 -2.70369648e+03  3.38410000e+03  1.04000000e-01  1.80950000e+01
 -2.70901418e+03  3.38521200e+03  1.04000000e-01  1.80840000e+01
 -2.71118105e+03  3.38676900e+03  1.04000000e-01  1.79910000e+01
 -2.71198055e+03  3.38810800e+03  1.04000000e-01  1.79670000e+01
 -2.71198055e+03  3.38810800e+03  1.04000000e-01  1.79670000e+01
 -2.71198055e+03  3.38810800e+03  1.04000000e-01  1.79670000e+01
 -2.71198055e+03  3.38810800e+03  1.04000000e-01  1.79670000e+01
 -2.71995803e+03  3.38789200e+03  1.04000000e-01  1.80880000e+01
 -2.72989191e+03  3.38908100e+03  1.04000000e-01  1.81490000e+01
 -2.72989191e+03  3.38908100e+03  1.04000000e-01  1.81490000e+01
 -2.72989191e+03  3.38908100e+03  1.04000000e-01  1.81490000e+01
 -2.72989191e+03  3.38908100e+03  1.04000000e-01  1.81490000e+01
 -2.72991455e+03  3.39095100e+03  1.04000000e-01  1.81290000e+01
 -2.72991455e+03  3.39095100e+03  1.04000000e-01  1.81290000e+01
 -2.72991455e+03  3.39095100e+03  1.04000000e-01  1.81290000e+01
 -2.73628585e+03  3.39447400e+03  1.04000000e-01  1.81290000e+01
 -2.73628585e+03  3.39447400e+03  1.04000000e-01  1.81290000e+01
 -2.73628585e+03  3.39447400e+03  1.04000000e-01  1.81290000e+01
 -2.73991556e+03  3.39492800e+03  1.04000000e-01  1.81640000e+01
 -2.74438383e+03  3.40023500e+03  1.04000000e-01  1.78430000e+01
 -2.74438383e+03  3.40023500e+03  1.04000000e-01  1.78430000e+01
 -2.74438383e+03  3.40023500e+03  1.04000000e-01  1.78430000e+01
 -2.74454733e+03  3.40025600e+03  1.03000000e-01  1.78520000e+01
 -2.74393473e+03  3.39868900e+03  1.03000000e-01  1.79330000e+01
 -2.74386717e+03  3.39848300e+03  1.03000000e-01  1.79330000e+01
 -2.74571179e+03  3.40125000e+03  1.03000000e-01  1.78670000e+01
 -2.74565792e+03  3.40148800e+03  1.03000000e-01  1.78760000e+01
 -2.74565792e+03  3.40148800e+03  1.03000000e-01  1.78760000e+01
 -2.74515049e+03  3.40082900e+03  1.03000000e-01  1.78300000e+01
 -2.74748822e+03  3.40501200e+03  1.03000000e-01  1.77000000e+01
 -2.74748822e+03  3.40501200e+03  1.03000000e-01  1.77000000e+01
 -2.75067842e+03  3.40828700e+03  1.03000000e-01  1.77010000e+01
 -2.75067842e+03  3.40828700e+03  1.03000000e-01  1.77010000e+01
 -2.75101749e+03  3.40828700e+03  1.03000000e-01  1.77250000e+01
 -2.75101749e+03  3.40828700e+03  1.03000000e-01  1.77250000e+01
 -2.75101749e+03  3.40828700e+03  1.03000000e-01  1.77250000e+01
 -2.75179736e+03  3.41202700e+03  1.03000000e-01  1.76200000e+01
 -2.75179736e+03  3.41202700e+03  1.03000000e-01  1.76200000e+01
 -2.75179736e+03  3.41202700e+03  1.03000000e-01  1.76200000e+01
 -2.75364153e+03  3.41412300e+03  1.03000000e-01  1.76200000e+01
 -2.75965501e+03  3.41667400e+03  1.03000000e-01  1.76160000e+01
 -2.76109116e+03  3.41623100e+03  1.03000000e-01  1.76620000e+01
 -2.76103457e+03  3.41524700e+03  1.03000000e-01  1.76680000e+01
 -2.76431279e+03  3.41778700e+03  1.03000000e-01  1.76630000e+01
 -2.76445734e+03  3.41943000e+03  1.03000000e-01  1.76470000e+01
 -2.77374397e+03  3.41965700e+03  1.03000000e-01  1.78830000e+01
 -2.78395213e+03  3.42063000e+03  1.03000000e-01  1.78960000e+01
 -2.78614220e+03  3.42316900e+03  1.03000000e-01  1.78960000e+01
 -2.79568290e+03  3.42569800e+03  1.03000000e-01  1.79080000e+01
 -2.79568290e+03  3.42569800e+03  1.03000000e-01  1.79080000e+01
 -2.79568290e+03  3.42569800e+03  1.03000000e-01  1.79080000e+01
 -2.79568290e+03  3.42569800e+03  1.03000000e-01  1.79080000e+01
 -2.79649942e+03  3.42877900e+03  1.03000000e-01  1.78620000e+01
 -2.79649942e+03  3.42877900e+03  1.03000000e-01  1.78620000e+01
 -2.79686269e+03  3.43184900e+03  1.04000000e-01  1.78590000e+01
 -2.79700978e+03  3.43656200e+03  1.04000000e-01  1.77130000e+01
 -2.79828011e+03  3.43820500e+03  1.04000000e-01  1.77130000e+01
 -2.79828011e+03  3.43820500e+03  1.04000000e-01  1.77130000e+01
 -2.80407553e+03  3.44050700e+03  1.04000000e-01  1.77710000e+01
 -2.80407553e+03  3.44050700e+03  1.04000000e-01  1.77710000e+01
 -2.80527479e+03  3.44082100e+03  1.04000000e-01  1.77680000e+01
 -2.80527479e+03  3.44082100e+03  1.04000000e-01  1.77680000e+01
 -2.80598384e+03  3.44194500e+03  1.04000000e-01  1.77710000e+01
 -2.80582387e+03  3.44237700e+03  1.04000000e-01  1.77710000e+01
 -2.80582886e+03  3.44148000e+03  1.02000000e-01  1.78870000e+01
 -2.80717120e+03  3.44160800e+03  1.02000000e-01  1.79910000e+01
 -2.80716785e+03  3.44303500e+03  1.02000000e-01  1.78920000e+01
 -2.80765056e+03  3.44490500e+03  1.02000000e-01  1.78920000e+01
 -2.80765056e+03  3.44490500e+03  1.02000000e-01  1.78920000e+01
 -2.80774627e+03  3.44722900e+03  1.02000000e-01  1.78480000e+01
 -2.80774627e+03  3.44722900e+03  1.02000000e-01  1.78480000e+01
 -2.81256565e+03  3.44810400e+03  1.02000000e-01  1.78460000e+01
 -2.81256565e+03  3.44810400e+03  1.02000000e-01  1.78460000e+01
 -2.81282014e+03  3.44855800e+03  1.02000000e-01  1.78460000e+01
 -2.81330304e+03  3.44945400e+03  1.02000000e-01  1.78170000e+01
 -2.81330304e+03  3.44945400e+03  1.02000000e-01  1.78170000e+01
 -2.81330304e+03  3.44945400e+03  1.02000000e-01  1.78170000e+01
 -2.81330304e+03  3.44945400e+03  1.02000000e-01  1.78170000e+01
 -2.81330304e+03  3.44945400e+03  1.02000000e-01  1.78170000e+01
 -2.81342695e+03  3.44825400e+03  1.02000000e-01  1.78980000e+01
 -2.81899758e+03  3.44825400e+03  1.02000000e-01  1.79540000e+01
 -2.81899758e+03  3.44825400e+03  1.02000000e-01  1.79540000e+01
 -2.81952850e+03  3.44540000e+03  1.02000000e-01  1.79750000e+01
 -2.82439162e+03  3.44629600e+03  1.01000000e-01  1.80110000e+01
 -2.82439162e+03  3.44629600e+03  1.01000000e-01  1.80110000e+01
 -2.82589783e+03  3.44500900e+03  1.02000000e-01  1.80390000e+01
 -2.82749918e+03  3.44282500e+03  1.02000000e-01  1.80390000e+01
 -2.82749918e+03  3.44282500e+03  1.02000000e-01  1.80390000e+01
 -2.82749918e+03  3.44282500e+03  1.02000000e-01  1.80390000e+01
 -2.82970437e+03  3.44373300e+03  1.02000000e-01  1.80390000e+01
 -2.82934559e+03  3.44306300e+03  1.02000000e-01  1.80060000e+01
 -2.83095977e+03  3.44524700e+03  1.02000000e-01  1.79860000e+01
 -2.83095977e+03  3.44524700e+03  1.02000000e-01  1.79860000e+01
 -2.83095977e+03  3.44524700e+03  1.02000000e-01  1.79860000e+01
 -2.83095977e+03  3.44524700e+03  1.02000000e-01  1.79860000e+01
 -2.83095977e+03  3.44524700e+03  1.02000000e-01  1.79860000e+01
 -2.83095977e+03  3.44524700e+03  1.02000000e-01  1.79860000e+01
 -2.83095977e+03  3.44524700e+03  1.02000000e-01  1.79860000e+01
 -2.83426539e+03  3.44690000e+03  1.02000000e-01  1.79610000e+01
 -2.83426539e+03  3.44690000e+03  1.02000000e-01  1.79610000e+01
 -2.83417266e+03  3.44788400e+03  1.02000000e-01  1.79150000e+01
 -2.83417266e+03  3.44788400e+03  1.02000000e-01  1.79150000e+01
 -2.83492611e+03  3.44899700e+03  1.02000000e-01  1.79170000e+01
 -2.83503955e+03  3.44867200e+03  1.02000000e-01  1.79320000e+01
 -2.83503955e+03  3.44867200e+03  1.02000000e-01  1.79320000e+01
 -2.83632712e+03  3.44889900e+03  1.02000000e-01  1.79280000e+01
 -2.83690340e+03  3.45209700e+03  1.02000000e-01  1.77920000e+01
 -2.83782231e+03  3.45650700e+03  1.02000000e-01  1.76420000e+01
 -2.83810110e+03  3.45650700e+03  1.02000000e-01  1.76930000e+01
 -2.83781632e+03  3.45673300e+03  1.01000000e-01  1.76640000e+01
 -2.83924055e+03  3.45869000e+03  1.01000000e-01  1.76690000e+01
 -2.83924055e+03  3.45869000e+03  1.01000000e-01  1.76690000e+01
 -2.85105239e+03  3.45763000e+03  1.01000000e-01  1.76560000e+01
 -2.85240510e+03  3.45971600e+03  1.01000000e-01  1.76590000e+01
 -2.85284706e+03  3.46368200e+03  1.01000000e-01  1.74590000e+01
 -2.85707562e+03  3.46666500e+03  1.01000000e-01  1.74510000e+01
 -2.85707562e+03  3.46666500e+03  1.01000000e-01  1.74510000e+01
 -2.86029019e+03  3.46643800e+03  1.01000000e-01  1.75500000e+01
 -2.86309600e+03  3.46787500e+03  1.01000000e-01  1.75930000e+01
 -2.86575881e+03  3.46877200e+03  1.01000000e-01  1.75930000e+01
 -2.86575881e+03  3.46877200e+03  1.01000000e-01  1.75930000e+01
 -2.86575881e+03  3.46877200e+03  1.01000000e-01  1.75930000e+01
 -2.86575881e+03  3.46877200e+03  1.01000000e-01  1.75930000e+01
 -2.86993412e+03  3.46988500e+03  1.01000000e-01  1.76090000e+01
 -2.86993412e+03  3.46988500e+03  1.01000000e-01  1.76090000e+01
 -2.87062938e+03  3.47108500e+03  1.01000000e-01  1.76060000e+01
 -2.87062938e+03  3.47108500e+03  1.01000000e-01  1.76060000e+01
 -2.87062938e+03  3.47108500e+03  1.01000000e-01  1.76060000e+01
 -2.87062938e+03  3.47108500e+03  1.01000000e-01  1.76060000e+01
 -2.87062938e+03  3.47108500e+03  1.01000000e-01  1.76060000e+01
 -2.87062938e+03  3.47108500e+03  1.01000000e-01  1.76060000e+01
 -2.87062938e+03  3.47108500e+03  1.01000000e-01  1.76060000e+01
 -2.87141305e+03  3.47593800e+03  1.01000000e-01  1.74360000e+01
 -2.87141305e+03  3.47593800e+03  1.01000000e-01  1.74360000e+01
 -2.87141305e+03  3.47593800e+03  1.01000000e-01  1.74360000e+01
 -2.87141305e+03  3.47593800e+03  1.01000000e-01  1.74360000e+01
 -2.87141305e+03  3.47593800e+03  1.01000000e-01  1.74360000e+01
 -2.87141305e+03  3.47593800e+03  1.01000000e-01  1.74360000e+01
 -2.87177990e+03  3.47584000e+03  1.01000000e-01  1.75140000e+01
 -2.87724556e+03  3.48092000e+03  1.01000000e-01  1.74590000e+01
 -2.87724556e+03  3.48092000e+03  1.01000000e-01  1.74590000e+01
 -2.87724556e+03  3.48092000e+03  1.01000000e-01  1.74590000e+01
 -2.87724556e+03  3.48092000e+03  1.01000000e-01  1.74590000e+01
 -2.87826001e+03  3.48234700e+03  1.01000000e-01  1.74590000e+01
 -2.87826001e+03  3.48234700e+03  1.01000000e-01  1.74590000e+01
 -2.87826001e+03  3.48234700e+03  1.01000000e-01  1.74590000e+01
 -2.87826001e+03  3.48234700e+03  1.01000000e-01  1.74590000e+01
 -2.87826001e+03  3.48234700e+03  1.01000000e-01  1.74590000e+01
 -2.87826001e+03  3.48234700e+03  1.01000000e-01  1.74590000e+01
 -2.87826001e+03  3.48234700e+03  1.01000000e-01  1.74590000e+01
 -2.87826001e+03  3.48234700e+03  1.01000000e-01  1.74590000e+01
 -2.87899172e+03  3.48390200e+03  1.01000000e-01  1.74540000e+01
 -2.87899172e+03  3.48390200e+03  1.01000000e-01  1.74540000e+01
 -2.87899172e+03  3.48390200e+03  1.01000000e-01  1.74540000e+01
 -2.87912231e+03  3.48741500e+03  1.01000000e-01  1.73000000e+01
 -2.87912231e+03  3.48741500e+03  1.01000000e-01  1.73000000e+01
 -2.88215630e+03  3.48928500e+03  1.01000000e-01  1.72830000e+01
 -2.88685559e+03  3.49258200e+03  1.01000000e-01  1.72710000e+01
 -2.88690127e+03  3.49215000e+03  1.01000000e-01  1.72850000e+01
 -2.88786353e+03  3.49050700e+03  1.01000000e-01  1.73000000e+01
 -2.89000779e+03  3.49326300e+03  1.01000000e-01  1.72950000e+01
 -2.89028132e+03  3.49379300e+03  1.01000000e-01  1.72950000e+01
 -2.89028132e+03  3.49379300e+03  1.01000000e-01  1.72950000e+01
 -2.89028132e+03  3.49379300e+03  1.01000000e-01  1.72950000e+01
 -2.89251281e+03  3.49468900e+03  1.02000000e-01  1.72960000e+01
 -2.89251281e+03  3.49468900e+03  1.02000000e-01  1.72960000e+01
 -2.89258003e+03  3.49350000e+03  1.02000000e-01  1.72980000e+01
 -2.90158706e+03  3.49438600e+03  1.02000000e-01  1.73020000e+01
 -2.90433877e+03  3.49482900e+03  1.02000000e-01  1.73010000e+01
 -2.90455831e+03  3.49746700e+03  1.02000000e-01  1.72200000e+01
 -2.90455831e+03  3.49746700e+03  1.02000000e-01  1.72200000e+01
 -2.90455831e+03  3.49746700e+03  1.02000000e-01  1.72200000e+01
 -2.90628814e+03  3.49501400e+03  1.02000000e-01  1.72200000e+01
 -2.90628814e+03  3.49501400e+03  1.02000000e-01  1.72200000e+01
 -2.91663113e+03  3.49643000e+03  1.02000000e-01  1.71240000e+01
 -2.92493315e+03  3.49641900e+03  1.02000000e-01  1.72250000e+01
 -2.92493315e+03  3.49641900e+03  1.02000000e-01  1.72250000e+01
 -2.92733628e+03  3.50181300e+03  1.02000000e-01  1.70250000e+01
 -2.92733628e+03  3.50181300e+03  1.02000000e-01  1.70250000e+01
 -2.92733628e+03  3.50181300e+03  1.02000000e-01  1.70250000e+01
 -2.92885800e+03  3.50314100e+03  1.02000000e-01  1.70240000e+01
 -2.92885800e+03  3.50314100e+03  1.02000000e-01  1.70240000e+01
 -2.92884236e+03  3.50555200e+03  1.03000000e-01  1.69150000e+01
 -2.92884236e+03  3.50555200e+03  1.03000000e-01  1.69150000e+01
 -2.92884236e+03  3.50555200e+03  1.03000000e-01  1.69150000e+01
 -2.93350377e+03  3.50666500e+03  1.03000000e-01  1.69150000e+01
 -2.93350377e+03  3.50666500e+03  1.03000000e-01  1.69150000e+01
 -2.93738133e+03  3.50337800e+03  1.03000000e-01  1.71080000e+01
 -2.93849616e+03  3.50734500e+03  1.03000000e-01  1.70280000e+01
 -2.93908059e+03  3.50854500e+03  1.03000000e-01  1.70210000e+01
 -2.94309417e+03  3.50899900e+03  1.03000000e-01  1.70220000e+01
 -2.94309417e+03  3.50899900e+03  1.03000000e-01  1.70220000e+01
 -2.94443544e+03  3.51131200e+03  1.03000000e-01  1.70220000e+01
 -2.94444661e+03  3.51131100e+03  1.03000000e-01  1.70220000e+01
 -2.94647014e+03  3.51340800e+03  1.03000000e-01  1.69890000e+01
 -2.94647014e+03  3.51340800e+03  1.03000000e-01  1.69890000e+01
 -2.95047213e+03  3.51660700e+03  1.03000000e-01  1.69210000e+01
 -2.95060880e+03  3.51563300e+03  1.03000000e-01  1.70460000e+01
 -2.95150695e+03  3.51692000e+03  1.03000000e-01  1.70790000e+01
 -2.95192958e+03  3.51735200e+03  1.03000000e-01  1.71920000e+01
 -2.95368635e+03  3.51812000e+03  1.03000000e-01  1.72020000e+01
 -2.95463955e+03  3.52020600e+03  1.03000000e-01  1.71960000e+01
 -2.95463955e+03  3.52020600e+03  1.03000000e-01  1.71960000e+01
 -2.96705871e+03  3.52110300e+03  1.03000000e-01  1.71880000e+01
 -2.96773113e+03  3.51990200e+03  1.03000000e-01  1.73290000e+01
 -2.97547821e+03  3.52332900e+03  1.03000000e-01  1.73310000e+01
 -2.97874536e+03  3.52332800e+03  1.03000000e-01  1.73520000e+01
 -2.99090825e+03  3.52617100e+03  1.03000000e-01  1.73520000e+01
 -2.99090825e+03  3.52617100e+03  1.03000000e-01  1.73520000e+01
 -2.99090825e+03  3.52617100e+03  1.03000000e-01  1.73520000e+01
 -2.99090825e+03  3.52617100e+03  1.03000000e-01  1.73520000e+01
 -2.99083087e+03  3.52473300e+03  1.03000000e-01  1.73820000e+01
 -2.99083087e+03  3.52473300e+03  1.03000000e-01  1.73820000e+01
 -2.99083087e+03  3.52473300e+03  1.03000000e-01  1.73820000e+01
 -2.99128715e+03  3.52451700e+03  1.03000000e-01  1.73790000e+01
 -2.99128715e+03  3.52451700e+03  1.03000000e-01  1.73790000e+01
 -2.99128715e+03  3.52451700e+03  1.03000000e-01  1.73790000e+01
 -2.99128715e+03  3.52451700e+03  1.03000000e-01  1.73790000e+01
 -2.99128715e+03  3.52451700e+03  1.03000000e-01  1.73790000e+01
 -3.00566465e+03  3.52825700e+03  1.03000000e-01  1.73780000e+01
 -3.00566465e+03  3.52825700e+03  1.03000000e-01  1.73780000e+01
 -3.00652473e+03  3.52872100e+03  1.03000000e-01  1.74730000e+01
 -3.00652473e+03  3.52872100e+03  1.03000000e-01  1.74730000e+01
 -3.00652473e+03  3.52872100e+03  1.03000000e-01  1.74730000e+01
 -3.00739508e+03  3.52916400e+03  1.03000000e-01  1.74670000e+01
 -3.00953121e+03  3.52939100e+03  1.03000000e-01  1.74670000e+01
 -3.00953121e+03  3.52939100e+03  1.03000000e-01  1.74670000e+01
 -3.00953121e+03  3.52939100e+03  1.03000000e-01  1.74670000e+01
 -3.00953121e+03  3.52939100e+03  1.03000000e-01  1.74670000e+01
 -3.00953121e+03  3.52939100e+03  1.03000000e-01  1.74670000e+01
 -3.00953121e+03  3.52939100e+03  1.03000000e-01  1.74670000e+01
 -3.00953121e+03  3.52939100e+03  1.03000000e-01  1.74670000e+01
 -3.00953121e+03  3.52939100e+03  1.03000000e-01  1.74670000e+01
 -3.01032033e+03  3.52939000e+03  1.03000000e-01  1.75060000e+01
 -3.01064654e+03  3.53258900e+03  1.03000000e-01  1.74600000e+01
 -3.01064654e+03  3.53258900e+03  1.03000000e-01  1.74600000e+01
 -3.01064654e+03  3.53258900e+03  1.03000000e-01  1.74600000e+01
 -3.01064654e+03  3.53258900e+03  1.03000000e-01  1.74600000e+01
 -3.01543832e+03  3.53311900e+03  1.03000000e-01  1.75280000e+01
 -3.01543832e+03  3.53311900e+03  1.03000000e-01  1.75280000e+01
 -3.01543832e+03  3.53311900e+03  1.03000000e-01  1.75280000e+01
 -3.01781411e+03  3.53797200e+03  1.03000000e-01  1.73820000e+01
 -3.02239835e+03  3.54260900e+03  1.03000000e-01  1.73240000e+01
 -3.02355856e+03  3.54372200e+03  1.03000000e-01  1.72970000e+01
 -3.02355856e+03  3.54372200e+03  1.03000000e-01  1.72970000e+01
 -3.02419753e+03  3.54252100e+03  1.03000000e-01  1.72730000e+01
 -3.02515661e+03  3.54340700e+03  1.03000000e-01  1.72710000e+01
 -3.02515661e+03  3.54340700e+03  1.03000000e-01  1.72710000e+01
 -3.02515661e+03  3.54340700e+03  1.03000000e-01  1.72710000e+01
 -3.02832599e+03  3.54706000e+03  1.03000000e-01  1.72420000e+01
 -3.03028612e+03  3.54764200e+03  1.03000000e-01  1.72300000e+01
 -3.03028612e+03  3.54764200e+03  1.03000000e-01  1.72300000e+01
 -3.03085784e+03  3.54548000e+03  1.03000000e-01  1.72270000e+01
 -3.03334504e+03  3.54592300e+03  1.03000000e-01  1.72110000e+01
 -3.03603485e+03  3.54876600e+03  1.03000000e-01  1.71700000e+01
 -3.03836697e+03  3.54958700e+03  1.03000000e-01  1.71150000e+01
 -3.03836697e+03  3.54958700e+03  1.03000000e-01  1.71150000e+01
 -3.03836697e+03  3.54958700e+03  1.03000000e-01  1.71150000e+01
 -3.03836697e+03  3.54958700e+03  1.03000000e-01  1.71150000e+01
 -3.03854450e+03  3.55168300e+03  1.03000000e-01  1.71150000e+01
 -3.03854450e+03  3.55168300e+03  1.03000000e-01  1.71150000e+01
 -3.03854450e+03  3.55168300e+03  1.03000000e-01  1.71150000e+01
 -3.04662268e+03  3.55399600e+03  1.03000000e-01  1.70420000e+01
 -3.05014154e+03  3.55202800e+03  1.03000000e-01  1.71080000e+01
 -3.05131177e+03  3.55247100e+03  1.03000000e-01  1.71080000e+01
 -3.05459340e+03  3.55291400e+03  1.03000000e-01  1.71090000e+01
 -3.05459340e+03  3.55291400e+03  1.03000000e-01  1.71090000e+01
 -3.05459340e+03  3.55291400e+03  1.03000000e-01  1.71090000e+01
 -3.05649356e+03  3.55718400e+03  1.02000000e-01  1.69260000e+01
 -3.05649356e+03  3.55718400e+03  1.02000000e-01  1.69260000e+01
 -3.05796792e+03  3.55972400e+03  1.02000000e-01  1.69200000e+01
 -3.05796792e+03  3.55972400e+03  1.02000000e-01  1.69200000e+01
 -3.05796792e+03  3.55972400e+03  1.02000000e-01  1.69200000e+01
 -3.06237502e+03  3.55972400e+03  1.02000000e-01  1.69200000e+01
 -3.06387844e+03  3.56159400e+03  1.02000000e-01  1.69650000e+01
 -3.07859757e+03  3.56510700e+03  1.02000000e-01  1.69610000e+01
 -3.08723368e+03  3.56817700e+03  1.02000000e-01  1.69610000e+01
 -3.08723368e+03  3.56817700e+03  1.02000000e-01  1.69610000e+01
 -3.08723368e+03  3.56817700e+03  1.02000000e-01  1.69610000e+01
 -3.08834828e+03  3.56871700e+03  1.02000000e-01  1.69620000e+01
 -3.08834828e+03  3.56871700e+03  1.02000000e-01  1.69620000e+01
 -3.09109338e+03  3.56938700e+03  1.02000000e-01  1.69360000e+01
 -3.09109338e+03  3.56938700e+03  1.02000000e-01  1.69360000e+01
 -3.09117317e+03  3.56962500e+03  1.02000000e-01  1.69300000e+01
 -3.09117317e+03  3.56962500e+03  1.02000000e-01  1.69300000e+01
 -3.09117317e+03  3.56962500e+03  1.02000000e-01  1.69300000e+01
 -3.09117317e+03  3.56962500e+03  1.02000000e-01  1.69300000e+01
 -3.09164254e+03  3.57171100e+03  1.02000000e-01  1.68800000e+01
 -3.09164254e+03  3.57171100e+03  1.02000000e-01  1.68800000e+01
 -3.10129446e+03  3.57281300e+03  1.02000000e-01  1.68800000e+01
 -3.10129446e+03  3.57281300e+03  1.02000000e-01  1.68800000e+01
 -3.10129446e+03  3.57281300e+03  1.02000000e-01  1.68800000e+01
 -3.10123417e+03  3.57161300e+03  1.02000000e-01  1.69460000e+01
 -3.10123417e+03  3.57161300e+03  1.02000000e-01  1.69460000e+01
 -3.10123417e+03  3.57161300e+03  1.02000000e-01  1.69460000e+01
 -3.10123417e+03  3.57161300e+03  1.02000000e-01  1.69460000e+01
 -3.10253033e+03  3.57349300e+03  1.02000000e-01  1.69460000e+01
 -3.10253033e+03  3.57349300e+03  1.02000000e-01  1.69460000e+01
 -3.10253033e+03  3.57349300e+03  1.02000000e-01  1.69460000e+01
 -3.10253033e+03  3.57349300e+03  1.02000000e-01  1.69460000e+01
 -3.10258512e+03  3.57425000e+03  1.02000000e-01  1.69180000e+01
 -3.10656533e+03  3.57403400e+03  1.02000000e-01  1.69160000e+01
 -3.10983319e+03  3.57845400e+03  1.02000000e-01  1.67890000e+01
 -3.10983319e+03  3.57845400e+03  1.02000000e-01  1.67890000e+01
 -3.10983319e+03  3.57845400e+03  1.02000000e-01  1.67890000e+01
 -3.12008616e+03  3.57942700e+03  1.02000000e-01  1.67890000e+01
 -3.12134396e+03  3.58040000e+03  1.02000000e-01  1.68680000e+01
 -3.12134396e+03  3.58040000e+03  1.02000000e-01  1.68680000e+01
 -3.12298221e+03  3.57906000e+03  1.03000000e-01  1.69030000e+01
 -3.12298221e+03  3.57906000e+03  1.03000000e-01  1.69030000e+01
 -3.12298221e+03  3.57906000e+03  1.03000000e-01  1.69030000e+01
 -3.12305710e+03  3.57973000e+03  1.03000000e-01  1.68830000e+01
 -3.12522869e+03  3.58190300e+03  1.03000000e-01  1.69330000e+01
 -3.12522869e+03  3.58190300e+03  1.03000000e-01  1.69330000e+01
 -3.13441056e+03  3.58489700e+03  1.03000000e-01  1.69340000e+01
 -3.13441056e+03  3.58489700e+03  1.03000000e-01  1.69340000e+01
 -3.13536201e+03  3.58578300e+03  1.03000000e-01  1.67880000e+01
 -3.13536003e+03  3.58481000e+03  1.03000000e-01  1.68080000e+01
 -3.14033537e+03  3.58316700e+03  1.03000000e-01  1.68080000e+01
 -3.14033537e+03  3.58316700e+03  1.03000000e-01  1.68080000e+01
 -3.14033537e+03  3.58316700e+03  1.03000000e-01  1.68080000e+01
 -3.14087816e+03  3.58382600e+03  1.03000000e-01  1.68110000e+01
 -3.14462122e+03  3.58583600e+03  1.03000000e-01  1.68110000e+01
 -3.14621192e+03  3.58837500e+03  1.03000000e-01  1.68100000e+01
 -3.14793780e+03  3.58487300e+03  1.03000000e-01  1.69080000e+01
 -3.14793780e+03  3.58487300e+03  1.03000000e-01  1.69080000e+01
 -3.14867416e+03  3.58466700e+03  1.03000000e-01  1.69290000e+01
 -3.14867416e+03  3.58466700e+03  1.03000000e-01  1.69290000e+01
 -3.14971105e+03  3.58952000e+03  1.03000000e-01  1.68830000e+01
 -3.14971105e+03  3.58952000e+03  1.03000000e-01  1.68830000e+01
 -3.14971105e+03  3.58952000e+03  1.03000000e-01  1.68830000e+01
 -3.14971105e+03  3.58952000e+03  1.03000000e-01  1.68830000e+01
 -3.15066716e+03  3.59348700e+03  1.03000000e-01  1.68020000e+01
 -3.15198116e+03  3.59534600e+03  1.03000000e-01  1.67130000e+01
 -3.15651273e+03  3.59601600e+03  1.03000000e-01  1.67070000e+01
 -3.15651273e+03  3.59601600e+03  1.03000000e-01  1.67070000e+01
 -3.15651273e+03  3.59601600e+03  1.03000000e-01  1.67070000e+01
 -3.15651273e+03  3.59601600e+03  1.03000000e-01  1.67070000e+01
 -3.15922783e+03  3.59789700e+03  1.03000000e-01  1.67050000e+01
 -3.15966021e+03  3.59953900e+03  1.03000000e-01  1.66950000e+01
 -3.15968926e+03  3.59984200e+03  1.03000000e-01  1.66960000e+01
 -3.16056082e+03  3.60118200e+03  1.03000000e-01  1.66940000e+01
 -3.16040927e+03  3.60086800e+03  1.03000000e-01  1.66910000e+01
 -3.16474812e+03  3.60185100e+03  1.03000000e-01  1.67700000e+01
 -3.16474812e+03  3.60185100e+03  1.03000000e-01  1.67700000e+01
 -3.16474812e+03  3.60185100e+03  1.03000000e-01  1.67700000e+01
 -3.16474812e+03  3.60185100e+03  1.03000000e-01  1.67700000e+01
 -3.17060353e+03  3.60319100e+03  1.03000000e-01  1.68400000e+01
 -3.17505946e+03  3.60760100e+03  1.03000000e-01  1.68330000e+01
 -3.17505946e+03  3.60760100e+03  1.03000000e-01  1.68330000e+01
 -3.17505946e+03  3.60760100e+03  1.03000000e-01  1.68330000e+01
 -3.17505946e+03  3.60760100e+03  1.03000000e-01  1.68330000e+01
 -3.17505946e+03  3.60760100e+03  1.03000000e-01  1.68330000e+01
 -3.17505946e+03  3.60760100e+03  1.03000000e-01  1.68330000e+01
 -3.17505946e+03  3.60760100e+03  1.03000000e-01  1.68330000e+01
 -3.17505946e+03  3.60760100e+03  1.03000000e-01  1.68330000e+01
 -3.17505946e+03  3.60760100e+03  1.03000000e-01  1.68330000e+01
 -3.17505946e+03  3.60760100e+03  1.03000000e-01  1.68330000e+01
 -3.17521107e+03  3.60894100e+03  1.03000000e-01  1.67920000e+01
 -3.17546168e+03  3.60819400e+03  1.03000000e-01  1.67880000e+01
 -3.17602821e+03  3.60842100e+03  1.03000000e-01  1.67880000e+01
 -3.18228665e+03  3.60931800e+03  1.03000000e-01  1.68490000e+01
 -3.18387475e+03  3.61238800e+03  1.03000000e-01  1.68490000e+01
 -3.18387475e+03  3.61238800e+03  1.03000000e-01  1.68490000e+01
 -3.18923509e+03  3.61492700e+03  1.03000000e-01  1.68440000e+01
 -3.18923509e+03  3.61492700e+03  1.03000000e-01  1.68440000e+01
 -3.18923509e+03  3.61492700e+03  1.03000000e-01  1.68440000e+01
 -3.18923509e+03  3.61492700e+03  1.03000000e-01  1.68440000e+01
 -3.19132492e+03  3.61560800e+03  1.03000000e-01  1.68320000e+01
 -3.19132492e+03  3.61560800e+03  1.03000000e-01  1.68320000e+01
 -3.19132492e+03  3.61560800e+03  1.03000000e-01  1.68320000e+01
 -3.19479267e+03  3.61814800e+03  1.03000000e-01  1.67070000e+01
 -3.19620578e+03  3.61814800e+03  1.03000000e-01  1.67120000e+01
 -3.19620578e+03  3.61814800e+03  1.03000000e-01  1.67120000e+01
 -3.19620578e+03  3.61814800e+03  1.03000000e-01  1.67120000e+01
 -3.19652080e+03  3.61957400e+03  1.01000000e-01  1.66720000e+01
 -3.19652080e+03  3.61957400e+03  1.01000000e-01  1.66720000e+01
 -3.19671006e+03  3.61934800e+03  1.01000000e-01  1.66720000e+01
 -3.19671006e+03  3.61934800e+03  1.01000000e-01  1.66720000e+01
 -3.19671006e+03  3.61934800e+03  1.01000000e-01  1.66720000e+01
 -3.19687594e+03  3.62397400e+03  1.01000000e-01  1.65620000e+01
 -3.19687594e+03  3.62397400e+03  1.01000000e-01  1.65620000e+01
 -3.19687594e+03  3.62397400e+03  1.01000000e-01  1.65620000e+01
 -3.20493714e+03  3.62464400e+03  1.01000000e-01  1.65450000e+01
 -3.20526365e+03  3.62629800e+03  1.01000000e-01  1.63690000e+01
 -3.20843578e+03  3.62862100e+03  1.01000000e-01  1.63550000e+01
 -3.20845591e+03  3.63057900e+03  1.01000000e-01  1.62950000e+01
 -3.21154413e+03  3.62772500e+03  1.01000000e-01  1.62950000e+01
 -3.21740089e+03  3.62839500e+03  1.01000000e-01  1.62950000e+01
 -3.21866430e+03  3.62883800e+03  1.01000000e-01  1.63030000e+01
 -3.22406923e+03  3.63279400e+03  1.01000000e-01  1.62250000e+01
 -3.22422400e+03  3.63302000e+03  1.02000000e-01  1.61890000e+01
 -3.22422400e+03  3.63302000e+03  1.02000000e-01  1.61890000e+01
 -3.22422400e+03  3.63302000e+03  1.02000000e-01  1.61890000e+01
 -3.22422400e+03  3.63302000e+03  1.02000000e-01  1.61890000e+01
 -3.22422400e+03  3.63302000e+03  1.02000000e-01  1.61890000e+01
 -3.22662318e+03  3.63137700e+03  1.02000000e-01  1.63250000e+01
 -3.22662318e+03  3.63137700e+03  1.02000000e-01  1.63250000e+01