-1.56455120e+03  2.57626700e+03  8.80000000e-02  2.93540000e+01
 -1.57017953e+03  2.58120700e+03  8.80000000e-02  2.93490000e+01
 -1.57758831e+03  2.58854700e+03  8.80000000e-02  2.93490000e+01
 -1.58338069e+03  2.59424400e+03  8.80000000e-02  2.90840000e+01
 -1.58338069e+03  2.59424400e+03  8.80000000e-02  2.90840000e+01
 -1.58385876e+03  2.59678300e+03  8.80000000e-02  2.90880000e+01
 -1.58403318e+03  2.60216600e+03  8.90000000e-02  2.89010000e+01
 -1.60762568e+03  2.60986200e+03  8.90000000e-02  2.86790000e+01
 -1.60840780e+03  2.61307100e+03  8.90000000e-02  2.86420000e+01
 -1.61290408e+03  2.61868100e+03  8.90000000e-02  2.85560000e+01
 -1.61352242e+03  2.62340400e+03  8.90000000e-02  2.84610000e+01
 -1.62641547e+03  2.62691700e+03  8.90000000e-02  2.83360000e+01
 -1.62760000e+03  2.62967300e+03  8.90000000e-02  2.83240000e+01
 -1.63293095e+03  2.63648300e+03  9.10000000e-02  2.77950000e+01
 -1.63374837e+03  2.63923800e+03  9.10000000e-02  2.77040000e+01
 -1.63894556e+03  2.64230800e+03  9.10000000e-02  2.76810000e+01
 -1.64011121e+03  2.64408000e+03  9.10000000e-02  2.76810000e+01
 -1.65119949e+03  2.64804700e+03  9.10000000e-02  2.73880000e+01
 -1.65401062e+03  2.65125600e+03  9.10000000e-02  2.73800000e+01
 -1.66379613e+03  2.65302800e+03  9.10000000e-02  2.73700000e+01
 -1.67303447e+03  2.65707000e+03  9.00000000e-02  2.73210000e+01
 -1.67337925e+03  2.65894000e+03  9.00000000e-02  2.72640000e+01
 -1.68457213e+03  2.66125300e+03  9.00000000e-02  2.72750000e+01
 -1.69178387e+03  2.66777000e+03  9.00000000e-02  2.72670000e+01
 -1.70290138e+03  2.67360700e+03  9.00000000e-02  2.72690000e+01
 -1.70389848e+03  2.67943200e+03  9.00000000e-02  2.70030000e+01
 -1.70665041e+03  2.68183200e+03  9.00000000e-02  2.70030000e+01
 -1.71577157e+03  2.68631800e+03  9.00000000e-02  2.69210000e+01
 -1.71914844e+03  2.69118100e+03  9.00000000e-02  2.68040000e+01
 -1.72458386e+03  2.69327800e+03  9.00000000e-02  2.68040000e+01
 -1.72869353e+03  2.69747100e+03  9.00000000e-02  2.67990000e+01
 -1.73124227e+03  2.70232400e+03  9.00000000e-02  2.67720000e+01
 -1.73424880e+03  2.70816000e+03  9.00000000e-02  2.67730000e+01
 -1.74152793e+03  2.71331600e+03  9.00000000e-02  2.67060000e+01
 -1.74358976e+03  2.71737000e+03  9.00000000e-02  2.66170000e+01
 -1.74313007e+03  2.72066600e+03  9.00000000e-02  2.66010000e+01
 -1.74340305e+03  2.72373600e+03  9.00000000e-02  2.64660000e+01
 -1.75101483e+03  2.72770300e+03  9.00000000e-02  2.64570000e+01
 -1.75272207e+03  2.73232800e+03  9.00000000e-02  2.63360000e+01
 -1.75431441e+03  2.73517100e+03  9.00000000e-02  2.62780000e+01
 -1.75580659e+03  2.73605700e+03  9.20000000e-02  2.62770000e+01
 -1.76956037e+03  2.74046700e+03  9.10000000e-02  2.62390000e+01
 -1.77000699e+03  2.74398000e+03  9.10000000e-02  2.61150000e+01
 -1.77389326e+03  2.74861700e+03  9.10000000e-02  2.60820000e+01
 -1.77475708e+03  2.75057300e+03  9.10000000e-02  2.60260000e+01
 -1.77361783e+03  2.75025900e+03  9.10000000e-02  2.60260000e+01
 -1.78216861e+03  2.75115600e+03  9.20000000e-02  2.60480000e+01
 -1.79059358e+03  2.75653900e+03  9.20000000e-02  2.58890000e+01
 -1.79451459e+03  2.75982500e+03  9.20000000e-02  2.58840000e+01
 -1.80513013e+03  2.76774700e+03  9.20000000e-02  2.56390000e+01
 -1.80560742e+03  2.76908700e+03  9.20000000e-02  2.56290000e+01
 -1.80711677e+03  2.77328000e+03  9.20000000e-02  2.56080000e+01
 -1.81195684e+03  2.77777700e+03  9.20000000e-02  2.55330000e+01
 -1.81209428e+03  2.77866300e+03  9.20000000e-02  2.55200000e+01
 -1.81520342e+03  2.78263000e+03  9.10000000e-02  2.55110000e+01
 -1.82066266e+03  2.78989300e+03  9.10000000e-02  2.53720000e+01
 -1.82230213e+03  2.79451900e+03  9.10000000e-02  2.53250000e+01
 -1.82378765e+03  2.79638800e+03  9.10000000e-02  2.53290000e+01
 -1.82636844e+03  2.80364100e+03  9.10000000e-02  2.52500000e+01
 -1.83530404e+03  2.80475400e+03  9.10000000e-02  2.52500000e+01
 -1.83854537e+03  2.80947800e+03  9.10000000e-02  2.52470000e+01
 -1.83940735e+03  2.81036300e+03  9.10000000e-02  2.54280000e+01
 -1.84016522e+03  2.81013600e+03  9.10000000e-02  2.54570000e+01
 -1.83847208e+03  2.80736900e+03  9.10000000e-02  2.57570000e+01
 -1.84873560e+03  2.80824400e+03  9.10000000e-02  2.57570000e+01
 -1.85022894e+03  2.81243700e+03  9.10000000e-02  2.57070000e+01
 -1.85211427e+03  2.81049100e+03  9.10000000e-02  2.57070000e+01
 -1.85807653e+03  2.81357100e+03  9.10000000e-02  2.56870000e+01
 -1.86071406e+03  2.82024100e+03  9.10000000e-02  2.56090000e+01
 -1.86146713e+03  2.82179700e+03  9.10000000e-02  2.55670000e+01
 -1.86226929e+03  2.82170900e+03  9.10000000e-02  2.55700000e+01
 -1.86587485e+03  2.82851900e+03  9.10000000e-02  2.55270000e+01
 -1.86714349e+03  2.83400000e+03  9.10000000e-02  2.54570000e+01
 -1.86750607e+03  2.83556600e+03  9.10000000e-02  2.54180000e+01
 -1.87514832e+03  2.84161900e+03  9.10000000e-02  2.54180000e+01
 -1.87532711e+03  2.84294800e+03  9.10000000e-02  2.54590000e+01
 -1.87637949e+03  2.84900000e+03  9.10000000e-02  2.51480000e+01
 -1.87539943e+03  2.85162700e+03  9.10000000e-02  2.51500000e+01
 -1.87919103e+03  2.85514000e+03  9.10000000e-02  2.51500000e+01
 -1.87923194e+03  2.85656700e+03  9.10000000e-02  2.50570000e+01
 -1.88108514e+03  2.86073900e+03  9.10000000e-02  2.51580000e+01
 -1.88389120e+03  2.86282500e+03  9.10000000e-02  2.51670000e+01
 -1.88301886e+03  2.86678000e+03  9.10000000e-02  2.50180000e+01
 -1.88870276e+03  2.87149300e+03  9.10000000e-02  2.48990000e+01
 -1.88876411e+03  2.87314700e+03  9.10000000e-02  2.49140000e+01
 -1.89069120e+03  2.87613000e+03  9.10000000e-02  2.48370000e+01
 -1.89173767e+03  2.87769600e+03  9.10000000e-02  2.48190000e+01
 -1.89628519e+03  2.87912300e+03  9.10000000e-02  2.48330000e+01
 -1.91034339e+03  2.88374800e+03  9.10000000e-02  2.46920000e+01
 -1.91448105e+03  2.88330500e+03  9.10000000e-02  2.47250000e+01
 -1.92852152e+03  2.88935700e+03  9.00000000e-02  2.47140000e+01
 -1.93082865e+03  2.89145400e+03  9.00000000e-02  2.47140000e+01
 -1.93234343e+03  2.89376700e+03  9.00000000e-02  2.47010000e+01
 -1.93324580e+03  2.90124700e+03  9.00000000e-02  2.44410000e+01
 -1.93870294e+03  2.90662900e+03  9.00000000e-02  2.43460000e+01
 -1.93754713e+03  2.91111500e+03  9.00000000e-02  2.42790000e+01
 -1.93958626e+03  2.91561200e+03  9.00000000e-02  2.41650000e+01
 -1.94650682e+03  2.92023800e+03  9.00000000e-02  2.41590000e+01
 -1.94772238e+03  2.92135100e+03  9.00000000e-02  2.41500000e+01
 -1.94930298e+03  2.92717700e+03  9.00000000e-02  2.40460000e+01
 -1.94879360e+03  2.92816000e+03  9.00000000e-02  2.40040000e+01
 -1.94947011e+03  2.92806200e+03  9.00000000e-02  2.40130000e+01
 -1.94913424e+03  2.92850500e+03  9.00000000e-02  2.40130000e+01
 -1.95215091e+03  2.92948900e+03  9.00000000e-02  2.40390000e+01
 -1.94834370e+03  2.93015900e+03  9.00000000e-02  2.38260000e+01
 -1.95250849e+03  2.93381200e+03  9.00000000e-02  2.38790000e+01
 -1.95987929e+03  2.93710800e+03  9.00000000e-02  2.37760000e+01
 -1.96515039e+03  2.93920500e+03  9.00000000e-02  2.37760000e+01
 -1.96674168e+03  2.94227400e+03  9.00000000e-02  2.36470000e+01
 -1.96768433e+03  2.94272800e+03  9.00000000e-02  2.37140000e+01
 -1.97020797e+03  2.94592600e+03  9.00000000e-02  2.37110000e+01
 -1.97084033e+03  2.94571000e+03  9.00000000e-02  2.37760000e+01
 -1.97442484e+03  2.94967700e+03  9.00000000e-02  2.37760000e+01
 -1.97649679e+03  2.95417400e+03  9.00000000e-02  2.36550000e+01
 -1.97804184e+03  2.95714600e+03  9.00000000e-02  2.36680000e+01
 -1.97916377e+03  2.96013900e+03  9.00000000e-02  2.36230000e+01
 -1.98194238e+03  2.96553200e+03  9.00000000e-02  2.36170000e+01
 -1.98311106e+03  2.97056000e+03  9.00000000e-02  2.34690000e+01
 -1.99769404e+03  2.97242900e+03  9.10000000e-02  2.35050000e+01
 -2.00693547e+03  2.97571500e+03  9.10000000e-02  2.35170000e+01
 -2.00830270e+03  2.97802800e+03  9.10000000e-02  2.34990000e+01
 -2.00988424e+03  2.98185500e+03  9.10000000e-02  2.32580000e+01
 -2.01548017e+03  2.98484800e+03  9.10000000e-02  2.31800000e+01
 -2.01767421e+03  2.98560500e+03  9.10000000e-02  2.30290000e+01
 -2.02176081e+03  2.98694500e+03  9.10000000e-02  2.31110000e+01
 -2.02246277e+03  2.98971200e+03  9.00000000e-02  2.30690000e+01
 -2.02526789e+03  2.99292100e+03  9.00000000e-02  2.30690000e+01
 -2.03232380e+03  2.99719100e+03  9.10000000e-02  2.30140000e+01
 -2.03368481e+03  2.99688800e+03  9.00000000e-02  2.31370000e+01
 -2.03949307e+03  3.00302800e+03  9.00000000e-02  2.29890000e+01
 -2.03982917e+03  3.00676800e+03  9.00000000e-02  2.28580000e+01
 -2.03975577e+03  3.00930700e+03  9.00000000e-02  2.26810000e+01
 -2.05314872e+03  3.00786900e+03  9.00000000e-02  2.27050000e+01
 -2.06771629e+03  3.01182500e+03  9.00000000e-02  2.26980000e+01
 -2.07333374e+03  3.01632200e+03  9.00000000e-02  2.26650000e+01
 -2.08868196e+03  3.01931600e+03  9.00000000e-02  2.26400000e+01
 -2.09072410e+03  3.02448200e+03  9.00000000e-02  2.25850000e+01
 -2.10507158e+03  3.02799500e+03  9.00000000e-02  2.26640000e+01
 -2.11062753e+03  3.03390800e+03  9.00000000e-02  2.26490000e+01
 -2.11138043e+03  3.03711800e+03  9.00000000e-02  2.26050000e+01
 -2.11290285e+03  3.04294300e+03  9.00000000e-02  2.23260000e+01
 -2.11926029e+03  3.04525600e+03  9.00000000e-02  2.23150000e+01
 -2.11842679e+03  3.04525600e+03  9.00000000e-02  2.23230000e+01
 -2.11888211e+03  3.04637900e+03  9.00000000e-02  2.22700000e+01
 -2.11858937e+03  3.05122100e+03  9.00000000e-02  2.22310000e+01
 -2.12284660e+03  3.05301400e+03  9.00000000e-02  2.22390000e+01
 -2.12313693e+03  3.05389900e+03  9.00000000e-02  2.22390000e+01
 -2.12313321e+03  3.05421300e+03  9.00000000e-02  2.22470000e+01
 -2.12313321e+03  3.05421300e+03  9.00000000e-02  2.22470000e+01
 -2.12169667e+03  3.05226700e+03  9.00000000e-02  2.22340000e+01
 -2.12326774e+03  3.05756200e+03  9.00000000e-02  2.20870000e+01
 -2.12346080e+03  3.05912900e+03  9.00000000e-02  2.19710000e+01
 -2.13319852e+03  3.06451200e+03  9.00000000e-02  2.18310000e+01
 -2.14633690e+03  3.06726700e+03  9.00000000e-02  2.17800000e+01
 -2.14960348e+03  3.07295300e+03  9.00000000e-02  2.16260000e+01
 -2.15854856e+03  3.07295300e+03  9.00000000e-02  2.16340000e+01
 -2.17274852e+03  3.07616300e+03  9.00000000e-02  2.16340000e+01
 -2.17282991e+03  3.07683300e+03  9.00000000e-02  2.16320000e+01
 -2.18091890e+03  3.08101500e+03  9.00000000e-02  2.16320000e+01
 -2.18238014e+03  3.08072300e+03  9.00000000e-02  2.16320000e+01
 -2.18254135e+03  3.08379300e+03  9.00000000e-02  2.15280000e+01
 -2.18846726e+03  3.08931500e+03  9.00000000e-02  2.15010000e+01
 -2.19256714e+03  3.09460000e+03  9.00000000e-02  2.13560000e+01
 -2.19446686e+03  3.09692300e+03  9.00000000e-02  2.13480000e+01
 -2.19924578e+03  3.09902000e+03  9.00000000e-02  2.13480000e+01
 -2.21010886e+03  3.10110600e+03  9.00000000e-02  2.13480000e+01
 -2.20956189e+03  3.10297600e+03  9.00000000e-02  2.13260000e+01
 -2.21007918e+03  3.10672600e+03  9.00000000e-02  2.11900000e+01
 -2.21448041e+03  3.10958000e+03  9.00000000e-02  2.11320000e+01
 -2.21839976e+03  3.10949300e+03  9.00000000e-02  2.12050000e+01
 -2.22836029e+03  3.10784900e+03  9.10000000e-02  2.12200000e+01
 -2.22846290e+03  3.10853000e+03  9.10000000e-02  2.12140000e+01
 -2.22846290e+03  3.10853000e+03  9.10000000e-02  2.12140000e+01
 -2.22845963e+03  3.11094000e+03  9.10000000e-02  2.11790000e+01
 -2.23940427e+03  3.11271200e+03  9.10000000e-02  2.11780000e+01
 -2.24117766e+03  3.11466900e+03  9.10000000e-02  2.11140000e+01
 -2.24171162e+03  3.11533900e+03  9.10000000e-02  2.11870000e+01
 -2.24283600e+03  3.11930600e+03  9.10000000e-02  2.11270000e+01
 -2.25502317e+03  3.12206100e+03  9.10000000e-02  2.10950000e+01
 -2.26167411e+03  3.12677400e+03  9.10000000e-02  2.10950000e+01
 -2.26135788e+03  3.12744400e+03  9.10000000e-02  2.10770000e+01
 -2.26170742e+03  3.12976800e+03  9.10000000e-02  2.10130000e+01
 -2.26149786e+03  3.13350700e+03  9.10000000e-02  2.09050000e+01
 -2.26149786e+03  3.13350700e+03  9.10000000e-02  2.09050000e+01
 -2.26225863e+03  3.13604700e+03  9.10000000e-02  2.07200000e+01
 -2.27422118e+03  3.14098700e+03  9.10000000e-02  2.07200000e+01
 -2.27399995e+03  3.14405700e+03  9.10000000e-02  2.06680000e+01
 -2.27522502e+03  3.14427300e+03  9.10000000e-02  2.08190000e+01
 -2.27701535e+03  3.14547300e+03  9.10000000e-02  2.08240000e+01
 -2.28110347e+03  3.14735300e+03  9.10000000e-02  2.08310000e+01
 -2.28295129e+03  3.14780700e+03  9.10000000e-02  2.08280000e+01
 -2.28295129e+03  3.14780700e+03  9.10000000e-02  2.08280000e+01
 -2.28428877e+03  3.15057300e+03  9.10000000e-02  2.08080000e+01
 -2.28428877e+03  3.15057300e+03  9.10000000e-02  2.08080000e+01
 -2.29205781e+03  3.14980500e+03  9.10000000e-02  2.08160000e+01
 -2.29217361e+03  3.14980500e+03  9.10000000e-02  2.08200000e+01
 -2.29217361e+03  3.15003100e+03  9.10000000e-02  2.08200000e+01
 -2.29338778e+03  3.15234400e+03  9.10000000e-02  2.08200000e+01
 -2.29025796e+03  3.15234400e+03  9.10000000e-02  2.08080000e+01
 -2.29798014e+03  3.15158700e+03  9.10000000e-02  2.08660000e+01
 -2.30201308e+03  3.15675300e+03  9.10000000e-02  2.08440000e+01
 -2.31035104e+03  3.15645000e+03  9.10000000e-02  2.08480000e+01
 -2.31181944e+03  3.16020000e+03  9.10000000e-02  2.07890000e+01
 -2.31324809e+03  3.16325900e+03  9.10000000e-02  2.08490000e+01
 -2.31324809e+03  3.16325900e+03  9.10000000e-02  2.08490000e+01
 -2.31385555e+03  3.16722600e+03  9.10000000e-02  2.07670000e+01
 -2.31476017e+03  3.16864200e+03  9.10000000e-02  2.06550000e+01
 -2.33041808e+03  3.16997000e+03  9.10000000e-02  2.07000000e+01
 -2.33613092e+03  3.17392600e+03  9.10000000e-02  2.06950000e+01
 -2.33571028e+03  3.17041300e+03  9.10000000e-02  2.07130000e+01
 -2.33918991e+03  3.17438000e+03  9.10000000e-02  2.06190000e+01
 -2.33931714e+03  3.17506000e+03  9.10000000e-02  2.05370000e+01
 -2.33953254e+03  3.17461700e+03  9.10000000e-02  2.05390000e+01
 -2.33908853e+03  3.17977300e+03  9.10000000e-02  2.03120000e+01
 -2.33811908e+03  3.17924300e+03  9.10000000e-02  2.03160000e+01
 -2.33676275e+03  3.18321000e+03  9.10000000e-02  1.99770000e+01
 -2.33747849e+03  3.18419300e+03  9.10000000e-02  1.99770000e+01
 -2.33869469e+03  3.18299300e+03  9.10000000e-02  1.99960000e+01
 -2.34335316e+03  3.18620300e+03  9.10000000e-02  1.97020000e+01
 -2.34372397e+03  3.18708900e+03  9.10000000e-02  1.97130000e+01
 -2.34451433e+03  3.18842900e+03  9.10000000e-02  1.97130000e+01
 -2.34491738e+03  3.19163800e+03  9.10000000e-02  1.96500000e+01
 -2.34534702e+03  3.19109700e+03  9.10000000e-02  1.97590000e+01
 -2.35719726e+03  3.19670700e+03  9.10000000e-02  1.97590000e+01
 -2.35740644e+03  3.19813400e+03  9.10000000e-02  1.97470000e+01
 -2.35739164e+03  3.20231600e+03  9.10000000e-02  1.96920000e+01
 -2.35417286e+03  3.20133200e+03  9.10000000e-02  1.96810000e+01
 -2.35480168e+03  3.20177500e+03  9.10000000e-02  1.96810000e+01
 -2.35638649e+03  3.20640100e+03  9.10000000e-02  1.95510000e+01
 -2.35638649e+03  3.20640100e+03  9.10000000e-02  1.95510000e+01
 -2.36573189e+03  3.20893000e+03  9.10000000e-02  1.94590000e+01
 -2.36592757e+03  3.20937300e+03  9.10000000e-02  1.94360000e+01
 -2.36592757e+03  3.20937300e+03  9.10000000e-02  1.94360000e+01
 -2.37265761e+03  3.21212900e+03  9.10000000e-02  1.93780000e+01
 -2.37474296e+03  3.21488500e+03  9.10000000e-02  1.93690000e+01
 -2.37950500e+03  3.21862400e+03  9.10000000e-02  1.92020000e+01
 -2.38900024e+03  3.21852600e+03  9.10000000e-02  1.92910000e+01
 -2.38897291e+03  3.21949900e+03  9.10000000e-02  1.92640000e+01
 -2.38765288e+03  3.21785600e+03  9.10000000e-02  1.93160000e+01
 -2.38765288e+03  3.21785600e+03  9.10000000e-02  1.93160000e+01
 -2.39675520e+03  3.22016900e+03  9.10000000e-02  1.94390000e+01
 -2.40153360e+03  3.22182300e+03  9.10000000e-02  1.94330000e+01
 -2.40153360e+03  3.22182300e+03  9.10000000e-02  1.94330000e+01
 -2.40414151e+03  3.22534600e+03  9.10000000e-02  1.93450000e+01
 -2.40466016e+03  3.22698900e+03  9.10000000e-02  1.93200000e+01
 -2.41439538e+03  3.22931300e+03  9.10000000e-02  1.93140000e+01
 -2.42445815e+03  3.23470600e+03  9.10000000e-02  1.92100000e+01
 -2.42445815e+03  3.23470600e+03  9.10000000e-02  1.92100000e+01
 -2.43403590e+03  3.23656500e+03  9.10000000e-02  1.92100000e+01
 -2.44388034e+03  3.24208800e+03  9.10000000e-02  1.92100000e+01
 -2.44381634e+03  3.24328800e+03  9.10000000e-02  1.92010000e+01
 -2.44381634e+03  3.24328800e+03  9.10000000e-02  1.92010000e+01
 -2.44340127e+03  3.24515800e+03  9.10000000e-02  1.91810000e+01
 -2.44399769e+03  3.24702800e+03  9.10000000e-02  1.91990000e+01
 -2.44431398e+03  3.24516800e+03  9.10000000e-02  1.92880000e+01
 -2.44713071e+03  3.24606500e+03  9.10000000e-02  1.92860000e+01
 -2.45171162e+03  3.24726500e+03  9.10000000e-02  1.92280000e+01
 -2.45376958e+03  3.25077800e+03  9.10000000e-02  1.92280000e+01
 -2.46404121e+03  3.25370800e+03  9.10000000e-02  1.92050000e+01
 -2.46400610e+03  3.25556700e+03  9.10000000e-02  1.92050000e+01
 -2.47909783e+03  3.25930600e+03  9.10000000e-02  1.92050000e+01
 -2.48047440e+03  3.26380300e+03  9.10000000e-02  1.91480000e+01
 -2.48026826e+03  3.26470000e+03  9.10000000e-02  1.91480000e+01
 -2.48026826e+03  3.26470000e+03  9.10000000e-02  1.91480000e+01
 -2.48254224e+03  3.26448400e+03  9.10000000e-02  1.91440000e+01
 -2.48267428e+03  3.26536900e+03  9.10000000e-02  1.91440000e+01
 -2.48360165e+03  3.26372600e+03  9.10000000e-02  1.91440000e+01
 -2.48465996e+03  3.26538000e+03  9.00000000e-02  1.91270000e+01
 -2.48421030e+03  3.26792000e+03  9.00000000e-02  1.90970000e+01
 -2.48332856e+03  3.26606100e+03  9.00000000e-02  1.91290000e+01
 -2.48521125e+03  3.26814700e+03  9.00000000e-02  1.91290000e+01
 -2.48555377e+03  3.26769300e+03  9.00000000e-02  1.91180000e+01
 -2.48581461e+03  3.26760600e+03  9.00000000e-02  1.91180000e+01
 -2.48612085e+03  3.26783300e+03  9.10000000e-02  1.91510000e+01
 -2.49270717e+03  3.26970200e+03  9.10000000e-02  1.91950000e+01
 -2.49377539e+03  3.27112900e+03  9.10000000e-02  1.91950000e+01
 -2.49377539e+03  3.27112900e+03  9.10000000e-02  1.91950000e+01
 -2.49233235e+03  3.27268500e+03  9.10000000e-02  1.91490000e+01
 -2.49233235e+03  3.27268500e+03  9.10000000e-02  1.91490000e+01
 -2.49182632e+03  3.27336500e+03  9.10000000e-02  1.91490000e+01
 -2.49610117e+03  3.27478100e+03  9.10000000e-02  1.92170000e+01
 -2.49511720e+03  3.27291100e+03  9.10000000e-02  1.92450000e+01
 -2.49845085e+03  3.27642400e+03  9.10000000e-02  1.91200000e+01
 -2.49845085e+03  3.27642400e+03  9.10000000e-02  1.91200000e+01
 -2.50272718e+03  3.27829400e+03  8.30000000e-02  1.91680000e+01
 -2.50456045e+03  3.28127700e+03  8.40000000e-02  1.91650000e+01
 -2.50456045e+03  3.28127700e+03  8.40000000e-02  1.91650000e+01
 -2.50478501e+03  3.28262700e+03  8.30000000e-02  1.91590000e+01
 -2.50714065e+03  3.28614000e+03  8.30000000e-02  1.91410000e+01
 -2.51609771e+03  3.28845300e+03  8.30000000e-02  1.90950000e+01
 -2.51680468e+03  3.28605300e+03  8.30000000e-02  1.91870000e+01
 -2.52075849e+03  3.28859300e+03  8.30000000e-02  1.91870000e+01
 -2.53036321e+03  3.28971600e+03  8.30000000e-02  1.92980000e+01
 -2.53033928e+03  3.28918600e+03  8.30000000e-02  1.93390000e+01
 -2.53072040e+03  3.28911000e+03  8.30000000e-02  1.93390000e+01
 -2.52989282e+03  3.29187600e+03  8.30000000e-02  1.93290000e+01
 -2.52989282e+03  3.29187600e+03  8.30000000e-02  1.93290000e+01
 -2.52955311e+03  3.29508600e+03  8.30000000e-02  1.92490000e+01
 -2.53231237e+03  3.29561600e+03  8.40000000e-02  1.92620000e+01
 -2.53674527e+03  3.30032900e+03  8.40000000e-02  1.91560000e+01
 -2.53674527e+03  3.30032900e+03  8.40000000e-02  1.91560000e+01
 -2.55114607e+03  3.30473900e+03  8.40000000e-02  1.91560000e+01
 -2.55080143e+03  3.30683500e+03  8.30000000e-02  1.90420000e+01
 -2.55362217e+03  3.30841300e+03  8.30000000e-02  1.90420000e+01
 -2.55440496e+03  3.31028200e+03  8.30000000e-02  1.90220000e+01
 -2.56896995e+03  3.31402200e+03  8.30000000e-02  1.89820000e+01
 -2.56776967e+03  3.31371900e+03  8.30000000e-02  1.89260000e+01
 -2.56776967e+03  3.31371900e+03  8.30000000e-02  1.89260000e+01
 -2.56776967e+03  3.31371900e+03  8.30000000e-02  1.89260000e+01
 -2.59143191e+03  3.31737200e+03  8.30000000e-02  1.89030000e+01
 -2.59223221e+03  3.31714500e+03  8.30000000e-02  1.89520000e+01
 -2.59825786e+03  3.32261500e+03  8.30000000e-02  1.88990000e+01
 -2.59825786e+03  3.32261500e+03  8.30000000e-02  1.88990000e+01
 -2.59796246e+03  3.31985800e+03  8.40000000e-02  1.89440000e+01
 -2.60014263e+03  3.32128500e+03  8.40000000e-02  1.89380000e+01
 -2.60748109e+03  3.32083100e+03  8.40000000e-02  1.89770000e+01
 -2.60994881e+03  3.32204100e+03  8.40000000e-02  1.90030000e+01
 -2.60994881e+03  3.32204100e+03  8.40000000e-02  1.90030000e+01
 -2.60994881e+03  3.32204100e+03  8.40000000e-02  1.90030000e+01
 -2.61000583e+03  3.32182500e+03  8.40000000e-02  1.90500000e+01
 -2.61212159e+03  3.32423500e+03  8.40000000e-02  1.91650000e+01
 -2.61368597e+03  3.32775900e+03  8.40000000e-02  1.89770000e+01
 -2.61368597e+03  3.32775900e+03  8.40000000e-02  1.89770000e+01
 -2.61368597e+03  3.32775900e+03  8.40000000e-02  1.89770000e+01
 -2.61367728e+03  3.32888300e+03  8.40000000e-02  1.89420000e+01
 -2.61340080e+03  3.32954200e+03  8.40000000e-02  1.88740000e+01
 -2.61257403e+03  3.33109700e+03  8.40000000e-02  1.87850000e+01
 -2.61201583e+03  3.32868600e+03  8.40000000e-02  1.87930000e+01
 -2.61516894e+03  3.32935600e+03  8.40000000e-02  1.87930000e+01
 -2.63240571e+03  3.33113800e+03  8.40000000e-02  1.87270000e+01
 -2.63163147e+03  3.33038100e+03  8.40000000e-02  1.87520000e+01
 -2.63352104e+03  3.33015400e+03  8.40000000e-02  1.88770000e+01
 -2.63352104e+03  3.33015400e+03  8.40000000e-02  1.88770000e+01
 -2.64763145e+03  3.33359000e+03  8.40000000e-02  1.88630000e+01
 -2.64717547e+03  3.33284400e+03  8.40000000e-02  1.89270000e+01
 -2.64717547e+03  3.33284400e+03  8.40000000e-02  1.89270000e+01
 -2.64851809e+03  3.33560000e+03  8.40000000e-02  1.88620000e+01
 -2.65483197e+03  3.33978300e+03  8.40000000e-02  1.88350000e+01
 -2.65454961e+03  3.34219400e+03  8.40000000e-02  1.87150000e+01
 -2.65670140e+03  3.34362100e+03  8.40000000e-02  1.88220000e+01
 -2.65700959e+03  3.34550100e+03  8.40000000e-02  1.88110000e+01
 -2.65935246e+03  3.34924100e+03  8.40000000e-02  1.87620000e+01
 -2.66200151e+03  3.35231100e+03  8.40000000e-02  1.86990000e+01
 -2.67946310e+03  3.35484000e+03  8.40000000e-02  1.86480000e+01
 -2.68056590e+03  3.35528300e+03  8.40000000e-02  1.86130000e+01
 -2.68696157e+03  3.35332600e+03  8.40000000e-02  1.86600000e+01
 -2.68696157e+03  3.35332600e+03  8.40000000e-02  1.86600000e+01
 -2.68696157e+03  3.35332600e+03  8.40000000e-02  1.86600000e+01
 -2.68893418e+03  3.35639600e+03  8.40000000e-02  1.86100000e+01
 -2.68893418e+03  3.35639600e+03  8.40000000e-02  1.86100000e+01
 -2.68611954e+03  3.35496900e+03  8.40000000e-02  1.85780000e+01
 -2.68611954e+03  3.35496900e+03  8.40000000e-02  1.85780000e+01
 -2.68831376e+03  3.35750900e+03  8.40000000e-02  1.86720000e+01
 -2.68831376e+03  3.35750900e+03  8.40000000e-02  1.86720000e+01
 -2.69956562e+03  3.35946500e+03  8.40000000e-02  1.87100000e+01
 -2.70177637e+03  3.36267500e+03  8.40000000e-02  1.86840000e+01
 -2.70173503e+03  3.36641500e+03  8.40000000e-02  1.86820000e+01
 -2.70173503e+03  3.36641500e+03  8.40000000e-02  1.86820000e+01
 -2.70173503e+03  3.36641500e+03  8.40000000e-02  1.86820000e+01
 -2.70173503e+03  3.36641500e+03  8.40000000e-02  1.86820000e+01
 -2.70173503e+03  3.36641500e+03  8.40000000e-02  1.86820000e+01
 -2.70226062e+03  3.36872700e+03  8.40000000e-02  1.86700000e+01
 -2.71408968e+03  3.37238000e+03  8.40000000e-02  1.86650000e+01
 -2.71993186e+03  3.37700600e+03  8.40000000e-02  1.85890000e+01
 -2.71993186e+03  3.37700600e+03  8.40000000e-02  1.85890000e+01
 -2.71931867e+03  3.37678900e+03  8.40000000e-02  1.85940000e+01
 -2.72210624e+03  3.37874600e+03  8.40000000e-02  1.86810000e+01
 -2.72276369e+03  3.38075500e+03  8.40000000e-02  1.86780000e+01
 -2.72323394e+03  3.38293900e+03  8.40000000e-02  1.86710000e+01
 -2.72735736e+03  3.38383600e+03  8.40000000e-02  1.86590000e+01
 -2.72735736e+03  3.38383600e+03  8.40000000e-02  1.86590000e+01
 -2.72749568e+03  3.38494900e+03  8.40000000e-02  1.86000000e+01
 -2.73658803e+03  3.38704500e+03  8.40000000e-02  1.85670000e+01
 -2.73690808e+03  3.38748800e+03  8.40000000e-02  1.85690000e+01
 -2.73690808e+03  3.38748800e+03  8.40000000e-02  1.85690000e+01
 -2.75205532e+03  3.38770400e+03  8.40000000e-02  1.85880000e+01
 -2.75205532e+03  3.38770400e+03  8.40000000e-02  1.85880000e+01
 -2.75335019e+03  3.39091400e+03  8.40000000e-02  1.84950000e+01
 -2.76481187e+03  3.39510700e+03  8.40000000e-02  1.84630000e+01
 -2.77061934e+03  3.39743100e+03  8.40000000e-02  1.84580000e+01
 -2.78087773e+03  3.39854400e+03  8.40000000e-02  1.84580000e+01
 -2.78398011e+03  3.39931200e+03  8.40000000e-02  1.84570000e+01
 -2.78398011e+03  3.39931200e+03  8.40000000e-02  1.84570000e+01
 -2.78398011e+03  3.39931200e+03  8.40000000e-02  1.84570000e+01
 -2.78434405e+03  3.40095500e+03  8.40000000e-02  1.85020000e+01
 -2.78434405e+03  3.40095500e+03  8.40000000e-02  1.85020000e+01
 -2.78434405e+03  3.40095500e+03  8.40000000e-02  1.85020000e+01
 -2.78434405e+03  3.40095500e+03  8.40000000e-02  1.85020000e+01
 -2.78499996e+03  3.40305200e+03  8.30000000e-02  1.84990000e+01
 -2.78483011e+03  3.40307300e+03  8.30000000e-02  1.84990000e+01
 -2.78483011e+03  3.40307300e+03  8.30000000e-02  1.84990000e+01
 -2.78490031e+03  3.40374300e+03  8.30000000e-02  1.84820000e+01
 -2.79154243e+03  3.40637000e+03  8.30000000e-02  1.85470000e+01
 -2.79853410e+03  3.40935200e+03  8.30000000e-02  1.85280000e+01
 -2.79853410e+03  3.40935200e+03  8.30000000e-02  1.85280000e+01
 -2.79853410e+03  3.40935200e+03  8.30000000e-02  1.85280000e+01
 -2.79877057e+03  3.40989300e+03  8.30000000e-02  1.85360000e+01
 -2.79970276e+03  3.41080100e+03  8.30000000e-02  1.85290000e+01
 -2.81351154e+03  3.41079000e+03  8.30000000e-02  1.85540000e+01
 -2.82229405e+03  3.41386000e+03  8.30000000e-02  1.85100000e+01
 -2.83682349e+03  3.42012900e+03  8.30000000e-02  1.84240000e+01
 -2.83682349e+03  3.42012900e+03  8.30000000e-02  1.84240000e+01
 -2.83682349e+03  3.42012900e+03  8.30000000e-02  1.84240000e+01
 -2.84026492e+03  3.42364200e+03  8.30000000e-02  1.84050000e+01
 -2.84026492e+03  3.42364200e+03  8.30000000e-02  1.84050000e+01
 -2.84162901e+03  3.42519700e+03  8.30000000e-02  1.83860000e+01
 -2.84162901e+03  3.42519700e+03  8.30000000e-02  1.83860000e+01
 -2.84254623e+03  3.42542400e+03  8.30000000e-02  1.83940000e+01
 -2.84791814e+03  3.43335800e+03  8.30000000e-02  1.82530000e+01
 -2.84843695e+03  3.43448100e+03  8.30000000e-02  1.82430000e+01
 -2.84843695e+03  3.43448100e+03  8.30000000e-02  1.82430000e+01
 -2.84853724e+03  3.43537800e+03  8.30000000e-02  1.82990000e+01
 -2.84853724e+03  3.43537800e+03  8.30000000e-02  1.82990000e+01
 -2.85592111e+03  3.43670600e+03  8.40000000e-02  1.82950000e+01
 -2.86008254e+03  3.43805700e+03  8.40000000e-02  1.81970000e+01
 -2.86055986e+03  3.43730000e+03  8.40000000e-02  1.82410000e+01
 -2.87160359e+03  3.43894300e+03  8.40000000e-02  1.82410000e+01
 -2.87229853e+03  3.44135300e+03  8.40000000e-02  1.82380000e+01
 -2.87229853e+03  3.44135300e+03  8.40000000e-02  1.82380000e+01
 -2.87229853e+03  3.44135300e+03  8.40000000e-02  1.82380000e+01
 -2.87229853e+03  3.44135300e+03  8.40000000e-02  1.82380000e+01
 -2.87229853e+03  3.44135300e+03  8.40000000e-02  1.82380000e+01
 -2.87229853e+03  3.44135300e+03  8.40000000e-02  1.82380000e+01
 -2.87441259e+03  3.44419600e+03  8.40000000e-02  1.82300000e+01
 -2.87450324e+03  3.44314700e+03  8.40000000e-02  1.82430000e+01
 -2.87450324e+03  3.44314700e+03  8.40000000e-02  1.82430000e+01
 -2.87450324e+03  3.44314700e+03  8.40000000e-02  1.82430000e+01
 -2.87468572e+03  3.44307000e+03  8.40000000e-02  1.82290000e+01
 -2.87964543e+03  3.44628000e+03  8.40000000e-02  1.82290000e+01
 -2.88464402e+03  3.44463700e+03  8.40000000e-02  1.84000000e+01
 -2.88464402e+03  3.44463700e+03  8.40000000e-02  1.84000000e+01
 -2.89314537e+03  3.44507900e+03  8.40000000e-02  1.84030000e+01
 -2.89598076e+03  3.44597600e+03  8.40000000e-02  1.83820000e+01
 -2.89598076e+03  3.44597600e+03  8.40000000e-02  1.83820000e+01
 -2.89699064e+03  3.44775800e+03  8.40000000e-02  1.83610000e+01
 -2.89699064e+03  3.44775800e+03  8.40000000e-02  1.83610000e+01
 -2.89699064e+03  3.44775800e+03  8.40000000e-02  1.83610000e+01
 -2.89770063e+03  3.44812500e+03  8.40000000e-02  1.83030000e+01
 -2.90485873e+03  3.45075200e+03  8.40000000e-02  1.83410000e+01
 -2.90976190e+03  3.45284900e+03  8.40000000e-02  1.83410000e+01
 -2.91469418e+03  3.45351900e+03  8.40000000e-02  1.83380000e+01
 -2.91647009e+03  3.45517300e+03  8.40000000e-02  1.82660000e+01
 -2.91647009e+03  3.45517300e+03  8.40000000e-02  1.82660000e+01
 -2.91900279e+03  3.45793900e+03  8.40000000e-02  1.82540000e+01
 -2.91900279e+03  3.45793900e+03  8.40000000e-02  1.82540000e+01
 -2.91900279e+03  3.45793900e+03  8.40000000e-02  1.82540000e+01
 -2.91900279e+03  3.45793900e+03  8.40000000e-02  1.82540000e+01
 -2.91900279e+03  3.45793900e+03  8.40000000e-02  1.82540000e+01
 -2.92102880e+03  3.45441500e+03  8.40000000e-02  1.82580000e+01
 -2.93849073e+03  3.45552800e+03  8.40000000e-02  1.82570000e+01
 -2.93849073e+03  3.45552800e+03  8.40000000e-02  1.82570000e+01
 -2.93881482e+03  3.45642400e+03  8.40000000e-02  1.82360000e+01
 -2.93990360e+03  3.45732100e+03  8.40000000e-02  1.82540000e+01
 -2.94068542e+03  3.46194700e+03  8.30000000e-02  1.80590000e+01
 -2.94514939e+03  3.46613000e+03  8.30000000e-02  1.79820000e+01
 -2.95342412e+03  3.46680000e+03  8.30000000e-02  1.79800000e+01
 -2.95342412e+03  3.46680000e+03  8.30000000e-02  1.79800000e+01
 -2.95412977e+03  3.46634600e+03  8.30000000e-02  1.80010000e+01
 -2.95412977e+03  3.46634600e+03  8.30000000e-02  1.80010000e+01
 -2.95441125e+03  3.46798900e+03  8.30000000e-02  1.79710000e+01
 -2.95441125e+03  3.46798900e+03  8.30000000e-02  1.79710000e+01
 -2.95607111e+03  3.46843200e+03  8.30000000e-02  1.79580000e+01
 -2.96099595e+03  3.47305800e+03  8.30000000e-02  1.79350000e+01
 -2.96099595e+03  3.47305800e+03  8.30000000e-02  1.79350000e+01
 -2.96099595e+03  3.47305800e+03  8.30000000e-02  1.79350000e+01
 -2.96099595e+03  3.47305800e+03  8.30000000e-02  1.79350000e+01
 -2.96099595e+03  3.47305800e+03  8.30000000e-02  1.79350000e+01
 -2.96169921e+03  3.47064700e+03  8.30000000e-02  1.80180000e+01
 -2.96348311e+03  3.46958700e+03  8.30000000e-02  1.81010000e+01
 -2.96348311e+03  3.46958700e+03  8.30000000e-02  1.81010000e+01
 -2.97052269e+03  3.46464700e+03  8.30000000e-02  1.83020000e+01
 -2.96917254e+03  3.46014900e+03  8.40000000e-02  1.84240000e+01
 -2.96917254e+03  3.46014900e+03  8.40000000e-02  1.84240000e+01
 -2.96917254e+03  3.46014900e+03  8.40000000e-02  1.84240000e+01
 -2.97021815e+03  3.46134900e+03  8.40000000e-02  1.84250000e+01
 -2.97021815e+03  3.46134900e+03  8.40000000e-02  1.84250000e+01
 -2.97030663e+03  3.46201900e+03  8.40000000e-02  1.84320000e+01
 -2.97636018e+03  3.46379100e+03  8.40000000e-02  1.84320000e+01
 -2.98178264e+03  3.46468800e+03  8.40000000e-02  1.84320000e+01
 -2.98206214e+03  3.46588800e+03  8.40000000e-02  1.84280000e+01
 -2.98227776e+03  3.46708800e+03  8.40000000e-02  1.84180000e+01
 -2.98293084e+03  3.46567100e+03  8.40000000e-02  1.84210000e+01
 -2.99133708e+03  3.46559500e+03  8.40000000e-02  1.84210000e+01
 -2.99133708e+03  3.46559500e+03  8.40000000e-02  1.84210000e+01
 -3.00347077e+03  3.46844900e+03  8.40000000e-02  1.84210000e+01
 -3.00563330e+03  3.47384300e+03  8.40000000e-02  1.83780000e+01
 -3.01293563e+03  3.47870600e+03  8.40000000e-02  1.82290000e+01
 -3.01293563e+03  3.47870600e+03  8.40000000e-02  1.82290000e+01
 -3.01293563e+03  3.47870600e+03  8.40000000e-02  1.82290000e+01
 -3.01293563e+03  3.47870600e+03  8.40000000e-02  1.82290000e+01
 -3.01293563e+03  3.47870600e+03  8.40000000e-02  1.82290000e+01
 -3.01343665e+03  3.47917100e+03  8.40000000e-02  1.82030000e+01
 -3.01343665e+03  3.47917100e+03  8.40000000e-02  1.82030000e+01
 -3.01590054e+03  3.48161200e+03  8.40000000e-02  1.81940000e+01
 -3.01636535e+03  3.48230300e+03  8.40000000e-02  1.81860000e+01
 -3.01636535e+03  3.48230300e+03  8.40000000e-02  1.81860000e+01
 -3.01636535e+03  3.48230300e+03  8.40000000e-02  1.81860000e+01
 -3.03058360e+03  3.48440000e+03  8.40000000e-02  1.82230000e+01
 -3.03224942e+03  3.48680000e+03  8.40000000e-02  1.82230000e+01
 -3.03492066e+03  3.48613000e+03  8.40000000e-02  1.82110000e+01
 -3.03527525e+03  3.48778400e+03  8.40000000e-02  1.82110000e+01
 -3.03527525e+03  3.48778400e+03  8.40000000e-02  1.82110000e+01
 -3.03571835e+03  3.48846400e+03  8.40000000e-02  1.82090000e+01
 -3.03571835e+03  3.48846400e+03  8.40000000e-02  1.82090000e+01
 -3.03571835e+03  3.48846400e+03  8.40000000e-02  1.82090000e+01
 -3.03708565e+03  3.48726400e+03  8.40000000e-02  1.82630000e+01
 -3.03744923e+03  3.49099300e+03  8.40000000e-02  1.81000000e+01
 -3.04041081e+03  3.49286300e+03  8.40000000e-02  1.81470000e+01
 -3.04041081e+03  3.49286300e+03  8.40000000e-02  1.81470000e+01
 -3.04041081e+03  3.49286300e+03  8.40000000e-02  1.81470000e+01
 -3.04057327e+03  3.49384700e+03  8.40000000e-02  1.81580000e+01
 -3.04057327e+03  3.49384700e+03  8.40000000e-02  1.81580000e+01
 -3.04057327e+03  3.49384700e+03  8.40000000e-02  1.81580000e+01
 -3.04089216e+03  3.49496000e+03  8.40000000e-02  1.81530000e+01
 -3.04089216e+03  3.49496000e+03  8.40000000e-02  1.81530000e+01
 -3.04951239e+03  3.49825700e+03  8.40000000e-02  1.79710000e+01
 -3.04951239e+03  3.49825700e+03  8.40000000e-02  1.79710000e+01
 -3.04961827e+03  3.49892700e+03  8.40000000e-02  1.79920000e+01
 -3.04961827e+03  3.49892700e+03  8.40000000e-02  1.79920000e+01
 -3.05212140e+03  3.50192000e+03  8.40000000e-02  1.79500000e+01
 -3.05798191e+03  3.50326000e+03  8.40000000e-02  1.79590000e+01
 -3.05819358e+03  3.50558300e+03  8.40000000e-02  1.79310000e+01
 -3.05819358e+03  3.50558300e+03  8.40000000e-02  1.79310000e+01
 -3.05853751e+03  3.50713900e+03  8.30000000e-02  1.78750000e+01
 -3.06479131e+03  3.50713900e+03  8.30000000e-02  1.78750000e+01
 -3.06479131e+03  3.50713900e+03  8.30000000e-02  1.78750000e+01
 -3.06479131e+03  3.50713900e+03  8.30000000e-02  1.78750000e+01
 -3.06919270e+03  3.50833900e+03  8.30000000e-02  1.78510000e+01
 -3.06919270e+03  3.50833900e+03  8.30000000e-02  1.78510000e+01
 -3.06919270e+03  3.50833900e+03  8.30000000e-02  1.78510000e+01
 -3.06919270e+03  3.50833900e+03  8.30000000e-02  1.78510000e+01
 -3.06919270e+03  3.50833900e+03  8.30000000e-02  1.78510000e+01
 -3.06918857e+03  3.50812300e+03  8.30000000e-02  1.79360000e+01
 -3.07145112e+03  3.50879300e+03  8.30000000e-02  1.79310000e+01
 -3.07161261e+03  3.51110500e+03  8.30000000e-02  1.78770000e+01
 -3.07161261e+03  3.51110500e+03  8.30000000e-02  1.78770000e+01
 -3.07161261e+03  3.51110500e+03  8.30000000e-02  1.78770000e+01
 -3.07418419e+03  3.51154800e+03  8.30000000e-02  1.79000000e+01
 -3.07475584e+03  3.51288800e+03  8.30000000e-02  1.78950000e+01
 -3.07618640e+03  3.51587000e+03  8.30000000e-02  1.78880000e+01
 -3.07618640e+03  3.51587000e+03  8.30000000e-02  1.78880000e+01
 -3.07998811e+03  3.51655100e+03  8.30000000e-02  1.79100000e+01
 -3.07998811e+03  3.51655100e+03  8.30000000e-02  1.79100000e+01
 -3.07998811e+03  3.51655100e+03  8.30000000e-02  1.79100000e+01
 -3.08082108e+03  3.51820400e+03  8.30000000e-02  1.79210000e+01
 -3.08446361e+03  3.51686400e+03  8.30000000e-02  1.79790000e+01
 -3.08446361e+03  3.51686400e+03  8.30000000e-02  1.79790000e+01
 -3.08446361e+03  3.51686400e+03  8.30000000e-02  1.79790000e+01
 -3.08446361e+03  3.51686400e+03  8.30000000e-02  1.79790000e+01
 -3.08446361e+03  3.51686400e+03  8.30000000e-02  1.79790000e+01
 -3.08446361e+03  3.51686400e+03  8.30000000e-02  1.79790000e+01
 -3.08446361e+03  3.51686400e+03  8.30000000e-02  1.79790000e+01
 -3.08826328e+03  3.51984700e+03  8.30000000e-02  1.79790000e+01
 -3.08826328e+03  3.51984700e+03  8.30000000e-02  1.79790000e+01
 -3.08826328e+03  3.51984700e+03  8.30000000e-02  1.79790000e+01
 -3.08891054e+03  3.52073300e+03  8.30000000e-02  1.79810000e+01
 -3.08904616e+03  3.52097100e+03  8.30000000e-02  1.79710000e+01
 -3.08949401e+03  3.52044100e+03  8.30000000e-02  1.79980000e+01
 -3.08949401e+03  3.52044100e+03  8.30000000e-02  1.79980000e+01
 -3.09186674e+03  3.52132600e+03  8.30000000e-02  1.79980000e+01
 -3.09186674e+03  3.52132600e+03  8.30000000e-02  1.79980000e+01
 -3.09186674e+03  3.52132600e+03  8.30000000e-02  1.79980000e+01
 -3.09186674e+03  3.52132600e+03  8.30000000e-02  1.79980000e+01
 -3.09186674e+03  3.52132600e+03  8.30000000e-02  1.79980000e+01
 -3.09186674e+03  3.52132600e+03  8.30000000e-02  1.79980000e+01
 -3.09397239e+03  3.52671000e+03  8.30000000e-02  1.77880000e+01
 -3.09397239e+03  3.52671000e+03  8.30000000e-02  1.77880000e+01
 -3.09397239e+03  3.52671000e+03  8.30000000e-02  1.77880000e+01
 -3.10070003e+03  3.52649300e+03  8.30000000e-02  1.77880000e+01
 -3.10070003e+03  3.52649300e+03  8.30000000e-02  1.77880000e+01
 -3.10070003e+03  3.52649300e+03  8.30000000e-02  1.77880000e+01
 -3.11244991e+03  3.52617900e+03  8.30000000e-02  1.77870000e+01
 -3.11244991e+03  3.52617900e+03  8.30000000e-02  1.77870000e+01
 -3.11244991e+03  3.52617900e+03  8.30000000e-02  1.77870000e+01
 -3.11473209e+03  3.52333600e+03  8.30000000e-02  1.79080000e+01
 -3.11473209e+03  3.52333600e+03  8.30000000e-02  1.79080000e+01
 -3.11473209e+03  3.52333600e+03  8.30000000e-02  1.79080000e+01
 -3.11485881e+03  3.52356300e+03  8.30000000e-02  1.79080000e+01
 -3.11485881e+03  3.52356300e+03  8.30000000e-02  1.79080000e+01
 -3.11485881e+03  3.52356300e+03  8.30000000e-02  1.79080000e+01
 -3.11772441e+03  3.52400600e+03  8.30000000e-02  1.78490000e+01
 -3.11786904e+03  3.52610300e+03  8.30000000e-02  1.77640000e+01
 -3.11855551e+03  3.52722600e+03  8.30000000e-02  1.77670000e+01
 -3.12166176e+03  3.52932300e+03  8.30000000e-02  1.77660000e+01
 -3.12166176e+03  3.52932300e+03  8.30000000e-02  1.77660000e+01
 -3.12633205e+03  3.52766900e+03  8.30000000e-02  1.78300000e+01
 -3.12633205e+03  3.52766900e+03  8.30000000e-02  1.78300000e+01
 -3.12633205e+03  3.52766900e+03  8.30000000e-02  1.78300000e+01
 -3.12633205e+03  3.52766900e+03  8.30000000e-02  1.78300000e+01
 -3.12948134e+03  3.52812300e+03  8.30000000e-02  1.78300000e+01
 -3.13345515e+03  3.52879300e+03  8.30000000e-02  1.77980000e+01
 -3.13345515e+03  3.52879300e+03  8.30000000e-02  1.77980000e+01
 -3.13345515e+03  3.52879300e+03  8.30000000e-02  1.77980000e+01
 -3.13345515e+03  3.52879300e+03  8.30000000e-02  1.77980000e+01
 -3.13582712e+03  3.52826300e+03  8.30000000e-02  1.78440000e+01
 -3.13664487e+03  3.52961300e+03  8.30000000e-02  1.78320000e+01
 -3.13750944e+03  3.52819700e+03  8.30000000e-02  1.78710000e+01
 -3.13750944e+03  3.52819700e+03  8.30000000e-02  1.78710000e+01
 -3.14579302e+03  3.52677000e+03  8.30000000e-02  1.79240000e+01
 -3.14579302e+03  3.52677000e+03  8.30000000e-02  1.79240000e+01
 -3.14579302e+03  3.52677000e+03  8.30000000e-02  1.79240000e+01
 -3.14579302e+03  3.52677000e+03  8.30000000e-02  1.79240000e+01
 -3.14749407e+03  3.52976300e+03  8.30000000e-02  1.78130000e+01
 -3.14749407e+03  3.52976300e+03  8.30000000e-02  1.78130000e+01
 -3.14749407e+03  3.52976300e+03  8.30000000e-02  1.78130000e+01
 -3.14749407e+03  3.52976300e+03  8.30000000e-02  1.78130000e+01
 -3.14749407e+03  3.52976300e+03  8.30000000e-02  1.78130000e+01
 -3.14749407e+03  3.52976300e+03  8.30000000e-02  1.78130000e+01
 -3.14840879e+03  3.53140700e+03  8.30000000e-02  1.77490000e+01
 -3.14840879e+03  3.53140700e+03  8.30000000e-02  1.77490000e+01
 -3.14840879e+03  3.53140700e+03  8.30000000e-02  1.77490000e+01
 -3.14864605e+03  3.53230300e+03  8.30000000e-02  1.77430000e+01
 -3.14864605e+03  3.53230300e+03  8.30000000e-02  1.77430000e+01
 -3.14864605e+03  3.53230300e+03  8.30000000e-02  1.77430000e+01
 -3.15296415e+03  3.53408600e+03  8.30000000e-02  1.77420000e+01
 -3.15363180e+03  3.53511200e+03  8.30000000e-02  1.77020000e+01
 -3.15363180e+03  3.53511200e+03  8.30000000e-02  1.77020000e+01
 -3.15363180e+03  3.53511200e+03  8.30000000e-02  1.77020000e+01
 -3.15363180e+03  3.53511200e+03  8.30000000e-02  1.77020000e+01
 -3.15540374e+03  3.53809400e+03  8.30000000e-02  1.75770000e+01
 -3.15540374e+03  3.53809400e+03  8.30000000e-02  1.75770000e+01
 -3.16015922e+03  3.53854800e+03  8.30000000e-02  1.75280000e+01
 -3.16015922e+03  3.53854800e+03  8.30000000e-02  1.75280000e+01
 -3.16015922e+03  3.53854800e+03  8.30000000e-02  1.75280000e+01
 -3.16055536e+03  3.54041700e+03  8.30000000e-02  1.75150000e+01
 -3.16128259e+03  3.54317300e+03  8.30000000e-02  1.74830000e+01
 -3.16218306e+03  3.54647000e+03  8.30000000e-02  1.74560000e+01
 -3.16218306e+03  3.54647000e+03  8.30000000e-02  1.74560000e+01
 -3.16218306e+03  3.54647000e+03  8.30000000e-02  1.74560000e+01
 -3.16212628e+03  3.54526000e+03  8.30000000e-02  1.74740000e+01
 -3.16219694e+03  3.54592900e+03  8.30000000e-02  1.73640000e+01
 -3.16262483e+03  3.54735600e+03  8.30000000e-02  1.73420000e+01
 -3.16274416e+03  3.54726900e+03  8.30000000e-02  1.73590000e+01
 -3.16274416e+03  3.54726900e+03  8.30000000e-02  1.73590000e+01
 -3.16274416e+03  3.54726900e+03  8.30000000e-02  1.73590000e+01
 -3.17245319e+03  3.55176600e+03  8.30000000e-02  1.71110000e+01
 -3.17269798e+03  3.55439300e+03  8.30000000e-02  1.70460000e+01
 -3.17269798e+03  3.55439300e+03  8.30000000e-02  1.70460000e+01
 -3.17269798e+03  3.55439300e+03  8.30000000e-02  1.70460000e+01
 -3.17269798e+03  3.55439300e+03  8.30000000e-02  1.70460000e+01
 -3.17269798e+03  3.55439300e+03  8.30000000e-02  1.70460000e+01
 -3.18169604e+03  3.55857600e+03  8.10000000e-02  1.70180000e+01
 -3.18267607e+03  3.55541800e+03  8.10000000e-02  1.70510000e+01
 -3.18267607e+03  3.55541800e+03  8.10000000e-02  1.70510000e+01
 -3.18285824e+03  3.55684500e+03  8.10000000e-02  1.70380000e+01
 -3.18285824e+03  3.55684500e+03  8.10000000e-02  1.70380000e+01
 -3.18374275e+03  3.55938500e+03  8.10000000e-02  1.70140000e+01
 -3.18374275e+03  3.55938500e+03  8.10000000e-02  1.70140000e+01
 -3.18379800e+03  3.55983900e+03  8.10000000e-02  1.70020000e+01
 -3.18379800e+03  3.55983900e+03  8.10000000e-02  1.70020000e+01
 -3.18379800e+03  3.55983900e+03  8.10000000e-02  1.70020000e+01
 -3.18415172e+03  3.56005500e+03  8.10000000e-02  1.70020000e+01
 -3.18562151e+03  3.56228000e+03  8.10000000e-02  1.69490000e+01
 -3.18562151e+03  3.56228000e+03  8.10000000e-02  1.69490000e+01
 -3.19271161e+03  3.56182700e+03  8.10000000e-02  1.69490000e+01
 -3.19271161e+03  3.56182700e+03  8.10000000e-02  1.69490000e+01
 -3.19658184e+03  3.56085300e+03  8.10000000e-02  1.69880000e+01
 -3.19658184e+03  3.56085300e+03  8.10000000e-02  1.69880000e+01
 -3.19658184e+03  3.56085300e+03  8.10000000e-02  1.69880000e+01
 -3.19658184e+03  3.56085300e+03  8.10000000e-02  1.69880000e+01
 -3.19658184e+03  3.56085300e+03  8.10000000e-02  1.69880000e+01
 -3.19924604e+03  3.56139400e+03  8.10000000e-02  1.70990000e+01
 -3.19924604e+03  3.56139400e+03  8.10000000e-02  1.70990000e+01
 -3.19924604e+03  3.56139400e+03  8.10000000e-02  1.70990000e+01
 -3.19924604e+03  3.56139400e+03  8.10000000e-02  1.70990000e+01
 -3.19925910e+03  3.56129600e+03  8.10000000e-02  1.71610000e+01
 -3.19925910e+03  3.56129600e+03  8.10000000e-02  1.71610000e+01
 -3.19954362e+03  3.56130600e+03  8.10000000e-02  1.71580000e+01
 -3.20024588e+03  3.56054900e+03  8.10000000e-02  1.72100000e+01
 -3.20024588e+03  3.56054900e+03  8.10000000e-02  1.72100000e+01
 -3.20130710e+03  3.55881900e+03  8.10000000e-02  1.73280000e+01
 -3.20357958e+03  3.56225500e+03  8.10000000e-02  1.72900000e+01
 -3.20895741e+03  3.56224400e+03  8.10000000e-02  1.72670000e+01
 -3.20930166e+03  3.56291400e+03  8.10000000e-02  1.72150000e+01
 -3.20930166e+03  3.56291400e+03  8.10000000e-02  1.72150000e+01
 -3.20994069e+03  3.56456800e+03  8.10000000e-02  1.71760000e+01
 -3.20994069e+03  3.56456800e+03  8.10000000e-02  1.71760000e+01
 -3.20994069e+03  3.56456800e+03  8.10000000e-02  1.71760000e+01
 -3.21227284e+03  3.56335700e+03  8.10000000e-02  1.71740000e+01
 -3.21227284e+03  3.56335700e+03  8.10000000e-02  1.71740000e+01
 -3.21227284e+03  3.56335700e+03  8.10000000e-02  1.71740000e+01
 -3.22020166e+03  3.56335700e+03  8.10000000e-02  1.71740000e+01
 -3.22020166e+03  3.56335700e+03  8.10000000e-02  1.71740000e+01
 -3.22020166e+03  3.56335700e+03  8.10000000e-02  1.71740000e+01
 -3.22020166e+03  3.56335700e+03  8.10000000e-02  1.71740000e+01
 -3.22020166e+03  3.56335700e+03  8.10000000e-02  1.71740000e+01
 -3.22020166e+03  3.56335700e+03  8.10000000e-02  1.71740000e+01
 -3.22020166e+03  3.56335700e+03  8.10000000e-02  1.71740000e+01
 -3.22253532e+03  3.56469600e+03  8.10000000e-02  1.71700000e+01
 -3.22253532e+03  3.56469600e+03  8.10000000e-02  1.71700000e+01
 -3.22253532e+03  3.56469600e+03  8.10000000e-02  1.71700000e+01
 -3.22253532e+03  3.56469600e+03  8.10000000e-02  1.71700000e+01
 -3.22253532e+03  3.56469600e+03  8.10000000e-02  1.71700000e+01
 -3.22253532e+03  3.56469600e+03  8.10000000e-02  1.71700000e+01
 -3.22277360e+03  3.56723600e+03  8.10000000e-02  1.71200000e+01
 -3.23024088e+03  3.56372300e+03  8.10000000e-02  1.71900000e+01
 -3.23017882e+03  3.56460800e+03  8.20000000e-02  1.72010000e+01
 -3.23017882e+03  3.56460800e+03  8.20000000e-02  1.72010000e+01
 -3.23017882e+03  3.56460800e+03  8.20000000e-02  1.72010000e+01
 -3.23952827e+03  3.56551600e+03  8.20000000e-02  1.72440000e+01
 -3.23944596e+03  3.56827100e+03  8.20000000e-02  1.71810000e+01
 -3.23944596e+03  3.56827100e+03  8.20000000e-02  1.71810000e+01
 -3.24005023e+03  3.57148100e+03  8.10000000e-02  1.71820000e+01
 -3.24016572e+03  3.57334000e+03  8.10000000e-02  1.71310000e+01
 -3.24016572e+03  3.57334000e+03  8.10000000e-02  1.71310000e+01
 -3.24016572e+03  3.57334000e+03  8.10000000e-02  1.71310000e+01
 -3.24375822e+03  3.57289700e+03  8.10000000e-02  1.71370000e+01
 -3.24375822e+03  3.57289700e+03  8.10000000e-02  1.71370000e+01
 -3.24407475e+03  3.57401000e+03  8.10000000e-02  1.71130000e+01
 -3.24407475e+03  3.57401000e+03  8.10000000e-02  1.71130000e+01
 -3.24405989e+03  3.57521000e+03  8.10000000e-02  1.70830000e+01
 -3.25105032e+03  3.57675500e+03  8.10000000e-02  1.69930000e+01
 -3.26051891e+03  3.57885200e+03  8.10000000e-02  1.69820000e+01
 -3.26051891e+03  3.57885200e+03  8.10000000e-02  1.69820000e+01
 -3.26051891e+03  3.57885200e+03  8.10000000e-02  1.69820000e+01
 -3.26125086e+03  3.57929500e+03  8.10000000e-02  1.69820000e+01
 -3.26125086e+03  3.57929500e+03  8.10000000e-02  1.69820000e+01
 -3.26125086e+03  3.57929500e+03  8.10000000e-02  1.69820000e+01
 -3.26125086e+03  3.57929500e+03  8.10000000e-02  1.69820000e+01
 -3.26125086e+03  3.57929500e+03  8.10000000e-02  1.69820000e+01
 -3.26125086e+03  3.57929500e+03  8.10000000e-02  1.69820000e+01
 -3.26578331e+03  3.57784600e+03  8.10000000e-02  1.70110000e+01
 -3.27021988e+03  3.57851600e+03  8.10000000e-02  1.69560000e+01
 -3.27231817e+03  3.57830000e+03  8.10000000e-02  1.69560000e+01
 -3.27231817e+03  3.57830000e+03  8.10000000e-02  1.69560000e+01
 -3.27342796e+03  3.57942300e+03  8.10000000e-02  1.69190000e+01
 -3.27342796e+03  3.57942300e+03  8.10000000e-02  1.69190000e+01
 -3.27342796e+03  3.57942300e+03  8.10000000e-02  1.69190000e+01
 -3.27342796e+03  3.57942300e+03  8.10000000e-02  1.69190000e+01
 -3.27406885e+03  3.57985600e+03  8.10000000e-02  1.69160000e+01
 -3.27406885e+03  3.57985600e+03  8.10000000e-02  1.69160000e+01
 -3.27406885e+03  3.57985600e+03  8.10000000e-02  1.69160000e+01
 -3.27406885e+03  3.57985600e+03  8.10000000e-02  1.69160000e+01
 -3.27947345e+03  3.58292600e+03  8.10000000e-02  1.69160000e+01
 -3.27947345e+03  3.58292600e+03  8.10000000e-02  1.69160000e+01
 -3.28094848e+03  3.58465600e+03  8.10000000e-02  1.68730000e+01
 -3.28210010e+03  3.58576800e+03  8.10000000e-02  1.68720000e+01
 -3.28210010e+03  3.58576800e+03  8.10000000e-02  1.68720000e+01
 -3.28210010e+03  3.58576800e+03  8.10000000e-02  1.68720000e+01
 -3.28210010e+03  3.58576800e+03  8.10000000e-02  1.68720000e+01
 -3.28210010e+03  3.58576800e+03  8.10000000e-02  1.68720000e+01
 -3.28218249e+03  3.58719500e+03  8.10000000e-02  1.68000000e+01
 -3.28849533e+03  3.58555200e+03  8.10000000e-02  1.68430000e+01
 -3.28849533e+03  3.58555200e+03  8.10000000e-02  1.68430000e+01
 -3.28849533e+03  3.58555200e+03  8.10000000e-02  1.68430000e+01
 -3.28849533e+03  3.58555200e+03  8.10000000e-02  1.68430000e+01
 -3.29045648e+03  3.58445000e+03  8.10000000e-02  1.67560000e+01
 -3.29159882e+03  3.58370300e+03  8.10000000e-02  1.67650000e+01
 -3.29509297e+03  3.58513000e+03  8.10000000e-02  1.68460000e+01
 -3.29509297e+03  3.58513000e+03  8.10000000e-02  1.68460000e+01
 -3.29943562e+03  3.58895700e+03  8.10000000e-02  1.68330000e+01
 -3.29943562e+03  3.58895700e+03  8.10000000e-02  1.68330000e+01
 -3.29943562e+03  3.58895700e+03  8.10000000e-02  1.68330000e+01
 -3.29961175e+03  3.58874100e+03  8.10000000e-02  1.68430000e+01
 -3.30212136e+03  3.58950800e+03  8.10000000e-02  1.68410000e+01
 -3.30266663e+03  3.59236200e+03  8.10000000e-02  1.67530000e+01
 -3.30266663e+03  3.59236200e+03  8.10000000e-02  1.67530000e+01
 -3.30318443e+03  3.59444800e+03  8.10000000e-02  1.67460000e+01
 -3.30318443e+03  3.59444800e+03  8.10000000e-02  1.67460000e+01
 -3.30341798e+03  3.59490100e+03  8.10000000e-02  1.67460000e+01
 -3.30433998e+03  3.59535500e+03  8.10000000e-02  1.67480000e+01
 -3.30464432e+03  3.59812200e+03  8.10000000e-02  1.66580000e+01
 -3.30647265e+03  3.59932200e+03  8.10000000e-02  1.66580000e+01
 -3.30647265e+03  3.59932200e+03  8.10000000e-02  1.66580000e+01
 -3.31156319e+03  3.59976400e+03  8.10000000e-02  1.66440000e+01
 -3.31277884e+03  3.60216400e+03  8.10000000e-02  1.66620000e+01
 -3.31303126e+03  3.59976400e+03  8.10000000e-02  1.67060000e+01
 -3.31303126e+03  3.59976400e+03  8.10000000e-02  1.67060000e+01
 -3.31303126e+03  3.59976400e+03  8.10000000e-02  1.67060000e+01
 -3.32137219e+03  3.59999100e+03  8.10000000e-02  1.66820000e+01
 -3.32137219e+03  3.59999100e+03  8.10000000e-02  1.66820000e+01
 -3.32137219e+03  3.59999100e+03  8.10000000e-02  1.66820000e+01
 -3.32318498e+03  3.60230400e+03  8.10000000e-02  1.66040000e+01
 -3.32331083e+03  3.60528600e+03  8.10000000e-02  1.64010000e+01
 -3.32331083e+03  3.60528600e+03  8.10000000e-02  1.64010000e+01
 -3.32331083e+03  3.60528600e+03  8.10000000e-02  1.64010000e+01
 -3.32331083e+03  3.60528600e+03  8.10000000e-02  1.64010000e+01
 -3.32331083e+03  3.60528600e+03  8.10000000e-02  1.64010000e+01
 -3.32442081e+03  3.60507000e+03  8.10000000e-02  1.63610000e+01
 -3.32442081e+03  3.60507000e+03  8.10000000e-02  1.63610000e+01
 -3.32442081e+03  3.60507000e+03  8.10000000e-02  1.63610000e+01
 -3.33310430e+03  3.60663700e+03  8.10000000e-02  1.63170000e+01
 -3.33310430e+03  3.60663700e+03  8.10000000e-02  1.63170000e+01
 -3.33310430e+03  3.60663700e+03  8.10000000e-02  1.63170000e+01
 -3.33310430e+03  3.60663700e+03  8.10000000e-02  1.63170000e+01
 -3.33310430e+03  3.60663700e+03  8.10000000e-02  1.63170000e+01
 -3.33310430e+03  3.60663700e+03  8.10000000e-02  1.63170000e+01
 -3.33310430e+03  3.60663700e+03  8.10000000e-02  1.63170000e+01
 -3.33310430e+03  3.60663700e+03  8.10000000e-02  1.63170000e+01
 -3.33406667e+03  3.60499400e+03  8.10000000e-02  1.63170000e+01
 -3.33484181e+03  3.60423700e+03  8.10000000e-02  1.63530000e+01
 -3.33484181e+03  3.60423700e+03  8.10000000e-02  1.63530000e+01
 -3.33484181e+03  3.60423700e+03  8.10000000e-02  1.63530000e+01
 -3.33564704e+03  3.60578100e+03  8.10000000e-02  1.63180000e+01
 -3.33629437e+03  3.60466800e+03  8.10000000e-02  1.63900000e+01
 -3.33710402e+03  3.60706800e+03  8.10000000e-02  1.63360000e+01
 -3.33710402e+03  3.60706800e+03  8.10000000e-02  1.63360000e+01
 -3.33710402e+03  3.60706800e+03  8.10000000e-02  1.63360000e+01
 -3.34492317e+03  3.60675400e+03  8.10000000e-02  1.63430000e+01
 -3.34492317e+03  3.60675400e+03  8.10000000e-02  1.63430000e+01