-1.56455120e+03  2.57626700e+03  8.80000000e-02  2.93540000e+01
 -1.56978517e+03  2.58001800e+03  8.80000000e-02  2.93540000e+01
 -1.57277184e+03  2.58802700e+03  8.80000000e-02  2.89990000e+01
 -1.57912064e+03  2.59453400e+03  8.80000000e-02  2.89860000e+01
 -1.57912755e+03  2.59685700e+03  8.80000000e-02  2.88940000e+01
 -1.58681664e+03  2.60335300e+03  8.80000000e-02  2.87680000e+01
 -1.59108254e+03  2.60739600e+03  8.80000000e-02  2.87440000e+01
 -1.60391815e+03  2.61277900e+03  8.80000000e-02  2.87090000e+01
 -1.60774762e+03  2.61860500e+03  8.80000000e-02  2.86760000e+01
 -1.62189035e+03  2.62421500e+03  8.80000000e-02  2.86310000e+01
 -1.62316462e+03  2.63006200e+03  8.80000000e-02  2.84910000e+01
 -1.62572541e+03  2.63642900e+03  8.80000000e-02  2.80420000e+01
 -1.63563522e+03  2.64466500e+03  8.80000000e-02  2.78790000e+01
 -1.63633162e+03  2.64765900e+03  8.80000000e-02  2.78030000e+01
 -1.63763978e+03  2.64998200e+03  8.80000000e-02  2.77920000e+01
 -1.64630751e+03  2.65768900e+03  8.80000000e-02  2.77780000e+01
 -1.65260549e+03  2.65901700e+03  8.80000000e-02  2.77780000e+01
 -1.66496963e+03  2.66342700e+03  8.80000000e-02  2.77660000e+01
 -1.66507651e+03  2.66561100e+03  8.80000000e-02  2.77130000e+01
 -1.66582252e+03  2.66716600e+03  8.80000000e-02  2.77060000e+01
 -1.67448595e+03  2.67067900e+03  8.80000000e-02  2.76520000e+01
 -1.67690696e+03  2.67607300e+03  8.80000000e-02  2.75690000e+01
 -1.68186648e+03  2.68115200e+03  8.80000000e-02  2.74510000e+01
 -1.68215682e+03  2.68203800e+03  8.80000000e-02  2.74510000e+01
 -1.68399522e+03  2.68389700e+03  8.80000000e-02  2.74490000e+01
 -1.70161665e+03  2.68973400e+03  8.80000000e-02  2.74490000e+01
 -1.70354365e+03  2.69280400e+03  8.80000000e-02  2.74490000e+01
 -1.70237908e+03  2.69663100e+03  8.80000000e-02  2.72560000e+01
 -1.70296984e+03  2.70059700e+03  8.80000000e-02  2.72300000e+01
 -1.71897227e+03  2.70478000e+03  8.80000000e-02  2.72300000e+01
 -1.72029855e+03  2.70807600e+03  8.80000000e-02  2.71610000e+01
 -1.73103195e+03  2.71204300e+03  8.80000000e-02  2.71180000e+01
 -1.73528280e+03  2.71338200e+03  8.80000000e-02  2.71130000e+01
 -1.73704417e+03  2.71733800e+03  8.80000000e-02  2.70390000e+01
 -1.73998556e+03  2.72250500e+03  8.80000000e-02  2.69790000e+01
 -1.74075849e+03  2.72601800e+03  8.80000000e-02  2.68480000e+01
 -1.74472099e+03  2.73162800e+03  8.80000000e-02  2.68320000e+01
 -1.74553022e+03  2.73417800e+03  8.80000000e-02  2.67450000e+01
 -1.74867367e+03  2.73791700e+03  8.80000000e-02  2.66500000e+01
 -1.75288486e+03  2.74187300e+03  8.80000000e-02  2.66420000e+01
 -1.75937617e+03  2.74254300e+03  8.80000000e-02  2.67330000e+01
 -1.76147362e+03  2.74582800e+03  8.80000000e-02  2.67280000e+01
 -1.76167997e+03  2.75076800e+03  8.80000000e-02  2.65050000e+01
 -1.76923736e+03  2.75704800e+03  8.80000000e-02  2.63960000e+01
 -1.77813966e+03  2.75816100e+03  8.80000000e-02  2.63790000e+01
 -1.78084815e+03  2.76114300e+03  8.80000000e-02  2.63790000e+01
 -1.78506101e+03  2.76532600e+03  8.80000000e-02  2.63870000e+01
 -1.78518142e+03  2.76643800e+03  8.80000000e-02  2.63580000e+01
 -1.79415140e+03  2.76829700e+03  8.80000000e-02  2.62760000e+01
 -1.79890499e+03  2.77368000e+03  8.80000000e-02  2.62450000e+01
 -1.80284979e+03  2.77623000e+03  8.80000000e-02  2.62450000e+01
 -1.80643304e+03  2.78161300e+03  8.80000000e-02  2.62170000e+01
 -1.80909528e+03  2.78669300e+03  8.80000000e-02  2.62030000e+01
 -1.80947731e+03  2.78572000e+03  8.80000000e-02  2.62290000e+01
 -1.81024116e+03  2.79096200e+03  8.80000000e-02  2.61630000e+01
 -1.81576850e+03  2.79865800e+03  8.80000000e-02  2.59600000e+01
 -1.81694762e+03  2.80306800e+03  8.80000000e-02  2.57990000e+01
 -1.82127061e+03  2.81121800e+03  8.80000000e-02  2.57060000e+01
 -1.83520111e+03  2.81802800e+03  8.90000000e-02  2.57060000e+01
 -1.83724573e+03  2.82229700e+03  8.90000000e-02  2.57140000e+01
 -1.83166468e+03  2.82252400e+03  8.90000000e-02  2.57140000e+01
 -1.83628114e+03  2.82381100e+03  8.90000000e-02  2.57720000e+01
 -1.84399184e+03  2.82741100e+03  8.90000000e-02  2.57720000e+01
 -1.84805538e+03  2.82853400e+03  8.90000000e-02  2.57490000e+01
 -1.85490509e+03  2.83348500e+03  8.90000000e-02  2.55760000e+01
 -1.85544066e+03  2.83602400e+03  8.90000000e-02  2.55670000e+01
 -1.86969886e+03  2.84109300e+03  8.90000000e-02  2.55470000e+01
 -1.86969151e+03  2.84460600e+03  8.90000000e-02  2.53450000e+01
 -1.86884221e+03  2.84624800e+03  8.90000000e-02  2.53000000e+01
 -1.87503147e+03  2.85216100e+03  8.90000000e-02  2.53000000e+01
 -1.88037069e+03  2.85710100e+03  8.90000000e-02  2.52880000e+01
 -1.88037069e+03  2.85710100e+03  8.90000000e-02  2.52880000e+01
 -1.88169616e+03  2.85679800e+03  8.90000000e-02  2.53120000e+01
 -1.88276404e+03  2.85889400e+03  8.90000000e-02  2.52780000e+01
 -1.88801223e+03  2.86308800e+03  8.90000000e-02  2.51170000e+01
 -1.90204838e+03  2.86914000e+03  8.90000000e-02  2.48420000e+01
 -1.90479929e+03  2.87386400e+03  8.90000000e-02  2.48180000e+01
 -1.91249161e+03  2.87894400e+03  8.90000000e-02  2.46480000e+01
 -1.91279906e+03  2.88102900e+03  8.90000000e-02  2.46080000e+01
 -1.91900199e+03  2.88422800e+03  8.90000000e-02  2.45980000e+01
 -1.91994559e+03  2.88721100e+03  8.90000000e-02  2.43950000e+01
 -1.91999245e+03  2.88908000e+03  8.90000000e-02  2.43710000e+01
 -1.92054624e+03  2.89049700e+03  9.00000000e-02  2.43560000e+01
 -1.92776499e+03  2.89633300e+03  9.00000000e-02  2.43590000e+01
 -1.92785100e+03  2.89797600e+03  8.90000000e-02  2.42970000e+01
 -1.94368386e+03  2.90433200e+03  8.90000000e-02  2.41830000e+01
 -1.94571479e+03  2.90882900e+03  8.90000000e-02  2.41300000e+01
 -1.94324555e+03  2.90905600e+03  8.90000000e-02  2.41240000e+01
 -1.94335487e+03  2.91181100e+03  8.90000000e-02  2.39910000e+01
 -1.95235065e+03  2.91817900e+03  8.90000000e-02  2.39440000e+01
 -1.94512514e+03  2.91697800e+03  8.90000000e-02  2.39380000e+01
 -1.94620198e+03  2.92017700e+03  8.90000000e-02  2.37920000e+01
 -1.96402424e+03  2.92653300e+03  8.90000000e-02  2.33090000e+01
 -1.96452023e+03  2.92786100e+03  9.00000000e-02  2.32290000e+01
 -1.96469319e+03  2.92995800e+03  9.00000000e-02  2.31750000e+01
 -1.96744351e+03  2.93565500e+03  8.90000000e-02  2.29470000e+01
 -1.96766353e+03  2.93708200e+03  9.00000000e-02  2.29340000e+01
 -1.97349753e+03  2.94104800e+03  9.00000000e-02  2.29020000e+01
 -1.97861644e+03  2.94554500e+03  9.00000000e-02  2.27900000e+01
 -1.97794501e+03  2.94651800e+03  9.00000000e-02  2.27700000e+01
 -1.99373864e+03  2.95377100e+03  9.00000000e-02  2.27230000e+01
 -1.99530741e+03  2.95542500e+03  9.00000000e-02  2.27230000e+01
 -2.01009935e+03  2.96193100e+03  9.00000000e-02  2.26820000e+01
 -2.00979878e+03  2.95930400e+03  9.00000000e-02  2.27480000e+01
 -2.02445842e+03  2.96394100e+03  9.00000000e-02  2.24570000e+01
 -2.01816921e+03  2.96252400e+03  9.00000000e-02  2.24800000e+01
 -2.01786919e+03  2.96199400e+03  9.00000000e-02  2.24680000e+01
 -2.02027242e+03  2.96586200e+03  9.00000000e-02  2.23980000e+01
 -2.02048592e+03  2.96706200e+03  9.00000000e-02  2.23810000e+01
 -2.02563442e+03  2.97200200e+03  9.00000000e-02  2.23400000e+01
 -2.02481816e+03  2.97034800e+03  9.00000000e-02  2.24130000e+01
 -2.04328023e+03  2.97574200e+03  9.00000000e-02  2.23280000e+01
 -2.04300924e+03  2.97664900e+03  9.00000000e-02  2.21160000e+01
 -2.04724121e+03  2.98091900e+03  9.00000000e-02  2.20990000e+01
 -2.04771295e+03  2.98203200e+03  9.00000000e-02  2.20770000e+01
 -2.04891326e+03  2.98577200e+03  9.00000000e-02  2.20250000e+01
 -2.05095584e+03  2.98951200e+03  9.00000000e-02  2.18910000e+01
 -2.05881857e+03  2.99249500e+03  9.00000000e-02  2.18930000e+01
 -2.06446382e+03  2.99877400e+03  9.40000000e-02  2.18490000e+01
 -2.06278545e+03  3.00154100e+03  9.40000000e-02  2.17810000e+01
 -2.06278545e+03  3.00154100e+03  9.40000000e-02  2.17810000e+01
 -2.06531582e+03  3.00453400e+03  9.40000000e-02  2.17700000e+01
 -2.06559623e+03  3.00707300e+03  9.40000000e-02  2.16400000e+01
 -2.06817729e+03  3.01356900e+03  9.40000000e-02  2.15450000e+01
 -2.07751751e+03  3.01939500e+03  9.40000000e-02  2.15340000e+01
 -2.07856951e+03  3.02095100e+03  9.40000000e-02  2.15640000e+01
 -2.08242051e+03  3.02296000e+03  9.40000000e-02  2.15640000e+01
 -2.09704052e+03  3.02758600e+03  9.40000000e-02  2.15650000e+01
 -2.08936212e+03  3.02967200e+03  9.40000000e-02  2.14950000e+01
 -2.09135980e+03  3.03132500e+03  9.40000000e-02  2.14950000e+01
 -2.08966207e+03  3.03176800e+03  9.40000000e-02  2.14950000e+01
 -2.09039119e+03  3.03528100e+03  9.40000000e-02  2.14480000e+01
 -2.09036431e+03  3.03550800e+03  9.40000000e-02  2.14560000e+01
 -2.09235632e+03  3.03782100e+03  9.40000000e-02  2.13840000e+01
 -2.09505287e+03  3.03782000e+03  9.40000000e-02  2.13640000e+01
 -2.09401545e+03  3.03879300e+03  9.40000000e-02  2.13360000e+01
 -2.09391590e+03  3.03969000e+03  9.40000000e-02  2.13800000e+01
 -2.09642417e+03  3.04147300e+03  9.40000000e-02  2.13790000e+01
 -2.11008901e+03  3.04334200e+03  9.40000000e-02  2.13790000e+01
 -2.11366850e+03  3.04492000e+03  9.40000000e-02  2.13350000e+01
 -2.11579577e+03  3.04678900e+03  9.40000000e-02  2.13170000e+01
 -2.11696371e+03  3.04634600e+03  9.40000000e-02  2.13610000e+01
 -2.12031963e+03  3.05062600e+03  9.40000000e-02  2.13080000e+01
 -2.12084598e+03  3.05151200e+03  9.40000000e-02  2.13080000e+01
 -2.11844171e+03  3.05076600e+03  9.40000000e-02  2.13400000e+01
 -2.12114601e+03  3.05330600e+03  9.40000000e-02  2.13330000e+01
 -2.12597263e+03  3.05487200e+03  9.40000000e-02  2.12960000e+01
 -2.12626145e+03  3.05621100e+03  9.40000000e-02  2.13100000e+01
 -2.12720770e+03  3.05875100e+03  9.40000000e-02  2.13170000e+01
 -2.13113443e+03  3.06400500e+03  9.40000000e-02  2.12730000e+01
 -2.13036357e+03  3.06347500e+03  9.40000000e-02  2.12830000e+01
 -2.13264054e+03  3.06444800e+03  9.40000000e-02  2.13830000e+01
 -2.13298205e+03  3.06610200e+03  9.40000000e-02  2.13770000e+01
 -2.13290286e+03  3.06677200e+03  9.40000000e-02  2.12970000e+01
 -2.13643843e+03  3.06855400e+03  9.40000000e-02  2.13680000e+01
 -2.14132365e+03  3.07056400e+03  9.40000000e-02  2.13500000e+01
 -2.14168912e+03  3.07168700e+03  9.40000000e-02  2.13430000e+01
 -2.15163326e+03  3.07685400e+03  9.40000000e-02  2.13550000e+01
 -2.15963788e+03  3.07887400e+03  9.40000000e-02  2.13460000e+01
 -2.15713140e+03  3.07998700e+03  9.40000000e-02  2.14050000e+01
 -2.15985690e+03  3.08238700e+03  9.40000000e-02  2.13990000e+01
 -2.15939075e+03  3.08457100e+03  9.40000000e-02  2.13770000e+01
 -2.16145354e+03  3.08488400e+03  9.40000000e-02  2.14090000e+01
 -2.17206581e+03  3.08764000e+03  9.40000000e-02  2.14230000e+01
 -2.17206581e+03  3.08764000e+03  9.40000000e-02  2.14230000e+01
 -2.16867719e+03  3.08949900e+03  9.40000000e-02  2.13380000e+01
 -2.16840506e+03  3.09247100e+03  9.40000000e-02  2.13300000e+01
 -2.16982784e+03  3.09193000e+03  9.40000000e-02  2.14380000e+01
 -2.17205607e+03  3.09304200e+03  9.40000000e-02  2.14340000e+01
 -2.17358176e+03  3.09646800e+03  9.40000000e-02  2.14260000e+01
 -2.17440836e+03  3.09989300e+03  9.40000000e-02  2.13330000e+01
 -2.17498293e+03  3.10317900e+03  9.40000000e-02  2.12810000e+01
 -2.17726172e+03  3.10459500e+03  9.40000000e-02  2.14400000e+01
 -2.19010381e+03  3.10833500e+03  9.40000000e-02  2.14330000e+01
 -2.19010381e+03  3.10833500e+03  9.40000000e-02  2.14330000e+01
 -2.19155641e+03  3.11010600e+03  9.40000000e-02  2.14320000e+01
 -2.19802332e+03  3.11166200e+03  9.40000000e-02  2.14380000e+01
 -2.20089734e+03  3.11397500e+03  9.40000000e-02  2.14380000e+01
 -2.20069685e+03  3.11561800e+03  9.40000000e-02  2.13780000e+01
 -2.19987888e+03  3.11651400e+03  9.40000000e-02  2.13010000e+01
 -2.19987888e+03  3.11651400e+03  9.40000000e-02  2.13010000e+01
 -2.21002078e+03  3.12168100e+03  9.40000000e-02  2.13540000e+01
 -2.21301858e+03  3.12145400e+03  9.40000000e-02  2.14000000e+01
 -2.21073774e+03  3.12264300e+03  9.40000000e-02  2.13920000e+01
 -2.21073774e+03  3.12264300e+03  9.40000000e-02  2.13920000e+01
 -2.22396370e+03  3.12629600e+03  9.40000000e-02  2.12790000e+01
 -2.22396370e+03  3.12629600e+03  9.40000000e-02  2.12790000e+01
 -2.22851536e+03  3.13012300e+03  9.40000000e-02  2.12580000e+01
 -2.23247407e+03  3.13395000e+03  9.40000000e-02  2.11810000e+01
 -2.24465533e+03  3.13670600e+03  9.40000000e-02  2.11860000e+01
 -2.25599225e+03  3.13871500e+03  9.40000000e-02  2.11770000e+01
 -2.25951068e+03  3.14365500e+03  9.40000000e-02  2.08940000e+01
 -2.25957505e+03  3.14783800e+03  9.40000000e-02  2.07910000e+01
 -2.26245783e+03  3.14971900e+03  9.40000000e-02  2.07910000e+01
 -2.26245783e+03  3.14971900e+03  9.40000000e-02  2.07910000e+01
 -2.26652297e+03  3.15225800e+03  9.40000000e-02  2.07200000e+01
 -2.27030229e+03  3.15158800e+03  9.40000000e-02  2.08390000e+01
 -2.27309148e+03  3.15159900e+03  9.40000000e-02  2.08390000e+01
 -2.28040081e+03  3.15578200e+03  9.40000000e-02  2.08010000e+01
 -2.28392091e+03  3.15623600e+03  9.40000000e-02  2.07200000e+01
 -2.28713724e+03  3.15547900e+03  9.40000000e-02  2.07200000e+01
 -2.28794204e+03  3.15877500e+03  9.40000000e-02  2.06770000e+01
 -2.28440153e+03  3.15691600e+03  9.40000000e-02  2.06690000e+01
 -2.28962219e+03  3.16055700e+03  9.40000000e-02  2.06530000e+01
 -2.29138546e+03  3.16475100e+03  9.40000000e-02  2.06300000e+01
 -2.29649685e+03  3.16783200e+03  9.40000000e-02  2.05760000e+01
 -2.30230998e+03  3.17178800e+03  9.40000000e-02  2.05740000e+01
 -2.30372657e+03  3.17254500e+03  9.40000000e-02  2.05740000e+01
 -2.30366275e+03  3.17134500e+03  9.40000000e-02  2.05960000e+01
 -2.30427809e+03  3.17464100e+03  9.40000000e-02  2.04730000e+01
 -2.30598171e+03  3.17740800e+03  9.40000000e-02  2.04460000e+01
 -2.30666595e+03  3.18114800e+03  9.40000000e-02  2.03000000e+01
 -2.30984990e+03  3.18346000e+03  9.40000000e-02  2.02050000e+01
 -2.32033482e+03  3.18764300e+03  9.40000000e-02  2.01860000e+01
 -2.31935031e+03  3.18688600e+03  9.40000000e-02  2.01860000e+01
 -2.32104022e+03  3.18801000e+03  9.40000000e-02  2.01900000e+01
 -2.32104022e+03  3.18801000e+03  9.40000000e-02  2.01900000e+01
 -2.33186632e+03  3.19121900e+03  9.40000000e-02  2.01800000e+01
 -2.33099801e+03  3.18913300e+03  9.40000000e-02  2.02680000e+01
 -2.32950172e+03  3.19069900e+03  9.40000000e-02  2.02730000e+01
 -2.33005836e+03  3.19225500e+03  9.40000000e-02  2.01880000e+01
 -2.33090001e+03  3.19248200e+03  9.40000000e-02  2.00890000e+01
 -2.33090001e+03  3.19270900e+03  9.40000000e-02  2.00890000e+01
 -2.33495275e+03  3.19676300e+03  9.40000000e-02  2.00420000e+01
 -2.33509008e+03  3.19623200e+03  9.40000000e-02  2.00810000e+01
 -2.33517404e+03  3.19546400e+03  9.40000000e-02  2.02590000e+01
 -2.33517404e+03  3.19546400e+03  9.40000000e-02  2.02590000e+01
 -2.34313742e+03  3.19920400e+03  9.40000000e-02  2.02100000e+01
 -2.34852173e+03  3.20129000e+03  9.40000000e-02  2.02100000e+01
 -2.35523588e+03  3.20556000e+03  9.40000000e-02  2.00900000e+01
 -2.36433148e+03  3.20533200e+03  9.40000000e-02  2.01820000e+01
 -2.36617980e+03  3.20630600e+03  9.40000000e-02  2.01560000e+01
 -2.36680746e+03  3.20937600e+03  9.40000000e-02  2.00800000e+01
 -2.36680746e+03  3.20937600e+03  9.40000000e-02  2.00800000e+01
 -2.36706842e+03  3.20774300e+03  9.40000000e-02  2.02460000e+01
 -2.36706842e+03  3.20774300e+03  9.40000000e-02  2.02460000e+01
 -2.36763757e+03  3.21028300e+03  9.40000000e-02  2.02180000e+01
 -2.36692902e+03  3.20832600e+03  9.40000000e-02  2.02180000e+01
 -2.36883587e+03  3.20876900e+03  9.40000000e-02  2.02180000e+01
 -2.36883587e+03  3.20876900e+03  9.40000000e-02  2.02180000e+01
 -2.37744893e+03  3.20965500e+03  9.40000000e-02  2.02070000e+01
 -2.38404416e+03  3.21219500e+03  9.40000000e-02  2.03050000e+01
 -2.38561943e+03  3.21527500e+03  9.40000000e-02  2.02450000e+01
 -2.39331106e+03  3.22044200e+03  9.40000000e-02  2.01630000e+01
 -2.39430757e+03  3.22365100e+03  9.40000000e-02  2.00030000e+01
 -2.39408543e+03  3.22520700e+03  9.40000000e-02  2.00090000e+01
 -2.39408543e+03  3.22520700e+03  9.40000000e-02  2.00090000e+01
 -2.39499445e+03  3.22753000e+03  9.40000000e-02  2.00170000e+01
 -2.39495419e+03  3.22784400e+03  9.40000000e-02  1.99720000e+01
 -2.39593591e+03  3.22948700e+03  9.40000000e-02  1.99790000e+01
 -2.39593591e+03  3.22948700e+03  9.40000000e-02  1.99790000e+01
 -2.40555647e+03  3.23268500e+03  9.40000000e-02  1.99620000e+01
 -2.40554709e+03  3.23642500e+03  9.40000000e-02  1.98570000e+01
 -2.40541931e+03  3.23785200e+03  9.40000000e-02  1.98250000e+01
 -2.40541931e+03  3.23785200e+03  9.40000000e-02  1.98250000e+01
 -2.40635953e+03  3.23972200e+03  9.40000000e-02  1.98090000e+01
 -2.40808049e+03  3.24354900e+03  9.40000000e-02  1.97650000e+01
 -2.40773376e+03  3.24311600e+03  9.40000000e-02  1.97650000e+01
 -2.40891831e+03  3.24311600e+03  9.40000000e-02  1.97650000e+01
 -2.40775289e+03  3.24530000e+03  9.40000000e-02  1.97000000e+01
 -2.40637700e+03  3.24707200e+03  9.40000000e-02  1.96960000e+01
 -2.40603740e+03  3.24991500e+03  9.40000000e-02  1.96420000e+01
 -2.41207469e+03  3.25409800e+03  9.40000000e-02  1.96420000e+01
 -2.41225029e+03  3.25245400e+03  9.40000000e-02  1.98030000e+01
 -2.42219452e+03  3.25521000e+03  9.40000000e-02  1.97950000e+01
 -2.42760993e+03  3.25512300e+03  9.40000000e-02  1.98150000e+01
 -2.42760993e+03  3.25512300e+03  9.40000000e-02  1.98150000e+01
 -2.42749036e+03  3.25557600e+03  9.40000000e-02  1.98150000e+01
 -2.42890773e+03  3.25459200e+03  9.40000000e-02  1.99000000e+01
 -2.43357245e+03  3.25407200e+03  9.40000000e-02  1.99000000e+01
 -2.43632125e+03  3.25706600e+03  9.40000000e-02  1.98450000e+01
 -2.43632125e+03  3.25706600e+03  9.40000000e-02  1.98450000e+01
 -2.43632125e+03  3.25706600e+03  9.40000000e-02  1.98450000e+01
 -2.43688537e+03  3.25990900e+03  9.40000000e-02  1.98360000e+01
 -2.44068409e+03  3.26783200e+03  9.40000000e-02  1.98120000e+01
 -2.44068409e+03  3.26783200e+03  9.40000000e-02  1.98120000e+01
 -2.44127057e+03  3.27068500e+03  9.40000000e-02  1.97660000e+01
 -2.44017182e+03  3.26925800e+03  9.40000000e-02  1.97660000e+01
 -2.44038134e+03  3.27158200e+03  9.40000000e-02  1.96360000e+01
 -2.44107744e+03  3.27389500e+03  9.40000000e-02  1.96160000e+01
 -2.44161310e+03  3.27666100e+03  9.40000000e-02  1.96680000e+01
 -2.44321647e+03  3.27982900e+03  9.40000000e-02  1.96470000e+01
 -2.45084316e+03  3.28192600e+03  9.40000000e-02  1.96020000e+01
 -2.45293325e+03  3.28575200e+03  9.40000000e-02  1.95670000e+01
 -2.46649071e+03  3.28859500e+03  9.40000000e-02  1.94840000e+01
 -2.46649071e+03  3.28859500e+03  9.40000000e-02  1.94840000e+01
 -2.46858420e+03  3.29210800e+03  9.40000000e-02  1.93440000e+01
 -2.46858420e+03  3.29210800e+03  9.40000000e-02  1.93440000e+01
 -2.46858420e+03  3.29210800e+03  9.40000000e-02  1.93440000e+01
 -2.47168159e+03  3.29233500e+03  9.40000000e-02  1.93440000e+01
 -2.48382583e+03  3.29434500e+03  9.40000000e-02  1.94340000e+01
 -2.47947872e+03  3.29292800e+03  9.40000000e-02  1.94570000e+01
 -2.47947872e+03  3.29292800e+03  9.40000000e-02  1.94570000e+01
 -2.47946994e+03  3.29293900e+03  9.40000000e-02  1.94610000e+01
 -2.47946994e+03  3.29293900e+03  9.40000000e-02  1.94610000e+01
 -2.49346917e+03  3.29712200e+03  9.40000000e-02  1.94020000e+01
 -2.49346917e+03  3.29712200e+03  9.40000000e-02  1.94020000e+01
 -2.49263359e+03  3.29637500e+03  9.40000000e-02  1.93880000e+01
 -2.49246709e+03  3.29353200e+03  9.40000000e-02  1.94700000e+01
 -2.49348947e+03  3.29397500e+03  9.40000000e-02  1.94100000e+01
 -2.49450160e+03  3.29718500e+03  9.40000000e-02  1.93680000e+01
 -2.49767481e+03  3.29994000e+03  9.40000000e-02  1.93530000e+01
 -2.49767481e+03  3.29994000e+03  9.40000000e-02  1.93530000e+01
 -2.49773629e+03  3.30256700e+03  9.40000000e-02  1.93200000e+01
 -2.49808830e+03  3.30442600e+03  9.40000000e-02  1.92580000e+01
 -2.49966033e+03  3.30606900e+03  9.40000000e-02  1.91480000e+01
 -2.50678461e+03  3.30561500e+03  9.40000000e-02  1.92010000e+01
 -2.50787868e+03  3.30805700e+03  9.40000000e-02  1.91680000e+01
 -2.51049160e+03  3.31038100e+03  9.40000000e-02  1.91460000e+01
 -2.50984347e+03  3.30806800e+03  9.40000000e-02  1.92770000e+01
 -2.50817977e+03  3.30985000e+03  9.40000000e-02  1.92390000e+01
 -2.50855143e+03  3.31074700e+03  9.40000000e-02  1.92460000e+01
 -2.50855143e+03  3.31074700e+03  9.40000000e-02  1.92460000e+01
 -2.50835671e+03  3.31380600e+03  9.40000000e-02  1.92030000e+01
 -2.51418342e+03  3.31777300e+03  9.50000000e-02  1.91930000e+01
 -2.52483920e+03  3.32031300e+03  9.50000000e-02  1.91930000e+01
 -2.53320371e+03  3.32645200e+03  9.50000000e-02  1.91190000e+01
 -2.53149629e+03  3.32502500e+03  9.50000000e-02  1.90930000e+01
 -2.53168250e+03  3.32832200e+03  9.50000000e-02  1.89080000e+01
 -2.53960010e+03  3.33206200e+03  9.50000000e-02  1.88110000e+01
 -2.53960010e+03  3.33206200e+03  9.50000000e-02  1.88110000e+01
 -2.54131820e+03  3.33505500e+03  9.50000000e-02  1.87980000e+01
 -2.54131820e+03  3.33505500e+03  9.50000000e-02  1.87980000e+01
 -2.55553341e+03  3.33648200e+03  9.50000000e-02  1.88590000e+01
 -2.56001817e+03  3.33768200e+03  9.50000000e-02  1.88620000e+01
 -2.56001817e+03  3.33768200e+03  9.50000000e-02  1.88620000e+01
 -2.56001817e+03  3.33768200e+03  9.50000000e-02  1.88620000e+01
 -2.56002272e+03  3.33549800e+03  9.50000000e-02  1.88730000e+01
 -2.55971401e+03  3.33439500e+03  9.50000000e-02  1.88690000e+01
 -2.56240966e+03  3.33791900e+03  9.50000000e-02  1.89060000e+01
 -2.56218916e+03  3.33868600e+03  9.50000000e-02  1.88830000e+01
 -2.56304022e+03  3.33847000e+03  9.60000000e-02  1.88430000e+01
 -2.56331009e+03  3.33615700e+03  9.60000000e-02  1.88690000e+01
 -2.57391324e+03  3.33473000e+03  8.90000000e-02  1.88690000e+01
 -2.57391324e+03  3.33473000e+03  8.90000000e-02  1.88690000e+01
 -2.57391324e+03  3.33473000e+03  8.90000000e-02  1.88690000e+01
 -2.57507605e+03  3.33780000e+03  8.90000000e-02  1.88460000e+01
 -2.57693168e+03  3.33891200e+03  8.90000000e-02  1.89240000e+01
 -2.57693168e+03  3.33891200e+03  8.90000000e-02  1.89240000e+01
 -2.58267338e+03  3.34166800e+03  8.90000000e-02  1.88820000e+01
 -2.58204920e+03  3.34091100e+03  8.90000000e-02  1.88820000e+01
 -2.58242388e+03  3.34136400e+03  8.90000000e-02  1.89110000e+01
 -2.58218016e+03  3.34093200e+03  8.90000000e-02  1.89160000e+01
 -2.58218016e+03  3.34093200e+03  8.90000000e-02  1.89160000e+01
 -2.58226405e+03  3.33973200e+03  8.90000000e-02  1.90870000e+01
 -2.59109680e+03  3.34204500e+03  8.90000000e-02  1.90240000e+01
 -2.59192361e+03  3.34415200e+03  8.90000000e-02  1.89670000e+01
 -2.59240150e+03  3.34549100e+03  8.90000000e-02  1.89360000e+01
 -2.59240150e+03  3.34549100e+03  8.90000000e-02  1.89360000e+01
 -2.59240150e+03  3.34549100e+03  8.90000000e-02  1.89360000e+01
 -2.59259270e+03  3.34758800e+03  8.90000000e-02  1.88950000e+01
 -2.59259270e+03  3.34758800e+03  8.90000000e-02  1.88950000e+01
 -2.59591069e+03  3.34969500e+03  8.90000000e-02  1.88950000e+01
 -2.59591069e+03  3.34969500e+03  8.90000000e-02  1.88950000e+01
 -2.59591069e+03  3.34969500e+03  8.90000000e-02  1.88950000e+01
 -2.60023085e+03  3.35059200e+03  8.90000000e-02  1.88950000e+01
 -2.60023085e+03  3.35059200e+03  8.90000000e-02  1.88950000e+01
 -2.60041739e+03  3.35268900e+03  8.90000000e-02  1.88390000e+01
 -2.60064764e+03  3.35215800e+03  8.90000000e-02  1.88430000e+01
 -2.60201223e+03  3.35491400e+03  8.90000000e-02  1.87140000e+01
 -2.62378257e+03  3.36053500e+03  8.90000000e-02  1.87170000e+01
 -2.62797905e+03  3.36547500e+03  8.90000000e-02  1.85880000e+01
 -2.62797905e+03  3.36547500e+03  8.90000000e-02  1.85880000e+01
 -2.62953317e+03  3.36547500e+03  8.90000000e-02  1.86180000e+01
 -2.62988186e+03  3.36592900e+03  8.90000000e-02  1.86180000e+01
 -2.63098758e+03  3.36571200e+03  9.10000000e-02  1.86020000e+01
 -2.64040935e+03  3.36691200e+03  9.20000000e-02  1.86150000e+01
 -2.64040935e+03  3.36691200e+03  9.20000000e-02  1.86150000e+01
 -2.64076366e+03  3.36825200e+03  9.10000000e-02  1.86570000e+01
 -2.64076366e+03  3.36825200e+03  9.10000000e-02  1.86570000e+01
 -2.64076366e+03  3.36825200e+03  9.10000000e-02  1.86570000e+01
 -2.64076366e+03  3.36825200e+03  9.10000000e-02  1.86570000e+01
 -2.64304057e+03  3.36869500e+03  9.10000000e-02  1.88090000e+01
 -2.64304057e+03  3.36869500e+03  9.10000000e-02  1.88090000e+01
 -2.65651145e+03  3.37267200e+03  9.10000000e-02  1.87280000e+01
 -2.65651145e+03  3.37267200e+03  9.10000000e-02  1.87280000e+01
 -2.65794558e+03  3.37245600e+03  9.10000000e-02  1.87750000e+01
 -2.65818618e+03  3.36939700e+03  9.10000000e-02  1.88030000e+01
 -2.65853893e+03  3.37006600e+03  9.10000000e-02  1.87980000e+01
 -2.65853893e+03  3.37006600e+03  9.10000000e-02  1.87980000e+01
 -2.66084282e+03  3.37269300e+03  9.10000000e-02  1.87900000e+01
 -2.66395562e+03  3.37666000e+03  9.10000000e-02  1.87630000e+01
 -2.66146301e+03  3.37487700e+03  9.10000000e-02  1.87520000e+01
 -2.66415863e+03  3.37861600e+03  9.10000000e-02  1.86500000e+01
 -2.66478137e+03  3.38005400e+03  9.10000000e-02  1.86410000e+01
 -2.66386430e+03  3.38116700e+03  9.10000000e-02  1.85310000e+01
 -2.66744349e+03  3.38041000e+03  9.10000000e-02  1.85680000e+01
 -2.66757429e+03  3.38109000e+03  9.10000000e-02  1.85650000e+01
 -2.67347565e+03  3.38145700e+03  9.10000000e-02  1.85610000e+01
 -2.68224376e+03  3.37905700e+03  9.10000000e-02  1.86630000e+01
 -2.68482204e+03  3.38181200e+03  9.10000000e-02  1.85980000e+01
 -2.68482204e+03  3.38181200e+03  9.10000000e-02  1.85980000e+01
 -2.70097999e+03  3.38622200e+03  9.10000000e-02  1.85670000e+01
 -2.70097999e+03  3.38622200e+03  9.10000000e-02  1.85670000e+01
 -2.70181796e+03  3.38831900e+03  9.10000000e-02  1.85560000e+01
 -2.70393558e+03  3.39085800e+03  9.10000000e-02  1.85560000e+01
 -2.70393558e+03  3.39085800e+03  9.10000000e-02  1.85560000e+01
 -2.71252340e+03  3.39295500e+03  9.20000000e-02  1.85230000e+01
 -2.71332478e+03  3.39272800e+03  9.20000000e-02  1.84680000e+01
 -2.71262627e+03  3.39482400e+03  9.00000000e-02  1.84580000e+01
 -2.71376405e+03  3.39490100e+03  9.10000000e-02  1.85060000e+01
 -2.71376405e+03  3.39490100e+03  9.10000000e-02  1.85060000e+01
 -2.71693210e+03  3.39347300e+03  9.10000000e-02  1.85060000e+01
 -2.71798750e+03  3.39391600e+03  9.10000000e-02  1.85180000e+01
 -2.72156074e+03  3.39689900e+03  9.10000000e-02  1.84920000e+01
 -2.72156074e+03  3.39689900e+03  9.10000000e-02  1.84920000e+01
 -2.72285670e+03  3.39855300e+03  9.10000000e-02  1.84930000e+01
 -2.72345375e+03  3.40018500e+03  9.10000000e-02  1.84410000e+01
 -2.72345375e+03  3.40018500e+03  9.10000000e-02  1.84410000e+01
 -2.72345375e+03  3.40018500e+03  9.10000000e-02  1.84410000e+01
 -2.72471960e+03  3.40503800e+03  9.10000000e-02  1.84060000e+01
 -2.72471960e+03  3.40503800e+03  9.10000000e-02  1.84060000e+01
 -2.73450114e+03  3.40922100e+03  9.10000000e-02  1.83210000e+01
 -2.73450433e+03  3.40945800e+03  9.10000000e-02  1.83130000e+01
 -2.73663787e+03  3.41012800e+03  9.10000000e-02  1.82900000e+01
 -2.73649940e+03  3.40825800e+03  9.00000000e-02  1.83440000e+01
 -2.74647640e+03  3.41154400e+03  9.00000000e-02  1.83110000e+01
 -2.74786552e+03  3.41176000e+03  9.00000000e-02  1.82700000e+01
 -2.74786552e+03  3.41176000e+03  9.00000000e-02  1.82700000e+01
 -2.74786552e+03  3.41176000e+03  9.00000000e-02  1.82700000e+01
 -2.74931184e+03  3.41099200e+03  9.00000000e-02  1.82980000e+01
 -2.75458254e+03  3.41286200e+03  8.90000000e-02  1.82990000e+01
 -2.75551869e+03  3.41384500e+03  8.90000000e-02  1.82990000e+01
 -2.75547977e+03  3.41317500e+03  8.90000000e-02  1.83380000e+01
 -2.75586437e+03  3.41428800e+03  8.90000000e-02  1.83380000e+01
 -2.75586437e+03  3.41428800e+03  8.90000000e-02  1.83380000e+01
 -2.75824073e+03  3.41540100e+03  8.90000000e-02  1.84440000e+01
 -2.75824073e+03  3.41540100e+03  8.90000000e-02  1.84440000e+01
 -2.75824073e+03  3.41540100e+03  8.90000000e-02  1.84440000e+01
 -2.76280604e+03  3.41508700e+03  8.90000000e-02  1.84640000e+01
 -2.76888743e+03  3.41770300e+03  8.90000000e-02  1.83560000e+01
 -2.77006358e+03  3.41760500e+03  8.90000000e-02  1.83560000e+01
 -2.77059762e+03  3.41761600e+03  8.90000000e-02  1.83560000e+01
 -2.77059762e+03  3.41761600e+03  8.90000000e-02  1.83560000e+01
 -2.77059762e+03  3.41761600e+03  8.90000000e-02  1.83560000e+01
 -2.77059762e+03  3.41761600e+03  8.90000000e-02  1.83560000e+01
 -2.77765467e+03  3.41904200e+03  8.90000000e-02  1.83560000e+01
 -2.77843165e+03  3.41971200e+03  8.90000000e-02  1.83280000e+01
 -2.77843165e+03  3.41971200e+03  8.90000000e-02  1.83280000e+01
 -2.77827341e+03  3.41971200e+03  8.90000000e-02  1.83280000e+01
 -2.77814604e+03  3.42015500e+03  8.90000000e-02  1.83340000e+01
 -2.77814604e+03  3.42015500e+03  8.90000000e-02  1.83340000e+01
 -2.77811797e+03  3.42246700e+03  8.90000000e-02  1.82210000e+01
 -2.78669857e+03  3.42523400e+03  8.90000000e-02  1.80450000e+01
 -2.78669857e+03  3.42523400e+03  8.90000000e-02  1.80450000e+01
 -2.79164009e+03  3.42725500e+03  8.90000000e-02  1.78840000e+01
 -2.79635985e+03  3.43135000e+03  8.90000000e-02  1.78880000e+01
 -2.79635985e+03  3.43135000e+03  8.90000000e-02  1.78880000e+01
 -2.79635985e+03  3.43135000e+03  8.90000000e-02  1.78880000e+01
 -2.79635985e+03  3.43135000e+03  8.90000000e-02  1.78880000e+01
 -2.79635985e+03  3.43135000e+03  8.90000000e-02  1.78880000e+01
 -2.79635985e+03  3.43135000e+03  8.90000000e-02  1.78880000e+01
 -2.79635985e+03  3.43135000e+03  8.90000000e-02  1.78880000e+01
 -2.79635985e+03  3.43135000e+03  8.90000000e-02  1.78880000e+01
 -2.79798729e+03  3.43224700e+03  8.90000000e-02  1.78870000e+01
 -2.79798729e+03  3.43224700e+03  8.90000000e-02  1.78870000e+01
 -2.79834961e+03  3.43182500e+03  8.90000000e-02  1.78820000e+01
 -2.80430923e+03  3.43512200e+03  8.90000000e-02  1.78750000e+01
 -2.80719445e+03  3.43592100e+03  8.90000000e-02  1.78280000e+01
 -2.80719445e+03  3.43592100e+03  8.90000000e-02  1.78280000e+01
 -2.80785652e+03  3.43756400e+03  8.90000000e-02  1.78460000e+01
 -2.80785652e+03  3.43756400e+03  8.90000000e-02  1.78460000e+01
 -2.81246913e+03  3.43605000e+03  8.90000000e-02  1.78840000e+01
 -2.81246913e+03  3.43605000e+03  8.90000000e-02  1.78840000e+01
 -2.81246913e+03  3.43605000e+03  8.90000000e-02  1.78840000e+01
 -2.81236223e+03  3.43770400e+03  8.90000000e-02  1.78630000e+01
 -2.81236223e+03  3.43770400e+03  8.90000000e-02  1.78630000e+01
 -2.81236223e+03  3.43770400e+03  8.90000000e-02  1.78630000e+01
 -2.81617951e+03  3.43860000e+03  8.90000000e-02  1.78180000e+01
 -2.81630000e+03  3.43850200e+03  8.90000000e-02  1.78180000e+01
 -2.81630000e+03  3.43850200e+03  8.90000000e-02  1.78180000e+01
 -2.81630000e+03  3.43850200e+03  8.90000000e-02  1.78180000e+01
 -2.81630000e+03  3.43850200e+03  8.90000000e-02  1.78180000e+01
 -2.81900823e+03  3.43671900e+03  8.90000000e-02  1.78500000e+01
 -2.81969620e+03  3.43486000e+03  8.90000000e-02  1.79170000e+01
 -2.81969620e+03  3.43486000e+03  8.90000000e-02  1.79170000e+01
 -2.81971421e+03  3.43627600e+03  8.50000000e-02  1.78770000e+01
 -2.81971421e+03  3.43627600e+03  8.50000000e-02  1.78770000e+01
 -2.81830886e+03  3.43133600e+03  8.50000000e-02  1.78980000e+01
 -2.81830886e+03  3.43133600e+03  8.50000000e-02  1.78980000e+01
 -2.81830886e+03  3.43133600e+03  8.50000000e-02  1.78980000e+01
 -2.81836763e+03  3.43365900e+03  8.50000000e-02  1.78180000e+01
 -2.81836763e+03  3.43365900e+03  8.50000000e-02  1.78180000e+01
 -2.81838096e+03  3.43411300e+03  8.50000000e-02  1.78140000e+01
 -2.81838096e+03  3.43411300e+03  8.50000000e-02  1.78140000e+01
 -2.81838096e+03  3.43411300e+03  8.50000000e-02  1.78140000e+01
 -2.83298846e+03  3.43686900e+03  8.50000000e-02  1.77610000e+01
 -2.83814039e+03  3.43535500e+03  8.50000000e-02  1.77960000e+01
 -2.84345003e+03  3.43852200e+03  8.50000000e-02  1.77640000e+01
 -2.84330732e+03  3.43866200e+03  8.50000000e-02  1.77600000e+01
 -2.84330732e+03  3.43866200e+03  8.50000000e-02  1.77600000e+01
 -2.84372614e+03  3.43902900e+03  8.50000000e-02  1.77010000e+01
 -2.84355342e+03  3.43805500e+03  8.50000000e-02  1.77330000e+01
 -2.84355342e+03  3.43805500e+03  8.50000000e-02  1.77330000e+01
 -2.84379250e+03  3.43850900e+03  8.50000000e-02  1.77330000e+01
 -2.84379250e+03  3.43850900e+03  8.50000000e-02  1.77330000e+01
 -2.84629169e+03  3.43926600e+03  8.50000000e-02  1.77410000e+01
 -2.84784539e+03  3.44202200e+03  8.50000000e-02  1.77240000e+01
 -2.84784539e+03  3.44202200e+03  8.50000000e-02  1.77240000e+01
 -2.84751154e+03  3.44006500e+03  8.50000000e-02  1.78070000e+01
 -2.84751154e+03  3.44006500e+03  8.50000000e-02  1.78070000e+01
 -2.85586627e+03  3.44171800e+03  8.50000000e-02  1.78220000e+01
 -2.85579948e+03  3.44238800e+03  8.50000000e-02  1.77630000e+01
 -2.86052068e+03  3.44403100e+03  8.50000000e-02  1.77240000e+01
 -2.86503419e+03  3.44470100e+03  8.50000000e-02  1.77970000e+01
 -2.87000259e+03  3.44777100e+03  8.50000000e-02  1.77970000e+01
 -2.87439387e+03  3.44798700e+03  8.50000000e-02  1.77970000e+01
 -2.87439387e+03  3.44798700e+03  8.50000000e-02  1.77970000e+01
 -2.87672753e+03  3.45248400e+03  8.50000000e-02  1.77760000e+01
 -2.87672753e+03  3.45248400e+03  8.50000000e-02  1.77760000e+01
 -2.89098573e+03  3.45315300e+03  8.50000000e-02  1.78630000e+01
 -2.89213980e+03  3.45511000e+03  8.50000000e-02  1.78220000e+01
 -2.89213980e+03  3.45511000e+03  8.50000000e-02  1.78220000e+01
 -2.89213980e+03  3.45511000e+03  8.50000000e-02  1.78220000e+01
 -2.89216642e+03  3.45502300e+03  8.50000000e-02  1.78220000e+01
 -2.89298355e+03  3.45801700e+03  8.60000000e-02  1.77340000e+01
 -2.89597825e+03  3.45800600e+03  8.60000000e-02  1.77340000e+01
 -2.89597825e+03  3.45800600e+03  8.60000000e-02  1.77340000e+01
 -2.89903357e+03  3.45746500e+03  8.60000000e-02  1.77610000e+01
 -2.89903357e+03  3.45746500e+03  8.60000000e-02  1.77610000e+01
 -2.89903357e+03  3.45746500e+03  8.60000000e-02  1.77610000e+01
 -2.89903357e+03  3.45746500e+03  8.60000000e-02  1.77610000e+01
 -2.89903357e+03  3.45746500e+03  8.60000000e-02  1.77610000e+01
 -2.89970234e+03  3.45747600e+03  8.60000000e-02  1.77660000e+01
 -2.90328669e+03  3.45671900e+03  8.60000000e-02  1.77780000e+01
 -2.90328669e+03  3.45671900e+03  8.60000000e-02  1.77780000e+01
 -2.90338649e+03  3.45396300e+03  8.60000000e-02  1.78540000e+01
 -2.90338649e+03  3.45396300e+03  8.60000000e-02  1.78540000e+01
 -2.90338649e+03  3.45396300e+03  8.60000000e-02  1.78540000e+01
 -2.90936685e+03  3.45561600e+03  8.60000000e-02  1.77860000e+01
 -2.90936685e+03  3.45561600e+03  8.60000000e-02  1.77860000e+01
 -2.90936685e+03  3.45561600e+03  8.60000000e-02  1.77860000e+01
 -2.91182860e+03  3.45868600e+03  8.60000000e-02  1.77020000e+01
 -2.92064406e+03  3.46121500e+03  8.60000000e-02  1.76700000e+01
 -2.92512273e+03  3.46658700e+03  8.50000000e-02  1.76200000e+01
 -2.92512273e+03  3.46658700e+03  8.50000000e-02  1.76200000e+01
 -2.92831185e+03  3.46538700e+03  8.50000000e-02  1.76350000e+01
 -2.92831185e+03  3.46538700e+03  8.50000000e-02  1.76350000e+01
 -2.92831185e+03  3.46538700e+03  8.50000000e-02  1.76350000e+01
 -2.92831185e+03  3.46538700e+03  8.50000000e-02  1.76350000e+01
 -2.92926323e+03  3.46606800e+03  8.50000000e-02  1.76350000e+01
 -2.93068512e+03  3.46740800e+03  8.50000000e-02  1.75360000e+01
 -2.93046225e+03  3.46763400e+03  9.70000000e-02  1.75230000e+01
 -2.93046225e+03  3.46763400e+03  9.70000000e-02  1.75230000e+01
 -2.93046225e+03  3.46763400e+03  9.70000000e-02  1.75230000e+01
 -2.93107958e+03  3.46763400e+03  9.70000000e-02  1.76180000e+01
 -2.93107958e+03  3.46763400e+03  9.70000000e-02  1.76180000e+01
 -2.93107958e+03  3.46763400e+03  9.70000000e-02  1.76180000e+01
 -2.93178769e+03  3.46874700e+03  9.70000000e-02  1.76210000e+01
 -2.93447045e+03  3.47061700e+03  9.70000000e-02  1.77120000e+01
 -2.93547558e+03  3.47457300e+03  9.70000000e-02  1.76730000e+01
 -2.93547558e+03  3.47457300e+03  9.70000000e-02  1.76730000e+01
 -2.93575187e+03  3.47711300e+03  9.70000000e-02  1.76730000e+01
 -2.93575187e+03  3.47711300e+03  9.70000000e-02  1.76730000e+01
 -2.95361609e+03  3.47898300e+03  9.70000000e-02  1.76510000e+01
 -2.95361609e+03  3.47898300e+03  9.70000000e-02  1.76510000e+01
 -2.95361609e+03  3.47898300e+03  9.70000000e-02  1.76510000e+01
 -2.95361609e+03  3.47898300e+03  9.70000000e-02  1.76510000e+01
 -2.95361609e+03  3.47898300e+03  9.70000000e-02  1.76510000e+01
 -2.95361609e+03  3.47898300e+03  9.70000000e-02  1.76510000e+01
 -2.95645196e+03  3.47898300e+03  9.70000000e-02  1.77020000e+01
 -2.96293388e+03  3.47822500e+03  9.70000000e-02  1.77050000e+01
 -2.96293388e+03  3.47822500e+03  9.70000000e-02  1.77050000e+01
 -2.96293388e+03  3.47822500e+03  9.70000000e-02  1.77050000e+01
 -2.96342797e+03  3.47846300e+03  9.70000000e-02  1.77080000e+01
 -2.96342797e+03  3.47846300e+03  9.70000000e-02  1.77080000e+01
 -2.96874059e+03  3.47966300e+03  9.70000000e-02  1.77250000e+01
 -2.96880424e+03  3.47923100e+03  9.70000000e-02  1.79370000e+01
 -2.97002257e+03  3.48057100e+03  9.70000000e-02  1.79190000e+01
 -2.97002257e+03  3.48057100e+03  9.70000000e-02  1.79190000e+01
 -2.97002257e+03  3.48057100e+03  9.70000000e-02  1.79190000e+01
 -2.97002257e+03  3.48057100e+03  9.70000000e-02  1.79190000e+01
 -2.96999606e+03  3.48244000e+03  9.70000000e-02  1.79190000e+01
 -2.97207396e+03  3.48266700e+03  9.70000000e-02  1.80740000e+01
 -2.97207396e+03  3.48266700e+03  9.70000000e-02  1.80740000e+01
 -2.97552185e+03  3.48401800e+03  9.70000000e-02  1.80430000e+01
 -2.97742779e+03  3.48588800e+03  9.70000000e-02  1.80480000e+01
 -2.97941221e+03  3.48753100e+03  9.70000000e-02  1.80480000e+01
 -2.98504394e+03  3.49139900e+03  9.70000000e-02  1.80320000e+01
 -2.98622903e+03  3.49526800e+03  9.70000000e-02  1.79650000e+01
 -2.98622903e+03  3.49526800e+03  9.70000000e-02  1.79650000e+01
 -2.98726830e+03  3.49405700e+03  9.70000000e-02  1.80630000e+01
 -2.98726830e+03  3.49405700e+03  9.70000000e-02  1.80630000e+01
 -2.98726830e+03  3.49405700e+03  9.70000000e-02  1.80630000e+01
 -2.98726830e+03  3.49405700e+03  9.70000000e-02  1.80630000e+01
 -2.99972483e+03  3.49682300e+03  9.70000000e-02  1.80700000e+01
 -3.00171437e+03  3.49779700e+03  8.50000000e-02  1.80840000e+01
 -3.00204372e+03  3.49548300e+03  8.50000000e-02  1.82000000e+01
 -3.00610419e+03  3.50033600e+03  8.50000000e-02  1.81530000e+01
 -3.00952448e+03  3.50199000e+03  8.50000000e-02  1.80920000e+01
 -3.00952448e+03  3.50199000e+03  8.50000000e-02  1.80920000e+01
 -3.00952448e+03  3.50199000e+03  8.50000000e-02  1.80920000e+01
 -3.01805636e+03  3.50266000e+03  8.50000000e-02  1.80920000e+01
 -3.01805636e+03  3.50266000e+03  8.50000000e-02  1.80920000e+01
 -3.01805636e+03  3.50266000e+03  8.50000000e-02  1.80920000e+01
 -3.01903901e+03  3.50520000e+03  8.50000000e-02  1.80920000e+01
 -3.02749947e+03  3.50608500e+03  8.40000000e-02  1.80920000e+01
 -3.03174993e+03  3.50577100e+03  8.50000000e-02  1.81270000e+01
 -3.03174993e+03  3.50577100e+03  8.50000000e-02  1.81270000e+01
 -3.03241986e+03  3.50851600e+03  8.50000000e-02  1.78310000e+01
 -3.03395775e+03  3.50657000e+03  8.40000000e-02  1.78060000e+01
 -3.03395775e+03  3.50657000e+03  8.40000000e-02  1.78060000e+01
 -3.03395775e+03  3.50657000e+03  8.40000000e-02  1.78060000e+01
 -3.03395775e+03  3.50657000e+03  8.40000000e-02  1.78060000e+01
 -3.03403615e+03  3.50724000e+03  8.40000000e-02  1.77740000e+01
 -3.04031859e+03  3.50813700e+03  8.40000000e-02  1.77490000e+01
 -3.04925655e+03  3.50902300e+03  8.40000000e-02  1.77640000e+01
 -3.05960766e+03  3.51133500e+03  8.40000000e-02  1.77640000e+01
 -3.07076285e+03  3.51342200e+03  8.40000000e-02  1.77960000e+01
 -3.07076285e+03  3.51342200e+03  8.40000000e-02  1.77960000e+01
 -3.07076285e+03  3.51342200e+03  8.40000000e-02  1.77960000e+01
 -3.07076285e+03  3.51342200e+03  8.40000000e-02  1.77960000e+01
 -3.07076285e+03  3.51342200e+03  8.40000000e-02  1.77960000e+01
 -3.07076285e+03  3.51342200e+03  8.40000000e-02  1.77960000e+01
 -3.07983772e+03  3.51222200e+03  8.40000000e-02  1.78090000e+01
 -3.07992081e+03  3.51266400e+03  8.40000000e-02  1.78080000e+01
 -3.08291767e+03  3.51110800e+03  8.40000000e-02  1.78880000e+01
 -3.08291767e+03  3.51110800e+03  8.40000000e-02  1.78880000e+01
 -3.08308179e+03  3.51012400e+03  8.40000000e-02  1.77910000e+01
 -3.08308179e+03  3.51012400e+03  8.40000000e-02  1.77910000e+01
 -3.08308179e+03  3.51012400e+03  8.40000000e-02  1.77910000e+01
 -3.08308179e+03  3.51012400e+03  8.40000000e-02  1.77910000e+01
 -3.08414605e+03  3.51079400e+03  8.40000000e-02  1.77910000e+01
 -3.08543676e+03  3.51048000e+03  8.50000000e-02  1.78470000e+01
 -3.08543676e+03  3.51048000e+03  8.50000000e-02  1.78470000e+01
 -3.08852901e+03  3.51235000e+03  8.50000000e-02  1.78790000e+01
 -3.09242362e+03  3.51511700e+03  8.50000000e-02  1.78780000e+01
 -3.09242362e+03  3.51511700e+03  8.50000000e-02  1.78780000e+01
 -3.09242362e+03  3.51511700e+03  8.50000000e-02  1.78780000e+01
 -3.09242362e+03  3.51511700e+03  8.50000000e-02  1.78780000e+01
 -3.09265011e+03  3.51667300e+03  8.50000000e-02  1.78420000e+01
 -3.09450518e+03  3.51712600e+03  8.50000000e-02  1.78420000e+01
 -3.09450518e+03  3.51712600e+03  8.50000000e-02  1.78420000e+01
 -3.09466516e+03  3.51966600e+03  8.50000000e-02  1.76720000e+01
 -3.09520151e+03  3.52167600e+03  8.50000000e-02  1.76070000e+01
 -3.09566189e+03  3.52279900e+03  8.50000000e-02  1.75970000e+01
 -3.09566189e+03  3.52279900e+03  8.50000000e-02  1.75970000e+01
 -3.09566189e+03  3.52279900e+03  8.50000000e-02  1.75970000e+01
 -3.09566189e+03  3.52279900e+03  8.50000000e-02  1.75970000e+01
 -3.09809418e+03  3.52555500e+03  8.50000000e-02  1.75900000e+01
 -3.09809418e+03  3.52555500e+03  8.50000000e-02  1.75900000e+01
 -3.09796077e+03  3.52182600e+03  8.50000000e-02  1.77120000e+01
 -3.09796077e+03  3.52182600e+03  8.50000000e-02  1.77120000e+01
 -3.09906941e+03  3.52325300e+03  8.50000000e-02  1.76940000e+01
 -3.09906941e+03  3.52325300e+03  8.50000000e-02  1.76940000e+01
 -3.09906941e+03  3.52325300e+03  8.50000000e-02  1.76940000e+01
 -3.09906941e+03  3.52325300e+03  8.50000000e-02  1.76940000e+01
 -3.09906941e+03  3.52325300e+03  8.50000000e-02  1.76940000e+01
 -3.09906941e+03  3.52325300e+03  8.50000000e-02  1.76940000e+01
 -3.09906941e+03  3.52325300e+03  8.50000000e-02  1.76940000e+01
 -3.11318185e+03  3.52293800e+03  8.50000000e-02  1.76890000e+01
 -3.11318185e+03  3.52293800e+03  8.50000000e-02  1.76890000e+01
 -3.11603792e+03  3.52339200e+03  8.50000000e-02  1.76980000e+01
 -3.11598891e+03  3.52592100e+03  8.50000000e-02  1.76540000e+01
 -3.11598891e+03  3.52592100e+03  8.50000000e-02  1.76540000e+01
 -3.11598891e+03  3.52592100e+03  8.50000000e-02  1.76540000e+01
 -3.11647397e+03  3.52679600e+03  8.50000000e-02  1.76540000e+01
 -3.11647397e+03  3.52679600e+03  8.50000000e-02  1.76540000e+01
 -3.12706001e+03  3.53000600e+03  8.50000000e-02  1.75870000e+01
 -3.12706001e+03  3.53000600e+03  8.50000000e-02  1.75870000e+01
 -3.12706001e+03  3.53000600e+03  8.50000000e-02  1.75870000e+01
 -3.12706001e+03  3.53000600e+03  8.50000000e-02  1.75870000e+01
 -3.13567279e+03  3.53111900e+03  8.50000000e-02  1.75530000e+01
 -3.13687046e+03  3.53276100e+03  8.50000000e-02  1.75610000e+01
 -3.14136831e+03  3.53783000e+03  8.50000000e-02  1.73870000e+01
 -3.14136831e+03  3.53783000e+03  8.50000000e-02  1.73870000e+01
 -3.14136831e+03  3.53783000e+03  8.50000000e-02  1.73870000e+01
 -3.14136831e+03  3.53783000e+03  8.50000000e-02  1.73870000e+01
 -3.14136831e+03  3.53783000e+03  8.50000000e-02  1.73870000e+01
 -3.14136831e+03  3.53783000e+03  8.50000000e-02  1.73870000e+01
 -3.14938983e+03  3.53784100e+03  8.50000000e-02  1.74900000e+01
 -3.15040047e+03  3.54322400e+03  8.50000000e-02  1.73670000e+01
 -3.15482591e+03  3.54344000e+03  8.50000000e-02  1.73720000e+01
 -3.15482591e+03  3.54344000e+03  8.50000000e-02  1.73720000e+01
 -3.15482591e+03  3.54344000e+03  8.50000000e-02  1.73720000e+01
 -3.15507018e+03  3.54178600e+03  8.50000000e-02  1.74600000e+01
 -3.16481271e+03  3.54432600e+03  8.50000000e-02  1.74700000e+01
 -3.16577819e+03  3.54663900e+03  8.50000000e-02  1.74480000e+01
 -3.16577819e+03  3.54663900e+03  8.50000000e-02  1.74480000e+01
 -3.16577819e+03  3.54663900e+03  8.50000000e-02  1.74480000e+01
 -3.16588260e+03  3.55046600e+03  8.50000000e-02  1.74090000e+01
 -3.16588260e+03  3.55046600e+03  8.50000000e-02  1.74090000e+01
 -3.16729395e+03  3.55368600e+03  8.50000000e-02  1.73020000e+01
 -3.16729395e+03  3.55368600e+03  8.50000000e-02  1.73020000e+01
 -3.17082454e+03  3.55338300e+03  8.50000000e-02  1.73050000e+01
 -3.17176365e+03  3.55263600e+03  8.50000000e-02  1.73200000e+01
 -3.17176365e+03  3.55263600e+03  8.50000000e-02  1.73200000e+01
 -3.17232407e+03  3.55330600e+03  8.60000000e-02  1.73350000e+01
 -3.18076732e+03  3.55515400e+03  8.60000000e-02  1.72680000e+01
 -3.18076732e+03  3.55515400e+03  8.60000000e-02  1.72680000e+01
 -3.18076732e+03  3.55515400e+03  8.60000000e-02  1.72680000e+01
 -3.18076732e+03  3.55515400e+03  8.60000000e-02  1.72680000e+01
 -3.18316720e+03  3.55626700e+03  8.60000000e-02  1.72660000e+01
 -3.18316720e+03  3.55626700e+03  8.60000000e-02  1.72660000e+01
 -3.18316720e+03  3.55626700e+03  8.60000000e-02  1.72660000e+01
 -3.18378655e+03  3.56001800e+03  8.60000000e-02  1.71860000e+01
 -3.18378655e+03  3.56001800e+03  8.60000000e-02  1.71860000e+01
 -3.18453744e+03  3.56189800e+03  8.50000000e-02  1.71270000e+01
 -3.18453744e+03  3.56189800e+03  8.50000000e-02  1.71270000e+01
 -3.19336770e+03  3.56532400e+03  8.50000000e-02  1.71260000e+01
 -3.19336770e+03  3.56532400e+03  8.50000000e-02  1.71260000e+01
 -3.19336770e+03  3.56532400e+03  8.50000000e-02  1.71260000e+01
 -3.19336770e+03  3.56532400e+03  8.50000000e-02  1.71260000e+01
 -3.19336770e+03  3.56532400e+03  8.50000000e-02  1.71260000e+01
 -3.19336770e+03  3.56532400e+03  8.50000000e-02  1.71260000e+01
 -3.19391415e+03  3.56675000e+03  8.30000000e-02  1.71230000e+01
 -3.19391415e+03  3.56675000e+03  8.30000000e-02  1.71230000e+01
 -3.19404443e+03  3.56892300e+03  8.30000000e-02  1.70860000e+01
 -3.19404443e+03  3.56892300e+03  8.30000000e-02  1.70860000e+01
 -3.19573394e+03  3.56936600e+03  8.30000000e-02  1.71080000e+01
 -3.19609864e+03  3.57167900e+03  8.30000000e-02  1.70240000e+01
 -3.19775463e+03  3.56852200e+03  8.30000000e-02  1.70690000e+01
 -3.19775463e+03  3.56852200e+03  8.30000000e-02  1.70690000e+01
 -3.19775463e+03  3.56852200e+03  8.30000000e-02  1.70690000e+01
 -3.19775463e+03  3.56852200e+03  8.30000000e-02  1.70690000e+01
 -3.21081773e+03  3.56656500e+03  8.30000000e-02  1.71240000e+01
 -3.21112881e+03  3.56625000e+03  8.30000000e-02  1.71230000e+01
 -3.21112881e+03  3.56625000e+03  8.30000000e-02  1.71230000e+01
 -3.21815429e+03  3.57231400e+03  8.30000000e-02  1.71240000e+01
 -3.21815429e+03  3.57231400e+03  8.30000000e-02  1.71240000e+01
 -3.21815429e+03  3.57231400e+03  8.30000000e-02  1.71240000e+01
 -3.21898188e+03  3.57342700e+03  8.30000000e-02  1.71000000e+01
 -3.21898188e+03  3.57342700e+03  8.30000000e-02  1.71000000e+01
 -3.21949964e+03  3.57594500e+03  8.30000000e-02  1.70800000e+01
 -3.21949964e+03  3.57594500e+03  8.30000000e-02  1.70800000e+01
 -3.21969618e+03  3.57461600e+03  8.30000000e-02  1.70820000e+01
 -3.21969618e+03  3.57461600e+03  8.30000000e-02  1.70820000e+01
 -3.21969618e+03  3.57461600e+03  8.30000000e-02  1.70820000e+01
 -3.21969618e+03  3.57461600e+03  8.30000000e-02  1.70820000e+01
 -3.22128058e+03  3.57692900e+03  8.30000000e-02  1.70820000e+01
 -3.22298629e+03  3.57759900e+03  8.30000000e-02  1.70720000e+01
 -3.23011359e+03  3.57870000e+03  8.30000000e-02  1.70750000e+01
 -3.23760713e+03  3.58002900e+03  8.30000000e-02  1.70620000e+01
 -3.23760713e+03  3.58002900e+03  8.30000000e-02  1.70620000e+01
 -3.23760713e+03  3.58002900e+03  8.30000000e-02  1.70620000e+01
 -3.23760713e+03  3.58002900e+03  8.30000000e-02  1.70620000e+01
 -3.24108868e+03  3.58249300e+03  8.30000000e-02  1.70560000e+01
 -3.24108868e+03  3.58249300e+03  8.30000000e-02  1.70560000e+01
 -3.24932142e+03  3.58360600e+03  8.30000000e-02  1.70480000e+01
 -3.24932142e+03  3.58360600e+03  8.30000000e-02  1.70480000e+01
 -3.24983708e+03  3.58471800e+03  8.30000000e-02  1.70410000e+01
 -3.24983708e+03  3.58471800e+03  8.30000000e-02  1.70410000e+01
 -3.25000825e+03  3.58329100e+03  8.30000000e-02  1.70440000e+01
 -3.25085235e+03  3.58393900e+03  8.30000000e-02  1.70440000e+01
 -3.25453493e+03  3.58506300e+03  8.30000000e-02  1.71060000e+01
 -3.25453493e+03  3.58506300e+03  8.30000000e-02  1.71060000e+01
 -3.25453493e+03  3.58506300e+03  8.30000000e-02  1.71060000e+01
 -3.25453493e+03  3.58506300e+03  8.30000000e-02  1.71060000e+01
 -3.25453493e+03  3.58506300e+03  8.30000000e-02  1.71060000e+01
 -3.25453493e+03  3.58506300e+03  8.30000000e-02  1.71060000e+01
 -3.26339539e+03  3.58925700e+03  8.30000000e-02  1.70760000e+01
 -3.26989316e+03  3.58685700e+03  8.30000000e-02  1.71290000e+01
 -3.26989316e+03  3.58685700e+03  8.30000000e-02  1.71290000e+01
 -3.27035404e+03  3.58850000e+03  8.30000000e-02  1.71400000e+01
 -3.27035404e+03  3.58850000e+03  8.30000000e-02  1.71400000e+01
 -3.27035404e+03  3.58850000e+03  8.30000000e-02  1.71400000e+01
 -3.27035404e+03  3.58850000e+03  8.30000000e-02  1.71400000e+01
 -3.27035404e+03  3.58850000e+03  8.30000000e-02  1.71400000e+01
 -3.27035404e+03  3.58850000e+03  8.30000000e-02  1.71400000e+01
 -3.27035404e+03  3.58850000e+03  8.30000000e-02  1.71400000e+01
 -3.27035404e+03  3.58850000e+03  8.30000000e-02  1.71400000e+01
 -3.27318159e+03  3.59103900e+03  8.30000000e-02  1.70650000e+01
 -3.27318159e+03  3.59103900e+03  8.30000000e-02  1.70650000e+01
 -3.27331300e+03  3.59126600e+03  8.30000000e-02  1.69930000e+01
 -3.27720731e+03  3.59239000e+03  8.30000000e-02  1.69970000e+01
 -3.27720731e+03  3.59239000e+03  8.30000000e-02  1.69970000e+01
 -3.27720731e+03  3.59239000e+03  8.30000000e-02  1.69970000e+01
 -3.27720731e+03  3.59239000e+03  8.30000000e-02  1.69970000e+01
 -3.27758675e+03  3.59328600e+03  8.30000000e-02  1.69960000e+01
 -3.27758675e+03  3.59328600e+03  8.30000000e-02  1.69960000e+01
 -3.27758675e+03  3.59328600e+03  8.30000000e-02  1.69960000e+01
 -3.27758675e+03  3.59328600e+03  8.30000000e-02  1.69960000e+01
 -3.27758675e+03  3.59328600e+03  8.30000000e-02  1.69960000e+01
 -3.27837204e+03  3.59561000e+03  8.30000000e-02  1.69840000e+01
 -3.27837204e+03  3.59561000e+03  8.30000000e-02  1.69840000e+01
 -3.27837204e+03  3.59561000e+03  8.30000000e-02  1.69840000e+01
 -3.27837204e+03  3.59561000e+03  8.30000000e-02  1.69840000e+01
 -3.27837204e+03  3.59561000e+03  8.30000000e-02  1.69840000e+01
 -3.28115107e+03  3.59956600e+03  8.30000000e-02  1.69220000e+01
 -3.28115107e+03  3.59956600e+03  8.30000000e-02  1.69220000e+01
 -3.28115107e+03  3.59956600e+03  8.30000000e-02  1.69220000e+01
 -3.28115107e+03  3.59956600e+03  8.30000000e-02  1.69220000e+01
 -3.28115107e+03  3.59956600e+03  8.30000000e-02  1.69220000e+01
 -3.28115107e+03  3.59956600e+03  8.30000000e-02  1.69220000e+01
 -3.28115107e+03  3.59956600e+03  8.30000000e-02  1.69220000e+01
 -3.28350234e+03  3.59889600e+03  8.30000000e-02  1.69280000e+01
 -3.28350234e+03  3.59889600e+03  8.30000000e-02  1.69280000e+01
 -3.28368822e+03  3.60099200e+03  8.30000000e-02  1.67610000e+01
 -3.28368822e+03  3.60099200e+03  8.30000000e-02  1.67610000e+01
 -3.28991118e+03  3.60419100e+03  8.30000000e-02  1.67340000e+01
 -3.28991118e+03  3.60419100e+03  8.30000000e-02  1.67340000e+01
 -3.28991118e+03  3.60419100e+03  8.30000000e-02  1.67340000e+01
 -3.29028023e+03  3.60627700e+03  8.20000000e-02  1.66720000e+01
 -3.29421405e+03  3.60814700e+03  8.20000000e-02  1.66730000e+01
 -3.29421405e+03  3.60814700e+03  8.20000000e-02  1.66730000e+01
 -3.30606737e+03  3.61015700e+03  8.20000000e-02  1.66290000e+01
 -3.30606737e+03  3.61015700e+03  8.20000000e-02  1.66290000e+01
 -3.30627857e+03  3.60752900e+03  8.20000000e-02  1.66450000e+01
 -3.30963994e+03  3.60752900e+03  8.20000000e-02  1.66870000e+01
 -3.30963994e+03  3.60752900e+03  8.20000000e-02  1.66870000e+01
 -3.30963994e+03  3.60752900e+03  8.20000000e-02  1.66870000e+01
 -3.30963994e+03  3.60752900e+03  8.20000000e-02  1.66870000e+01
 -3.30963994e+03  3.60752900e+03  8.20000000e-02  1.66870000e+01
 -3.30963994e+03  3.60752900e+03  8.20000000e-02  1.66870000e+01