-1.56455120e+03  2.57626700e+03  8.80000000e-02  2.93540000e+01
 -1.56652678e+03  2.58219100e+03  8.80000000e-02  2.91890000e+01
 -1.58412671e+03  2.58735700e+03  8.80000000e-02  2.91890000e+01
 -1.58444879e+03  2.59155100e+03  8.80000000e-02  2.91010000e+01
 -1.60060998e+03  2.59804600e+03  8.80000000e-02  2.90700000e+01
 -1.60205610e+03  2.60418600e+03  8.80000000e-02  2.88280000e+01
 -1.60308301e+03  2.60935300e+03  8.90000000e-02  2.86940000e+01
 -1.60622131e+03  2.61549300e+03  8.90000000e-02  2.84570000e+01
 -1.60778429e+03  2.61967500e+03  8.90000000e-02  2.82840000e+01
 -1.61600056e+03  2.62581500e+03  8.90000000e-02  2.81890000e+01
 -1.61773654e+03  2.63075500e+03  8.90000000e-02  2.81690000e+01
 -1.61863600e+03  2.63569500e+03  8.90000000e-02  2.80240000e+01
 -1.61970556e+03  2.63748800e+03  8.90000000e-02  2.80100000e+01
 -1.62146922e+03  2.63958500e+03  8.90000000e-02  2.80010000e+01
 -1.62264047e+03  2.64288100e+03  8.90000000e-02  2.79100000e+01
 -1.62356733e+03  2.64630700e+03  8.90000000e-02  2.78710000e+01
 -1.63303009e+03  2.65214400e+03  8.90000000e-02  2.78130000e+01
 -1.63357046e+03  2.65544000e+03  8.90000000e-02  2.77710000e+01
 -1.63880262e+03  2.65993700e+03  8.90000000e-02  2.75370000e+01
 -1.65346050e+03  2.66203400e+03  8.90000000e-02  2.75370000e+01
 -1.65582876e+03  2.66665900e+03  8.90000000e-02  2.74840000e+01
 -1.66482408e+03  2.67676600e+03  8.90000000e-02  2.70320000e+01
 -1.66482408e+03  2.67676600e+03  8.90000000e-02  2.70320000e+01
 -1.66644146e+03  2.67863600e+03  8.90000000e-02  2.70020000e+01
 -1.67694079e+03  2.68227800e+03  8.90000000e-02  2.69970000e+01
 -1.68351045e+03  2.68646000e+03  8.90000000e-02  2.69970000e+01
 -1.68360687e+03  2.68810300e+03  8.90000000e-02  2.69880000e+01
 -1.68857437e+03  2.69043800e+03  8.90000000e-02  2.69880000e+01
 -1.68878650e+03  2.69156100e+03  8.90000000e-02  2.69760000e+01
 -1.69136655e+03  2.69926700e+03  8.90000000e-02  2.69360000e+01
 -1.70494945e+03  2.70465000e+03  8.90000000e-02  2.70290000e+01
 -1.71518869e+03  2.70794700e+03  8.90000000e-02  2.68730000e+01
 -1.72422100e+03  2.71092900e+03  8.90000000e-02  2.68150000e+01
 -1.72770649e+03  2.71639900e+03  8.90000000e-02  2.66730000e+01
 -1.73451761e+03  2.72454900e+03  8.90000000e-02  2.63400000e+01
 -1.73502461e+03  2.72762900e+03  8.90000000e-02  2.62740000e+01
 -1.73507931e+03  2.72731500e+03  8.90000000e-02  2.63580000e+01
 -1.74627099e+03  2.73269800e+03  8.90000000e-02  2.63150000e+01
 -1.74812468e+03  2.73448000e+03  8.90000000e-02  2.63240000e+01
 -1.74862800e+03  2.73755000e+03  8.90000000e-02  2.62880000e+01
 -1.75762143e+03  2.74218600e+03  8.90000000e-02  2.61390000e+01
 -1.76578345e+03  2.74832600e+03  8.90000000e-02  2.61260000e+01
 -1.77461708e+03  2.74966600e+03  8.90000000e-02  2.59920000e+01
 -1.77250659e+03  2.74735200e+03  8.90000000e-02  2.60800000e+01
 -1.79135989e+03  2.75483200e+03  8.90000000e-02  2.60490000e+01
 -1.79142488e+03  2.75767500e+03  8.90000000e-02  2.59420000e+01
 -1.80477565e+03  2.76075500e+03  8.90000000e-02  2.59420000e+01
 -1.80553562e+03  2.76262500e+03  8.90000000e-02  2.59360000e+01
 -1.80648916e+03  2.76569500e+03  8.90000000e-02  2.58520000e+01
 -1.81022391e+03  2.76867800e+03  8.90000000e-02  2.58460000e+01
 -1.81165451e+03  2.77000600e+03  8.90000000e-02  2.58410000e+01
 -1.81515410e+03  2.77196300e+03  8.90000000e-02  2.57840000e+01
 -1.83677017e+03  2.77900000e+03  8.90000000e-02  2.57840000e+01
 -1.84137783e+03  2.78185400e+03  8.90000000e-02  2.57820000e+01
 -1.85647330e+03  2.78813300e+03  8.90000000e-02  2.57420000e+01
 -1.85681319e+03  2.79045700e+03  8.90000000e-02  2.56660000e+01
 -1.85711383e+03  2.79134200e+03  8.90000000e-02  2.56660000e+01
 -1.85475621e+03  2.79013100e+03  8.90000000e-02  2.57050000e+01
 -1.86343142e+03  2.79925400e+03  8.90000000e-02  2.56410000e+01
 -1.86563628e+03  2.80178300e+03  8.90000000e-02  2.56290000e+01
 -1.87363196e+03  2.80796400e+03  8.90000000e-02  2.54920000e+01
 -1.87098031e+03  2.80894800e+03  8.90000000e-02  2.54920000e+01
 -1.86270394e+03  2.81104500e+03  8.90000000e-02  2.53570000e+01
 -1.86800622e+03  2.81740000e+03  8.90000000e-02  2.52820000e+01
 -1.86800622e+03  2.81740000e+03  8.90000000e-02  2.52820000e+01
 -1.87120050e+03  2.82323700e+03  8.90000000e-02  2.52820000e+01
 -1.87631832e+03  2.82555000e+03  8.90000000e-02  2.52820000e+01
 -1.87944440e+03  2.83049000e+03  8.90000000e-02  2.51430000e+01
 -1.88293487e+03  2.83467300e+03  8.90000000e-02  2.50730000e+01
 -1.88264861e+03  2.83490000e+03  8.90000000e-02  2.50730000e+01
 -1.88295151e+03  2.83481200e+03  8.90000000e-02  2.51260000e+01
 -1.89623752e+03  2.83713500e+03  8.90000000e-02  2.51190000e+01
 -1.89871624e+03  2.84078800e+03  8.90000000e-02  2.51040000e+01
 -1.89960236e+03  2.84497100e+03  8.90000000e-02  2.50380000e+01
 -1.90162286e+03  2.84751000e+03  9.00000000e-02  2.50070000e+01
 -1.90117033e+03  2.84928200e+03  9.90000000e-02  2.49740000e+01
 -1.90236742e+03  2.85377800e+03  9.80000000e-02  2.48520000e+01
 -1.90491849e+03  2.85631800e+03  9.80000000e-02  2.48310000e+01
 -1.90687896e+03  2.85797100e+03  9.80000000e-02  2.48290000e+01
 -1.92300948e+03  2.86283500e+03  9.80000000e-02  2.47620000e+01
 -1.92508603e+03  2.86306200e+03  9.80000000e-02  2.47860000e+01
 -1.92862712e+03  2.86912500e+03  9.80000000e-02  2.47680000e+01
 -1.93050638e+03  2.87286500e+03  9.70000000e-02  2.47590000e+01
 -1.93519724e+03  2.87750200e+03  9.60000000e-02  2.46840000e+01
 -1.92163440e+03  2.87564200e+03  9.60000000e-02  2.46840000e+01
 -1.92731432e+03  2.87938200e+03  9.60000000e-02  2.46760000e+01
 -1.92771021e+03  2.88027900e+03  9.60000000e-02  2.46700000e+01
 -1.92809578e+03  2.88193200e+03  9.60000000e-02  2.45690000e+01
 -1.92808196e+03  2.88425600e+03  9.60000000e-02  2.45590000e+01
 -1.93156380e+03  2.89217900e+03  9.60000000e-02  2.42970000e+01
 -1.93084470e+03  2.89209100e+03  9.60000000e-02  2.42230000e+01
 -1.93060089e+03  2.89262100e+03  9.60000000e-02  2.41780000e+01
 -1.94003356e+03  2.89658700e+03  9.60000000e-02  2.40900000e+01
 -1.94135392e+03  2.90175400e+03  9.60000000e-02  2.39790000e+01
 -1.94222403e+03  2.90670400e+03  9.50000000e-02  2.39110000e+01
 -1.94400660e+03  2.91208700e+03  9.50000000e-02  2.37970000e+01
 -1.95251048e+03  2.91418400e+03  9.50000000e-02  2.37940000e+01
 -1.95303393e+03  2.91738200e+03  9.50000000e-02  2.36380000e+01
 -1.95789874e+03  2.92321900e+03  9.50000000e-02  2.36380000e+01
 -1.95769803e+03  2.92419200e+03  9.50000000e-02  2.36380000e+01
 -1.96194765e+03  2.92561900e+03  9.50000000e-02  2.35470000e+01
 -1.96454218e+03  2.92958500e+03  9.50000000e-02  2.34030000e+01
 -1.96455838e+03  2.93145500e+03  9.50000000e-02  2.33320000e+01
 -1.96886399e+03  2.93333600e+03  9.50000000e-02  2.33310000e+01
 -1.97827355e+03  2.93774500e+03  9.50000000e-02  2.32590000e+01
 -1.98795518e+03  2.93863100e+03  9.50000000e-02  2.32940000e+01
 -1.99474202e+03  2.94282500e+03  9.50000000e-02  2.32960000e+01
 -1.99474202e+03  2.94282500e+03  9.50000000e-02  2.32960000e+01
 -1.99940366e+03  2.94746100e+03  9.50000000e-02  2.32710000e+01
 -2.00005950e+03  2.94925400e+03  9.50000000e-02  2.32690000e+01
 -2.00150755e+03  2.94948100e+03  9.50000000e-02  2.33080000e+01
 -2.00664276e+03  2.95366400e+03  9.50000000e-02  2.31870000e+01
 -2.01952078e+03  2.95411800e+03  9.50000000e-02  2.31890000e+01
 -2.03201566e+03  2.95904600e+03  9.50000000e-02  2.30870000e+01
 -2.03159775e+03  2.96134800e+03  9.50000000e-02  2.28540000e+01
 -2.03281722e+03  2.96352100e+03  9.50000000e-02  2.28540000e+01
 -2.04625506e+03  2.96793100e+03  9.40000000e-02  2.27950000e+01
 -2.04857376e+03  2.97145500e+03  9.50000000e-02  2.27580000e+01
 -2.04863550e+03  2.97266500e+03  9.60000000e-02  2.27740000e+01
 -2.05505460e+03  2.97796100e+03  9.50000000e-02  2.25430000e+01
 -2.05934485e+03  2.97840400e+03  9.60000000e-02  2.25240000e+01
 -2.05919684e+03  2.98170000e+03  9.30000000e-02  2.24170000e+01
 -2.06570299e+03  2.98535300e+03  9.20000000e-02  2.23760000e+01
 -2.06782106e+03  2.99036900e+03  9.20000000e-02  2.23420000e+01
 -2.06824203e+03  2.99278000e+03  9.20000000e-02  2.22230000e+01
 -2.07857908e+03  2.99727700e+03  9.20000000e-02  2.22230000e+01
 -2.08182591e+03  2.99967700e+03  9.20000000e-02  2.21870000e+01
 -2.08633018e+03  3.00693000e+03  9.20000000e-02  2.21360000e+01
 -2.08531692e+03  3.00661500e+03  9.20000000e-02  2.21390000e+01
 -2.09692915e+03  3.00905700e+03  9.20000000e-02  2.21390000e+01
 -2.09721953e+03  3.01346700e+03  9.20000000e-02  2.20950000e+01
 -2.09754232e+03  3.01489300e+03  9.20000000e-02  2.21030000e+01
 -2.10227074e+03  3.01849300e+03  9.20000000e-02  2.18740000e+01
 -2.11302606e+03  3.02268700e+03  9.20000000e-02  2.18670000e+01
 -2.10922589e+03  3.02357300e+03  9.20000000e-02  2.17740000e+01
 -2.10312898e+03  3.02500000e+03  9.20000000e-02  2.17740000e+01
 -2.11182024e+03  3.02588500e+03  9.20000000e-02  2.17810000e+01
 -2.11797819e+03  3.02841400e+03  9.20000000e-02  2.17810000e+01
 -2.12233878e+03  3.02984100e+03  9.20000000e-02  2.17900000e+01
 -2.12256399e+03  3.03202500e+03  9.10000000e-02  2.16700000e+01
 -2.12230006e+03  3.03246700e+03  9.10000000e-02  2.16700000e+01
 -2.13046863e+03  3.03456400e+03  9.10000000e-02  2.15530000e+01
 -2.13046863e+03  3.03456400e+03  9.10000000e-02  2.15530000e+01
 -2.13046863e+03  3.03456400e+03  9.10000000e-02  2.15530000e+01
 -2.13569243e+03  3.03875800e+03  9.10000000e-02  2.13590000e+01
 -2.13593698e+03  3.03942700e+03  9.10000000e-02  2.13570000e+01
 -2.13224582e+03  3.04174000e+03  9.10000000e-02  2.12420000e+01
 -2.13224582e+03  3.04174000e+03  9.10000000e-02  2.12420000e+01
 -2.13374282e+03  3.04362100e+03  9.10000000e-02  2.12360000e+01
 -2.13258893e+03  3.04421400e+03  9.10000000e-02  2.12450000e+01
 -2.14113505e+03  3.04981300e+03  9.60000000e-02  2.12400000e+01
 -2.14717673e+03  3.05257900e+03  9.50000000e-02  2.12340000e+01
 -2.14816280e+03  3.05302200e+03  9.50000000e-02  2.12420000e+01
 -2.16738808e+03  3.05511800e+03  9.70000000e-02  2.13260000e+01
 -2.16738808e+03  3.05511800e+03  9.70000000e-02  2.13260000e+01
 -2.16815160e+03  3.05811200e+03  9.70000000e-02  2.12790000e+01
 -2.17376222e+03  3.06171200e+03  9.70000000e-02  2.12790000e+01
 -2.17819681e+03  3.06081500e+03  9.70000000e-02  2.14310000e+01
 -2.17894741e+03  3.06277100e+03  9.70000000e-02  2.14060000e+01
 -2.17894741e+03  3.06277100e+03  9.70000000e-02  2.14060000e+01
 -2.17858436e+03  3.06665100e+03  9.70000000e-02  2.13790000e+01
 -2.17867310e+03  3.06733100e+03  9.70000000e-02  2.13740000e+01
 -2.17582850e+03  3.06515800e+03  9.70000000e-02  2.13050000e+01
 -2.17436012e+03  3.06546100e+03  9.70000000e-02  2.13050000e+01
 -2.17276189e+03  3.06853100e+03  9.60000000e-02  2.12120000e+01
 -2.17876541e+03  3.07084400e+03  9.60000000e-02  2.12120000e+01
 -2.17880035e+03  3.07129800e+03  9.60000000e-02  2.12120000e+01
 -2.17880035e+03  3.07129800e+03  9.60000000e-02  2.12120000e+01
 -2.18306043e+03  3.07482100e+03  9.50000000e-02  2.10930000e+01
 -2.18318651e+03  3.07482100e+03  9.50000000e-02  2.10940000e+01
 -2.18614426e+03  3.08096100e+03  9.50000000e-02  2.10540000e+01
 -2.19215056e+03  3.08461400e+03  9.50000000e-02  2.10540000e+01
 -2.19342453e+03  3.08791000e+03  9.40000000e-02  2.09810000e+01
 -2.20775982e+03  3.09338000e+03  9.40000000e-02  2.09160000e+01
 -2.20750390e+03  3.09262300e+03  9.40000000e-02  2.09280000e+01
 -2.20750390e+03  3.09262300e+03  9.40000000e-02  2.09280000e+01
 -2.21061456e+03  3.09650300e+03  9.40000000e-02  2.09280000e+01
 -2.21082179e+03  3.09911900e+03  9.50000000e-02  2.07840000e+01
 -2.21123251e+03  3.10023100e+03  9.50000000e-02  2.07770000e+01
 -2.21418812e+03  3.10509500e+03  9.50000000e-02  2.07550000e+01
 -2.22603535e+03  3.10973200e+03  9.50000000e-02  2.07270000e+01
 -2.22669293e+03  3.11137400e+03  9.50000000e-02  2.07610000e+01
 -2.22703219e+03  3.11533000e+03  9.50000000e-02  2.07490000e+01
 -2.22466575e+03  3.11564400e+03  9.50000000e-02  2.07500000e+01
 -2.22906131e+03  3.11916700e+03  9.50000000e-02  2.07500000e+01
 -2.23013562e+03  3.12304700e+03  9.50000000e-02  2.06650000e+01
 -2.23033867e+03  3.12438700e+03  9.50000000e-02  2.06650000e+01
 -2.23033867e+03  3.12438700e+03  9.50000000e-02  2.06650000e+01
 -2.23125998e+03  3.12647200e+03  9.70000000e-02  2.06400000e+01
 -2.24061796e+03  3.12744500e+03  9.70000000e-02  2.07320000e+01
 -2.23867168e+03  3.12414800e+03  9.70000000e-02  2.07540000e+01
 -2.23843952e+03  3.12317500e+03  9.70000000e-02  2.06930000e+01
 -2.24864824e+03  3.12900000e+03  9.70000000e-02  2.06910000e+01
 -2.25282445e+03  3.13065400e+03  9.70000000e-02  2.06760000e+01
 -2.25256104e+03  3.13133400e+03  9.70000000e-02  2.06680000e+01
 -2.25605589e+03  3.13506300e+03  9.70000000e-02  2.06490000e+01
 -2.25696750e+03  3.13804600e+03  9.60000000e-02  2.06510000e+01
 -2.26108681e+03  3.14081300e+03  9.60000000e-02  2.07140000e+01
 -2.26076129e+03  3.14190400e+03  9.60000000e-02  2.06950000e+01
 -2.26075641e+03  3.14421700e+03  9.60000000e-02  2.06660000e+01
 -2.26100208e+03  3.14631400e+03  9.70000000e-02  2.06300000e+01
 -2.26100208e+03  3.14631400e+03  9.70000000e-02  2.06300000e+01
 -2.26146662e+03  3.14698400e+03  9.70000000e-02  2.06310000e+01
 -2.26268970e+03  3.14907000e+03  9.70000000e-02  2.06270000e+01
 -2.26458900e+03  3.15259300e+03  9.70000000e-02  2.05900000e+01
 -2.26458900e+03  3.15259300e+03  9.70000000e-02  2.05900000e+01
 -2.26702525e+03  3.15557600e+03  9.70000000e-02  2.05490000e+01
 -2.26760275e+03  3.15767300e+03  9.70000000e-02  2.05080000e+01
 -2.26776289e+03  3.15834200e+03  9.70000000e-02  2.05070000e+01
 -2.27500028e+03  3.16275200e+03  9.70000000e-02  2.03050000e+01
 -2.27912041e+03  3.16604900e+03  9.70000000e-02  2.03290000e+01
 -2.27912041e+03  3.16604900e+03  9.70000000e-02  2.03290000e+01
 -2.29012267e+03  3.16969000e+03  9.70000000e-02  2.03250000e+01
 -2.29969455e+03  3.17200300e+03  9.70000000e-02  2.03580000e+01
 -2.30149082e+03  3.17475900e+03  9.80000000e-02  2.03540000e+01
 -2.30325266e+03  3.17992600e+03  9.80000000e-02  2.01860000e+01
 -2.30416363e+03  3.18037900e+03  9.80000000e-02  2.01860000e+01
 -2.30416363e+03  3.18037900e+03  9.80000000e-02  2.01860000e+01
 -2.30416363e+03  3.18037900e+03  9.80000000e-02  2.01860000e+01
 -2.30455878e+03  3.18128700e+03  9.80000000e-02  2.01820000e+01
 -2.30318585e+03  3.17919000e+03  9.90000000e-02  2.04450000e+01
 -2.30495167e+03  3.18337200e+03  9.90000000e-02  2.03980000e+01
 -2.30856584e+03  3.18612800e+03  9.90000000e-02  2.04470000e+01
 -2.31695218e+03  3.18515400e+03  9.90000000e-02  2.04470000e+01
 -2.32042078e+03  3.18934800e+03  9.90000000e-02  2.04250000e+01
 -2.33246667e+03  3.19023400e+03  9.90000000e-02  2.04360000e+01
 -2.33123415e+03  3.19053700e+03  9.90000000e-02  2.04540000e+01
 -2.33141540e+03  3.19023400e+03  1.00000000e-01  2.05380000e+01
 -2.33539702e+03  3.19001700e+03  1.00000000e-01  2.05780000e+01
 -2.33708660e+03  3.19464300e+03  1.00000000e-01  2.04310000e+01
 -2.33757481e+03  3.19202700e+03  1.00000000e-01  2.04590000e+01
 -2.33460548e+03  3.19210300e+03  1.00000000e-01  2.04550000e+01
 -2.33460548e+03  3.19210300e+03  1.00000000e-01  2.04550000e+01
 -2.33593423e+03  3.19299900e+03  1.00000000e-01  2.04610000e+01
 -2.33593423e+03  3.19299900e+03  1.00000000e-01  2.04610000e+01
 -2.33654318e+03  3.19277200e+03  1.00000000e-01  2.05980000e+01
 -2.33670221e+03  3.19179900e+03  9.90000000e-02  2.06120000e+01
 -2.34189264e+03  3.19398300e+03  9.90000000e-02  2.05980000e+01
 -2.34321785e+03  3.19585300e+03  9.90000000e-02  2.05800000e+01
 -2.34319580e+03  3.19302100e+03  9.90000000e-02  2.06940000e+01
 -2.34760774e+03  3.19369100e+03  9.90000000e-02  2.06800000e+01
 -2.34889564e+03  3.19413300e+03  9.90000000e-02  2.06800000e+01
 -2.34771597e+03  3.19765700e+03  9.70000000e-02  2.06430000e+01
 -2.34771597e+03  3.19765700e+03  9.70000000e-02  2.06430000e+01
 -2.35067039e+03  3.20185100e+03  9.70000000e-02  2.06260000e+01
 -2.35179152e+03  3.20416400e+03  9.70000000e-02  2.05770000e+01
 -2.35455705e+03  3.20670400e+03  9.60000000e-02  2.05350000e+01
 -2.36116898e+03  3.20924300e+03  9.60000000e-02  2.05490000e+01
 -2.36044297e+03  3.20781600e+03  9.60000000e-02  2.05740000e+01
 -2.36044297e+03  3.20781600e+03  9.60000000e-02  2.05740000e+01
 -2.36057729e+03  3.20684300e+03  9.70000000e-02  2.07320000e+01
 -2.36217329e+03  3.21080900e+03  9.60000000e-02  2.06840000e+01
 -2.37444815e+03  3.21507900e+03  9.60000000e-02  2.06860000e+01
 -2.37656208e+03  3.21708900e+03  9.60000000e-02  2.06790000e+01
 -2.38139208e+03  3.22014800e+03  9.60000000e-02  2.05730000e+01
 -2.38139208e+03  3.22014800e+03  9.60000000e-02  2.05730000e+01
 -2.38431594e+03  3.22036400e+03  9.60000000e-02  2.05970000e+01
 -2.38257593e+03  3.22103400e+03  9.60000000e-02  2.04510000e+01
 -2.38257593e+03  3.22103400e+03  9.60000000e-02  2.04510000e+01
 -2.38257593e+03  3.22103400e+03  9.60000000e-02  2.04510000e+01
 -2.38548063e+03  3.22102300e+03  9.70000000e-02  2.04610000e+01
 -2.38548063e+03  3.22102300e+03  9.70000000e-02  2.04610000e+01
 -2.39874482e+03  3.22706500e+03  9.70000000e-02  2.04550000e+01
 -2.39774096e+03  3.22572500e+03  9.60000000e-02  2.04460000e+01
 -2.39774096e+03  3.22572500e+03  9.60000000e-02  2.04460000e+01
 -2.39914172e+03  3.23103100e+03  9.60000000e-02  2.03240000e+01
 -2.40072102e+03  3.23588400e+03  9.90000000e-02  2.02790000e+01
 -2.39844189e+03  3.23575500e+03  9.90000000e-02  2.01970000e+01
 -2.40871043e+03  3.23806800e+03  9.90000000e-02  2.02110000e+01
 -2.41082549e+03  3.24126600e+03  1.00000000e-01  2.02060000e+01
 -2.41061473e+03  3.24215200e+03  9.90000000e-02  2.01820000e+01
 -2.41065041e+03  3.24193600e+03  9.90000000e-02  2.01880000e+01
 -2.41245109e+03  3.24380600e+03  9.90000000e-02  2.01720000e+01
 -2.41676930e+03  3.24283200e+03  9.90000000e-02  2.03290000e+01
 -2.41602582e+03  3.24096200e+03  9.90000000e-02  2.04620000e+01
 -2.42083226e+03  3.24305900e+03  9.80000000e-02  2.04820000e+01
 -2.42355168e+03  3.24582500e+03  9.80000000e-02  2.04290000e+01
 -2.42578819e+03  3.24867900e+03  9.80000000e-02  2.04160000e+01
 -2.42578819e+03  3.24867900e+03  9.80000000e-02  2.04160000e+01
 -2.44021514e+03  3.25264600e+03  9.80000000e-02  2.04010000e+01
 -2.44024470e+03  3.25256900e+03  9.80000000e-02  2.04000000e+01
 -2.43738092e+03  3.25728200e+03  9.80000000e-02  2.02630000e+01
 -2.45621853e+03  3.26146500e+03  9.80000000e-02  2.02630000e+01
 -2.45810564e+03  3.25982200e+03  9.80000000e-02  2.03350000e+01
 -2.46132904e+03  3.26004800e+03  9.80000000e-02  2.03050000e+01
 -2.46841624e+03  3.25884800e+03  9.80000000e-02  2.03050000e+01
 -2.46808438e+03  3.25772400e+03  9.80000000e-02  2.03730000e+01
 -2.46729294e+03  3.25750800e+03  9.80000000e-02  2.03730000e+01
 -2.47194182e+03  3.25871900e+03  9.80000000e-02  2.03730000e+01
 -2.47368623e+03  3.26245800e+03  9.80000000e-02  2.03270000e+01
 -2.47368623e+03  3.26245800e+03  9.80000000e-02  2.03270000e+01
 -2.47552344e+03  3.26268500e+03  9.80000000e-02  2.03330000e+01
 -2.47552344e+03  3.26268500e+03  9.80000000e-02  2.03330000e+01
 -2.47552344e+03  3.26268500e+03  9.80000000e-02  2.03330000e+01
 -2.47566761e+03  3.26259800e+03  9.80000000e-02  2.03330000e+01
 -2.47731234e+03  3.26259800e+03  9.80000000e-02  2.03270000e+01
 -2.47779970e+03  3.26370000e+03  9.80000000e-02  2.03320000e+01
 -2.47779970e+03  3.26370000e+03  9.80000000e-02  2.03320000e+01
 -2.47936645e+03  3.26338600e+03  9.80000000e-02  2.03170000e+01
 -2.48363925e+03  3.26142900e+03  9.80000000e-02  2.03170000e+01
 -2.49017270e+03  3.26255200e+03  9.80000000e-02  2.04050000e+01
 -2.48912187e+03  3.26472500e+03  9.80000000e-02  2.02510000e+01
 -2.48905547e+03  3.26494100e+03  9.90000000e-02  2.02200000e+01
 -2.48905547e+03  3.26494100e+03  9.90000000e-02  2.02200000e+01
 -2.48882134e+03  3.26605400e+03  9.90000000e-02  2.02200000e+01
 -2.49222831e+03  3.26546000e+03  9.90000000e-02  2.02420000e+01
 -2.49222831e+03  3.26546000e+03  9.90000000e-02  2.02420000e+01
 -2.50089496e+03  3.26790200e+03  9.90000000e-02  2.01680000e+01
 -2.50227380e+03  3.26924100e+03  9.90000000e-02  2.01680000e+01
 -2.50678252e+03  3.27177000e+03  9.90000000e-02  2.01640000e+01
 -2.50634372e+03  3.27078600e+03  9.90000000e-02  2.01810000e+01
 -2.50742869e+03  3.27362900e+03  9.90000000e-02  2.01380000e+01
 -2.51752664e+03  3.27735800e+03  1.00000000e-01  2.01670000e+01
 -2.51971658e+03  3.27921700e+03  1.00000000e-01  2.02090000e+01
 -2.52067285e+03  3.28273000e+03  1.00000000e-01  2.01130000e+01
 -2.52383045e+03  3.28654500e+03  1.00000000e-01  2.01500000e+01
 -2.52620213e+03  3.28953900e+03  1.00000000e-01  2.01240000e+01
 -2.52653361e+03  3.28899700e+03  1.00000000e-01  2.01830000e+01
 -2.52714408e+03  3.29087800e+03  9.80000000e-02  2.01720000e+01
 -2.52714408e+03  3.29087800e+03  9.80000000e-02  2.01720000e+01
 -2.53118696e+03  3.29364500e+03  9.80000000e-02  2.01720000e+01
 -2.54182875e+03  3.29715700e+03  9.80000000e-02  2.01600000e+01
 -2.54261456e+03  3.30134000e+03  9.80000000e-02  1.98960000e+01
 -2.54338220e+03  3.29894000e+03  9.80000000e-02  1.99810000e+01
 -2.54338220e+03  3.29894000e+03  9.80000000e-02  1.99810000e+01
 -2.54662025e+03  3.29840900e+03  9.80000000e-02  2.00320000e+01
 -2.55322794e+03  3.29511200e+03  9.80000000e-02  2.00640000e+01
 -2.55370936e+03  3.30026800e+03  9.80000000e-02  1.99170000e+01
 -2.55505236e+03  3.30182400e+03  9.80000000e-02  1.99170000e+01
 -2.55688985e+03  3.30173700e+03  9.80000000e-02  1.99640000e+01
 -2.56151025e+03  3.30449200e+03  9.80000000e-02  1.99240000e+01
 -2.56373562e+03  3.30815600e+03  9.80000000e-02  1.99110000e+01
 -2.56373562e+03  3.30815600e+03  9.80000000e-02  1.99110000e+01
 -2.57630329e+03  3.31233900e+03  9.50000000e-02  1.98530000e+01
 -2.57612971e+03  3.31598000e+03  9.40000000e-02  1.97900000e+01
 -2.57610954e+03  3.31575300e+03  9.40000000e-02  1.97970000e+01
 -2.57610954e+03  3.31575300e+03  9.40000000e-02  1.97970000e+01
 -2.57845758e+03  3.31815300e+03  9.40000000e-02  1.97810000e+01
 -2.57843662e+03  3.32332000e+03  9.30000000e-02  1.95200000e+01
 -2.57843662e+03  3.32332000e+03  9.30000000e-02  1.95200000e+01
 -2.57834226e+03  3.32563300e+03  9.30000000e-02  1.94650000e+01
 -2.57834226e+03  3.32563300e+03  9.30000000e-02  1.94650000e+01
 -2.57923186e+03  3.32817300e+03  9.30000000e-02  1.94240000e+01
 -2.58882797e+03  3.32994500e+03  9.30000000e-02  1.94200000e+01
 -2.58882797e+03  3.32994500e+03  9.30000000e-02  1.94200000e+01
 -2.59265363e+03  3.33257100e+03  9.30000000e-02  1.94200000e+01
 -2.59286505e+03  3.33435400e+03  9.20000000e-02  1.91360000e+01
 -2.59490558e+03  3.33644000e+03  9.20000000e-02  1.91500000e+01
 -2.59547812e+03  3.33943300e+03  9.20000000e-02  1.91070000e+01
 -2.59537671e+03  3.33832000e+03  9.20000000e-02  1.91080000e+01
 -2.59537671e+03  3.33832000e+03  9.20000000e-02  1.91080000e+01
 -2.59859002e+03  3.33830900e+03  9.30000000e-02  1.90970000e+01
 -2.60068547e+03  3.34151900e+03  9.30000000e-02  1.90700000e+01
 -2.60801482e+03  3.34151900e+03  9.30000000e-02  1.90700000e+01
 -2.60915470e+03  3.34405800e+03  9.20000000e-02  1.90610000e+01
 -2.60915470e+03  3.34516000e+03  9.20000000e-02  1.90610000e+01
 -2.60892295e+03  3.34373300e+03  9.20000000e-02  1.92180000e+01
 -2.60892295e+03  3.34373300e+03  9.20000000e-02  1.92180000e+01
 -2.61085362e+03  3.34701900e+03  9.20000000e-02  1.93220000e+01
 -2.61164984e+03  3.34799200e+03  8.80000000e-02  1.92670000e+01
 -2.61657773e+03  3.34986200e+03  8.80000000e-02  1.93330000e+01
 -2.61657773e+03  3.34986200e+03  8.80000000e-02  1.93330000e+01
 -2.61657773e+03  3.34986200e+03  8.80000000e-02  1.93330000e+01
 -2.61657773e+03  3.34986200e+03  8.80000000e-02  1.93330000e+01
 -2.61942890e+03  3.35261700e+03  8.80000000e-02  1.93330000e+01
 -2.62694114e+03  3.35567600e+03  8.80000000e-02  1.93000000e+01
 -2.62822333e+03  3.35776200e+03  8.80000000e-02  1.92640000e+01
 -2.64125064e+03  3.35963200e+03  8.80000000e-02  1.92180000e+01
 -2.63932294e+03  3.35655100e+03  9.20000000e-02  1.92280000e+01
 -2.64002608e+03  3.35655100e+03  9.20000000e-02  1.92140000e+01
 -2.64002608e+03  3.35655100e+03  9.20000000e-02  1.92140000e+01
 -2.64002608e+03  3.35655100e+03  9.20000000e-02  1.92140000e+01
 -2.64002608e+03  3.35655100e+03  9.20000000e-02  1.92140000e+01
 -2.64002608e+03  3.35655100e+03  9.20000000e-02  1.92140000e+01
 -2.64314057e+03  3.35699400e+03  9.30000000e-02  1.93090000e+01
 -2.64314057e+03  3.35699400e+03  9.30000000e-02  1.93090000e+01
 -2.64314057e+03  3.35699400e+03  9.30000000e-02  1.93090000e+01
 -2.64314057e+03  3.35699400e+03  9.30000000e-02  1.93090000e+01
 -2.64383484e+03  3.35646300e+03  9.30000000e-02  1.93720000e+01
 -2.64383484e+03  3.35646300e+03  9.30000000e-02  1.93720000e+01
 -2.64383484e+03  3.35646300e+03  9.30000000e-02  1.93720000e+01
 -2.65212874e+03  3.35670100e+03  9.30000000e-02  1.93700000e+01
 -2.65741065e+03  3.35879800e+03  9.30000000e-02  1.93880000e+01
 -2.65741065e+03  3.35879800e+03  9.30000000e-02  1.93880000e+01
 -2.66159534e+03  3.36067800e+03  9.30000000e-02  1.93320000e+01
 -2.66337408e+03  3.36037500e+03  9.30000000e-02  1.94110000e+01
 -2.66607140e+03  3.36367200e+03  9.30000000e-02  1.93520000e+01
 -2.66669287e+03  3.36411500e+03  9.30000000e-02  1.94010000e+01
 -2.68270014e+03  3.36851400e+03  9.30000000e-02  1.93820000e+01
 -2.68181365e+03  3.36808200e+03  9.30000000e-02  1.93770000e+01
 -2.68181365e+03  3.36808200e+03  9.30000000e-02  1.93770000e+01
 -2.68181365e+03  3.36808200e+03  9.30000000e-02  1.93770000e+01
 -2.68222839e+03  3.37226500e+03  9.30000000e-02  1.92000000e+01
 -2.70418419e+03  3.37668600e+03  9.30000000e-02  1.92000000e+01
 -2.70502625e+03  3.37788600e+03  9.10000000e-02  1.92210000e+01
 -2.70763280e+03  3.37899900e+03  9.10000000e-02  1.93250000e+01
 -2.71285594e+03  3.38175500e+03  9.10000000e-02  1.92020000e+01
 -2.71285594e+03  3.38175500e+03  9.10000000e-02  1.92020000e+01
 -2.71285594e+03  3.38175500e+03  9.10000000e-02  1.92020000e+01
 -2.71378842e+03  3.38505100e+03  9.10000000e-02  1.91110000e+01
 -2.71378842e+03  3.38505100e+03  9.10000000e-02  1.91110000e+01
 -2.71378842e+03  3.38505100e+03  9.10000000e-02  1.91110000e+01
 -2.71473248e+03  3.38615300e+03  9.10000000e-02  1.91120000e+01
 -2.71852653e+03  3.38780800e+03  9.10000000e-02  1.91100000e+01
 -2.72165249e+03  3.39154800e+03  9.10000000e-02  1.92740000e+01
 -2.72220951e+03  3.39483300e+03  9.10000000e-02  1.91740000e+01
 -2.73006481e+03  3.39892900e+03  9.10000000e-02  1.91580000e+01
 -2.73006481e+03  3.39892900e+03  9.10000000e-02  1.91580000e+01
 -2.73006481e+03  3.39892900e+03  9.10000000e-02  1.91580000e+01
 -2.73006481e+03  3.39892900e+03  9.10000000e-02  1.91580000e+01
 -2.73176550e+03  3.40012900e+03  9.10000000e-02  1.91770000e+01
 -2.73176550e+03  3.40012900e+03  9.10000000e-02  1.91770000e+01
 -2.73269402e+03  3.39982600e+03  9.10000000e-02  1.91870000e+01
 -2.73491104e+03  3.40169500e+03  9.10000000e-02  1.91850000e+01
 -2.73535206e+03  3.40160800e+03  9.30000000e-02  1.92260000e+01
 -2.73613257e+03  3.40227800e+03  9.30000000e-02  1.92210000e+01
 -2.73585173e+03  3.40130400e+03  9.30000000e-02  1.92810000e+01
 -2.74114129e+03  3.40264400e+03  9.30000000e-02  1.92950000e+01
 -2.74356555e+03  3.40398400e+03  9.30000000e-02  1.92780000e+01
 -2.74472125e+03  3.40509700e+03  9.20000000e-02  1.92740000e+01
 -2.75340714e+03  3.40532400e+03  9.20000000e-02  1.92740000e+01
 -2.75356950e+03  3.40652400e+03  9.20000000e-02  1.92740000e+01
 -2.75750582e+03  3.40785300e+03  9.20000000e-02  1.92730000e+01
 -2.75740173e+03  3.40829600e+03  9.20000000e-02  1.91880000e+01
 -2.76008539e+03  3.41180900e+03  9.10000000e-02  1.90940000e+01
 -2.76785008e+03  3.41360200e+03  9.10000000e-02  1.90870000e+01
 -2.77373044e+03  3.41691000e+03  9.10000000e-02  1.90770000e+01
 -2.77387274e+03  3.41758000e+03  9.20000000e-02  1.90600000e+01
 -2.77387274e+03  3.41758000e+03  9.20000000e-02  1.90600000e+01
 -2.77387274e+03  3.41758000e+03  9.20000000e-02  1.90600000e+01
 -2.77455242e+03  3.41615300e+03  9.10000000e-02  1.90510000e+01
 -2.77455242e+03  3.41615300e+03  9.10000000e-02  1.90510000e+01
 -2.77455242e+03  3.41615300e+03  9.10000000e-02  1.90510000e+01
 -2.77473367e+03  3.42123200e+03  9.10000000e-02  1.89420000e+01
 -2.77598393e+03  3.42212900e+03  9.10000000e-02  1.90510000e+01
 -2.77587918e+03  3.42212900e+03  9.10000000e-02  1.90480000e+01
 -2.77616494e+03  3.42311200e+03  9.20000000e-02  1.90450000e+01
 -2.77614341e+03  3.42258200e+03  9.30000000e-02  1.90500000e+01
 -2.78130090e+03  3.42370600e+03  9.30000000e-02  1.90480000e+01
 -2.78362432e+03  3.42303600e+03  9.30000000e-02  1.91320000e+01
 -2.78362432e+03  3.42303600e+03  9.30000000e-02  1.91320000e+01
 -2.78362432e+03  3.42303600e+03  9.30000000e-02  1.91320000e+01
 -2.78289680e+03  3.42304600e+03  9.20000000e-02  1.91280000e+01
 -2.78361049e+03  3.42625600e+03  9.20000000e-02  1.89760000e+01
 -2.79187892e+03  3.42767200e+03  9.20000000e-02  1.90300000e+01
 -2.79489442e+03  3.42954100e+03  9.20000000e-02  1.90300000e+01
 -2.79612656e+03  3.43021100e+03  9.30000000e-02  1.91090000e+01
 -2.80908221e+03  3.43372400e+03  9.30000000e-02  1.91030000e+01
 -2.81272489e+03  3.43261100e+03  9.30000000e-02  1.91110000e+01
 -2.81349183e+03  3.43381100e+03  9.30000000e-02  1.91110000e+01
 -2.81349183e+03  3.43381100e+03  9.30000000e-02  1.91110000e+01
 -2.81349183e+03  3.43381100e+03  9.30000000e-02  1.91110000e+01
 -2.83128339e+03  3.43777800e+03  9.30000000e-02  1.91110000e+01
 -2.83128339e+03  3.43777800e+03  9.30000000e-02  1.91110000e+01
 -2.83181742e+03  3.43703100e+03  9.30000000e-02  1.91370000e+01
 -2.83451258e+03  3.43845800e+03  9.30000000e-02  1.91370000e+01
 -2.83451258e+03  3.43845800e+03  9.30000000e-02  1.91370000e+01
 -2.83451258e+03  3.43845800e+03  9.30000000e-02  1.91370000e+01
 -2.83451258e+03  3.43845800e+03  9.30000000e-02  1.91370000e+01
 -2.84403853e+03  3.44144100e+03  9.30000000e-02  1.91370000e+01
 -2.84661912e+03  3.44398100e+03  9.30000000e-02  1.90060000e+01
 -2.84927684e+03  3.44652000e+03  9.20000000e-02  1.89810000e+01
 -2.84891805e+03  3.44553600e+03  9.10000000e-02  1.89190000e+01
 -2.85075243e+03  3.44882200e+03  9.20000000e-02  1.88880000e+01
 -2.85075243e+03  3.44882200e+03  9.20000000e-02  1.88880000e+01
 -2.85415330e+03  3.44851900e+03  9.20000000e-02  1.88930000e+01
 -2.85516677e+03  3.44852000e+03  9.20000000e-02  1.88900000e+01
 -2.85516677e+03  3.44852000e+03  9.20000000e-02  1.88900000e+01
 -2.85540984e+03  3.45016200e+03  9.20000000e-02  1.88780000e+01
 -2.85540984e+03  3.45016200e+03  9.20000000e-02  1.88780000e+01
 -2.86034079e+03  3.45127500e+03  9.20000000e-02  1.88810000e+01
 -2.86034079e+03  3.45127500e+03  9.20000000e-02  1.88810000e+01
 -2.86482113e+03  3.45434500e+03  9.20000000e-02  1.87260000e+01
 -2.86920696e+03  3.45578300e+03  9.20000000e-02  1.87280000e+01
 -2.86920696e+03  3.45578300e+03  9.20000000e-02  1.87280000e+01
 -2.86932554e+03  3.45535000e+03  9.20000000e-02  1.87280000e+01
 -2.86932554e+03  3.45535000e+03  9.20000000e-02  1.87280000e+01
 -2.87025345e+03  3.45923000e+03  9.30000000e-02  1.86330000e+01
 -2.87025345e+03  3.45923000e+03  9.30000000e-02  1.86330000e+01
 -2.87025345e+03  3.45923000e+03  9.30000000e-02  1.86330000e+01
 -2.87194069e+03  3.46133700e+03  9.30000000e-02  1.86050000e+01
 -2.87194069e+03  3.46133700e+03  9.30000000e-02  1.86050000e+01
 -2.87146879e+03  3.46179100e+03  9.30000000e-02  1.85510000e+01
 -2.87146879e+03  3.46179100e+03  9.30000000e-02  1.85510000e+01
 -2.87179361e+03  3.46388800e+03  9.30000000e-02  1.85790000e+01
 -2.88263216e+03  3.46742200e+03  9.30000000e-02  1.85790000e+01
 -2.88263216e+03  3.46742200e+03  9.30000000e-02  1.85790000e+01
 -2.88263992e+03  3.46830800e+03  9.30000000e-02  1.84840000e+01
 -2.88263992e+03  3.46830800e+03  9.30000000e-02  1.84840000e+01
 -2.88460207e+03  3.46853500e+03  9.30000000e-02  1.84990000e+01
 -2.88526669e+03  3.47106400e+03  9.30000000e-02  1.84740000e+01
 -2.88918662e+03  3.46665400e+03  9.30000000e-02  1.85860000e+01
 -2.88918662e+03  3.46665400e+03  9.30000000e-02  1.85860000e+01
 -2.88918662e+03  3.46665400e+03  9.30000000e-02  1.85860000e+01
 -2.88918662e+03  3.46665400e+03  9.30000000e-02  1.85860000e+01
 -2.89044426e+03  3.46799300e+03  1.08000000e-01  1.85510000e+01
 -2.89027620e+03  3.46770000e+03  1.07000000e-01  1.85400000e+01
 -2.89304155e+03  3.47113700e+03  1.07000000e-01  1.84700000e+01
 -2.89378092e+03  3.47091000e+03  1.07000000e-01  1.84730000e+01
 -2.89378092e+03  3.47091000e+03  1.07000000e-01  1.84730000e+01
 -2.91844610e+03  3.47599000e+03  1.07000000e-01  1.84670000e+01
 -2.92459817e+03  3.48129600e+03  1.07000000e-01  1.83430000e+01
 -2.92445870e+03  3.48242000e+03  1.07000000e-01  1.83750000e+01
 -2.92559810e+03  3.48406300e+03  1.07000000e-01  1.83320000e+01
 -2.92536112e+03  3.48406300e+03  1.07000000e-01  1.83320000e+01
 -2.92797079e+03  3.48428900e+03  1.07000000e-01  1.83560000e+01
 -2.92833132e+03  3.48617000e+03  1.06000000e-01  1.83430000e+01
 -2.92833132e+03  3.48617000e+03  1.06000000e-01  1.83430000e+01
 -2.92833132e+03  3.48617000e+03  1.06000000e-01  1.83430000e+01
 -2.92833132e+03  3.48617000e+03  1.06000000e-01  1.83430000e+01
 -2.93214239e+03  3.48692700e+03  1.06000000e-01  1.82520000e+01
 -2.93657569e+03  3.48729400e+03  1.06000000e-01  1.82520000e+01
 -2.93670555e+03  3.48706700e+03  1.06000000e-01  1.82890000e+01
 -2.93706006e+03  3.49003900e+03  1.06000000e-01  1.81250000e+01
 -2.93706006e+03  3.49003900e+03  1.06000000e-01  1.81250000e+01
 -2.93706006e+03  3.49003900e+03  1.06000000e-01  1.81250000e+01
 -2.95119326e+03  3.49528200e+03  1.07000000e-01  1.80620000e+01
 -2.95302863e+03  3.49782100e+03  1.07000000e-01  1.80610000e+01
 -2.95327609e+03  3.49750700e+03  1.07000000e-01  1.80610000e+01
 -2.95834505e+03  3.49959300e+03  1.06000000e-01  1.80530000e+01
 -2.96499221e+03  3.49785200e+03  1.06000000e-01  1.80540000e+01
 -2.96637824e+03  3.49971000e+03  1.08000000e-01  1.80770000e+01
 -2.96649370e+03  3.49917000e+03  1.08000000e-01  1.80770000e+01
 -2.97088034e+03  3.50006600e+03  1.08000000e-01  1.80750000e+01
 -2.97546173e+03  3.50050900e+03  1.08000000e-01  1.80070000e+01
 -2.97546173e+03  3.50050900e+03  1.08000000e-01  1.80070000e+01
 -2.97818115e+03  3.50416200e+03  1.07000000e-01  1.78950000e+01
 -2.97818115e+03  3.50416200e+03  1.07000000e-01  1.78950000e+01
 -2.97818115e+03  3.50416200e+03  1.07000000e-01  1.78950000e+01
 -2.97818115e+03  3.50416200e+03  1.07000000e-01  1.78950000e+01
 -2.97818115e+03  3.50416200e+03  1.07000000e-01  1.78950000e+01
 -2.98851530e+03  3.50781400e+03  1.10000000e-01  1.77570000e+01
 -2.98851530e+03  3.50781400e+03  1.10000000e-01  1.77570000e+01
 -2.98851530e+03  3.50781400e+03  1.10000000e-01  1.77570000e+01
 -2.98851530e+03  3.50781400e+03  1.10000000e-01  1.77570000e+01
 -2.99087592e+03  3.50946800e+03  1.10000000e-01  1.77570000e+01
 -2.99157896e+03  3.50706800e+03  1.10000000e-01  1.80090000e+01
 -2.99202370e+03  3.50848400e+03  1.14000000e-01  1.80060000e+01
 -2.99202370e+03  3.50848400e+03  1.14000000e-01  1.80060000e+01
 -2.99281061e+03  3.50968400e+03  1.14000000e-01  1.80060000e+01
 -2.99281061e+03  3.50968400e+03  1.14000000e-01  1.80060000e+01
 -3.00182201e+03  3.51124000e+03  1.14000000e-01  1.79820000e+01
 -3.00212110e+03  3.51102400e+03  1.14000000e-01  1.79820000e+01
 -3.01808502e+03  3.51213700e+03  1.14000000e-01  1.79820000e+01
 -3.01808502e+03  3.51213700e+03  1.14000000e-01  1.79820000e+01
 -3.01816124e+03  3.51258000e+03  1.14000000e-01  1.79750000e+01
 -3.01811888e+03  3.51249200e+03  1.14000000e-01  1.79340000e+01
 -3.02303332e+03  3.51314000e+03  1.14000000e-01  1.79550000e+01
 -3.02303332e+03  3.51314000e+03  1.14000000e-01  1.79550000e+01
 -3.02532532e+03  3.51611200e+03  1.14000000e-01  1.79550000e+01
 -3.02541678e+03  3.51841400e+03  1.14000000e-01  1.78300000e+01
 -3.02771377e+03  3.51909500e+03  1.14000000e-01  1.78590000e+01
 -3.02771377e+03  3.51909500e+03  1.14000000e-01  1.78590000e+01
 -3.02771377e+03  3.51909500e+03  1.14000000e-01  1.78590000e+01
 -3.02771377e+03  3.51909500e+03  1.14000000e-01  1.78590000e+01
 -3.02771377e+03  3.51909500e+03  1.14000000e-01  1.78590000e+01
 -3.02751536e+03  3.51798200e+03  1.14000000e-01  1.78590000e+01
 -3.02751536e+03  3.51798200e+03  1.14000000e-01  1.78590000e+01
 -3.02751536e+03  3.51798200e+03  1.14000000e-01  1.78590000e+01
 -3.02751536e+03  3.51798200e+03  1.14000000e-01  1.78590000e+01
 -3.02887667e+03  3.51865200e+03  1.14000000e-01  1.78590000e+01
 -3.02887667e+03  3.51865200e+03  1.14000000e-01  1.78590000e+01
 -3.02887667e+03  3.51865200e+03  1.14000000e-01  1.78590000e+01
 -3.02879129e+03  3.51985200e+03  1.14000000e-01  1.78310000e+01
 -3.03334640e+03  3.52194900e+03  1.14000000e-01  1.78040000e+01
 -3.03334640e+03  3.52194900e+03  1.14000000e-01  1.78040000e+01
 -3.03322467e+03  3.52173300e+03  1.16000000e-01  1.78310000e+01
 -3.03489526e+03  3.52307200e+03  1.15000000e-01  1.78270000e+01
 -3.03489526e+03  3.52307200e+03  1.15000000e-01  1.78270000e+01
 -3.03498833e+03  3.52352600e+03  1.15000000e-01  1.78840000e+01
 -3.03696498e+03  3.52429300e+03  1.15000000e-01  1.78840000e+01
 -3.03696498e+03  3.52429300e+03  1.15000000e-01  1.78840000e+01
 -3.03696498e+03  3.52429300e+03  1.15000000e-01  1.78840000e+01
 -3.03865514e+03  3.52616300e+03  1.15000000e-01  1.77960000e+01
 -3.03882529e+03  3.52586000e+03  1.15000000e-01  1.77980000e+01
 -3.03882529e+03  3.52586000e+03  1.15000000e-01  1.77980000e+01
 -3.03878577e+03  3.52475800e+03  1.15000000e-01  1.78020000e+01
 -3.04762987e+03  3.52939500e+03  1.15000000e-01  1.75740000e+01
 -3.04762987e+03  3.52939500e+03  1.15000000e-01  1.75740000e+01
 -3.04762987e+03  3.52939500e+03  1.15000000e-01  1.75740000e+01
 -3.04762987e+03  3.52939500e+03  1.15000000e-01  1.75740000e+01
 -3.05267300e+03  3.53170700e+03  1.15000000e-01  1.75740000e+01
 -3.05267300e+03  3.53170700e+03  1.15000000e-01  1.75740000e+01
 -3.05267300e+03  3.53170700e+03  1.15000000e-01  1.75740000e+01
 -3.05267300e+03  3.53170700e+03  1.15000000e-01  1.75740000e+01
 -3.05296760e+03  3.53049600e+03  1.15000000e-01  1.76510000e+01
 -3.05455779e+03  3.53236600e+03  1.15000000e-01  1.76400000e+01
 -3.05548472e+03  3.53280900e+03  1.15000000e-01  1.77760000e+01
 -3.05548472e+03  3.53280900e+03  1.15000000e-01  1.77760000e+01
 -3.05558857e+03  3.53357700e+03  1.13000000e-01  1.77640000e+01
 -3.05558857e+03  3.53357700e+03  1.13000000e-01  1.77640000e+01
 -3.05558857e+03  3.53357700e+03  1.13000000e-01  1.77640000e+01
 -3.05558857e+03  3.53357700e+03  1.13000000e-01  1.77640000e+01
 -3.05653998e+03  3.53544700e+03  1.13000000e-01  1.77600000e+01
 -3.05653998e+03  3.53544700e+03  1.13000000e-01  1.77600000e+01
 -3.05653998e+03  3.53544700e+03  1.13000000e-01  1.77600000e+01
 -3.05653998e+03  3.53544700e+03  1.13000000e-01  1.77600000e+01
 -3.05769275e+03  3.53589000e+03  1.13000000e-01  1.77070000e+01
 -3.05769275e+03  3.53589000e+03  1.13000000e-01  1.77070000e+01
 -3.05806149e+03  3.53731700e+03  1.13000000e-01  1.76760000e+01
 -3.05888064e+03  3.53985600e+03  1.14000000e-01  1.74950000e+01
 -3.05888064e+03  3.53985600e+03  1.14000000e-01  1.74950000e+01
 -3.05888064e+03  3.53985600e+03  1.14000000e-01  1.74950000e+01
 -3.05888064e+03  3.53985600e+03  1.14000000e-01  1.74950000e+01
 -3.06998039e+03  3.54546600e+03  1.13000000e-01  1.71720000e+01
 -3.07025969e+03  3.54604900e+03  1.13000000e-01  1.71740000e+01
 -3.07025969e+03  3.54604900e+03  1.13000000e-01  1.71740000e+01
 -3.07125497e+03  3.54880400e+03  1.12000000e-01  1.71390000e+01
 -3.07125497e+03  3.54880400e+03  1.12000000e-01  1.71390000e+01
 -3.07125497e+03  3.54880400e+03  1.12000000e-01  1.71390000e+01
 -3.07904199e+03  3.54903100e+03  8.60000000e-02  1.71680000e+01
 -3.07904199e+03  3.54903100e+03  8.60000000e-02  1.71680000e+01
 -3.07904199e+03  3.54903100e+03  8.60000000e-02  1.71680000e+01
 -3.07904199e+03  3.54903100e+03  8.60000000e-02  1.71680000e+01
 -3.07904199e+03  3.54903100e+03  8.60000000e-02  1.71680000e+01
 -3.07970833e+03  3.55045800e+03  8.60000000e-02  1.71140000e+01
 -3.07970833e+03  3.55045800e+03  8.60000000e-02  1.71140000e+01
 -3.08216470e+03  3.55068500e+03  8.60000000e-02  1.71230000e+01
 -3.08216470e+03  3.55068500e+03  8.60000000e-02  1.71230000e+01
 -3.08291200e+03  3.55082400e+03  8.60000000e-02  1.71440000e+01
 -3.08291200e+03  3.55082400e+03  8.60000000e-02  1.71440000e+01
 -3.08291200e+03  3.55082400e+03  8.60000000e-02  1.71440000e+01
 -3.08291200e+03  3.55082400e+03  8.60000000e-02  1.71440000e+01
 -3.08622612e+03  3.55028300e+03  8.60000000e-02  1.71940000e+01
 -3.08622612e+03  3.55028300e+03  8.60000000e-02  1.71940000e+01
 -3.08622612e+03  3.55028300e+03  8.60000000e-02  1.71940000e+01
 -3.08622612e+03  3.55028300e+03  8.60000000e-02  1.71940000e+01
 -3.08976649e+03  3.55312600e+03  8.60000000e-02  1.72450000e+01
 -3.08976649e+03  3.55312600e+03  8.60000000e-02  1.72450000e+01
 -3.08998525e+03  3.55687700e+03  8.60000000e-02  1.71950000e+01
 -3.09102276e+03  3.55821700e+03  8.60000000e-02  1.71920000e+01
 -3.09102276e+03  3.55821700e+03  8.60000000e-02  1.71920000e+01
 -3.09436410e+03  3.55865900e+03  8.60000000e-02  1.72160000e+01
 -3.09436410e+03  3.55865900e+03  8.60000000e-02  1.72160000e+01
 -3.09847273e+03  3.55977200e+03  8.60000000e-02  1.71950000e+01
 -3.09847273e+03  3.55977200e+03  8.60000000e-02  1.71950000e+01
 -3.09850629e+03  3.55857200e+03  8.60000000e-02  1.71950000e+01
 -3.09850629e+03  3.55857200e+03  8.60000000e-02  1.71950000e+01
 -3.09850629e+03  3.55857200e+03  8.60000000e-02  1.71950000e+01
 -3.09854874e+03  3.55848500e+03  8.70000000e-02  1.70850000e+01
 -3.09854874e+03  3.55848500e+03  8.70000000e-02  1.70850000e+01
 -3.09854874e+03  3.55848500e+03  8.70000000e-02  1.70850000e+01
 -3.09918206e+03  3.55959800e+03  8.70000000e-02  1.70500000e+01
 -3.10194346e+03  3.56618100e+03  8.60000000e-02  1.69400000e+01
 -3.10194346e+03  3.56618100e+03  8.60000000e-02  1.69400000e+01
 -3.10194346e+03  3.56618100e+03  8.60000000e-02  1.69400000e+01
 -3.10414618e+03  3.56827800e+03  8.70000000e-02  1.68910000e+01
 -3.10414618e+03  3.56827800e+03  8.70000000e-02  1.68910000e+01
 -3.10414618e+03  3.56827800e+03  8.70000000e-02  1.68910000e+01
 -3.10414618e+03  3.56827800e+03  8.70000000e-02  1.68910000e+01
 -3.10579619e+03  3.57268800e+03  8.70000000e-02  1.68250000e+01
 -3.10621596e+03  3.57246100e+03  8.70000000e-02  1.68800000e+01
 -3.10621596e+03  3.57246100e+03  8.70000000e-02  1.68800000e+01
 -3.10650079e+03  3.57344500e+03  8.70000000e-02  1.68800000e+01
 -3.10650079e+03  3.57344500e+03  8.70000000e-02  1.68800000e+01
 -3.10650079e+03  3.57344500e+03  8.70000000e-02  1.68800000e+01
 -3.10977029e+03  3.57233200e+03  8.70000000e-02  1.69040000e+01
 -3.11081356e+03  3.57442800e+03  8.70000000e-02  1.68270000e+01
 -3.11081356e+03  3.57442800e+03  8.70000000e-02  1.68270000e+01
 -3.11081356e+03  3.57442800e+03  8.70000000e-02  1.68270000e+01
 -3.11436175e+03  3.57509800e+03  8.70000000e-02  1.68590000e+01
 -3.11672945e+03  3.57575700e+03  8.70000000e-02  1.68530000e+01
 -3.11672945e+03  3.57575700e+03  8.70000000e-02  1.68530000e+01
 -3.11672945e+03  3.57575700e+03  8.70000000e-02  1.68530000e+01
 -3.11672945e+03  3.57575700e+03  8.70000000e-02  1.68530000e+01
 -3.11728876e+03  3.57665300e+03  8.70000000e-02  1.68500000e+01
 -3.12017274e+03  3.57732300e+03  8.70000000e-02  1.68390000e+01
 -3.12906888e+03  3.57843600e+03  8.70000000e-02  1.68300000e+01
 -3.12977122e+03  3.57887900e+03  8.70000000e-02  1.67050000e+01
 -3.12977122e+03  3.57887900e+03  8.70000000e-02  1.67050000e+01
 -3.13055884e+03  3.57954900e+03  8.70000000e-02  1.67010000e+01
 -3.13055884e+03  3.57954900e+03  8.70000000e-02  1.67010000e+01
 -3.13055884e+03  3.57954900e+03  8.70000000e-02  1.67010000e+01
 -3.13427655e+03  3.58007900e+03  8.70000000e-02  1.67010000e+01
 -3.13427655e+03  3.58007900e+03  8.70000000e-02  1.67010000e+01
 -3.13427655e+03  3.58007900e+03  8.70000000e-02  1.67010000e+01
 -3.13427655e+03  3.58007900e+03  8.70000000e-02  1.67010000e+01
 -3.13874139e+03  3.58020800e+03  8.70000000e-02  1.67010000e+01
 -3.13874139e+03  3.58020800e+03  8.70000000e-02  1.67010000e+01
 -3.13874139e+03  3.58020800e+03  8.70000000e-02  1.67010000e+01
 -3.13874139e+03  3.58020800e+03  8.70000000e-02  1.67010000e+01
 -3.13874139e+03  3.58020800e+03  8.70000000e-02  1.67010000e+01
 -3.13874139e+03  3.58020800e+03  8.70000000e-02  1.67010000e+01
 -3.13874139e+03  3.58020800e+03  8.70000000e-02  1.67010000e+01
 -3.13874139e+03  3.58020800e+03  8.70000000e-02  1.67010000e+01
 -3.13874139e+03  3.58020800e+03  8.70000000e-02  1.67010000e+01
 -3.13874139e+03  3.58020800e+03  8.70000000e-02  1.67010000e+01
 -3.14614977e+03  3.58282400e+03  8.70000000e-02  1.66890000e+01
 -3.14614977e+03  3.58282400e+03  8.70000000e-02  1.66890000e+01
 -3.14614977e+03  3.58282400e+03  8.70000000e-02  1.66890000e+01
 -3.14614977e+03  3.58282400e+03  8.70000000e-02  1.66890000e+01
 -3.14713295e+03  3.58273700e+03  8.70000000e-02  1.66820000e+01
 -3.15122679e+03  3.58176400e+03  8.70000000e-02  1.67080000e+01
 -3.15122679e+03  3.58176400e+03  8.70000000e-02  1.67080000e+01
 -3.15517261e+03  3.58430400e+03  8.60000000e-02  1.65470000e+01
 -3.15517261e+03  3.58430400e+03  8.60000000e-02  1.65470000e+01
 -3.15865676e+03  3.58660600e+03  8.60000000e-02  1.65490000e+01
 -3.15865676e+03  3.58660600e+03  8.60000000e-02  1.65490000e+01
 -3.15865676e+03  3.58660600e+03  8.60000000e-02  1.65490000e+01
 -3.16177378e+03  3.58570900e+03  8.60000000e-02  1.65670000e+01
 -3.16177378e+03  3.58570900e+03  8.60000000e-02  1.65670000e+01
 -3.16177378e+03  3.58570900e+03  8.60000000e-02  1.65670000e+01
 -3.16177378e+03  3.58570900e+03  8.60000000e-02  1.65670000e+01
 -3.16177378e+03  3.58570900e+03  8.60000000e-02  1.65670000e+01
 -3.16177378e+03  3.58570900e+03  8.60000000e-02  1.65670000e+01
 -3.16177378e+03  3.58570900e+03  8.60000000e-02  1.65670000e+01
 -3.16534584e+03  3.58847600e+03  8.60000000e-02  1.65670000e+01
 -3.16534584e+03  3.58847600e+03  8.60000000e-02  1.65670000e+01
 -3.16534584e+03  3.58847600e+03  8.60000000e-02  1.65670000e+01
 -3.16541682e+03  3.58958800e+03  8.60000000e-02  1.65960000e+01
 -3.16541682e+03  3.58958800e+03  8.60000000e-02  1.65960000e+01
 -3.17644427e+03  3.59056200e+03  8.60000000e-02  1.65960000e+01
 -3.17921240e+03  3.59198800e+03  8.60000000e-02  1.65830000e+01
 -3.18412964e+03  3.59354400e+03  8.60000000e-02  1.65830000e+01
 -3.18412964e+03  3.59354400e+03  8.60000000e-02  1.65830000e+01
 -3.18412964e+03  3.59354400e+03  8.60000000e-02  1.65830000e+01
 -3.19362351e+03  3.59157600e+03  8.60000000e-02  1.65830000e+01
 -3.19362351e+03  3.59157600e+03  8.60000000e-02  1.65830000e+01
 -3.19362351e+03  3.59157600e+03  8.60000000e-02  1.65830000e+01
 -3.19786018e+03  3.58926300e+03  8.60000000e-02  1.66460000e+01
 -3.20061134e+03  3.59135900e+03  8.60000000e-02  1.66400000e+01
 -3.20061134e+03  3.59135900e+03  8.60000000e-02  1.66400000e+01
 -3.20098519e+03  3.59036500e+03  8.70000000e-02  1.67610000e+01
 -3.20098519e+03  3.59036500e+03  8.70000000e-02  1.67610000e+01
 -3.20098519e+03  3.59036500e+03  8.70000000e-02  1.67610000e+01
 -3.20098519e+03  3.59036500e+03  8.70000000e-02  1.67610000e+01
 -3.20132701e+03  3.59080700e+03  8.70000000e-02  1.67560000e+01
 -3.20132701e+03  3.59080700e+03  8.70000000e-02  1.67560000e+01
 -3.20457038e+03  3.59313100e+03  8.70000000e-02  1.67560000e+01
 -3.20457038e+03  3.59313100e+03  8.70000000e-02  1.67560000e+01
 -3.20457038e+03  3.59313100e+03  8.70000000e-02  1.67560000e+01
 -3.20457038e+03  3.59313100e+03  8.70000000e-02  1.67560000e+01
 -3.20433846e+03  3.59334700e+03  8.70000000e-02  1.67560000e+01
 -3.20593485e+03  3.59514100e+03  8.80000000e-02  1.66050000e+01
 -3.20593485e+03  3.59514100e+03  8.80000000e-02  1.66050000e+01
 -3.21017457e+03  3.59537900e+03  8.80000000e-02  1.66220000e+01
 -3.21487196e+03  3.59252500e+03  8.70000000e-02  1.66470000e+01
 -3.21487196e+03  3.59252500e+03  8.70000000e-02  1.66470000e+01
 -3.21487196e+03  3.59252500e+03  8.70000000e-02  1.66470000e+01
 -3.21487196e+03  3.59252500e+03  8.70000000e-02  1.66470000e+01
 -3.21487196e+03  3.59252500e+03  8.70000000e-02  1.66470000e+01
 -3.21651741e+03  3.59536800e+03  8.70000000e-02  1.66340000e+01
 -3.21651741e+03  3.59536800e+03  8.70000000e-02  1.66340000e+01
 -3.21651741e+03  3.59536800e+03  8.70000000e-02  1.66340000e+01
 -3.21651741e+03  3.59536800e+03  8.70000000e-02  1.66340000e+01
 -3.21651741e+03  3.59536800e+03  8.70000000e-02  1.66340000e+01
 -3.21651741e+03  3.59536800e+03  8.70000000e-02  1.66340000e+01
 -3.21990723e+03  3.59431900e+03  8.70000000e-02  1.66470000e+01
 -3.21990723e+03  3.59431900e+03  8.70000000e-02  1.66470000e+01
 -3.21990723e+03  3.59431900e+03  8.70000000e-02  1.66470000e+01
 -3.21990723e+03  3.59431900e+03  8.70000000e-02  1.66470000e+01
 -3.22103840e+03  3.59333500e+03  8.70000000e-02  1.67440000e+01
 -3.22103840e+03  3.59333500e+03  8.70000000e-02  1.67440000e+01
 -3.22167471e+03  3.59191800e+03  8.80000000e-02  1.68080000e+01
 -3.22167471e+03  3.59191800e+03  8.80000000e-02  1.68080000e+01
 -3.23173477e+03  3.59468500e+03  8.80000000e-02  1.67880000e+01
 -3.23173477e+03  3.59468500e+03  8.80000000e-02  1.67880000e+01
 -3.23268789e+03  3.59512800e+03  8.80000000e-02  1.67880000e+01
 -3.23268789e+03  3.59512800e+03  8.80000000e-02  1.67880000e+01
 -3.23268789e+03  3.59512800e+03  8.80000000e-02  1.67880000e+01
 -3.23354509e+03  3.59697600e+03  8.80000000e-02  1.67250000e+01
 -3.23354509e+03  3.59697600e+03  8.80000000e-02  1.67250000e+01
 -3.23354509e+03  3.59697600e+03  8.80000000e-02  1.67250000e+01
 -3.23360461e+03  3.59697600e+03  8.80000000e-02  1.67550000e+01
 -3.23360461e+03  3.59697600e+03  8.80000000e-02  1.67550000e+01
 -3.23360461e+03  3.59697600e+03  8.80000000e-02  1.67550000e+01
 -3.23360461e+03  3.59697600e+03  8.80000000e-02  1.67550000e+01
 -3.23360461e+03  3.59697600e+03  8.80000000e-02  1.67550000e+01
 -3.23360461e+03  3.59697600e+03  8.80000000e-02  1.67550000e+01
 -3.23626584e+03  3.59773300e+03  8.80000000e-02  1.67560000e+01
 -3.23626584e+03  3.59773300e+03  8.80000000e-02  1.67560000e+01
 -3.23626584e+03  3.59773300e+03  8.80000000e-02  1.67560000e+01
 -3.24551696e+03  3.59906200e+03  8.80000000e-02  1.67460000e+01
 -3.24551696e+03  3.59906200e+03  8.80000000e-02  1.67460000e+01
 -3.24551696e+03  3.59906200e+03  8.80000000e-02  1.67460000e+01
 -3.24551696e+03  3.59906200e+03  8.80000000e-02  1.67460000e+01
 -3.24836344e+03  3.59688900e+03  8.80000000e-02  1.67190000e+01
 -3.24836344e+03  3.59688900e+03  8.80000000e-02  1.67190000e+01
 -3.24836344e+03  3.59688900e+03  8.80000000e-02  1.67190000e+01
 -3.24836344e+03  3.59688900e+03  8.80000000e-02  1.67190000e+01
 -3.24836344e+03  3.59688900e+03  8.80000000e-02  1.67190000e+01
 -3.24836344e+03  3.59688900e+03  8.80000000e-02  1.67190000e+01
 -3.24836344e+03  3.59688900e+03  8.80000000e-02  1.67190000e+01
 -3.24836344e+03  3.59688900e+03  8.80000000e-02  1.67190000e+01
 -3.24836344e+03  3.59688900e+03  8.80000000e-02  1.67190000e+01
 -3.24836344e+03  3.59688900e+03  8.80000000e-02  1.67190000e+01
 -3.24836344e+03  3.59688900e+03  8.80000000e-02  1.67190000e+01
 -3.24885170e+03  3.59711500e+03  8.80000000e-02  1.67220000e+01
 -3.25035200e+03  3.59644500e+03  8.90000000e-02  1.67220000e+01
 -3.25483587e+03  3.59711500e+03  8.90000000e-02  1.67220000e+01
 -3.25483587e+03  3.59711500e+03  8.90000000e-02  1.67220000e+01
 -3.25483587e+03  3.59711500e+03  8.90000000e-02  1.67220000e+01
 -3.25606897e+03  3.59823900e+03  8.90000000e-02  1.67220000e+01
 -3.25734452e+03  3.59845500e+03  8.90000000e-02  1.67220000e+01
 -3.25734452e+03  3.59845500e+03  8.90000000e-02  1.67220000e+01
 -3.25735136e+03  3.59988200e+03  8.90000000e-02  1.66780000e+01
 -3.25831362e+03  3.60370900e+03  8.90000000e-02  1.65260000e+01
 -3.25900358e+03  3.60646500e+03  8.80000000e-02  1.65170000e+01
 -3.25900358e+03  3.60646500e+03  8.80000000e-02  1.65170000e+01
 -3.25900358e+03  3.60646500e+03  8.80000000e-02  1.65170000e+01
 -3.26699822e+03  3.60556800e+03  9.00000000e-02  1.67010000e+01
 -3.27217054e+03  3.60578400e+03  9.00000000e-02  1.67010000e+01
 -3.27217054e+03  3.60578400e+03  9.00000000e-02  1.67010000e+01
 -3.27217054e+03  3.60578400e+03  9.00000000e-02  1.67010000e+01
 -3.27217054e+03  3.60578400e+03  9.00000000e-02  1.67010000e+01
 -3.27217054e+03  3.60578400e+03  9.00000000e-02  1.67010000e+01
 -3.27217054e+03  3.60578400e+03  9.00000000e-02  1.67010000e+01
 -3.27675070e+03  3.60711300e+03  9.00000000e-02  1.67040000e+01
 -3.27675070e+03  3.60711300e+03  9.00000000e-02  1.67040000e+01
 -3.27910556e+03  3.60808700e+03  9.00000000e-02  1.67550000e+01
 -3.28342045e+03  3.60907000e+03  9.00000000e-02  1.66950000e+01
 -3.28463961e+03  3.60817300e+03  9.00000000e-02  1.67390000e+01
 -3.28463961e+03  3.60817300e+03  9.00000000e-02  1.67390000e+01
 -3.28517683e+03  3.60960000e+03  9.00000000e-02  1.66790000e+01
 -3.28517683e+03  3.60960000e+03  9.00000000e-02  1.66790000e+01
 -3.28735142e+03  3.61312400e+03  9.00000000e-02  1.66790000e+01
 -3.28735142e+03  3.61312400e+03  9.00000000e-02  1.66790000e+01
 -3.28735142e+03  3.61312400e+03  9.00000000e-02  1.66790000e+01
 -3.28735142e+03  3.61312400e+03  9.00000000e-02  1.66790000e+01
 -3.28735142e+03  3.61312400e+03  9.00000000e-02  1.66790000e+01
 -3.28735142e+03  3.61312400e+03  9.00000000e-02  1.66790000e+01
 -3.28735142e+03  3.61312400e+03  9.00000000e-02  1.66790000e+01
 -3.28775493e+03  3.61588000e+03  9.00000000e-02  1.65530000e+01
 -3.28775493e+03  3.61588000e+03  9.00000000e-02  1.65530000e+01
 -3.28775493e+03  3.61588000e+03  9.00000000e-02  1.65530000e+01
 -3.28868986e+03  3.61653900e+03  9.30000000e-02  1.67150000e+01
 -3.28938585e+03  3.61652800e+03  9.20000000e-02  1.67140000e+01
 -3.28938585e+03  3.61652800e+03  9.20000000e-02  1.67140000e+01
 -3.28938585e+03  3.61652800e+03  9.20000000e-02  1.67140000e+01
 -3.28938585e+03  3.61652800e+03  9.20000000e-02  1.67140000e+01
 -3.28990476e+03  3.62048400e+03  9.20000000e-02  1.66010000e+01
 -3.28990476e+03  3.62048400e+03  9.20000000e-02  1.66010000e+01
 -3.29421388e+03  3.62258100e+03  9.20000000e-02  1.66010000e+01
 -3.29439629e+03  3.62114300e+03  9.20000000e-02  1.66390000e+01
 -3.29439629e+03  3.62114300e+03  9.20000000e-02  1.66390000e+01
 -3.29439629e+03  3.62114300e+03  9.20000000e-02  1.66390000e+01
 -3.29439629e+03  3.62114300e+03  9.20000000e-02  1.66390000e+01
 -3.29439629e+03  3.62114300e+03  9.20000000e-02  1.66390000e+01
 -3.29439629e+03  3.62114300e+03  9.20000000e-02  1.66390000e+01
 -3.29439629e+03  3.62114300e+03  9.20000000e-02  1.66390000e+01
 -3.29439629e+03  3.62114300e+03  9.20000000e-02  1.66390000e+01
 -3.29439629e+03  3.62114300e+03  9.20000000e-02  1.66390000e+01
 -3.29439629e+03  3.62114300e+03  9.20000000e-02  1.66390000e+01
 -3.29439629e+03  3.62114300e+03  9.20000000e-02  1.66390000e+01
 -3.29439629e+03  3.62114300e+03  9.20000000e-02  1.66390000e+01
 -3.29439629e+03  3.62114300e+03  9.20000000e-02  1.66390000e+01
 -3.29554355e+03  3.62532600e+03  9.20000000e-02  1.65720000e+01
 -3.29577500e+03  3.62509900e+03  9.20000000e-02  1.65700000e+01
 -3.29577500e+03  3.62509900e+03  9.20000000e-02  1.65700000e+01
 -3.29577500e+03  3.62509900e+03  9.20000000e-02  1.65700000e+01
 -3.29907824e+03  3.62928200e+03  9.30000000e-02  1.64900000e+01
 -3.29997733e+03  3.62763900e+03  9.30000000e-02  1.66110000e+01
 -3.29997733e+03  3.62763900e+03  9.30000000e-02  1.66110000e+01
 -3.29997733e+03  3.62763900e+03  9.30000000e-02  1.66110000e+01
 -3.30032474e+03  3.62876200e+03  9.30000000e-02  1.65990000e+01
 -3.30032474e+03  3.62876200e+03  9.30000000e-02  1.65990000e+01
 -3.30061299e+03  3.63010200e+03  9.20000000e-02  1.65220000e+01
 -3.30061299e+03  3.63010200e+03  9.20000000e-02  1.65220000e+01
 -3.30140827e+03  3.63018900e+03  9.20000000e-02  1.65900000e+01
 -3.30140827e+03  3.63018900e+03  9.20000000e-02  1.65900000e+01
 -3.30140827e+03  3.63018900e+03  9.20000000e-02  1.65900000e+01
 -3.30140827e+03  3.63018900e+03  9.20000000e-02  1.65900000e+01
 -3.30977638e+03  3.63303200e+03  9.20000000e-02  1.65720000e+01
 -3.31881117e+03  3.63436100e+03  9.20000000e-02  1.65720000e+01
 -3.32186857e+03  3.63480400e+03  9.20000000e-02  1.65730000e+01
 -3.32601186e+03  3.63615400e+03  9.20000000e-02  1.65730000e+01
 -3.32628984e+03  3.63692200e+03  9.20000000e-02  1.65440000e+01
 -3.32628984e+03  3.63692200e+03  9.20000000e-02  1.65440000e+01
 -3.32628984e+03  3.63692200e+03  9.20000000e-02  1.65440000e+01
 -3.32628984e+03  3.63692200e+03  9.20000000e-02  1.65440000e+01
 -3.32789109e+03  3.63846700e+03  9.20000000e-02  1.65430000e+01
 -3.32789109e+03  3.63846700e+03  9.20000000e-02  1.65430000e+01
 -3.32853716e+03  3.63980700e+03  9.10000000e-02  1.65800000e+01
 -3.32853716e+03  3.63980700e+03  9.10000000e-02  1.65800000e+01
 -3.32853716e+03  3.63980700e+03  9.10000000e-02  1.65800000e+01
 -3.32913872e+03  3.63807700e+03  9.10000000e-02  1.65830000e+01
 -3.32913535e+03  3.63612000e+03  9.00000000e-02  1.65960000e+01
 -3.32955327e+03  3.63931900e+03  9.00000000e-02  1.65150000e+01
 -3.32955327e+03  3.63931900e+03  9.00000000e-02  1.65150000e+01
 -3.32955327e+03  3.63931900e+03  9.00000000e-02  1.65150000e+01
 -3.32955327e+03  3.63931900e+03  9.00000000e-02  1.65150000e+01
 -3.32955327e+03  3.63931900e+03  9.00000000e-02  1.65150000e+01
 -3.32955327e+03  3.63931900e+03  9.00000000e-02  1.65150000e+01
 -3.33399611e+03  3.63864900e+03  9.00000000e-02  1.65560000e+01
 -3.33399611e+03  3.63864900e+03  9.00000000e-02  1.65560000e+01
 -3.33399611e+03  3.63864900e+03  9.00000000e-02  1.65560000e+01