-1.56455120e+03  2.57626700e+03  8.80000000e-02  2.93540000e+01
 -1.56459971e+03  2.57791000e+03  8.80000000e-02  2.92620000e+01
 -1.56616317e+03  2.58352000e+03  8.80000000e-02  2.91130000e+01
 -1.56732501e+03  2.58703300e+03  8.80000000e-02  2.90560000e+01
 -1.57020307e+03  2.59361600e+03  8.80000000e-02  2.90560000e+01
 -1.57509625e+03  2.59811200e+03  8.80000000e-02  2.90040000e+01
 -1.57692486e+03  2.60162500e+03  8.80000000e-02  2.88820000e+01
 -1.59153768e+03  2.60526700e+03  8.80000000e-02  2.88810000e+01
 -1.59179723e+03  2.60869200e+03  8.80000000e-02  2.88550000e+01
 -1.60186966e+03  2.61431300e+03  8.80000000e-02  2.86100000e+01
 -1.60584210e+03  2.61902600e+03  8.80000000e-02  2.86100000e+01
 -1.60624592e+03  2.62089500e+03  8.80000000e-02  2.85130000e+01
 -1.61019075e+03  2.62748900e+03  8.80000000e-02  2.82150000e+01
 -1.61086315e+03  2.63198600e+03  8.80000000e-02  2.79920000e+01
 -1.62732636e+03  2.64320600e+03  8.80000000e-02  2.78610000e+01
 -1.62961594e+03  2.64718300e+03  8.80000000e-02  2.77010000e+01
 -1.63455863e+03  2.65235000e+03  8.80000000e-02  2.76940000e+01
 -1.63329685e+03  2.65444700e+03  8.80000000e-02  2.76940000e+01
 -1.63643371e+03  2.66036000e+03  8.80000000e-02  2.76780000e+01
 -1.64988086e+03  2.66587100e+03  8.80000000e-02  2.75960000e+01
 -1.65544655e+03  2.67236700e+03  8.80000000e-02  2.75990000e+01
 -1.65694724e+03  2.67677700e+03  8.80000000e-02  2.75200000e+01
 -1.65954454e+03  2.68171600e+03  8.80000000e-02  2.73640000e+01
 -1.66781060e+03  2.68776900e+03  8.80000000e-02  2.73810000e+01
 -1.66623663e+03  2.69173600e+03  8.80000000e-02  2.71700000e+01
 -1.67551477e+03  2.69494500e+03  8.80000000e-02  2.71490000e+01
 -1.67570996e+03  2.69561500e+03  8.80000000e-02  2.71530000e+01
 -1.67622405e+03  2.69770100e+03  8.80000000e-02  2.70590000e+01
 -1.67745928e+03  2.69934400e+03  8.80000000e-02  2.69230000e+01
 -1.67884697e+03  2.70262900e+03  8.80000000e-02  2.68370000e+01
 -1.68965680e+03  2.70516900e+03  8.80000000e-02  2.68340000e+01
 -1.70420128e+03  2.71056300e+03  8.80000000e-02  2.68190000e+01
 -1.70586366e+03  2.71563100e+03  8.80000000e-02  2.67810000e+01
 -1.71047808e+03  2.71750100e+03  8.80000000e-02  2.67810000e+01
 -1.71603975e+03  2.72049400e+03  8.80000000e-02  2.67820000e+01
 -1.72171337e+03  2.72347700e+03  8.80000000e-02  2.67900000e+01
 -1.72588343e+03  2.72864300e+03  8.80000000e-02  2.66790000e+01
 -1.72600743e+03  2.73095600e+03  8.80000000e-02  2.66460000e+01
 -1.72718583e+03  2.73327900e+03  8.80000000e-02  2.66280000e+01
 -1.72723180e+03  2.73537600e+03  8.80000000e-02  2.65590000e+01
 -1.73004681e+03  2.74285600e+03  8.80000000e-02  2.63320000e+01
 -1.73528058e+03  2.74823900e+03  8.80000000e-02  2.62280000e+01
 -1.73506647e+03  2.75033600e+03  8.80000000e-02  2.61680000e+01
 -1.72987497e+03  2.75407500e+03  8.90000000e-02  2.59390000e+01
 -1.73033153e+03  2.75825800e+03  8.90000000e-02  2.57100000e+01
 -1.73145503e+03  2.76079700e+03  8.90000000e-02  2.57000000e+01
 -1.74489771e+03  2.76312100e+03  8.90000000e-02  2.57000000e+01
 -1.74589135e+03  2.76686000e+03  8.90000000e-02  2.56830000e+01
 -1.74669394e+03  2.77127000e+03  8.90000000e-02  2.56500000e+01
 -1.74745491e+03  2.77501000e+03  8.90000000e-02  2.55140000e+01
 -1.74986333e+03  2.78017600e+03  8.90000000e-02  2.53450000e+01
 -1.76521085e+03  2.78578600e+03  8.90000000e-02  2.52950000e+01
 -1.76717043e+03  2.78885600e+03  8.90000000e-02  2.52690000e+01
 -1.76839985e+03  2.79139600e+03  8.90000000e-02  2.52370000e+01
 -1.77253116e+03  2.79602200e+03  8.90000000e-02  2.51540000e+01
 -1.77384066e+03  2.80283100e+03  8.90000000e-02  2.49980000e+01
 -1.77606876e+03  2.80612800e+03  8.90000000e-02  2.49980000e+01
 -1.77598619e+03  2.80844100e+03  8.90000000e-02  2.49260000e+01
 -1.77873972e+03  2.81338100e+03  8.90000000e-02  2.49170000e+01
 -1.77961928e+03  2.81689300e+03  8.90000000e-02  2.48900000e+01
 -1.79371210e+03  2.81921700e+03  8.90000000e-02  2.48760000e+01
 -1.79990691e+03  2.82001500e+03  8.90000000e-02  2.48540000e+01
 -1.80691856e+03  2.82068500e+03  8.90000000e-02  2.49360000e+01
 -1.80858321e+03  2.82135400e+03  8.90000000e-02  2.49220000e+01
 -1.81000984e+03  2.82696400e+03  8.80000000e-02  2.47290000e+01
 -1.81557288e+03  2.83400100e+03  8.80000000e-02  2.45870000e+01
 -1.82306510e+03  2.83939400e+03  8.80000000e-02  2.44990000e+01
 -1.82348625e+03  2.84500400e+03  8.80000000e-02  2.42500000e+01
 -1.82504480e+03  2.84687400e+03  8.80000000e-02  2.42500000e+01
 -1.83005810e+03  2.85217000e+03  8.80000000e-02  2.42290000e+01
 -1.83354312e+03  2.85712000e+03  8.80000000e-02  2.41570000e+01
 -1.83347181e+03  2.86005000e+03  8.80000000e-02  2.39230000e+01
 -1.83416708e+03  2.86302200e+03  8.80000000e-02  2.38990000e+01
 -1.83419368e+03  2.86235200e+03  8.80000000e-02  2.39220000e+01
 -1.83854676e+03  2.86303200e+03  8.80000000e-02  2.39210000e+01
 -1.84369371e+03  2.86819900e+03  8.80000000e-02  2.39100000e+01
 -1.84401241e+03  2.86886900e+03  8.80000000e-02  2.39100000e+01
 -1.84909862e+03  2.87216500e+03  8.80000000e-02  2.39080000e+01
 -1.84900838e+03  2.87260800e+03  8.80000000e-02  2.39130000e+01
 -1.85115091e+03  2.87657500e+03  8.80000000e-02  2.38750000e+01
 -1.85541136e+03  2.87768700e+03  8.80000000e-02  2.38790000e+01
 -1.85580314e+03  2.87857300e+03  8.80000000e-02  2.38620000e+01
 -1.85642460e+03  2.87968500e+03  8.80000000e-02  2.38620000e+01
 -1.85646164e+03  2.88552200e+03  8.80000000e-02  2.36620000e+01
 -1.86164896e+03  2.88947800e+03  8.80000000e-02  2.36050000e+01
 -1.86280314e+03  2.89089400e+03  8.80000000e-02  2.36720000e+01
 -1.87616462e+03  2.89412400e+03  8.80000000e-02  2.36720000e+01
 -1.88704956e+03  2.90062000e+03  8.80000000e-02  2.35470000e+01
 -1.89036331e+03  2.90547300e+03  8.80000000e-02  2.35300000e+01
 -1.89078287e+03  2.90942900e+03  8.80000000e-02  2.32720000e+01
 -1.89854224e+03  2.91196900e+03  8.80000000e-02  2.32720000e+01
 -1.91559077e+03  2.91601200e+03  8.80000000e-02  2.32660000e+01
 -1.91663205e+03  2.91898300e+03  8.80000000e-02  2.32170000e+01
 -1.92003854e+03  2.92459300e+03  8.80000000e-02  2.31490000e+01
 -1.93037325e+03  2.92789000e+03  8.80000000e-02  2.31240000e+01
 -1.92904848e+03  2.92526300e+03  8.80000000e-02  2.32400000e+01
 -1.92920000e+03  2.92340300e+03  9.30000000e-02  2.34400000e+01
 -1.92569474e+03  2.92407300e+03  9.30000000e-02  2.32260000e+01
 -1.92598988e+03  2.92474200e+03  9.30000000e-02  2.32450000e+01
 -1.93245293e+03  2.92682800e+03  9.30000000e-02  2.32630000e+01
 -1.93834571e+03  2.93409200e+03  9.30000000e-02  2.29780000e+01
 -1.94314627e+03  2.93476100e+03  9.30000000e-02  2.29900000e+01
 -1.94278788e+03  2.93685800e+03  9.30000000e-02  2.29860000e+01
 -1.94453411e+03  2.93895400e+03  9.30000000e-02  2.29670000e+01
 -1.95334503e+03  2.94278100e+03  9.30000000e-02  2.28710000e+01
 -1.95436441e+03  2.94697500e+03  9.30000000e-02  2.27170000e+01
 -1.95487762e+03  2.95072500e+03  9.30000000e-02  2.26410000e+01
 -1.95769123e+03  2.95394500e+03  9.30000000e-02  2.25790000e+01
 -1.95631996e+03  2.95648500e+03  9.30000000e-02  2.24840000e+01
 -1.95476581e+03  2.95692800e+03  9.30000000e-02  2.24590000e+01
 -1.95840859e+03  2.95672300e+03  9.30000000e-02  2.24690000e+01
 -1.95840859e+03  2.95672300e+03  9.30000000e-02  2.24690000e+01
 -1.95891105e+03  2.95619200e+03  9.30000000e-02  2.24820000e+01
 -1.96597748e+03  2.95894800e+03  9.30000000e-02  2.24760000e+01
 -1.96680479e+03  2.96246100e+03  9.30000000e-02  2.23230000e+01
 -1.96707969e+03  2.96476300e+03  9.30000000e-02  2.23180000e+01
 -1.96712183e+03  2.96685900e+03  9.30000000e-02  2.22890000e+01
 -1.96596548e+03  2.96827500e+03  9.30000000e-02  2.21230000e+01
 -1.98451230e+03  2.97005800e+03  9.30000000e-02  2.21170000e+01
 -1.98998681e+03  2.97424000e+03  9.30000000e-02  2.20870000e+01
 -1.98685606e+03  2.97552700e+03  9.30000000e-02  2.19690000e+01
 -1.99178056e+03  2.97662900e+03  9.30000000e-02  2.19640000e+01
 -2.01462600e+03  2.98179600e+03  9.30000000e-02  2.19040000e+01
 -2.01558973e+03  2.98674700e+03  9.30000000e-02  2.17680000e+01
 -2.01563607e+03  2.98794700e+03  9.30000000e-02  2.16850000e+01
 -2.01677755e+03  2.99025900e+03  9.30000000e-02  2.16530000e+01
 -2.01669807e+03  2.99302600e+03  9.30000000e-02  2.15490000e+01
 -2.01940908e+03  2.99512200e+03  9.30000000e-02  2.15410000e+01
 -2.02084522e+03  2.99445200e+03  9.30000000e-02  2.16470000e+01
 -2.02127106e+03  2.99744600e+03  9.30000000e-02  2.16420000e+01
 -2.02264013e+03  3.00252500e+03  9.30000000e-02  2.16040000e+01
 -2.03173633e+03  3.00616700e+03  9.30000000e-02  2.15540000e+01
 -2.03190582e+03  3.00913900e+03  9.30000000e-02  2.13780000e+01
 -2.06093562e+03  3.01452200e+03  9.30000000e-02  2.13700000e+01
 -2.06616572e+03  3.01309400e+03  9.30000000e-02  2.15570000e+01
 -2.07551387e+03  3.01585000e+03  9.30000000e-02  2.14830000e+01
 -2.07396814e+03  3.01516900e+03  9.30000000e-02  2.15670000e+01
 -2.07470045e+03  3.01890900e+03  9.30000000e-02  2.15280000e+01
 -2.07472925e+03  3.02033600e+03  9.30000000e-02  2.14650000e+01
 -2.08108236e+03  3.02220600e+03  9.30000000e-02  2.14660000e+01
 -2.08368471e+03  3.02760000e+03  9.30000000e-02  2.14130000e+01
 -2.08499824e+03  3.03262600e+03  9.30000000e-02  2.13090000e+01
 -2.08625957e+03  3.03570700e+03  9.30000000e-02  2.12970000e+01
 -2.08744931e+03  3.03900300e+03  9.30000000e-02  2.11880000e+01
 -2.08827713e+03  3.04372700e+03  9.30000000e-02  2.11770000e+01
 -2.09073525e+03  3.04746700e+03  9.30000000e-02  2.11710000e+01
 -2.09353106e+03  3.05120700e+03  9.30000000e-02  2.11880000e+01
 -2.09234291e+03  3.05188700e+03  9.30000000e-02  2.11830000e+01
 -2.09375970e+03  3.05100100e+03  9.30000000e-02  2.12980000e+01
 -2.09736581e+03  3.05122800e+03  9.30000000e-02  2.14460000e+01
 -2.10187159e+03  3.05234000e+03  9.30000000e-02  2.15280000e+01
 -2.10463198e+03  3.05510700e+03  9.30000000e-02  2.13890000e+01
 -2.11118145e+03  3.05756000e+03  9.30000000e-02  2.13270000e+01
 -2.11296792e+03  3.05943000e+03  9.30000000e-02  2.12690000e+01
 -2.11436252e+03  3.06227300e+03  9.30000000e-02  2.12580000e+01
 -2.11456526e+03  3.06174200e+03  9.30000000e-02  2.13460000e+01
 -2.11541275e+03  3.06329800e+03  9.30000000e-02  2.13420000e+01
 -2.11567632e+03  3.06539500e+03  9.30000000e-02  2.12130000e+01
 -2.11619276e+03  3.06956700e+03  9.30000000e-02  2.11520000e+01
 -2.11954928e+03  3.07660300e+03  9.30000000e-02  2.11280000e+01
 -2.13160889e+03  3.07771600e+03  9.30000000e-02  2.11200000e+01
 -2.14463759e+03  3.08069900e+03  9.30000000e-02  2.11170000e+01
 -2.14572744e+03  3.08189900e+03  9.30000000e-02  2.11170000e+01
 -2.14786385e+03  3.08136900e+03  9.30000000e-02  2.11170000e+01
 -2.15909215e+03  3.08413600e+03  9.30000000e-02  2.11090000e+01
 -2.16462651e+03  3.09124900e+03  9.30000000e-02  2.10840000e+01
 -2.16655048e+03  3.09477200e+03  9.30000000e-02  2.10710000e+01
 -2.16798343e+03  3.09805800e+03  9.30000000e-02  2.10230000e+01
 -2.16849692e+03  3.10157100e+03  9.30000000e-02  2.09280000e+01
 -2.16295420e+03  3.10366800e+03  9.30000000e-02  2.09280000e+01
 -2.18242361e+03  3.10763400e+03  9.30000000e-02  2.09280000e+01
 -2.17769421e+03  3.10928800e+03  9.30000000e-02  2.09240000e+01
 -2.17945291e+03  3.11161200e+03  9.30000000e-02  2.09240000e+01
 -2.17963453e+03  3.11249700e+03  9.30000000e-02  2.08880000e+01
 -2.19719788e+03  3.11481000e+03  9.30000000e-02  2.08730000e+01
 -2.20618646e+03  3.11922000e+03  9.30000000e-02  2.06980000e+01
 -2.21245192e+03  3.12438700e+03  9.30000000e-02  2.06210000e+01
 -2.21409627e+03  3.12639700e+03  9.30000000e-02  2.06200000e+01
 -2.21546806e+03  3.13110900e+03  9.30000000e-02  2.05820000e+01
 -2.21707930e+03  3.13515200e+03  9.30000000e-02  2.04040000e+01
 -2.21704974e+03  3.13537900e+03  9.30000000e-02  2.04040000e+01
 -2.21754612e+03  3.13791900e+03  9.30000000e-02  2.01350000e+01
 -2.21754612e+03  3.13791900e+03  9.30000000e-02  2.01350000e+01
 -2.22269254e+03  3.13978900e+03  9.30000000e-02  2.01760000e+01
 -2.22162151e+03  3.13904200e+03  9.30000000e-02  2.01740000e+01
 -2.22148539e+03  3.14189600e+03  9.30000000e-02  2.00330000e+01
 -2.22889533e+03  3.14488900e+03  9.30000000e-02  1.98890000e+01
 -2.23256974e+03  3.15027200e+03  9.30000000e-02  1.98830000e+01
 -2.23249662e+03  3.15102900e+03  9.30000000e-02  1.99720000e+01
 -2.23296439e+03  3.15468200e+03  9.30000000e-02  1.99050000e+01
 -2.23799376e+03  3.15634600e+03  9.30000000e-02  1.98810000e+01
 -2.24274664e+03  3.15918900e+03  9.30000000e-02  1.98890000e+01
 -2.24381373e+03  3.15963200e+03  9.30000000e-02  1.99740000e+01
 -2.24483487e+03  3.16118800e+03  9.30000000e-02  1.99730000e+01
 -2.24775085e+03  3.16186800e+03  9.30000000e-02  2.00180000e+01
 -2.24775085e+03  3.16186800e+03  9.30000000e-02  2.00180000e+01
 -2.24960297e+03  3.16253800e+03  9.30000000e-02  2.00020000e+01
 -2.25142763e+03  3.16659200e+03  9.30000000e-02  1.99890000e+01
 -2.24978959e+03  3.16352100e+03  9.30000000e-02  2.00430000e+01
 -2.26820863e+03  3.16783300e+03  9.30000000e-02  1.98590000e+01
 -2.26998420e+03  3.16992900e+03  9.30000000e-02  1.98590000e+01
 -2.26776757e+03  3.16671900e+03  9.30000000e-02  1.98310000e+01
 -2.26938216e+03  3.16933500e+03  9.30000000e-02  1.98370000e+01
 -2.26990177e+03  3.17121600e+03  9.30000000e-02  1.97600000e+01
 -2.27783631e+03  3.17474000e+03  9.30000000e-02  1.97540000e+01
 -2.28253900e+03  3.17789700e+03  9.30000000e-02  1.97950000e+01
 -2.28145655e+03  3.17842700e+03  9.30000000e-02  1.97950000e+01
 -2.28342343e+03  3.18216600e+03  9.30000000e-02  1.97400000e+01
 -2.28342343e+03  3.18216600e+03  9.30000000e-02  1.97400000e+01
 -2.28440971e+03  3.18192800e+03  9.30000000e-02  1.97610000e+01
 -2.28487301e+03  3.18281500e+03  9.30000000e-02  1.97560000e+01
 -2.28518049e+03  3.18435900e+03  9.30000000e-02  1.97350000e+01
 -2.28377660e+03  3.18346200e+03  9.30000000e-02  1.97350000e+01
 -2.28609410e+03  3.18510500e+03  9.30000000e-02  1.97710000e+01
 -2.28744059e+03  3.18673700e+03  9.30000000e-02  1.97680000e+01
 -2.28431086e+03  3.18598000e+03  9.30000000e-02  1.97620000e+01
 -2.28498062e+03  3.18920100e+03  9.30000000e-02  1.95260000e+01
 -2.28498062e+03  3.18920100e+03  9.30000000e-02  1.95260000e+01
 -2.29899728e+03  3.19271400e+03  9.30000000e-02  1.95250000e+01
 -2.30827548e+03  3.19262600e+03  9.40000000e-02  1.95590000e+01
 -2.30854411e+03  3.19306900e+03  9.40000000e-02  1.95560000e+01
 -2.30692709e+03  3.19493900e+03  9.40000000e-02  1.94880000e+01
 -2.31200772e+03  3.19845200e+03  9.40000000e-02  1.95050000e+01
 -2.31410142e+03  3.19836400e+03  9.40000000e-02  1.96040000e+01
 -2.31402829e+03  3.19836400e+03  9.40000000e-02  1.96040000e+01
 -2.31592130e+03  3.20179000e+03  9.40000000e-02  1.95970000e+01
 -2.31336103e+03  3.20201700e+03  9.40000000e-02  1.96220000e+01
 -2.31420591e+03  3.20014700e+03  9.40000000e-02  1.96300000e+01
 -2.31971444e+03  3.20508700e+03  9.40000000e-02  1.95570000e+01
 -2.31991195e+03  3.20738800e+03  9.40000000e-02  1.95440000e+01
 -2.31991195e+03  3.20738800e+03  9.40000000e-02  1.95440000e+01
 -2.32653787e+03  3.21134500e+03  9.40000000e-02  1.94900000e+01
 -2.32653787e+03  3.21134500e+03  9.40000000e-02  1.94900000e+01
 -2.33565251e+03  3.21290000e+03  9.40000000e-02  1.94830000e+01
 -2.33617027e+03  3.21401300e+03  9.40000000e-02  1.94430000e+01
 -2.33617027e+03  3.21401300e+03  9.40000000e-02  1.94430000e+01
 -2.33686340e+03  3.21392600e+03  9.40000000e-02  1.94520000e+01
 -2.33205633e+03  3.21555800e+03  9.40000000e-02  1.94500000e+01
 -2.33026381e+03  3.21720100e+03  9.40000000e-02  1.94050000e+01
 -2.33026381e+03  3.21720100e+03  9.40000000e-02  1.94050000e+01
 -2.32966900e+03  3.21720100e+03  9.40000000e-02  1.93380000e+01
 -2.33212035e+03  3.22116700e+03  9.40000000e-02  1.92250000e+01
 -2.33677413e+03  3.22663700e+03  9.40000000e-02  1.91490000e+01
 -2.33677413e+03  3.22663700e+03  9.40000000e-02  1.91490000e+01
 -2.33677413e+03  3.22663700e+03  9.40000000e-02  1.91490000e+01
 -2.33696107e+03  3.22939300e+03  9.40000000e-02  1.91290000e+01
 -2.34158709e+03  3.23103600e+03  9.40000000e-02  1.92550000e+01
 -2.34222678e+03  3.23126300e+03  9.40000000e-02  1.92220000e+01
 -2.34386120e+03  3.23521900e+03  9.40000000e-02  1.92220000e+01
 -2.35798837e+03  3.23708900e+03  9.40000000e-02  1.91650000e+01
 -2.35693650e+03  3.23634200e+03  9.40000000e-02  1.91670000e+01
 -2.35399371e+03  3.23372600e+03  9.40000000e-02  1.91420000e+01
 -2.35399371e+03  3.23372600e+03  9.40000000e-02  1.91420000e+01
 -2.35469779e+03  3.23395300e+03  9.40000000e-02  1.91610000e+01
 -2.35572872e+03  3.23559600e+03  9.40000000e-02  1.91630000e+01
 -2.35785429e+03  3.23702200e+03  9.40000000e-02  1.91500000e+01
 -2.36118580e+03  3.24151900e+03  9.40000000e-02  1.90860000e+01
 -2.36126032e+03  3.23920600e+03  9.40000000e-02  1.91920000e+01
 -2.37002032e+03  3.24152900e+03  9.40000000e-02  1.91920000e+01
 -2.37442026e+03  3.24451200e+03  9.40000000e-02  1.91830000e+01
 -2.37442026e+03  3.24451200e+03  9.40000000e-02  1.91830000e+01
 -2.37442026e+03  3.24451200e+03  9.40000000e-02  1.91830000e+01
 -2.37489548e+03  3.24452300e+03  9.40000000e-02  1.92140000e+01
 -2.37665727e+03  3.24473900e+03  9.40000000e-02  1.92540000e+01
 -2.37626036e+03  3.24398200e+03  9.40000000e-02  1.92540000e+01
 -2.39611318e+03  3.24652100e+03  9.40000000e-02  1.92510000e+01
 -2.39611318e+03  3.24652100e+03  9.40000000e-02  1.92510000e+01
 -2.39668560e+03  3.24839100e+03  9.40000000e-02  1.92180000e+01
 -2.39668560e+03  3.24839100e+03  9.40000000e-02  1.92180000e+01
 -2.39426012e+03  3.24696400e+03  9.40000000e-02  1.92120000e+01
 -2.40567318e+03  3.24719100e+03  9.40000000e-02  1.92120000e+01
 -2.40542514e+03  3.24852000e+03  9.40000000e-02  1.92160000e+01
 -2.40542514e+03  3.24852000e+03  9.40000000e-02  1.92160000e+01
 -2.40521279e+03  3.24807700e+03  9.40000000e-02  1.92160000e+01
 -2.40589429e+03  3.25040000e+03  9.40000000e-02  1.91990000e+01
 -2.41139719e+03  3.25272400e+03  9.40000000e-02  1.91410000e+01
 -2.41276044e+03  3.25228100e+03  9.40000000e-02  1.91410000e+01
 -2.41276044e+03  3.25228100e+03  9.40000000e-02  1.91410000e+01
 -2.42069472e+03  3.25623600e+03  9.40000000e-02  1.91410000e+01
 -2.42015239e+03  3.25833300e+03  9.40000000e-02  1.90900000e+01
 -2.42020852e+03  3.25743600e+03  9.40000000e-02  1.91800000e+01
 -2.42020852e+03  3.25743600e+03  9.40000000e-02  1.91800000e+01
 -2.41953086e+03  3.25646300e+03  9.40000000e-02  1.91720000e+01
 -2.41953086e+03  3.25646300e+03  9.40000000e-02  1.91720000e+01
 -2.42387322e+03  3.26055900e+03  9.40000000e-02  1.91070000e+01
 -2.43125184e+03  3.26594200e+03  9.40000000e-02  1.91030000e+01
 -2.43125184e+03  3.26594200e+03  9.40000000e-02  1.91030000e+01
 -2.43435246e+03  3.26714200e+03  9.40000000e-02  1.91270000e+01
 -2.43417940e+03  3.26648200e+03  9.40000000e-02  1.91260000e+01
 -2.43620225e+03  3.26701200e+03  9.40000000e-02  1.91520000e+01
 -2.43761347e+03  3.27119500e+03  9.40000000e-02  1.90880000e+01
 -2.43980165e+03  3.27569200e+03  9.40000000e-02  1.90280000e+01
 -2.44151539e+03  3.27658800e+03  9.40000000e-02  1.91190000e+01
 -2.45018529e+03  3.27988500e+03  9.40000000e-02  1.91190000e+01
 -2.45492873e+03  3.28220900e+03  9.40000000e-02  1.91230000e+01
 -2.46212413e+03  3.28496500e+03  9.40000000e-02  1.90650000e+01
 -2.46153942e+03  3.28309500e+03  9.40000000e-02  1.90950000e+01
 -2.46444243e+03  3.28473800e+03  9.40000000e-02  1.90890000e+01
 -2.46311843e+03  3.28331100e+03  9.40000000e-02  1.90890000e+01
 -2.47963816e+03  3.29146100e+03  9.40000000e-02  1.89960000e+01
 -2.48187695e+03  3.29302800e+03  9.40000000e-02  1.89540000e+01
 -2.48256301e+03  3.29182800e+03  9.40000000e-02  1.89460000e+01
 -2.48298506e+03  3.29249700e+03  9.40000000e-02  1.89560000e+01
 -2.48424577e+03  3.29347000e+03  9.40000000e-02  1.89820000e+01
 -2.48438037e+03  3.29182700e+03  9.40000000e-02  1.89910000e+01
 -2.49119455e+03  3.29151300e+03  9.40000000e-02  1.90230000e+01
 -2.50290279e+03  3.29196600e+03  9.40000000e-02  1.90850000e+01
 -2.50846876e+03  3.29473300e+03  9.40000000e-02  1.90850000e+01
 -2.50846876e+03  3.29473300e+03  9.40000000e-02  1.90850000e+01
 -2.50924354e+03  3.29748900e+03  9.40000000e-02  1.90550000e+01
 -2.51144601e+03  3.29860200e+03  9.40000000e-02  1.90470000e+01
 -2.51336711e+03  3.30025600e+03  9.40000000e-02  1.90840000e+01
 -2.51439451e+03  3.29981300e+03  9.40000000e-02  1.91330000e+01
 -2.52199347e+03  3.29928300e+03  9.40000000e-02  1.91480000e+01
 -2.52199347e+03  3.29928300e+03  9.40000000e-02  1.91480000e+01
 -2.52219641e+03  3.30159500e+03  9.40000000e-02  1.90910000e+01
 -2.52387987e+03  3.30226500e+03  9.40000000e-02  1.90900000e+01
 -2.52417705e+03  3.30403600e+03  9.40000000e-02  1.90790000e+01
 -2.52461414e+03  3.30613300e+03  9.40000000e-02  1.90590000e+01
 -2.52643201e+03  3.30943000e+03  9.40000000e-02  1.90650000e+01
 -2.52643201e+03  3.30943000e+03  9.40000000e-02  1.90650000e+01
 -2.52693219e+03  3.31228400e+03  9.40000000e-02  1.91710000e+01
 -2.52693219e+03  3.31228400e+03  9.40000000e-02  1.91710000e+01
 -2.52620134e+03  3.31362300e+03  9.40000000e-02  1.91510000e+01
 -2.52892058e+03  3.31243400e+03  9.40000000e-02  1.91580000e+01
 -2.52892058e+03  3.31243400e+03  9.40000000e-02  1.91580000e+01
 -2.52892058e+03  3.31243400e+03  9.40000000e-02  1.91580000e+01
 -2.52892058e+03  3.31243400e+03  9.40000000e-02  1.91580000e+01
 -2.52911550e+03  3.31309300e+03  9.40000000e-02  1.91580000e+01
 -2.53085481e+03  3.31145000e+03  9.40000000e-02  1.92410000e+01
 -2.53348596e+03  3.31443200e+03  9.40000000e-02  1.92320000e+01
 -2.53348596e+03  3.31443200e+03  9.40000000e-02  1.92320000e+01
 -2.53813615e+03  3.31741500e+03  9.40000000e-02  1.91880000e+01
 -2.53844001e+03  3.31832200e+03  9.40000000e-02  1.91890000e+01
 -2.53900696e+03  3.32160800e+03  9.40000000e-02  1.91770000e+01
 -2.53989878e+03  3.32316400e+03  9.40000000e-02  1.91710000e+01
 -2.54429922e+03  3.32406000e+03  9.40000000e-02  1.92320000e+01
 -2.54427904e+03  3.32427600e+03  9.40000000e-02  1.92350000e+01
 -2.55081376e+03  3.32494600e+03  9.40000000e-02  1.91710000e+01
 -2.55048512e+03  3.32667600e+03  9.40000000e-02  1.91260000e+01
 -2.56113403e+03  3.32733500e+03  9.40000000e-02  1.91300000e+01
 -2.56113403e+03  3.32733500e+03  9.40000000e-02  1.91300000e+01
 -2.56113403e+03  3.32733500e+03  9.40000000e-02  1.91300000e+01
 -2.56113403e+03  3.32733500e+03  9.40000000e-02  1.91300000e+01
 -2.56008103e+03  3.32898900e+03  9.40000000e-02  1.91100000e+01
 -2.56266882e+03  3.33117300e+03  9.40000000e-02  1.91150000e+01
 -2.57032384e+03  3.33468600e+03  9.40000000e-02  1.91150000e+01
 -2.57043107e+03  3.33820900e+03  9.40000000e-02  1.89660000e+01
 -2.57716590e+03  3.34097700e+03  9.40000000e-02  1.87910000e+01
 -2.57666731e+03  3.33985300e+03  9.40000000e-02  1.88840000e+01
 -2.57728341e+03  3.34082600e+03  9.40000000e-02  1.88430000e+01
 -2.57925877e+03  3.34426200e+03  9.40000000e-02  1.87630000e+01
 -2.57925877e+03  3.34426200e+03  9.40000000e-02  1.87630000e+01
 -2.57925877e+03  3.34426200e+03  9.40000000e-02  1.87630000e+01
 -2.58003658e+03  3.34680200e+03  9.40000000e-02  1.86110000e+01
 -2.58018347e+03  3.34582900e+03  9.40000000e-02  1.86220000e+01
 -2.58249990e+03  3.34942900e+03  9.40000000e-02  1.85880000e+01
 -2.58285360e+03  3.35009900e+03  9.40000000e-02  1.85830000e+01
 -2.58976468e+03  3.35332000e+03  9.40000000e-02  1.85300000e+01
 -2.59096703e+03  3.35486400e+03  9.40000000e-02  1.86570000e+01
 -2.59091493e+03  3.35434500e+03  9.40000000e-02  1.87230000e+01
 -2.59091493e+03  3.35434500e+03  9.40000000e-02  1.87230000e+01
 -2.59097721e+03  3.35501400e+03  9.40000000e-02  1.87200000e+01
 -2.59097721e+03  3.35501400e+03  9.40000000e-02  1.87200000e+01
 -2.59081853e+03  3.35545700e+03  9.40000000e-02  1.87300000e+01
 -2.59628956e+03  3.35679700e+03  9.40000000e-02  1.87740000e+01
 -2.59628956e+03  3.35679700e+03  9.40000000e-02  1.87740000e+01
 -2.59628956e+03  3.35679700e+03  9.40000000e-02  1.87740000e+01
 -2.59628956e+03  3.35679700e+03  9.40000000e-02  1.87740000e+01
 -2.59659516e+03  3.35792000e+03  9.40000000e-02  1.87280000e+01
 -2.59987679e+03  3.35694700e+03  9.40000000e-02  1.88120000e+01
 -2.59987679e+03  3.35694700e+03  9.40000000e-02  1.88120000e+01
 -2.59969598e+03  3.35784400e+03  9.40000000e-02  1.88120000e+01
 -2.60464081e+03  3.36225300e+03  9.40000000e-02  1.86640000e+01
 -2.60733822e+03  3.36260900e+03  9.40000000e-02  1.86700000e+01
 -2.60871525e+03  3.36559100e+03  9.40000000e-02  1.85930000e+01
 -2.60819165e+03  3.36349400e+03  9.50000000e-02  1.86160000e+01
 -2.60819165e+03  3.36349400e+03  9.50000000e-02  1.86160000e+01
 -2.60819165e+03  3.36349400e+03  9.50000000e-02  1.86160000e+01
 -2.60819165e+03  3.36349400e+03  9.50000000e-02  1.86160000e+01
 -2.60879770e+03  3.36857400e+03  9.40000000e-02  1.84750000e+01
 -2.61839990e+03  3.37134100e+03  9.40000000e-02  1.84750000e+01
 -2.61839990e+03  3.37134100e+03  9.40000000e-02  1.84750000e+01
 -2.61819599e+03  3.37223700e+03  9.40000000e-02  1.84600000e+01
 -2.61819599e+03  3.37223700e+03  9.40000000e-02  1.84600000e+01
 -2.61815563e+03  3.37500400e+03  9.40000000e-02  1.82620000e+01
 -2.61935232e+03  3.37739300e+03  9.40000000e-02  1.82610000e+01
 -2.61935232e+03  3.37739300e+03  9.40000000e-02  1.82610000e+01
 -2.62167021e+03  3.38180300e+03  9.40000000e-02  1.80770000e+01
 -2.62702566e+03  3.38060300e+03  9.40000000e-02  1.80760000e+01
 -2.62702566e+03  3.38060300e+03  9.40000000e-02  1.80760000e+01
 -2.62901332e+03  3.38247300e+03  9.40000000e-02  1.80700000e+01
 -2.62901332e+03  3.38247300e+03  9.40000000e-02  1.80700000e+01
 -2.62901332e+03  3.38247300e+03  9.40000000e-02  1.80700000e+01
 -2.62901332e+03  3.38247300e+03  9.40000000e-02  1.80700000e+01
 -2.62891587e+03  3.38126200e+03  9.40000000e-02  1.80870000e+01
 -2.62872684e+03  3.38072100e+03  9.40000000e-02  1.80870000e+01
 -2.62787745e+03  3.38214800e+03  9.40000000e-02  1.80500000e+01
 -2.62774461e+03  3.38468800e+03  9.40000000e-02  1.79060000e+01
 -2.62774461e+03  3.38468800e+03  9.40000000e-02  1.79060000e+01
 -2.63137426e+03  3.38932400e+03  9.40000000e-02  1.78690000e+01
 -2.63137426e+03  3.38932400e+03  9.40000000e-02  1.78690000e+01
 -2.63623159e+03  3.39284800e+03  9.40000000e-02  1.78330000e+01
 -2.63623159e+03  3.39284800e+03  9.40000000e-02  1.78330000e+01
 -2.64320731e+03  3.39463000e+03  9.40000000e-02  1.78240000e+01
 -2.64362440e+03  3.39485700e+03  9.40000000e-02  1.78240000e+01
 -2.64362440e+03  3.39485700e+03  9.40000000e-02  1.78240000e+01
 -2.65793160e+03  3.39588300e+03  9.40000000e-02  1.78890000e+01
 -2.65895719e+03  3.39641300e+03  9.40000000e-02  1.78950000e+01
 -2.65815262e+03  3.39686700e+03  9.40000000e-02  1.78950000e+01
 -2.65815262e+03  3.39686700e+03  9.40000000e-02  1.78950000e+01
 -2.65839504e+03  3.40136300e+03  9.40000000e-02  1.76860000e+01
 -2.66119134e+03  3.40607600e+03  9.40000000e-02  1.76120000e+01
 -2.66137839e+03  3.40817300e+03  9.40000000e-02  1.74650000e+01
 -2.66214377e+03  3.40927500e+03  9.40000000e-02  1.74530000e+01
 -2.66249707e+03  3.41060400e+03  9.40000000e-02  1.74500000e+01
 -2.66299439e+03  3.41170600e+03  9.40000000e-02  1.74570000e+01
 -2.66299439e+03  3.41170600e+03  9.40000000e-02  1.74570000e+01
 -2.66595564e+03  3.41544500e+03  9.40000000e-02  1.73270000e+01
 -2.67789225e+03  3.41940100e+03  9.40000000e-02  1.73010000e+01
 -2.69367479e+03  3.41985500e+03  9.40000000e-02  1.73900000e+01
 -2.70478586e+03  3.42097900e+03  9.40000000e-02  1.73900000e+01
 -2.70478586e+03  3.42097900e+03  9.40000000e-02  1.73900000e+01
 -2.70836498e+03  3.42316200e+03  9.40000000e-02  1.73400000e+01
 -2.71007518e+03  3.42427500e+03  9.40000000e-02  1.73400000e+01
 -2.71148730e+03  3.42747400e+03  9.40000000e-02  1.73060000e+01
 -2.71158747e+03  3.42605700e+03  9.40000000e-02  1.73890000e+01
 -2.71240815e+03  3.42553800e+03  9.40000000e-02  1.73800000e+01
 -2.71357376e+03  3.42873700e+03  9.40000000e-02  1.73200000e+01
 -2.72249648e+03  3.42873700e+03  9.40000000e-02  1.73250000e+01
 -2.72249648e+03  3.42873700e+03  9.40000000e-02  1.73250000e+01
 -2.72664580e+03  3.43008700e+03  9.50000000e-02  1.73220000e+01
 -2.72664580e+03  3.43008700e+03  9.50000000e-02  1.73220000e+01
 -2.72664580e+03  3.43008700e+03  9.50000000e-02  1.73220000e+01
 -2.72664580e+03  3.43008700e+03  9.50000000e-02  1.73220000e+01
 -2.72708550e+03  3.43098400e+03  9.50000000e-02  1.73030000e+01
 -2.72708550e+03  3.43098400e+03  9.50000000e-02  1.73030000e+01
 -2.72819103e+03  3.42858300e+03  9.50000000e-02  1.74250000e+01
 -2.73037253e+03  3.42978300e+03  9.50000000e-02  1.74480000e+01
 -2.73062099e+03  3.43516600e+03  9.50000000e-02  1.73880000e+01
 -2.73072388e+03  3.43627900e+03  9.50000000e-02  1.72530000e+01
 -2.73038996e+03  3.43629000e+03  9.50000000e-02  1.72570000e+01
 -2.73307668e+03  3.43936000e+03  9.50000000e-02  1.72290000e+01
 -2.73302150e+03  3.43838700e+03  9.50000000e-02  1.73470000e+01
 -2.73302150e+03  3.43838700e+03  9.50000000e-02  1.73470000e+01
 -2.73624707e+03  3.43958700e+03  9.50000000e-02  1.74520000e+01
 -2.73624707e+03  3.43958700e+03  9.50000000e-02  1.74520000e+01
 -2.73954395e+03  3.43958700e+03  9.50000000e-02  1.74510000e+01
 -2.73912594e+03  3.43922000e+03  9.50000000e-02  1.74030000e+01
 -2.74196276e+03  3.44087300e+03  9.50000000e-02  1.74060000e+01
 -2.74194707e+03  3.44251700e+03  9.50000000e-02  1.72150000e+01
 -2.74194707e+03  3.44251700e+03  9.50000000e-02  1.72150000e+01
 -2.74208099e+03  3.44603000e+03  9.40000000e-02  1.71200000e+01
 -2.74208099e+03  3.44603000e+03  9.40000000e-02  1.71200000e+01
 -2.74545109e+03  3.44812600e+03  9.40000000e-02  1.71100000e+01
 -2.74545109e+03  3.44812600e+03  9.40000000e-02  1.71100000e+01
 -2.74545109e+03  3.44812600e+03  9.40000000e-02  1.71100000e+01
 -2.75435950e+03  3.44879600e+03  9.40000000e-02  1.70520000e+01
 -2.75828846e+03  3.44947600e+03  9.40000000e-02  1.69740000e+01
 -2.75828846e+03  3.44947600e+03  9.40000000e-02  1.69740000e+01
 -2.75830359e+03  3.44993000e+03  9.40000000e-02  1.69460000e+01
 -2.76256376e+03  3.45247000e+03  9.40000000e-02  1.68250000e+01
 -2.76309425e+03  3.45225300e+03  9.40000000e-02  1.68560000e+01
 -2.76312886e+03  3.45390700e+03  9.40000000e-02  1.68370000e+01
 -2.76322109e+03  3.45533400e+03  9.40000000e-02  1.67960000e+01
 -2.76323623e+03  3.45503100e+03  9.40000000e-02  1.67880000e+01
 -2.76683360e+03  3.46019700e+03  9.40000000e-02  1.67640000e+01
 -2.76767566e+03  3.46416400e+03  9.40000000e-02  1.67640000e+01
 -2.76777823e+03  3.46549300e+03  9.40000000e-02  1.67580000e+01
 -2.76777823e+03  3.46549300e+03  9.40000000e-02  1.67580000e+01
 -2.76777823e+03  3.46549300e+03  9.40000000e-02  1.67580000e+01
 -2.76708408e+03  3.46415300e+03  9.40000000e-02  1.67650000e+01
 -2.76795043e+03  3.46526600e+03  9.40000000e-02  1.67710000e+01
 -2.77989267e+03  3.46891900e+03  9.40000000e-02  1.67650000e+01
 -2.77989267e+03  3.46891900e+03  9.40000000e-02  1.67650000e+01
 -2.77989267e+03  3.46891900e+03  9.40000000e-02  1.67650000e+01
 -2.77989267e+03  3.46891900e+03  9.40000000e-02  1.67650000e+01
 -2.78058860e+03  3.46891900e+03  9.40000000e-02  1.67610000e+01
 -2.78059148e+03  3.46562200e+03  9.40000000e-02  1.68220000e+01
 -2.78059148e+03  3.46562200e+03  9.40000000e-02  1.68220000e+01
 -2.78267457e+03  3.46858300e+03  9.40000000e-02  1.68030000e+01
 -2.78267457e+03  3.46858300e+03  9.40000000e-02  1.68030000e+01
 -2.78267457e+03  3.46858300e+03  9.40000000e-02  1.68030000e+01
 -2.78485137e+03  3.47308000e+03  9.40000000e-02  1.67790000e+01
 -2.79065098e+03  3.47232300e+03  9.50000000e-02  1.67660000e+01
 -2.79033392e+03  3.47180400e+03  9.50000000e-02  1.67670000e+01
 -2.79033392e+03  3.47180400e+03  9.50000000e-02  1.67670000e+01
 -2.79169968e+03  3.47644000e+03  9.50000000e-02  1.66050000e+01
 -2.79983440e+03  3.47754200e+03  9.50000000e-02  1.66020000e+01
 -2.79983440e+03  3.47754200e+03  9.50000000e-02  1.66020000e+01
 -2.81328181e+03  3.48096800e+03  9.50000000e-02  1.65860000e+01
 -2.81328181e+03  3.48096800e+03  9.50000000e-02  1.65860000e+01
 -2.81328181e+03  3.48096800e+03  9.50000000e-02  1.65860000e+01
 -2.81402403e+03  3.48186400e+03  9.50000000e-02  1.66770000e+01
 -2.82730116e+03  3.48747400e+03  9.50000000e-02  1.66250000e+01
 -2.82730116e+03  3.48747400e+03  9.50000000e-02  1.66250000e+01
 -2.83385271e+03  3.49286800e+03  9.50000000e-02  1.65700000e+01
 -2.83990117e+03  3.49495400e+03  9.50000000e-02  1.65730000e+01
 -2.83990117e+03  3.49495400e+03  9.50000000e-02  1.65730000e+01
 -2.83990117e+03  3.49495400e+03  9.50000000e-02  1.65730000e+01
 -2.83990117e+03  3.49495400e+03  9.50000000e-02  1.65730000e+01
 -2.83990117e+03  3.49495400e+03  9.50000000e-02  1.65730000e+01
 -2.83990117e+03  3.49495400e+03  9.50000000e-02  1.65730000e+01
 -2.84504029e+03  3.49651000e+03  9.50000000e-02  1.65730000e+01
 -2.84698365e+03  3.49830300e+03  9.50000000e-02  1.65730000e+01
 -2.84821246e+03  3.49611900e+03  9.50000000e-02  1.67350000e+01
 -2.85434207e+03  3.49897300e+03  9.50000000e-02  1.67380000e+01
 -2.85434207e+03  3.49897300e+03  9.50000000e-02  1.67380000e+01
 -2.85449556e+03  3.49822700e+03  9.50000000e-02  1.66260000e+01
 -2.85449556e+03  3.49822700e+03  9.50000000e-02  1.66260000e+01
 -2.85682850e+03  3.49933900e+03  9.50000000e-02  1.66300000e+01
 -2.85682850e+03  3.49933900e+03  9.50000000e-02  1.66300000e+01
 -2.85739988e+03  3.49979300e+03  9.50000000e-02  1.66540000e+01
 -2.85806375e+03  3.50376000e+03  9.50000000e-02  1.65700000e+01
 -2.85804448e+03  3.50421300e+03  9.50000000e-02  1.65070000e+01
 -2.85804448e+03  3.50421300e+03  9.50000000e-02  1.65070000e+01
 -2.85804448e+03  3.50421300e+03  9.50000000e-02  1.65070000e+01
 -2.85765760e+03  3.50584500e+03  9.50000000e-02  1.64640000e+01
 -2.85765760e+03  3.50584500e+03  9.50000000e-02  1.64640000e+01
 -2.85765760e+03  3.50584500e+03  9.50000000e-02  1.64640000e+01
 -2.85925654e+03  3.50891500e+03  9.50000000e-02  1.64400000e+01
 -2.85925654e+03  3.50891500e+03  9.50000000e-02  1.64400000e+01
 -2.86269296e+03  3.51055800e+03  9.50000000e-02  1.63620000e+01
 -2.86269296e+03  3.51055800e+03  9.50000000e-02  1.63620000e+01
 -2.86269296e+03  3.51055800e+03  9.50000000e-02  1.63620000e+01
 -2.86321369e+03  3.51033100e+03  9.50000000e-02  1.63820000e+01
 -2.86321369e+03  3.51033100e+03  9.50000000e-02  1.63820000e+01
 -2.86321369e+03  3.51033100e+03  9.50000000e-02  1.63820000e+01
 -2.86704758e+03  3.51242800e+03  9.50000000e-02  1.63730000e+01
 -2.87225855e+03  3.51175800e+03  9.50000000e-02  1.64070000e+01
 -2.87225855e+03  3.51175800e+03  9.50000000e-02  1.64070000e+01
 -2.87267324e+03  3.51242700e+03  9.50000000e-02  1.64030000e+01
 -2.87267324e+03  3.51242700e+03  9.50000000e-02  1.64030000e+01
 -2.87297224e+03  3.51474000e+03  9.50000000e-02  1.63910000e+01
 -2.87297224e+03  3.51474000e+03  9.50000000e-02  1.63910000e+01
 -2.87459580e+03  3.51308500e+03  9.50000000e-02  1.63910000e+01
 -2.87534812e+03  3.51353900e+03  9.50000000e-02  1.63930000e+01
 -2.87571369e+03  3.51309600e+03  9.50000000e-02  1.63290000e+01
 -2.87624848e+03  3.51376600e+03  9.50000000e-02  1.64130000e+01
 -2.88330921e+03  3.51421900e+03  9.50000000e-02  1.64130000e+01
 -2.88534564e+03  3.51408000e+03  9.50000000e-02  1.64130000e+01
 -2.88534564e+03  3.51408000e+03  9.50000000e-02  1.64130000e+01
 -2.88534564e+03  3.51408000e+03  9.50000000e-02  1.64130000e+01
 -2.88670369e+03  3.51670700e+03  9.50000000e-02  1.64030000e+01
 -2.88670369e+03  3.51670700e+03  9.50000000e-02  1.64030000e+01
 -2.88670369e+03  3.51670700e+03  9.50000000e-02  1.64030000e+01
 -2.88670369e+03  3.51670700e+03  9.50000000e-02  1.64030000e+01
 -2.88670369e+03  3.51670700e+03  9.50000000e-02  1.64030000e+01
 -2.88670369e+03  3.51670700e+03  9.50000000e-02  1.64030000e+01
 -2.88670369e+03  3.51670700e+03  9.50000000e-02  1.64030000e+01
 -2.89360423e+03  3.51713900e+03  9.50000000e-02  1.64340000e+01
 -2.89360423e+03  3.51713900e+03  9.50000000e-02  1.64340000e+01
 -2.89602395e+03  3.51856600e+03  9.50000000e-02  1.64420000e+01
 -2.89656043e+03  3.52053400e+03  9.50000000e-02  1.64260000e+01
 -2.89710997e+03  3.52328900e+03  9.50000000e-02  1.63700000e+01
 -2.89901173e+03  3.52149600e+03  9.50000000e-02  1.63590000e+01
 -2.90199422e+03  3.52225300e+03  9.50000000e-02  1.63590000e+01
 -2.90199422e+03  3.52225300e+03  9.50000000e-02  1.63590000e+01
 -2.90199422e+03  3.52225300e+03  9.50000000e-02  1.63590000e+01
 -2.90199422e+03  3.52225300e+03  9.50000000e-02  1.63590000e+01
 -2.90628387e+03  3.52058800e+03  9.50000000e-02  1.63870000e+01
 -2.90628387e+03  3.52058800e+03  9.50000000e-02  1.63870000e+01
 -2.90625270e+03  3.52224200e+03  9.50000000e-02  1.63940000e+01
 -2.90714973e+03  3.52192800e+03  9.50000000e-02  1.64610000e+01
 -2.90714973e+03  3.52192800e+03  9.50000000e-02  1.64610000e+01
 -2.90777447e+03  3.52072800e+03  9.50000000e-02  1.64490000e+01
 -2.90800817e+03  3.51997100e+03  9.50000000e-02  1.64490000e+01
 -2.90800817e+03  3.51997100e+03  9.50000000e-02  1.64490000e+01
 -2.90871019e+03  3.51779700e+03  9.50000000e-02  1.65220000e+01
 -2.90871019e+03  3.51779700e+03  9.50000000e-02  1.65220000e+01
 -2.91043400e+03  3.51989400e+03  9.50000000e-02  1.65580000e+01
 -2.91043400e+03  3.51989400e+03  9.50000000e-02  1.65580000e+01
 -2.91043400e+03  3.51989400e+03  9.50000000e-02  1.65580000e+01
 -2.91125889e+03  3.51870400e+03  9.50000000e-02  1.65790000e+01
 -2.91125889e+03  3.51870400e+03  9.50000000e-02  1.65790000e+01
 -2.91977987e+03  3.52320100e+03  9.50000000e-02  1.65800000e+01
 -2.92116695e+03  3.52485500e+03  9.50000000e-02  1.65550000e+01
 -2.92267139e+03  3.52388200e+03  9.50000000e-02  1.65680000e+01
 -2.92267139e+03  3.52388200e+03  9.50000000e-02  1.65680000e+01
 -2.92267139e+03  3.52388200e+03  9.50000000e-02  1.65680000e+01
 -2.92468989e+03  3.52575200e+03  9.50000000e-02  1.65760000e+01
 -2.92813253e+03  3.52850800e+03  9.50000000e-02  1.65740000e+01
 -2.92877541e+03  3.52984700e+03  9.50000000e-02  1.65560000e+01
 -2.92877541e+03  3.52984700e+03  9.50000000e-02  1.65560000e+01
 -2.92877541e+03  3.52984700e+03  9.50000000e-02  1.65560000e+01
 -2.92877541e+03  3.52984700e+03  9.50000000e-02  1.65560000e+01
 -2.92877541e+03  3.52984700e+03  9.50000000e-02  1.65560000e+01
 -2.92923549e+03  3.53030100e+03  9.50000000e-02  1.65560000e+01
 -2.92923549e+03  3.53030100e+03  9.50000000e-02  1.65560000e+01
 -2.92923549e+03  3.53030100e+03  9.50000000e-02  1.65560000e+01
 -2.92923549e+03  3.53030100e+03  9.50000000e-02  1.65560000e+01
 -2.92923549e+03  3.53030100e+03  9.50000000e-02  1.65560000e+01
 -2.92943300e+03  3.53096000e+03  9.50000000e-02  1.65480000e+01
 -2.92943300e+03  3.53096000e+03  9.50000000e-02  1.65480000e+01
 -2.92943300e+03  3.53096000e+03  9.50000000e-02  1.65480000e+01
 -2.93878714e+03  3.53612600e+03  9.50000000e-02  1.64180000e+01
 -2.93878714e+03  3.53612600e+03  9.50000000e-02  1.64180000e+01
 -2.95127822e+03  3.53889300e+03  9.50000000e-02  1.64180000e+01
 -2.95395430e+03  3.54023300e+03  9.50000000e-02  1.63930000e+01
 -2.95395430e+03  3.54023300e+03  9.50000000e-02  1.63930000e+01
 -2.95395430e+03  3.54023300e+03  9.50000000e-02  1.63930000e+01
 -2.95441825e+03  3.54143300e+03  9.50000000e-02  1.63930000e+01
 -2.95441825e+03  3.54143300e+03  9.50000000e-02  1.63930000e+01
 -2.95441825e+03  3.54143300e+03  9.50000000e-02  1.63930000e+01
 -2.95441825e+03  3.54143300e+03  9.50000000e-02  1.63930000e+01
 -2.95496994e+03  3.54298900e+03  9.50000000e-02  1.63150000e+01
 -2.95907780e+03  3.54454500e+03  9.50000000e-02  1.63150000e+01
 -2.95907780e+03  3.54454500e+03  9.50000000e-02  1.63150000e+01
 -2.95907780e+03  3.54454500e+03  9.50000000e-02  1.63150000e+01
 -2.95950360e+03  3.54379800e+03  9.50000000e-02  1.63100000e+01
 -2.95950360e+03  3.54379800e+03  9.50000000e-02  1.63100000e+01
 -2.95950360e+03  3.54379800e+03  9.50000000e-02  1.63100000e+01
 -2.95950360e+03  3.54379800e+03  9.50000000e-02  1.63100000e+01
 -2.96282533e+03  3.54498800e+03  9.50000000e-02  1.62560000e+01
 -2.96282533e+03  3.54498800e+03  9.50000000e-02  1.62560000e+01
 -2.96282533e+03  3.54498800e+03  9.50000000e-02  1.62560000e+01
 -2.96282533e+03  3.54498800e+03  9.50000000e-02  1.62560000e+01
 -2.96282533e+03  3.54498800e+03  9.50000000e-02  1.62560000e+01
 -2.96324227e+03  3.54565800e+03  9.50000000e-02  1.62370000e+01
 -2.96716921e+03  3.54521500e+03  9.50000000e-02  1.62370000e+01
 -2.96716921e+03  3.54521500e+03  9.50000000e-02  1.62370000e+01
 -2.96716921e+03  3.54521500e+03  9.50000000e-02  1.62370000e+01
 -2.96846145e+03  3.54387500e+03  9.50000000e-02  1.62440000e+01
 -2.97085736e+03  3.54454500e+03  9.50000000e-02  1.62060000e+01
 -2.97085736e+03  3.54454500e+03  9.50000000e-02  1.62060000e+01
 -2.97440693e+03  3.54685800e+03  9.50000000e-02  1.62210000e+01
 -2.97440693e+03  3.54685800e+03  9.50000000e-02  1.62210000e+01
 -2.97440693e+03  3.54685800e+03  9.50000000e-02  1.62210000e+01
 -2.97440693e+03  3.54685800e+03  9.50000000e-02  1.62210000e+01
 -2.97440693e+03  3.54685800e+03  9.50000000e-02  1.62210000e+01
 -2.97450958e+03  3.54871700e+03  9.50000000e-02  1.61740000e+01
 -2.97530008e+03  3.54938700e+03  9.50000000e-02  1.61990000e+01
 -2.97530008e+03  3.54938700e+03  9.50000000e-02  1.61990000e+01
 -2.97530008e+03  3.54938700e+03  9.50000000e-02  1.61990000e+01
 -2.97530008e+03  3.54938700e+03  9.50000000e-02  1.61990000e+01
 -2.97921973e+03  3.54744000e+03  9.50000000e-02  1.62480000e+01
 -2.97921973e+03  3.54744000e+03  9.50000000e-02  1.62480000e+01
 -2.97921973e+03  3.54744000e+03  9.50000000e-02  1.62480000e+01
 -2.97921973e+03  3.54744000e+03  9.50000000e-02  1.62480000e+01
 -2.98140378e+03  3.55010900e+03  9.50000000e-02  1.61820000e+01
 -2.98140378e+03  3.55010900e+03  9.50000000e-02  1.61820000e+01
 -2.98140378e+03  3.55010900e+03  9.50000000e-02  1.61820000e+01
 -2.98362210e+03  3.55143800e+03  9.50000000e-02  1.61350000e+01
 -2.98750469e+03  3.55923200e+03  9.50000000e-02  1.61230000e+01
 -2.98750469e+03  3.55923200e+03  9.50000000e-02  1.61230000e+01
 -2.98750469e+03  3.55923200e+03  9.50000000e-02  1.61230000e+01
 -2.99311737e+03  3.56132900e+03  9.50000000e-02  1.61230000e+01
 -2.99311737e+03  3.56132900e+03  9.50000000e-02  1.61230000e+01
 -2.99311737e+03  3.56132900e+03  9.50000000e-02  1.61230000e+01
 -2.99311737e+03  3.56132900e+03  9.50000000e-02  1.61230000e+01
 -3.00155236e+03  3.56628000e+03  9.50000000e-02  1.61120000e+01
 -3.00155236e+03  3.56628000e+03  9.50000000e-02  1.61120000e+01
 -3.01036762e+03  3.56762000e+03  9.50000000e-02  1.61110000e+01
 -3.01036762e+03  3.56762000e+03  9.50000000e-02  1.61110000e+01
 -3.01077943e+03  3.56949000e+03  9.50000000e-02  1.60820000e+01
 -3.01077943e+03  3.56949000e+03  9.50000000e-02  1.60820000e+01
 -3.01077943e+03  3.56949000e+03  9.50000000e-02  1.60820000e+01
 -3.01301816e+03  3.57211700e+03  9.50000000e-02  1.59920000e+01
 -3.01301816e+03  3.57211700e+03  9.50000000e-02  1.59920000e+01
 -3.01326561e+03  3.57234300e+03  9.50000000e-02  1.59920000e+01
 -3.01326561e+03  3.57234300e+03  9.50000000e-02  1.59920000e+01
 -3.01326561e+03  3.57234300e+03  9.50000000e-02  1.59920000e+01
 -3.01326561e+03  3.57234300e+03  9.50000000e-02  1.59920000e+01
 -3.01921371e+03  3.57135900e+03  9.50000000e-02  1.60290000e+01
 -3.01921371e+03  3.57135900e+03  9.50000000e-02  1.60290000e+01
 -3.01921371e+03  3.57135900e+03  9.50000000e-02  1.60290000e+01
 -3.01921371e+03  3.57135900e+03  9.50000000e-02  1.60290000e+01
 -3.01980508e+03  3.57068900e+03  9.50000000e-02  1.60490000e+01
 -3.02171061e+03  3.56940200e+03  9.50000000e-02  1.61440000e+01
 -3.02171061e+03  3.56940200e+03  9.50000000e-02  1.61440000e+01
 -3.02256561e+03  3.56908800e+03  9.50000000e-02  1.63200000e+01
 -3.02567905e+03  3.56953100e+03  9.50000000e-02  1.63720000e+01
 -3.02813436e+03  3.56788800e+03  9.50000000e-02  1.63910000e+01
 -3.02892675e+03  3.57020100e+03  9.50000000e-02  1.63660000e+01
 -3.03290302e+03  3.57318400e+03  9.50000000e-02  1.63150000e+01
 -3.03290302e+03  3.57318400e+03  9.50000000e-02  1.63150000e+01
 -3.03290302e+03  3.57318400e+03  9.50000000e-02  1.63150000e+01
 -3.03290302e+03  3.57318400e+03  9.50000000e-02  1.63150000e+01
 -3.03298255e+03  3.57265400e+03  9.50000000e-02  1.63170000e+01
 -3.03298255e+03  3.57265400e+03  9.50000000e-02  1.63170000e+01
 -3.03298255e+03  3.57265400e+03  9.50000000e-02  1.63170000e+01
 -3.03348763e+03  3.57265300e+03  9.50000000e-02  1.63270000e+01
 -3.03348763e+03  3.57265300e+03  9.50000000e-02  1.63270000e+01
 -3.03348763e+03  3.57265300e+03  9.50000000e-02  1.63270000e+01
 -3.03348763e+03  3.57265300e+03  9.50000000e-02  1.63270000e+01
 -3.03348763e+03  3.57265300e+03  9.50000000e-02  1.63270000e+01
 -3.04469786e+03  3.57630600e+03  9.50000000e-02  1.63230000e+01
 -3.04469786e+03  3.57630600e+03  9.50000000e-02  1.63230000e+01
 -3.05321818e+03  3.57653200e+03  9.50000000e-02  1.63230000e+01
 -3.05321818e+03  3.57653200e+03  9.50000000e-02  1.63230000e+01
 -3.05326142e+03  3.57577500e+03  9.50000000e-02  1.63650000e+01
 -3.05326142e+03  3.57577500e+03  9.50000000e-02  1.63650000e+01
 -3.05717752e+03  3.57830400e+03  9.60000000e-02  1.63840000e+01
 -3.06581485e+03  3.57710400e+03  9.60000000e-02  1.64650000e+01
 -3.06581485e+03  3.57710400e+03  9.60000000e-02  1.64650000e+01
 -3.06581485e+03  3.57710400e+03  9.60000000e-02  1.64650000e+01
 -3.07008076e+03  3.57821700e+03  9.60000000e-02  1.65020000e+01
 -3.07410032e+03  3.57568700e+03  9.60000000e-02  1.65720000e+01
 -3.07410032e+03  3.57568700e+03  9.60000000e-02  1.65720000e+01
 -3.07410032e+03  3.57568700e+03  9.60000000e-02  1.65720000e+01
 -3.07410032e+03  3.57568700e+03  9.60000000e-02  1.65720000e+01
 -3.07410032e+03  3.57568700e+03  9.60000000e-02  1.65720000e+01
 -3.07410032e+03  3.57568700e+03  9.60000000e-02  1.65720000e+01
 -3.07410032e+03  3.57568700e+03  9.60000000e-02  1.65720000e+01
 -3.07410032e+03  3.57568700e+03  9.60000000e-02  1.65720000e+01
 -3.07410032e+03  3.57568700e+03  9.60000000e-02  1.65720000e+01
 -3.07447244e+03  3.57613000e+03  9.60000000e-02  1.65810000e+01
 -3.07835290e+03  3.57724300e+03  9.60000000e-02  1.66660000e+01
 -3.07835290e+03  3.57724300e+03  9.60000000e-02  1.66660000e+01
 -3.07835290e+03  3.57724300e+03  9.60000000e-02  1.66660000e+01
 -3.07835290e+03  3.57724300e+03  9.60000000e-02  1.66660000e+01
 -3.08050536e+03  3.57537200e+03  9.60000000e-02  1.67150000e+01
 -3.08155314e+03  3.57558800e+03  9.70000000e-02  1.67770000e+01
 -3.08155314e+03  3.57558800e+03  9.70000000e-02  1.67770000e+01
 -3.08155314e+03  3.57558800e+03  9.70000000e-02  1.67770000e+01
 -3.08155314e+03  3.57558800e+03  9.70000000e-02  1.67770000e+01
 -3.08155314e+03  3.57558800e+03  9.70000000e-02  1.67770000e+01
 -3.08155314e+03  3.57558800e+03  9.70000000e-02  1.67770000e+01
 -3.08897901e+03  3.57857000e+03  9.70000000e-02  1.66540000e+01
 -3.08897901e+03  3.57857000e+03  9.70000000e-02  1.66540000e+01
 -3.08897901e+03  3.57857000e+03  9.70000000e-02  1.66540000e+01
 -3.08897901e+03  3.57857000e+03  9.70000000e-02  1.66540000e+01
 -3.09075157e+03  3.58186700e+03  9.70000000e-02  1.66430000e+01
 -3.09268361e+03  3.58463400e+03  9.70000000e-02  1.65910000e+01
 -3.09268361e+03  3.58463400e+03  9.70000000e-02  1.65910000e+01
 -3.09268361e+03  3.58463400e+03  9.70000000e-02  1.65910000e+01
 -3.09268361e+03  3.58463400e+03  9.70000000e-02  1.65910000e+01
 -3.09268361e+03  3.58463400e+03  9.70000000e-02  1.65910000e+01
 -3.09268361e+03  3.58463400e+03  9.70000000e-02  1.65910000e+01
 -3.09268361e+03  3.58463400e+03  9.70000000e-02  1.65910000e+01
 -3.09315360e+03  3.58650400e+03  9.70000000e-02  1.65910000e+01
 -3.09315360e+03  3.58650400e+03  9.70000000e-02  1.65910000e+01
 -3.09315360e+03  3.58650400e+03  9.70000000e-02  1.65910000e+01
 -3.09315360e+03  3.58650400e+03  9.70000000e-02  1.65910000e+01
 -3.09321436e+03  3.58784400e+03  9.70000000e-02  1.65880000e+01
 -3.09321436e+03  3.58784400e+03  9.70000000e-02  1.65880000e+01
 -3.09322284e+03  3.58970300e+03  9.70000000e-02  1.65390000e+01
 -3.09322284e+03  3.58970300e+03  9.70000000e-02  1.65390000e+01
 -3.09322284e+03  3.58970300e+03  9.70000000e-02  1.65390000e+01
 -3.09322284e+03  3.58970300e+03  9.70000000e-02  1.65390000e+01
 -3.09322284e+03  3.58970300e+03  9.70000000e-02  1.65390000e+01
 -3.09322284e+03  3.58970300e+03  9.70000000e-02  1.65390000e+01
 -3.09543893e+03  3.59488000e+03  9.60000000e-02  1.64960000e+01
 -3.09554685e+03  3.59893400e+03  9.60000000e-02  1.64550000e+01
 -3.09554685e+03  3.59893400e+03  9.60000000e-02  1.64550000e+01
 -3.09554685e+03  3.59893400e+03  9.60000000e-02  1.64550000e+01
 -3.09554685e+03  3.59893400e+03  9.60000000e-02  1.64550000e+01
 -3.09554685e+03  3.59893400e+03  9.60000000e-02  1.64550000e+01
 -3.10371159e+03  3.60100900e+03  9.60000000e-02  1.64550000e+01
 -3.10617836e+03  3.60278200e+03  9.80000000e-02  1.65460000e+01
 -3.10617836e+03  3.60278200e+03  9.80000000e-02  1.65460000e+01
 -3.10831032e+03  3.60487800e+03  9.80000000e-02  1.65460000e+01
 -3.10831032e+03  3.60487800e+03  9.80000000e-02  1.65460000e+01
 -3.10831032e+03  3.60487800e+03  9.80000000e-02  1.65460000e+01
 -3.10831032e+03  3.60487800e+03  9.80000000e-02  1.65460000e+01
 -3.11075225e+03  3.60763400e+03  9.70000000e-02  1.65740000e+01
 -3.11075225e+03  3.60763400e+03  9.70000000e-02  1.65740000e+01
 -3.11075225e+03  3.60763400e+03  9.70000000e-02  1.65740000e+01
 -3.11152834e+03  3.60905000e+03  9.70000000e-02  1.65720000e+01
 -3.11152834e+03  3.60905000e+03  9.70000000e-02  1.65720000e+01
 -3.11152834e+03  3.60905000e+03  9.70000000e-02  1.65720000e+01
 -3.11152834e+03  3.60905000e+03  9.70000000e-02  1.65720000e+01
 -3.11987252e+03  3.61084300e+03  9.70000000e-02  1.65440000e+01
 -3.11987252e+03  3.61084300e+03  9.70000000e-02  1.65440000e+01
 -3.11987252e+03  3.61084300e+03  9.70000000e-02  1.65440000e+01
 -3.11987252e+03  3.61084300e+03  9.70000000e-02  1.65440000e+01
 -3.11987252e+03  3.61084300e+03  9.70000000e-02  1.65440000e+01
 -3.11987252e+03  3.61084300e+03  9.70000000e-02  1.65440000e+01
 -3.11987252e+03  3.61084300e+03  9.70000000e-02  1.65440000e+01
 -3.11987252e+03  3.61084300e+03  9.70000000e-02  1.65440000e+01
 -3.12139640e+03  3.61084300e+03  9.70000000e-02  1.65480000e+01
 -3.13257077e+03  3.60963300e+03  9.70000000e-02  1.65800000e+01
 -3.13257077e+03  3.60963300e+03  9.70000000e-02  1.65800000e+01
 -3.13598736e+03  3.61323300e+03  9.70000000e-02  1.65800000e+01
 -3.13598736e+03  3.61323300e+03  9.70000000e-02  1.65800000e+01
 -3.13598736e+03  3.61323300e+03  9.70000000e-02  1.65800000e+01
 -3.13595929e+03  3.61204300e+03  9.70000000e-02  1.66740000e+01
 -3.13595929e+03  3.61204300e+03  9.70000000e-02  1.66740000e+01
 -3.13595929e+03  3.61204300e+03  9.70000000e-02  1.66740000e+01
 -3.13595929e+03  3.61204300e+03  9.70000000e-02  1.66740000e+01
 -3.13595929e+03  3.61204300e+03  9.70000000e-02  1.66740000e+01
 -3.13595929e+03  3.61204300e+03  9.70000000e-02  1.66740000e+01
 -3.13595929e+03  3.61204300e+03  9.70000000e-02  1.66740000e+01
 -3.13705477e+03  3.61194500e+03  9.70000000e-02  1.66990000e+01
 -3.13705477e+03  3.61194500e+03  9.70000000e-02  1.66990000e+01
 -3.13705477e+03  3.61194500e+03  9.70000000e-02  1.66990000e+01
 -3.13705477e+03  3.61194500e+03  9.70000000e-02  1.66990000e+01
 -3.13705477e+03  3.61194500e+03  9.70000000e-02  1.66990000e+01
 -3.13705477e+03  3.61194500e+03  9.70000000e-02  1.66990000e+01
 -3.13805267e+03  3.61359900e+03  9.70000000e-02  1.67010000e+01
 -3.13805267e+03  3.61359900e+03  9.70000000e-02  1.67010000e+01
 -3.14196787e+03  3.61569600e+03  9.70000000e-02  1.67010000e+01
 -3.14196787e+03  3.61569600e+03  9.70000000e-02  1.67010000e+01
 -3.14196787e+03  3.61569600e+03  9.70000000e-02  1.67010000e+01
 -3.14196787e+03  3.61569600e+03  9.70000000e-02  1.67010000e+01
 -3.14196787e+03  3.61569600e+03  9.70000000e-02  1.67010000e+01
 -3.14196787e+03  3.61569600e+03  9.70000000e-02  1.67010000e+01
 -3.14252784e+03  3.61711200e+03  9.70000000e-02  1.67050000e+01
 -3.14252784e+03  3.61711200e+03  9.70000000e-02  1.67050000e+01
 -3.14252784e+03  3.61711200e+03  9.70000000e-02  1.67050000e+01
 -3.14252784e+03  3.61711200e+03  9.70000000e-02  1.67050000e+01
 -3.14252784e+03  3.61711200e+03  9.70000000e-02  1.67050000e+01
 -3.14252784e+03  3.61711200e+03  9.70000000e-02  1.67050000e+01
 -3.14599884e+03  3.61591100e+03  9.70000000e-02  1.67560000e+01
 -3.14615285e+03  3.61711100e+03  9.70000000e-02  1.67410000e+01
 -3.14719076e+03  3.61659200e+03  9.70000000e-02  1.67500000e+01
 -3.15275810e+03  3.61493800e+03  9.70000000e-02  1.68890000e+01
 -3.15275810e+03  3.61493800e+03  9.70000000e-02  1.68890000e+01
 -3.15275810e+03  3.61493800e+03  9.70000000e-02  1.68890000e+01
 -3.15275810e+03  3.61493800e+03  9.70000000e-02  1.68890000e+01
 -3.15275810e+03  3.61493800e+03  9.70000000e-02  1.68890000e+01
 -3.15275810e+03  3.61493800e+03  9.70000000e-02  1.68890000e+01
 -3.15563855e+03  3.61956400e+03  9.70000000e-02  1.68310000e+01
 -3.15563855e+03  3.61956400e+03  9.70000000e-02  1.68310000e+01
 -3.15563855e+03  3.61956400e+03  9.70000000e-02  1.68310000e+01
 -3.15563855e+03  3.61956400e+03  9.70000000e-02  1.68310000e+01
 -3.15563855e+03  3.61956400e+03  9.70000000e-02  1.68310000e+01
 -3.15563855e+03  3.61956400e+03  9.70000000e-02  1.68310000e+01
 -3.15792258e+03  3.62188800e+03  9.70000000e-02  1.68280000e+01
 -3.15792258e+03  3.62188800e+03  9.70000000e-02  1.68280000e+01
 -3.15989469e+03  3.62508600e+03  9.70000000e-02  1.68120000e+01
 -3.15989469e+03  3.62508600e+03  9.70000000e-02  1.68120000e+01
 -3.16030180e+03  3.62717200e+03  9.70000000e-02  1.67990000e+01
 -3.16030180e+03  3.62717200e+03  9.70000000e-02  1.67990000e+01
 -3.16030180e+03  3.62717200e+03  9.70000000e-02  1.67990000e+01
 -3.16030180e+03  3.62717200e+03  9.70000000e-02  1.67990000e+01
 -3.16030180e+03  3.62717200e+03  9.70000000e-02  1.67990000e+01
 -3.16100986e+03  3.63001500e+03  9.70000000e-02  1.67890000e+01
 -3.16124843e+03  3.62805800e+03  9.60000000e-02  1.69250000e+01
 -3.16119519e+03  3.62827400e+03  9.60000000e-02  1.69170000e+01
 -3.16119519e+03  3.62827400e+03  9.60000000e-02  1.69170000e+01
 -3.16119519e+03  3.62827400e+03  9.60000000e-02  1.69170000e+01
 -3.16119519e+03  3.62827400e+03  9.60000000e-02  1.69170000e+01
 -3.16122924e+03  3.62947400e+03  9.40000000e-02  1.68240000e+01
 -3.16161646e+03  3.63036000e+03  9.40000000e-02  1.68250000e+01
 -3.16161646e+03  3.63036000e+03  9.40000000e-02  1.68250000e+01
 -3.16161646e+03  3.63036000e+03  9.40000000e-02  1.68250000e+01
 -3.16161646e+03  3.63036000e+03  9.40000000e-02  1.68250000e+01
 -3.16161646e+03  3.63036000e+03  9.40000000e-02  1.68250000e+01
 -3.16161646e+03  3.63036000e+03  9.40000000e-02  1.68250000e+01
 -3.16161646e+03  3.63036000e+03  9.40000000e-02  1.68250000e+01
 -3.16220028e+03  3.63290000e+03  9.40000000e-02  1.68080000e+01
 -3.16981618e+03  3.63161200e+03  9.30000000e-02  1.68100000e+01
 -3.16981618e+03  3.63161200e+03  9.30000000e-02  1.68100000e+01
 -3.16981618e+03  3.63161200e+03  9.30000000e-02  1.68100000e+01
 -3.17744048e+03  3.63503900e+03  9.40000000e-02  1.67460000e+01
 -3.17744048e+03  3.63503900e+03  9.40000000e-02  1.67460000e+01
 -3.18050809e+03  3.63229300e+03  9.40000000e-02  1.67490000e+01
 -3.18050809e+03  3.63229300e+03  9.40000000e-02  1.67490000e+01
 -3.18050809e+03  3.63229300e+03  9.40000000e-02  1.67490000e+01
 -3.18050809e+03  3.63229300e+03  9.40000000e-02  1.67490000e+01
 -3.18050809e+03  3.63229300e+03  9.40000000e-02  1.67490000e+01
 -3.18050809e+03  3.63229300e+03  9.40000000e-02  1.67490000e+01
 -3.18050809e+03  3.63229300e+03  9.40000000e-02  1.67490000e+01
 -3.18050809e+03  3.63229300e+03  9.40000000e-02  1.67490000e+01
 -3.18050809e+03  3.63229300e+03  9.40000000e-02  1.67490000e+01
 -3.18252724e+03  3.63253100e+03  9.40000000e-02  1.67580000e+01
 -3.18252724e+03  3.63253100e+03  9.40000000e-02  1.67580000e+01
 -3.18252724e+03  3.63253100e+03  9.40000000e-02  1.67580000e+01
 -3.18252724e+03  3.63253100e+03  9.40000000e-02  1.67580000e+01
 -3.18436828e+03  3.63395800e+03  9.40000000e-02  1.67660000e+01
 -3.18436828e+03  3.63395800e+03  9.40000000e-02  1.67660000e+01
 -3.18436828e+03  3.63395800e+03  9.40000000e-02  1.67660000e+01
 -3.18463779e+03  3.63582700e+03  9.40000000e-02  1.67050000e+01
 -3.18463779e+03  3.63582700e+03  9.40000000e-02  1.67050000e+01
 -3.18463779e+03  3.63582700e+03  9.40000000e-02  1.67050000e+01
 -3.18463779e+03  3.63582700e+03  9.40000000e-02  1.67050000e+01
 -3.19993366e+03  3.63836700e+03  9.40000000e-02  1.67050000e+01
 -3.19993366e+03  3.63836700e+03  9.40000000e-02  1.67050000e+01
 -3.19993366e+03  3.63836700e+03  9.40000000e-02  1.67050000e+01
 -3.19993366e+03  3.63836700e+03  9.40000000e-02  1.67050000e+01
 -3.19993366e+03  3.63836700e+03  9.40000000e-02  1.67050000e+01
 -3.19993366e+03  3.63836700e+03  9.40000000e-02  1.67050000e+01
 -3.20587344e+03  3.63881000e+03  9.40000000e-02  1.68080000e+01
 -3.20587344e+03  3.63881000e+03  9.40000000e-02  1.68080000e+01
 -3.20587344e+03  3.63881000e+03  9.40000000e-02  1.68080000e+01
 -3.20587344e+03  3.63881000e+03  9.40000000e-02  1.68080000e+01
 -3.20587344e+03  3.63881000e+03  9.40000000e-02  1.68080000e+01
 -3.20587344e+03  3.63881000e+03  9.40000000e-02  1.68080000e+01
 -3.20587344e+03  3.63881000e+03  9.40000000e-02  1.68080000e+01
 -3.20587344e+03  3.63881000e+03  9.40000000e-02  1.68080000e+01
 -3.20587344e+03  3.63881000e+03  9.40000000e-02  1.68080000e+01