-1.56455120e+03  2.57626700e+03  8.80000000e-02  2.93540000e+01
 -1.57460243e+03  2.58419000e+03  8.80000000e-02  2.91850000e+01
 -1.57784470e+03  2.58673000e+03  8.80000000e-02  2.91700000e+01
 -1.58206596e+03  2.59046900e+03  8.80000000e-02  2.91520000e+01
 -1.58539121e+03  2.59398200e+03  8.80000000e-02  2.91520000e+01
 -1.58629934e+03  2.59652200e+03  8.80000000e-02  2.91520000e+01
 -1.59868254e+03  2.60168900e+03  8.80000000e-02  2.91520000e+01
 -1.59905208e+03  2.60708200e+03  8.80000000e-02  2.88770000e+01
 -1.60215301e+03  2.61336200e+03  8.80000000e-02  2.88320000e+01
 -1.60556087e+03  2.61620500e+03  8.80000000e-02  2.87630000e+01
 -1.60568716e+03  2.61874500e+03  8.80000000e-02  2.86860000e+01
 -1.60731462e+03  2.62150000e+03  8.80000000e-02  2.86860000e+01
 -1.61615736e+03  2.62404000e+03  8.90000000e-02  2.86800000e+01
 -1.61637501e+03  2.62703300e+03  9.10000000e-02  2.85640000e+01
 -1.61657194e+03  2.63144300e+03  9.20000000e-02  2.83760000e+01
 -1.61835776e+03  2.63563700e+03  9.20000000e-02  2.83410000e+01
 -1.63811135e+03  2.64476000e+03  9.20000000e-02  2.81090000e+01
 -1.63889976e+03  2.65103900e+03  9.30000000e-02  2.77950000e+01
 -1.64453963e+03  2.65709200e+03  9.30000000e-02  2.77950000e+01
 -1.64425473e+03  2.65842100e+03  9.30000000e-02  2.77970000e+01
 -1.64676561e+03  2.66149100e+03  9.30000000e-02  2.77720000e+01
 -1.65198360e+03  2.66874300e+03  9.30000000e-02  2.77330000e+01
 -1.65277813e+03  2.67578000e+03  9.20000000e-02  2.75610000e+01
 -1.65937903e+03  2.68267700e+03  9.20000000e-02  2.74900000e+01
 -1.66088490e+03  2.68619000e+03  9.20000000e-02  2.74230000e+01
 -1.66912967e+03  2.69464300e+03  9.70000000e-02  2.73570000e+01
 -1.67143874e+03  2.70131300e+03  9.60000000e-02  2.71570000e+01
 -1.67165486e+03  2.70559300e+03  9.60000000e-02  2.69760000e+01
 -1.67226912e+03  2.70956000e+03  9.50000000e-02  2.68820000e+01
 -1.67876020e+03  2.71570000e+03  9.50000000e-02  2.67010000e+01
 -1.68142770e+03  2.71779600e+03  9.40000000e-02  2.67010000e+01
 -1.68231704e+03  2.72152500e+03  9.40000000e-02  2.66470000e+01
 -1.68616248e+03  2.72429100e+03  9.40000000e-02  2.66420000e+01
 -1.68653782e+03  2.73230100e+03  9.30000000e-02  2.64630000e+01
 -1.69134055e+03  2.73558800e+03  9.30000000e-02  2.64300000e+01
 -1.69792297e+03  2.74142400e+03  9.30000000e-02  2.62720000e+01
 -1.69961408e+03  2.74471000e+03  9.40000000e-02  2.61980000e+01
 -1.69952257e+03  2.74636400e+03  9.40000000e-02  2.61810000e+01
 -1.70018672e+03  2.75107700e+03  9.20000000e-02  2.59650000e+01
 -1.70596827e+03  2.75834000e+03  9.20000000e-02  2.56160000e+01
 -1.71125988e+03  2.76238300e+03  9.20000000e-02  2.56140000e+01
 -1.71294769e+03  2.76642600e+03  9.20000000e-02  2.56070000e+01
 -1.71736364e+03  2.76995000e+03  9.20000000e-02  2.54010000e+01
 -1.73047337e+03  2.77368900e+03  9.20000000e-02  2.53960000e+01
 -1.73397063e+03  2.78049900e+03  9.20000000e-02  2.51780000e+01
 -1.73724806e+03  2.78655100e+03  9.20000000e-02  2.50440000e+01
 -1.73733740e+03  2.78909100e+03  9.20000000e-02  2.50340000e+01
 -1.73962427e+03  2.79417000e+03  9.20000000e-02  2.49600000e+01
 -1.75518929e+03  2.79738000e+03  9.20000000e-02  2.49600000e+01
 -1.75761271e+03  2.80059000e+03  9.80000000e-02  2.48140000e+01
 -1.75933139e+03  2.80358300e+03  9.80000000e-02  2.47250000e+01
 -1.78032186e+03  2.81173300e+03  9.80000000e-02  2.47000000e+01
 -1.79232293e+03  2.81472600e+03  9.80000000e-02  2.46980000e+01
 -1.79817914e+03  2.81847700e+03  9.80000000e-02  2.46930000e+01
 -1.80422754e+03  2.82088700e+03  9.80000000e-02  2.47210000e+01
 -1.80931743e+03  2.82485400e+03  9.80000000e-02  2.46960000e+01
 -1.80860542e+03  2.82662500e+03  9.70000000e-02  2.46560000e+01
 -1.81299081e+03  2.83103500e+03  9.70000000e-02  2.46560000e+01
 -1.81349955e+03  2.83344600e+03  9.70000000e-02  2.46230000e+01
 -1.81728565e+03  2.83719600e+03  9.70000000e-02  2.46160000e+01
 -1.81896452e+03  2.84444900e+03  9.70000000e-02  2.41590000e+01
 -1.82083266e+03  2.84938800e+03  9.70000000e-02  2.41350000e+01
 -1.82307653e+03  2.85179900e+03  9.70000000e-02  2.41350000e+01
 -1.82413021e+03  2.85293300e+03  9.70000000e-02  2.41180000e+01
 -1.82437309e+03  2.85621900e+03  9.80000000e-02  2.40830000e+01
 -1.82531346e+03  2.85899600e+03  9.70000000e-02  2.40870000e+01
 -1.82885363e+03  2.86229300e+03  9.70000000e-02  2.40900000e+01
 -1.83329338e+03  2.86799000e+03  9.50000000e-02  2.40310000e+01
 -1.83297008e+03  2.86821700e+03  9.50000000e-02  2.40430000e+01
 -1.83796439e+03  2.87150200e+03  9.50000000e-02  2.40110000e+01
 -1.84455788e+03  2.87425800e+03  9.50000000e-02  2.39930000e+01
 -1.84505694e+03  2.87875500e+03  9.40000000e-02  2.37450000e+01
 -1.85844801e+03  2.88503400e+03  9.40000000e-02  2.35370000e+01
 -1.85844801e+03  2.88503400e+03  9.40000000e-02  2.35370000e+01
 -1.86024068e+03  2.88779000e+03  9.40000000e-02  2.34630000e+01
 -1.85890710e+03  2.88868700e+03  9.40000000e-02  2.34110000e+01
 -1.86340204e+03  2.89362600e+03  9.40000000e-02  2.33990000e+01
 -1.86433789e+03  2.89713900e+03  9.40000000e-02  2.33580000e+01
 -1.86653455e+03  2.90274900e+03  9.40000000e-02  2.32790000e+01
 -1.86477016e+03  2.90199200e+03  9.40000000e-02  2.32180000e+01
 -1.86886601e+03  2.90551500e+03  9.40000000e-02  2.32030000e+01
 -1.87089992e+03  2.90663900e+03  9.40000000e-02  2.32880000e+01
 -1.87491595e+03  2.91300600e+03  9.30000000e-02  2.30220000e+01
 -1.87515091e+03  2.91553500e+03  9.30000000e-02  2.29870000e+01
 -1.87396585e+03  2.91434500e+03  9.30000000e-02  2.29910000e+01
 -1.88235660e+03  2.91710000e+03  9.30000000e-02  2.29360000e+01
 -1.88373228e+03  2.91898100e+03  9.20000000e-02  2.28920000e+01
 -1.88451183e+03  2.92383400e+03  9.20000000e-02  2.27360000e+01
 -1.88760055e+03  2.92659000e+03  9.20000000e-02  2.27360000e+01
 -1.88918155e+03  2.92645000e+03  9.20000000e-02  2.28310000e+01
 -1.90699094e+03  2.93294600e+03  9.20000000e-02  2.28310000e+01
 -1.91226296e+03  2.93601600e+03  9.20000000e-02  2.28310000e+01
 -1.91374588e+03  2.93698900e+03  9.20000000e-02  2.28980000e+01
 -1.91534412e+03  2.94050100e+03  9.20000000e-02  2.28400000e+01
 -1.92024871e+03  2.94372200e+03  9.20000000e-02  2.28400000e+01
 -1.92155505e+03  2.94612100e+03  9.20000000e-02  2.28120000e+01
 -1.92280913e+03  2.95337400e+03  9.20000000e-02  2.26920000e+01
 -1.93142339e+03  2.95524400e+03  9.20000000e-02  2.26440000e+01
 -1.93687918e+03  2.95681000e+03  9.30000000e-02  2.27930000e+01
 -1.93724310e+03  2.95979300e+03  9.30000000e-02  2.27110000e+01
 -1.94157720e+03  2.96450600e+03  9.30000000e-02  2.27050000e+01
 -1.94223075e+03  2.96704600e+03  9.30000000e-02  2.26360000e+01
 -1.94310655e+03  2.96904500e+03  9.30000000e-02  2.26070000e+01
 -1.95197363e+03  2.96904400e+03  9.30000000e-02  2.26260000e+01
 -1.95369455e+03  2.97322700e+03  9.40000000e-02  2.25320000e+01
 -1.95284552e+03  2.97368000e+03  9.40000000e-02  2.24680000e+01
 -1.95885514e+03  2.97599300e+03  9.40000000e-02  2.24680000e+01
 -1.95543732e+03  2.97591700e+03  9.40000000e-02  2.24590000e+01
 -1.95702354e+03  2.97912600e+03  9.00000000e-02  2.24730000e+01
 -1.95741574e+03  2.98330900e+03  9.00000000e-02  2.24120000e+01
 -1.97085850e+03  2.98637900e+03  9.00000000e-02  2.23770000e+01
 -1.97098815e+03  2.98661600e+03  9.00000000e-02  2.23830000e+01
 -1.97133828e+03  2.98825900e+03  9.00000000e-02  2.24060000e+01
 -1.97196769e+03  2.99191100e+03  9.00000000e-02  2.22870000e+01
 -1.97212142e+03  2.99475400e+03  9.00000000e-02  2.22860000e+01
 -1.97467467e+03  2.99751000e+03  9.00000000e-02  2.22860000e+01
 -1.97456376e+03  2.99564000e+03  9.00000000e-02  2.24670000e+01
 -1.97868826e+03  2.99862200e+03  9.20000000e-02  2.24180000e+01
 -1.98173146e+03  2.99764900e+03  9.20000000e-02  2.24170000e+01
 -1.98604497e+03  2.99831900e+03  9.20000000e-02  2.24210000e+01
 -1.99272827e+03  3.00152800e+03  9.20000000e-02  2.24170000e+01
 -1.99431470e+03  3.00735400e+03  9.20000000e-02  2.22960000e+01
 -1.99228483e+03  3.00864100e+03  9.20000000e-02  2.22330000e+01
 -1.99958161e+03  3.01193800e+03  9.20000000e-02  2.21370000e+01
 -1.99958161e+03  3.01193800e+03  9.20000000e-02  2.21370000e+01
 -2.00611551e+03  3.01643400e+03  9.20000000e-02  2.21770000e+01
 -2.00677523e+03  3.01898500e+03  9.20000000e-02  2.20620000e+01
 -2.00521229e+03  3.01832500e+03  9.20000000e-02  2.20090000e+01
 -2.01742010e+03  3.02162200e+03  9.10000000e-02  2.20180000e+01
 -2.02446400e+03  3.02438800e+03  9.10000000e-02  2.20180000e+01
 -2.02562423e+03  3.02857100e+03  9.20000000e-02  2.18520000e+01
 -2.02340514e+03  3.02812800e+03  9.20000000e-02  2.18540000e+01
 -2.02419047e+03  3.03164100e+03  9.20000000e-02  2.17610000e+01
 -2.02419047e+03  3.03164100e+03  9.20000000e-02  2.17610000e+01
 -2.03817776e+03  3.03440700e+03  9.20000000e-02  2.17470000e+01
 -2.03761561e+03  3.03756400e+03  9.20000000e-02  2.16970000e+01
 -2.03380194e+03  3.04281700e+03  9.20000000e-02  2.16830000e+01
 -2.03531302e+03  3.04415700e+03  9.20000000e-02  2.16830000e+01
 -2.05027079e+03  3.04767000e+03  9.10000000e-02  2.16250000e+01
 -2.05076339e+03  3.04945200e+03  9.10000000e-02  2.15950000e+01
 -2.05076339e+03  3.04945200e+03  9.10000000e-02  2.15950000e+01
 -2.05504061e+03  3.04990600e+03  9.10000000e-02  2.16060000e+01
 -2.06335196e+03  3.05715900e+03  9.20000000e-02  2.15040000e+01
 -2.06356170e+03  3.06022900e+03  9.10000000e-02  2.13310000e+01
 -2.06281792e+03  3.05618600e+03  9.10000000e-02  2.14540000e+01
 -2.06625066e+03  3.05761200e+03  9.10000000e-02  2.14440000e+01
 -2.06765305e+03  3.05902800e+03  9.10000000e-02  2.14450000e+01
 -2.06540881e+03  3.06044400e+03  9.10000000e-02  2.14380000e+01
 -2.07019115e+03  3.06231400e+03  9.10000000e-02  2.14930000e+01
 -2.07075596e+03  3.06342700e+03  9.10000000e-02  2.14930000e+01
 -2.07258671e+03  3.06575000e+03  9.10000000e-02  2.14680000e+01
 -2.07390318e+03  3.07038700e+03  9.10000000e-02  2.14390000e+01
 -2.07481533e+03  3.07151100e+03  9.10000000e-02  2.14390000e+01
 -2.09034282e+03  3.07920600e+03  9.10000000e-02  2.13520000e+01
 -2.09516855e+03  3.08151900e+03  9.10000000e-02  2.13250000e+01
 -2.09824173e+03  3.08226500e+03  9.10000000e-02  2.13900000e+01
 -2.09853705e+03  3.08524800e+03  9.10000000e-02  2.12200000e+01
 -2.09786991e+03  3.08413500e+03  9.10000000e-02  2.12350000e+01
 -2.10158230e+03  3.08712800e+03  9.10000000e-02  2.12290000e+01
 -2.09925902e+03  3.08659800e+03  9.10000000e-02  2.12130000e+01
 -2.10185364e+03  3.08705100e+03  9.10000000e-02  2.12940000e+01
 -2.10318507e+03  3.08989400e+03  9.10000000e-02  2.12720000e+01
 -2.10264151e+03  3.08562400e+03  9.10000000e-02  2.13680000e+01
 -2.10136858e+03  3.08442300e+03  9.10000000e-02  2.13590000e+01
 -2.10954774e+03  3.08816300e+03  9.10000000e-02  2.13460000e+01
 -2.11270471e+03  3.09137300e+03  9.10000000e-02  2.13460000e+01
 -2.11384948e+03  3.09399900e+03  9.10000000e-02  2.12890000e+01
 -2.11394839e+03  3.09422600e+03  9.10000000e-02  2.12400000e+01
 -2.11775832e+03  3.09587900e+03  9.10000000e-02  2.12360000e+01
 -2.12122172e+03  3.09642000e+03  9.10000000e-02  2.13220000e+01
 -2.12243950e+03  3.09961900e+03  9.10000000e-02  2.13120000e+01
 -2.12098093e+03  3.10268900e+03  9.10000000e-02  2.10810000e+01
 -2.12489155e+03  3.10762900e+03  9.10000000e-02  2.10240000e+01
 -2.12916252e+03  3.10940000e+03  9.10000000e-02  2.10230000e+01
 -2.13664199e+03  3.11269700e+03  9.10000000e-02  2.10260000e+01
 -2.13664199e+03  3.11269700e+03  9.10000000e-02  2.10260000e+01
 -2.14877304e+03  3.11445800e+03  9.10000000e-02  2.10300000e+01
 -2.14934643e+03  3.12006800e+03  9.10000000e-02  2.06900000e+01
 -2.14934643e+03  3.12006800e+03  9.10000000e-02  2.06900000e+01
 -2.14967398e+03  3.12140800e+03  9.10000000e-02  2.06500000e+01
 -2.15132044e+03  3.12206700e+03  9.10000000e-02  2.06640000e+01
 -2.15069156e+03  3.12282400e+03  9.10000000e-02  2.06560000e+01
 -2.15603794e+03  3.12506000e+03  9.10000000e-02  2.06360000e+01
 -2.16339747e+03  3.13155600e+03  9.10000000e-02  2.05600000e+01
 -2.16544355e+03  3.13374000e+03  9.10000000e-02  2.06440000e+01
 -2.16620499e+03  3.13329600e+03  9.10000000e-02  2.07520000e+01
 -2.16644509e+03  3.13396600e+03  9.10000000e-02  2.07520000e+01
 -2.16332545e+03  3.13492800e+03  9.10000000e-02  2.07590000e+01
 -2.16327596e+03  3.13417100e+03  9.10000000e-02  2.07780000e+01
 -2.17073676e+03  3.14338100e+03  9.10000000e-02  2.07000000e+01
 -2.17701232e+03  3.14645100e+03  9.10000000e-02  2.06430000e+01
 -2.17701232e+03  3.14645100e+03  9.10000000e-02  2.06430000e+01
 -2.17646724e+03  3.14525100e+03  9.10000000e-02  2.06400000e+01
 -2.17671540e+03  3.15062200e+03  9.10000000e-02  2.05490000e+01
 -2.17480633e+03  3.15115200e+03  9.10000000e-02  2.05030000e+01
 -2.17344772e+03  3.15204900e+03  9.10000000e-02  2.04690000e+01
 -2.17759217e+03  3.15294600e+03  9.10000000e-02  2.05640000e+01
 -2.17759217e+03  3.15294600e+03  9.10000000e-02  2.05640000e+01
 -2.18727785e+03  3.15427400e+03  9.10000000e-02  2.05630000e+01
 -2.19633587e+03  3.15680300e+03  9.10000000e-02  2.05010000e+01
 -2.19804983e+03  3.15801400e+03  9.10000000e-02  2.05010000e+01
 -2.20054941e+03  3.16122300e+03  9.10000000e-02  2.04960000e+01
 -2.20074495e+03  3.16122300e+03  9.10000000e-02  2.05240000e+01
 -2.20084184e+03  3.16452000e+03  9.10000000e-02  2.03580000e+01
 -2.20674798e+03  3.16803300e+03  9.10000000e-02  2.03580000e+01
 -2.20587786e+03  3.16630300e+03  9.10000000e-02  2.03590000e+01
 -2.20567283e+03  3.17004300e+03  9.10000000e-02  2.00470000e+01
 -2.20640725e+03  3.17048500e+03  9.10000000e-02  2.00970000e+01
 -2.20666771e+03  3.17212800e+03  9.10000000e-02  2.00070000e+01
 -2.20653597e+03  3.17235500e+03  9.10000000e-02  2.00070000e+01
 -2.20742847e+03  3.17511100e+03  9.10000000e-02  1.99830000e+01
 -2.20742847e+03  3.17511100e+03  9.10000000e-02  1.99830000e+01
 -2.21119684e+03  3.17742300e+03  9.10000000e-02  1.99960000e+01
 -2.21379538e+03  3.18084900e+03  9.10000000e-02  1.99640000e+01
 -2.21379538e+03  3.18084900e+03  9.10000000e-02  1.99640000e+01
 -2.21383096e+03  3.18436200e+03  9.10000000e-02  1.98670000e+01
 -2.21511488e+03  3.18764800e+03  9.10000000e-02  1.98230000e+01
 -2.22678571e+03  3.19152800e+03  9.10000000e-02  1.98070000e+01
 -2.23105417e+03  3.19272800e+03  9.10000000e-02  1.98440000e+01
 -2.23249152e+03  3.19175500e+03  9.10000000e-02  1.98440000e+01
 -2.24843586e+03  3.19495300e+03  9.10000000e-02  1.98410000e+01
 -2.24774290e+03  3.19772000e+03  9.10000000e-02  1.98090000e+01
 -2.24774290e+03  3.19772000e+03  9.10000000e-02  1.98090000e+01
 -2.26384972e+03  3.19883300e+03  9.10000000e-02  1.98090000e+01
 -2.26771102e+03  3.20355700e+03  9.10000000e-02  1.97480000e+01
 -2.26835458e+03  3.20422600e+03  9.10000000e-02  1.97570000e+01
 -2.26835458e+03  3.20422600e+03  9.10000000e-02  1.97570000e+01
 -2.26835458e+03  3.20422600e+03  9.10000000e-02  1.97570000e+01
 -2.26892503e+03  3.20773900e+03  9.10000000e-02  1.97740000e+01
 -2.26892503e+03  3.20773900e+03  9.10000000e-02  1.97740000e+01
 -2.26892503e+03  3.20773900e+03  9.10000000e-02  1.97740000e+01
 -2.26892503e+03  3.20773900e+03  9.10000000e-02  1.97740000e+01
 -2.27444583e+03  3.21281900e+03  9.10000000e-02  1.97930000e+01
 -2.27440781e+03  3.21424500e+03  9.10000000e-02  1.97040000e+01
 -2.27871722e+03  3.21722800e+03  9.10000000e-02  1.96430000e+01
 -2.27871713e+03  3.21691400e+03  9.10000000e-02  1.96380000e+01
 -2.28793120e+03  3.22012400e+03  9.10000000e-02  1.95810000e+01
 -2.28793120e+03  3.22012400e+03  9.10000000e-02  1.95810000e+01
 -2.29018881e+03  3.21869600e+03  9.10000000e-02  1.95970000e+01
 -2.29018881e+03  3.21869600e+03  9.10000000e-02  1.95970000e+01
 -2.28972905e+03  3.21913900e+03  9.10000000e-02  1.95290000e+01
 -2.29666694e+03  3.21883600e+03  9.10000000e-02  1.96100000e+01
 -2.29737841e+03  3.21994800e+03  9.10000000e-02  1.96030000e+01
 -2.30500379e+03  3.21972100e+03  9.10000000e-02  1.96030000e+01
 -2.30801522e+03  3.22025100e+03  9.10000000e-02  1.97140000e+01
 -2.30697402e+03  3.22198100e+03  9.10000000e-02  1.96670000e+01
 -2.31698252e+03  3.22100800e+03  9.10000000e-02  1.96670000e+01
 -2.31698252e+03  3.22100800e+03  9.10000000e-02  1.96670000e+01
 -2.31818613e+03  3.22176400e+03  9.10000000e-02  1.96670000e+01
 -2.32169110e+03  3.22647700e+03  9.10000000e-02  1.96550000e+01
 -2.32375988e+03  3.22714700e+03  9.10000000e-02  1.96580000e+01
 -2.32378384e+03  3.22573100e+03  9.10000000e-02  1.96860000e+01
 -2.33331895e+03  3.22880000e+03  9.10000000e-02  1.97580000e+01
 -2.33457554e+03  3.23178300e+03  9.10000000e-02  1.97470000e+01
 -2.34771681e+03  3.23379300e+03  9.10000000e-02  1.97380000e+01
 -2.35030061e+03  3.23707800e+03  9.10000000e-02  1.97100000e+01
 -2.35030061e+03  3.23707800e+03  9.10000000e-02  1.97100000e+01
 -2.36097452e+03  3.24081800e+03  9.10000000e-02  1.97110000e+01
 -2.36097452e+03  3.24081800e+03  9.10000000e-02  1.97110000e+01
 -2.35997022e+03  3.24037500e+03  9.10000000e-02  1.97110000e+01
 -2.35997022e+03  3.24037500e+03  9.10000000e-02  1.97110000e+01
 -2.36982596e+03  3.24179100e+03  9.10000000e-02  1.97100000e+01
 -2.36962944e+03  3.24290400e+03  9.10000000e-02  1.95970000e+01
 -2.36995579e+03  3.24642700e+03  9.10000000e-02  1.94630000e+01
 -2.37226097e+03  3.24917200e+03  9.10000000e-02  1.94510000e+01
 -2.37246841e+03  3.24798200e+03  9.10000000e-02  1.94790000e+01
 -2.37622420e+03  3.25029500e+03  9.10000000e-02  1.94790000e+01
 -2.37652285e+03  3.25260800e+03  9.10000000e-02  1.94540000e+01
 -2.37390216e+03  3.25239200e+03  9.10000000e-02  1.94540000e+01
 -2.37454957e+03  3.25239100e+03  9.10000000e-02  1.96090000e+01
 -2.37635640e+03  3.25546100e+03  9.10000000e-02  1.95330000e+01
 -2.38107907e+03  3.25635800e+03  9.10000000e-02  1.95950000e+01
 -2.38985786e+03  3.25844300e+03  9.10000000e-02  1.96660000e+01
 -2.38985786e+03  3.25844300e+03  9.10000000e-02  1.96660000e+01
 -2.39237347e+03  3.25956700e+03  9.10000000e-02  1.96590000e+01
 -2.39237347e+03  3.25956700e+03  9.10000000e-02  1.96590000e+01
 -2.39402677e+03  3.26188000e+03  9.10000000e-02  1.96670000e+01
 -2.39332394e+03  3.26135000e+03  9.10000000e-02  1.96760000e+01
 -2.39350673e+03  3.26179300e+03  9.10000000e-02  1.97170000e+01
 -2.39229274e+03  3.25752300e+03  9.10000000e-02  1.97520000e+01
 -2.39229274e+03  3.25752300e+03  9.10000000e-02  1.97520000e+01
 -2.39659195e+03  3.25565300e+03  9.10000000e-02  1.98270000e+01
 -2.39645342e+03  3.25729500e+03  9.10000000e-02  1.97520000e+01
 -2.39645342e+03  3.25729500e+03  9.10000000e-02  1.97520000e+01
 -2.39596655e+03  3.25715500e+03  9.10000000e-02  1.97860000e+01
 -2.39596655e+03  3.25715500e+03  9.10000000e-02  1.97860000e+01
 -2.39631475e+03  3.25685200e+03  9.10000000e-02  1.97940000e+01
 -2.39890273e+03  3.25829000e+03  9.10000000e-02  1.96610000e+01
 -2.40774525e+03  3.25971700e+03  9.10000000e-02  1.96950000e+01
 -2.40896308e+03  3.26061300e+03  9.10000000e-02  1.97300000e+01
 -2.40968169e+03  3.26204000e+03  9.10000000e-02  1.97300000e+01
 -2.41423360e+03  3.26436300e+03  9.10000000e-02  1.96940000e+01
 -2.41278716e+03  3.26340100e+03  9.10000000e-02  1.96890000e+01
 -2.41775184e+03  3.26439600e+03  9.10000000e-02  1.97040000e+01
 -2.41930351e+03  3.26701100e+03  9.10000000e-02  1.97220000e+01
 -2.43182901e+03  3.27292400e+03  8.50000000e-02  1.95770000e+01
 -2.43221990e+03  3.27404800e+03  8.50000000e-02  1.95570000e+01
 -2.43327120e+03  3.27778800e+03  8.50000000e-02  1.94910000e+01
 -2.43972933e+03  3.28144000e+03  8.50000000e-02  1.94910000e+01
 -2.45172948e+03  3.28376400e+03  8.50000000e-02  1.94750000e+01
 -2.46466722e+03  3.28539600e+03  8.50000000e-02  1.94720000e+01
 -2.46374605e+03  3.28487600e+03  8.50000000e-02  1.93650000e+01
 -2.46428598e+03  3.28816200e+03  8.50000000e-02  1.93230000e+01
 -2.46452084e+03  3.28794600e+03  8.50000000e-02  1.93530000e+01
 -2.46516791e+03  3.29025900e+03  8.50000000e-02  1.92920000e+01
 -2.46547595e+03  3.29137100e+03  8.50000000e-02  1.92880000e+01
 -2.46547595e+03  3.29137100e+03  8.50000000e-02  1.92880000e+01
 -2.47254416e+03  3.29609500e+03  8.50000000e-02  1.92480000e+01
 -2.47464574e+03  3.29984500e+03  8.50000000e-02  1.92790000e+01
 -2.47649051e+03  3.30268800e+03  8.70000000e-02  1.92790000e+01
 -2.47638465e+03  3.30247200e+03  8.70000000e-02  1.92810000e+01
 -2.48043740e+03  3.30928100e+03  8.70000000e-02  1.92210000e+01
 -2.48043740e+03  3.30928100e+03  8.70000000e-02  1.92210000e+01
 -2.48509894e+03  3.31017800e+03  8.60000000e-02  1.91150000e+01
 -2.48980752e+03  3.31062100e+03  8.60000000e-02  1.91080000e+01
 -2.49802344e+03  3.31106400e+03  8.60000000e-02  1.92160000e+01
 -2.50310406e+03  3.30822000e+03  8.60000000e-02  1.92640000e+01
 -2.50383848e+03  3.30897700e+03  8.60000000e-02  1.92980000e+01
 -2.50383848e+03  3.30897700e+03  8.60000000e-02  1.92980000e+01
 -2.50383848e+03  3.30897700e+03  8.60000000e-02  1.92980000e+01
 -2.50262556e+03  3.30733400e+03  8.50000000e-02  1.92850000e+01
 -2.50368161e+03  3.30964700e+03  8.40000000e-02  1.92190000e+01
 -2.50779872e+03  3.31107400e+03  8.40000000e-02  1.92190000e+01
 -2.50980491e+03  3.31338600e+03  8.40000000e-02  1.91950000e+01
 -2.50980491e+03  3.31338600e+03  8.40000000e-02  1.91950000e+01
 -2.50980491e+03  3.31338600e+03  8.40000000e-02  1.91950000e+01
 -2.51007112e+03  3.31571000e+03  8.40000000e-02  1.91810000e+01
 -2.51952949e+03  3.31802300e+03  8.40000000e-02  1.91770000e+01
 -2.53718897e+03  3.32199000e+03  8.40000000e-02  1.91660000e+01
 -2.53785587e+03  3.32319000e+03  8.40000000e-02  1.91940000e+01
 -2.53785587e+03  3.32319000e+03  8.40000000e-02  1.91940000e+01
 -2.53666010e+03  3.32297300e+03  8.40000000e-02  1.91780000e+01
 -2.54733679e+03  3.32671300e+03  8.40000000e-02  1.91630000e+01
 -2.54733679e+03  3.32671300e+03  8.40000000e-02  1.91630000e+01
 -2.54832568e+03  3.32618300e+03  8.40000000e-02  1.91910000e+01
 -2.54947008e+03  3.32939200e+03  8.40000000e-02  1.90590000e+01
 -2.55894779e+03  3.33193200e+03  8.40000000e-02  1.89910000e+01
 -2.55893670e+03  3.33104600e+03  8.40000000e-02  1.89780000e+01
 -2.56032719e+03  3.33202900e+03  8.40000000e-02  1.90020000e+01
 -2.56032719e+03  3.33202900e+03  8.40000000e-02  1.90020000e+01
 -2.56014352e+03  3.33248300e+03  8.40000000e-02  1.89910000e+01
 -2.56056153e+03  3.33391000e+03  8.40000000e-02  1.89910000e+01
 -2.56032404e+03  3.33381200e+03  8.50000000e-02  1.89860000e+01
 -2.56417074e+03  3.33776700e+03  8.50000000e-02  1.88650000e+01
 -2.56422769e+03  3.33710800e+03  8.40000000e-02  1.90150000e+01
 -2.56409385e+03  3.33799400e+03  8.40000000e-02  1.89420000e+01
 -2.56409385e+03  3.33799400e+03  8.40000000e-02  1.89420000e+01
 -2.56760968e+03  3.33986400e+03  8.40000000e-02  1.89410000e+01
 -2.56750722e+03  3.34083700e+03  8.40000000e-02  1.90320000e+01
 -2.57639212e+03  3.34509600e+03  8.40000000e-02  1.90530000e+01
 -2.58459749e+03  3.34980900e+03  8.40000000e-02  1.90550000e+01
 -2.58555871e+03  3.35279200e+03  8.60000000e-02  1.90440000e+01
 -2.58621477e+03  3.35433600e+03  8.60000000e-02  1.90440000e+01
 -2.58621477e+03  3.35433600e+03  8.60000000e-02  1.90440000e+01
 -2.59528874e+03  3.35643300e+03  8.60000000e-02  1.89320000e+01
 -2.59696393e+03  3.35666000e+03  8.50000000e-02  1.89930000e+01
 -2.59696393e+03  3.35666000e+03  8.50000000e-02  1.89930000e+01
 -2.59704828e+03  3.35853000e+03  8.50000000e-02  1.88430000e+01
 -2.59773528e+03  3.35987000e+03  8.50000000e-02  1.88250000e+01
 -2.59868236e+03  3.36263700e+03  8.50000000e-02  1.87900000e+01
 -2.60139106e+03  3.36465700e+03  8.60000000e-02  1.87430000e+01
 -2.60138366e+03  3.36578100e+03  8.60000000e-02  1.86800000e+01
 -2.60227715e+03  3.36608300e+03  8.60000000e-02  1.86940000e+01
 -2.60280147e+03  3.36950900e+03  8.60000000e-02  1.85910000e+01
 -2.60238293e+03  3.36861200e+03  8.60000000e-02  1.86040000e+01
 -2.60550658e+03  3.37288200e+03  8.60000000e-02  1.85970000e+01
 -2.60431258e+03  3.37496800e+03  8.50000000e-02  1.85890000e+01
 -2.60539716e+03  3.37705400e+03  8.50000000e-02  1.85910000e+01
 -2.60539716e+03  3.37705400e+03  8.50000000e-02  1.85910000e+01
 -2.60819786e+03  3.38026400e+03  8.40000000e-02  1.85200000e+01
 -2.62783451e+03  3.38445800e+03  8.40000000e-02  1.85200000e+01
 -2.62783451e+03  3.38445800e+03  8.40000000e-02  1.85200000e+01
 -2.62802832e+03  3.38512800e+03  8.40000000e-02  1.85700000e+01
 -2.63131577e+03  3.38712600e+03  8.40000000e-02  1.84860000e+01
 -2.63132911e+03  3.38756900e+03  8.40000000e-02  1.84850000e+01
 -2.63132911e+03  3.38756900e+03  8.40000000e-02  1.84850000e+01
 -2.63150134e+03  3.38996900e+03  8.40000000e-02  1.85190000e+01
 -2.63311502e+03  3.38996900e+03  8.40000000e-02  1.85920000e+01
 -2.63563627e+03  3.39085400e+03  8.40000000e-02  1.86240000e+01
 -2.63563627e+03  3.39085400e+03  8.40000000e-02  1.86240000e+01
 -2.63810809e+03  3.39361000e+03  8.50000000e-02  1.87160000e+01
 -2.63759845e+03  3.39218300e+03  8.50000000e-02  1.87890000e+01
 -2.64294707e+03  3.39788000e+03  8.40000000e-02  1.86830000e+01
 -2.64450317e+03  3.40170700e+03  8.40000000e-02  1.85830000e+01
 -2.64450317e+03  3.40170700e+03  8.40000000e-02  1.85830000e+01
 -2.64444147e+03  3.40446300e+03  8.40000000e-02  1.84980000e+01
 -2.64444147e+03  3.40446300e+03  8.40000000e-02  1.84980000e+01
 -2.64444147e+03  3.40446300e+03  8.40000000e-02  1.84980000e+01
 -2.64444147e+03  3.40446300e+03  8.40000000e-02  1.84980000e+01
 -2.64617022e+03  3.40700300e+03  8.40000000e-02  1.84920000e+01
 -2.64566471e+03  3.40722900e+03  8.40000000e-02  1.84950000e+01
 -2.64566471e+03  3.40722900e+03  8.40000000e-02  1.84950000e+01
 -2.64592758e+03  3.40788900e+03  8.40000000e-02  1.84960000e+01
 -2.64599412e+03  3.40974800e+03  8.40000000e-02  1.83000000e+01
 -2.64599412e+03  3.40974800e+03  8.40000000e-02  1.83000000e+01
 -2.64599412e+03  3.40974800e+03  8.40000000e-02  1.83000000e+01
 -2.64599412e+03  3.40974800e+03  8.40000000e-02  1.83000000e+01
 -2.64599412e+03  3.40974800e+03  8.40000000e-02  1.83000000e+01
 -2.64628202e+03  3.41130400e+03  8.40000000e-02  1.83010000e+01
 -2.65135965e+03  3.41341100e+03  8.40000000e-02  1.82950000e+01
 -2.65135965e+03  3.41341100e+03  8.40000000e-02  1.82950000e+01
 -2.65135965e+03  3.41341100e+03  8.40000000e-02  1.82950000e+01
 -2.65135965e+03  3.41341100e+03  8.40000000e-02  1.82950000e+01
 -2.65210325e+03  3.41528100e+03  8.40000000e-02  1.82910000e+01
 -2.65484162e+03  3.41759400e+03  8.40000000e-02  1.81840000e+01
 -2.65838699e+03  3.41982000e+03  8.40000000e-02  1.81780000e+01
 -2.66332759e+03  3.42147400e+03  8.40000000e-02  1.81780000e+01
 -2.66823488e+03  3.42334400e+03  8.40000000e-02  1.81470000e+01
 -2.67126869e+03  3.42387400e+03  8.40000000e-02  1.81470000e+01
 -2.67478310e+03  3.42663000e+03  8.40000000e-02  1.81780000e+01
 -2.67461493e+03  3.42849900e+03  8.40000000e-02  1.79640000e+01
 -2.67461493e+03  3.42849900e+03  8.40000000e-02  1.79640000e+01
 -2.67493739e+03  3.42829400e+03  8.40000000e-02  1.79730000e+01
 -2.67493739e+03  3.42829400e+03  8.40000000e-02  1.79730000e+01
 -2.67873229e+03  3.43015300e+03  8.40000000e-02  1.79630000e+01
 -2.68324128e+03  3.43172000e+03  8.40000000e-02  1.79520000e+01
 -2.68324128e+03  3.43172000e+03  8.40000000e-02  1.79520000e+01
 -2.68369802e+03  3.43238900e+03  8.40000000e-02  1.79610000e+01
 -2.68369802e+03  3.43238900e+03  8.40000000e-02  1.79610000e+01
 -2.68369802e+03  3.43238900e+03  8.40000000e-02  1.79610000e+01
 -2.68369802e+03  3.43238900e+03  8.40000000e-02  1.79610000e+01
 -2.68401696e+03  3.43053000e+03  8.40000000e-02  1.81190000e+01
 -2.68946133e+03  3.43097300e+03  8.40000000e-02  1.81150000e+01
 -2.68946133e+03  3.43097300e+03  8.40000000e-02  1.81150000e+01
 -2.69245303e+03  3.43140500e+03  8.40000000e-02  1.81660000e+01
 -2.69245303e+03  3.43140500e+03  8.40000000e-02  1.81660000e+01
 -2.69352228e+03  3.43020500e+03  8.40000000e-02  1.82770000e+01
 -2.69352228e+03  3.43020500e+03  8.40000000e-02  1.82770000e+01
 -2.69428061e+03  3.43230200e+03  8.40000000e-02  1.82680000e+01
 -2.69428061e+03  3.43230200e+03  8.40000000e-02  1.82680000e+01
 -2.69658495e+03  3.43133900e+03  8.40000000e-02  1.82680000e+01
 -2.69671282e+03  3.43200900e+03  8.40000000e-02  1.82690000e+01
 -2.69671282e+03  3.43200900e+03  8.40000000e-02  1.82690000e+01
 -2.69756861e+03  3.43313300e+03  8.40000000e-02  1.82560000e+01
 -2.69756861e+03  3.43313300e+03  8.40000000e-02  1.82560000e+01
 -2.69756861e+03  3.43313300e+03  8.40000000e-02  1.82560000e+01
 -2.69857558e+03  3.43401900e+03  8.50000000e-02  1.82710000e+01
 -2.69857558e+03  3.43401900e+03  8.50000000e-02  1.82710000e+01
 -2.69905367e+03  3.43454800e+03  8.40000000e-02  1.81740000e+01
 -2.70013974e+03  3.43873100e+03  8.40000000e-02  1.80170000e+01
 -2.70013974e+03  3.43873100e+03  8.40000000e-02  1.80170000e+01
 -2.70013974e+03  3.43873100e+03  8.40000000e-02  1.80170000e+01
 -2.70013974e+03  3.43873100e+03  8.40000000e-02  1.80170000e+01
 -2.70957414e+03  3.43961700e+03  8.70000000e-02  1.80170000e+01
 -2.70957414e+03  3.43961700e+03  8.70000000e-02  1.80170000e+01
 -2.71085946e+03  3.43907600e+03  9.60000000e-02  1.80170000e+01
 -2.71115593e+03  3.44017800e+03  9.60000000e-02  1.80030000e+01
 -2.71115593e+03  3.44017800e+03  9.60000000e-02  1.80030000e+01
 -2.71115593e+03  3.44017800e+03  9.60000000e-02  1.80030000e+01
 -2.71204708e+03  3.43733500e+03  9.70000000e-02  1.81790000e+01
 -2.71204708e+03  3.43733500e+03  9.70000000e-02  1.81790000e+01
 -2.71378058e+03  3.44107500e+03  9.70000000e-02  1.81240000e+01
 -2.71378058e+03  3.44107500e+03  9.70000000e-02  1.81240000e+01
 -2.71411660e+03  3.44324800e+03  9.70000000e-02  1.80550000e+01
 -2.72524670e+03  3.44787300e+03  9.70000000e-02  1.80400000e+01
 -2.73148775e+03  3.44930000e+03  9.70000000e-02  1.80180000e+01
 -2.73148775e+03  3.44930000e+03  9.70000000e-02  1.80180000e+01
 -2.73148775e+03  3.44930000e+03  9.70000000e-02  1.80180000e+01
 -2.73193717e+03  3.44908400e+03  9.70000000e-02  1.80160000e+01
 -2.73886049e+03  3.45010900e+03  9.70000000e-02  1.80100000e+01
 -2.74822531e+03  3.45781600e+03  9.70000000e-02  1.79360000e+01
 -2.74803019e+03  3.45727500e+03  9.70000000e-02  1.79360000e+01
 -2.74803019e+03  3.45727500e+03  9.70000000e-02  1.79360000e+01
 -2.74803019e+03  3.45727500e+03  9.70000000e-02  1.79360000e+01
 -2.74803019e+03  3.45727500e+03  9.70000000e-02  1.79360000e+01
 -2.74803019e+03  3.45727500e+03  9.70000000e-02  1.79360000e+01
 -2.74805942e+03  3.45839800e+03  9.60000000e-02  1.79740000e+01
 -2.74805942e+03  3.45839800e+03  9.60000000e-02  1.79740000e+01
 -2.75350457e+03  3.46333800e+03  9.60000000e-02  1.78520000e+01
 -2.75348764e+03  3.46543500e+03  9.60000000e-02  1.78190000e+01
 -2.75348764e+03  3.46543500e+03  9.60000000e-02  1.78190000e+01
 -2.75643208e+03  3.46730500e+03  9.60000000e-02  1.78140000e+01
 -2.75643208e+03  3.46730500e+03  9.60000000e-02  1.78140000e+01
 -2.75643208e+03  3.46730500e+03  9.60000000e-02  1.78140000e+01
 -2.75643208e+03  3.46730500e+03  9.60000000e-02  1.78140000e+01
 -2.75872565e+03  3.46841700e+03  9.60000000e-02  1.78140000e+01
 -2.75875420e+03  3.46887100e+03  9.60000000e-02  1.78140000e+01
 -2.75875420e+03  3.46887100e+03  9.60000000e-02  1.78140000e+01
 -2.75949186e+03  3.46976800e+03  9.60000000e-02  1.78000000e+01
 -2.76030884e+03  3.46901100e+03  9.60000000e-02  1.77700000e+01
 -2.76015405e+03  3.46789800e+03  9.60000000e-02  1.77970000e+01
 -2.76015405e+03  3.46789800e+03  9.60000000e-02  1.77970000e+01
 -2.76282810e+03  3.46767100e+03  9.60000000e-02  1.78140000e+01
 -2.76282810e+03  3.46767100e+03  9.60000000e-02  1.78140000e+01
 -2.76282810e+03  3.46767100e+03  9.60000000e-02  1.78140000e+01
 -2.76282810e+03  3.46767100e+03  9.60000000e-02  1.78140000e+01
 -2.77664572e+03  3.46767100e+03  9.60000000e-02  1.77990000e+01
 -2.77772545e+03  3.46713000e+03  9.60000000e-02  1.78860000e+01
 -2.77831684e+03  3.46855700e+03  9.60000000e-02  1.78930000e+01
 -2.77831684e+03  3.46855700e+03  9.60000000e-02  1.78930000e+01
 -2.77831684e+03  3.46855700e+03  9.60000000e-02  1.78930000e+01
 -2.78343854e+03  3.47207000e+03  9.60000000e-02  1.78260000e+01
 -2.78343854e+03  3.47207000e+03  9.60000000e-02  1.78260000e+01
 -2.78678350e+03  3.47305300e+03  9.60000000e-02  1.78080000e+01
 -2.78678350e+03  3.47305300e+03  9.60000000e-02  1.78080000e+01
 -2.79015494e+03  3.47447000e+03  9.60000000e-02  1.77990000e+01
 -2.79015494e+03  3.47447000e+03  9.60000000e-02  1.77990000e+01
 -2.79015494e+03  3.47447000e+03  9.60000000e-02  1.77990000e+01
 -2.79296181e+03  3.47679300e+03  9.60000000e-02  1.77990000e+01
 -2.79808856e+03  3.47746300e+03  9.60000000e-02  1.78050000e+01
 -2.79807511e+03  3.47649000e+03  9.60000000e-02  1.78430000e+01
 -2.80147890e+03  3.47760300e+03  9.60000000e-02  1.78200000e+01
 -2.80258690e+03  3.48178500e+03  9.60000000e-02  1.76000000e+01
 -2.80324059e+03  3.48289800e+03  9.60000000e-02  1.75180000e+01
 -2.80324059e+03  3.48289800e+03  9.60000000e-02  1.75180000e+01
 -2.80340169e+03  3.48268200e+03  9.60000000e-02  1.75180000e+01
 -2.80340169e+03  3.48268200e+03  9.60000000e-02  1.75180000e+01
 -2.80340169e+03  3.48268200e+03  9.60000000e-02  1.75180000e+01
 -2.80340169e+03  3.48268200e+03  9.60000000e-02  1.75180000e+01
 -2.80340169e+03  3.48268200e+03  9.60000000e-02  1.75180000e+01
 -2.80543777e+03  3.48784900e+03  9.60000000e-02  1.74590000e+01
 -2.81307524e+03  3.48762200e+03  9.60000000e-02  1.74650000e+01
 -2.81307524e+03  3.48762200e+03  9.60000000e-02  1.74650000e+01
 -2.81397610e+03  3.49136200e+03  9.60000000e-02  1.73790000e+01
 -2.81909615e+03  3.49225800e+03  9.60000000e-02  1.74580000e+01
 -2.81909615e+03  3.49225800e+03  9.60000000e-02  1.74580000e+01
 -2.82004596e+03  3.48897200e+03  9.60000000e-02  1.74670000e+01
 -2.82004596e+03  3.48897200e+03  9.60000000e-02  1.74670000e+01
 -2.82004596e+03  3.48897200e+03  9.60000000e-02  1.74670000e+01
 -2.82179370e+03  3.48777200e+03  9.60000000e-02  1.73860000e+01
 -2.82427449e+03  3.48777200e+03  9.70000000e-02  1.73810000e+01
 -2.83712363e+03  3.48865800e+03  9.70000000e-02  1.73810000e+01
 -2.83712363e+03  3.48865800e+03  9.70000000e-02  1.73810000e+01
 -2.83709308e+03  3.48745700e+03  9.70000000e-02  1.73850000e+01
 -2.83709308e+03  3.48745700e+03  9.70000000e-02  1.73850000e+01
 -2.83709308e+03  3.48745700e+03  9.70000000e-02  1.73850000e+01
 -2.83709308e+03  3.48745700e+03  9.70000000e-02  1.73850000e+01
 -2.84150519e+03  3.48888400e+03  9.70000000e-02  1.73400000e+01
 -2.84150519e+03  3.48888400e+03  9.70000000e-02  1.73400000e+01
 -2.84326696e+03  3.49142400e+03  9.70000000e-02  1.73310000e+01
 -2.84326696e+03  3.49142400e+03  9.70000000e-02  1.73310000e+01
 -2.84781368e+03  3.49209400e+03  9.70000000e-02  1.73310000e+01
 -2.84781368e+03  3.49209400e+03  9.70000000e-02  1.73310000e+01
 -2.84781368e+03  3.49209400e+03  9.70000000e-02  1.73310000e+01
 -2.84781368e+03  3.49209400e+03  9.70000000e-02  1.73310000e+01
 -2.84781368e+03  3.49209400e+03  9.70000000e-02  1.73310000e+01
 -2.85622197e+03  3.49036300e+03  9.70000000e-02  1.73480000e+01
 -2.85622197e+03  3.49036300e+03  9.70000000e-02  1.73480000e+01
 -2.85777193e+03  3.49290300e+03  9.70000000e-02  1.72070000e+01
 -2.85777193e+03  3.49290300e+03  9.70000000e-02  1.72070000e+01
 -2.85777193e+03  3.49290300e+03  9.70000000e-02  1.72070000e+01
 -2.86286392e+03  3.49356200e+03  9.70000000e-02  1.72120000e+01
 -2.86284216e+03  3.49124900e+03  9.70000000e-02  1.72840000e+01
 -2.86284216e+03  3.49124900e+03  9.70000000e-02  1.72840000e+01
 -2.86473986e+03  3.49200600e+03  9.70000000e-02  1.72840000e+01
 -2.86473986e+03  3.49200600e+03  9.70000000e-02  1.72840000e+01
 -2.86478238e+03  3.48916300e+03  9.70000000e-02  1.75430000e+01
 -2.87178155e+03  3.49357300e+03  9.70000000e-02  1.75070000e+01
 -2.87178155e+03  3.49357300e+03  9.70000000e-02  1.75070000e+01
 -2.87178155e+03  3.49357300e+03  9.70000000e-02  1.75070000e+01
 -2.87163071e+03  3.49348500e+03  9.70000000e-02  1.74990000e+01
 -2.87207060e+03  3.49526800e+03  9.70000000e-02  1.74750000e+01
 -2.87207060e+03  3.49526800e+03  9.70000000e-02  1.74750000e+01
 -2.87207060e+03  3.49526800e+03  9.70000000e-02  1.74750000e+01
 -2.87338765e+03  3.49571100e+03  9.70000000e-02  1.74750000e+01
 -2.87338765e+03  3.49571100e+03  9.70000000e-02  1.74750000e+01
 -2.87464086e+03  3.49848800e+03  9.70000000e-02  1.74710000e+01
 -2.87708965e+03  3.50335200e+03  9.70000000e-02  1.73310000e+01
 -2.87783825e+03  3.50424900e+03  9.70000000e-02  1.73310000e+01
 -2.87783825e+03  3.50424900e+03  9.70000000e-02  1.73310000e+01
 -2.87783825e+03  3.50424900e+03  9.70000000e-02  1.73310000e+01
 -2.87783825e+03  3.50424900e+03  9.70000000e-02  1.73310000e+01
 -2.87838940e+03  3.50634500e+03  9.70000000e-02  1.73670000e+01
 -2.88758922e+03  3.50953300e+03  9.70000000e-02  1.73670000e+01
 -2.88773609e+03  3.51087300e+03  9.70000000e-02  1.73150000e+01
 -2.88773609e+03  3.51087300e+03  9.70000000e-02  1.73150000e+01
 -2.88773609e+03  3.51087300e+03  9.70000000e-02  1.73150000e+01
 -2.88773609e+03  3.51087300e+03  9.70000000e-02  1.73150000e+01
 -2.88773609e+03  3.51087300e+03  9.70000000e-02  1.73150000e+01
 -2.88773609e+03  3.51087300e+03  9.70000000e-02  1.73150000e+01
 -2.88834294e+03  3.51342400e+03  9.70000000e-02  1.71680000e+01
 -2.88832688e+03  3.51267800e+03  9.70000000e-02  1.71670000e+01
 -2.89210627e+03  3.51454700e+03  9.70000000e-02  1.71640000e+01
 -2.89483795e+03  3.51552100e+03  9.70000000e-02  1.72170000e+01
 -2.89903419e+03  3.51627800e+03  9.70000000e-02  1.72170000e+01
 -2.89903419e+03  3.51627800e+03  9.70000000e-02  1.72170000e+01
 -2.89903419e+03  3.51627800e+03  9.70000000e-02  1.72170000e+01
 -2.89941405e+03  3.51686100e+03  9.70000000e-02  1.71090000e+01
 -2.89941405e+03  3.51686100e+03  9.70000000e-02  1.71090000e+01
 -2.89941405e+03  3.51686100e+03  9.70000000e-02  1.71090000e+01
 -2.89941405e+03  3.51686100e+03  9.70000000e-02  1.71090000e+01
 -2.89941405e+03  3.51686100e+03  9.70000000e-02  1.71090000e+01
 -2.90255643e+03  3.51767000e+03  9.70000000e-02  1.71890000e+01
 -2.90255643e+03  3.51767000e+03  9.70000000e-02  1.71890000e+01
 -2.90255643e+03  3.51767000e+03  9.70000000e-02  1.71890000e+01
 -2.90255643e+03  3.51767000e+03  9.70000000e-02  1.71890000e+01
 -2.90321494e+03  3.52043700e+03  9.70000000e-02  1.71530000e+01
 -2.90583498e+03  3.52231700e+03  9.70000000e-02  1.71530000e+01
 -2.90583498e+03  3.52231700e+03  9.70000000e-02  1.71530000e+01
 -2.90583498e+03  3.52231700e+03  9.70000000e-02  1.71530000e+01
 -2.90583498e+03  3.52231700e+03  9.70000000e-02  1.71530000e+01
 -2.90638198e+03  3.52253300e+03  9.70000000e-02  1.71370000e+01
 -2.90706483e+03  3.52453200e+03  9.70000000e-02  1.71310000e+01
 -2.90706483e+03  3.52453200e+03  9.70000000e-02  1.71310000e+01
 -2.90780946e+03  3.52773100e+03  9.70000000e-02  1.70430000e+01
 -2.91283982e+03  3.53169700e+03  9.70000000e-02  1.70200000e+01
 -2.91283982e+03  3.53169700e+03  9.70000000e-02  1.70200000e+01
 -2.91283293e+03  3.53192400e+03  9.70000000e-02  1.69830000e+01
 -2.91855175e+03  3.53236700e+03  9.70000000e-02  1.69730000e+01
 -2.91855175e+03  3.53236700e+03  9.70000000e-02  1.69730000e+01
 -2.91910664e+03  3.53175000e+03  9.70000000e-02  1.70280000e+01
 -2.91918192e+03  3.52979200e+03  9.70000000e-02  1.70330000e+01
 -2.93070505e+03  3.53210500e+03  9.70000000e-02  1.70330000e+01
 -2.93185328e+03  3.53254800e+03  9.70000000e-02  1.71470000e+01
 -2.93185328e+03  3.53254800e+03  9.70000000e-02  1.71470000e+01
 -2.93185328e+03  3.53254800e+03  9.70000000e-02  1.71470000e+01
 -2.93185328e+03  3.53254800e+03  9.70000000e-02  1.71470000e+01
 -2.93182245e+03  3.53455800e+03  9.70000000e-02  1.70710000e+01
 -2.93182245e+03  3.53455800e+03  9.70000000e-02  1.70710000e+01
 -2.93182245e+03  3.53455800e+03  9.70000000e-02  1.70710000e+01
 -2.93182245e+03  3.53455800e+03  9.70000000e-02  1.70710000e+01
 -2.93182245e+03  3.53455800e+03  9.70000000e-02  1.70710000e+01
 -2.93213316e+03  3.53388800e+03  9.70000000e-02  1.70760000e+01
 -2.93213316e+03  3.53388800e+03  9.70000000e-02  1.70760000e+01
 -2.93213316e+03  3.53388800e+03  9.70000000e-02  1.70760000e+01
 -2.93355374e+03  3.53501100e+03  9.70000000e-02  1.70920000e+01
 -2.93523008e+03  3.53612400e+03  9.70000000e-02  1.70780000e+01
 -2.93523008e+03  3.53612400e+03  9.70000000e-02  1.70780000e+01
 -2.93620827e+03  3.53821000e+03  9.70000000e-02  1.70290000e+01
 -2.93644149e+03  3.53888000e+03  9.70000000e-02  1.69930000e+01
 -2.93645303e+03  3.53910600e+03  9.70000000e-02  1.69930000e+01
 -2.93645303e+03  3.53910600e+03  9.70000000e-02  1.69930000e+01
 -2.93645303e+03  3.53910600e+03  9.70000000e-02  1.69930000e+01
 -2.93728713e+03  3.53933300e+03  9.70000000e-02  1.69960000e+01
 -2.93728713e+03  3.53933300e+03  9.70000000e-02  1.69960000e+01
 -2.93728713e+03  3.53933300e+03  9.70000000e-02  1.69960000e+01
 -2.93728713e+03  3.53933300e+03  9.70000000e-02  1.69960000e+01
 -2.93728713e+03  3.53933300e+03  9.70000000e-02  1.69960000e+01
 -2.93847730e+03  3.54232700e+03  9.70000000e-02  1.69020000e+01
 -2.93847730e+03  3.54232700e+03  9.70000000e-02  1.69020000e+01
 -2.93900142e+03  3.54299700e+03  9.70000000e-02  1.68980000e+01
 -2.94768175e+03  3.54477900e+03  9.70000000e-02  1.68910000e+01
 -2.94768175e+03  3.54477900e+03  9.70000000e-02  1.68910000e+01
 -2.94768175e+03  3.54477900e+03  9.70000000e-02  1.68910000e+01
 -2.94802555e+03  3.54709200e+03  9.70000000e-02  1.68720000e+01
 -2.94895273e+03  3.54655100e+03  9.70000000e-02  1.68400000e+01
 -2.94889237e+03  3.54939400e+03  9.70000000e-02  1.67980000e+01
 -2.94897018e+03  3.54917700e+03  9.70000000e-02  1.68340000e+01
 -2.94897018e+03  3.54917700e+03  9.70000000e-02  1.68340000e+01
 -2.94897018e+03  3.54917700e+03  9.70000000e-02  1.68340000e+01
 -2.95136672e+03  3.55029000e+03  9.70000000e-02  1.68180000e+01
 -2.95136672e+03  3.55029000e+03  9.70000000e-02  1.68180000e+01
 -2.95136672e+03  3.55029000e+03  9.70000000e-02  1.68180000e+01
 -2.95214239e+03  3.55171700e+03  9.70000000e-02  1.68380000e+01
 -2.95604541e+03  3.55194400e+03  9.70000000e-02  1.68380000e+01
 -2.95604541e+03  3.55194400e+03  9.70000000e-02  1.68380000e+01
 -2.95917201e+03  3.55281900e+03  9.70000000e-02  1.68370000e+01
 -2.96019444e+03  3.55655800e+03  9.70000000e-02  1.68620000e+01
 -2.96019444e+03  3.55655800e+03  9.70000000e-02  1.68620000e+01
 -2.96016917e+03  3.55797500e+03  9.70000000e-02  1.68110000e+01
 -2.96050763e+03  3.55887100e+03  9.70000000e-02  1.67800000e+01
 -2.96050763e+03  3.55887100e+03  9.70000000e-02  1.67800000e+01
 -2.96050763e+03  3.55887100e+03  9.70000000e-02  1.67800000e+01
 -2.96220792e+03  3.56149800e+03  9.70000000e-02  1.67050000e+01
 -2.96280175e+03  3.56172500e+03  9.70000000e-02  1.67040000e+01
 -2.96280175e+03  3.56172500e+03  9.70000000e-02  1.67040000e+01
 -2.96280175e+03  3.56172500e+03  9.70000000e-02  1.67040000e+01
 -2.96323906e+03  3.56216800e+03  9.70000000e-02  1.67040000e+01
 -2.96508159e+03  3.56359500e+03  9.70000000e-02  1.66980000e+01
 -2.96508159e+03  3.56359500e+03  9.70000000e-02  1.66980000e+01
 -2.96508159e+03  3.56359500e+03  9.70000000e-02  1.66980000e+01
 -2.96936811e+03  3.56449200e+03  9.70000000e-02  1.66980000e+01
 -2.96936811e+03  3.56449200e+03  9.70000000e-02  1.66980000e+01
 -2.96943180e+03  3.56493500e+03  9.70000000e-02  1.66870000e+01
 -2.97133571e+03  3.56636100e+03  9.70000000e-02  1.67000000e+01
 -2.97133571e+03  3.56636100e+03  9.70000000e-02  1.67000000e+01
 -2.97899827e+03  3.56671700e+03  9.70000000e-02  1.67110000e+01
 -2.98430228e+03  3.56881400e+03  9.70000000e-02  1.67320000e+01
 -2.98430228e+03  3.56881400e+03  9.70000000e-02  1.67320000e+01
 -2.98658469e+03  3.56881400e+03  9.70000000e-02  1.67360000e+01
 -2.98658469e+03  3.56881400e+03  9.70000000e-02  1.67360000e+01
 -2.98822124e+03  3.56827300e+03  9.70000000e-02  1.67500000e+01
 -2.98822124e+03  3.56827300e+03  9.70000000e-02  1.67500000e+01
 -2.99300781e+03  3.57038100e+03  9.70000000e-02  1.67390000e+01
 -2.99300781e+03  3.57038100e+03  9.70000000e-02  1.67390000e+01
 -2.99315429e+03  3.57269400e+03  9.70000000e-02  1.66140000e+01
 -2.99438171e+03  3.57314700e+03  9.70000000e-02  1.66280000e+01
 -2.99577236e+03  3.57569700e+03  9.70000000e-02  1.66100000e+01
 -2.99577236e+03  3.57569700e+03  9.70000000e-02  1.66100000e+01
 -2.99775395e+03  3.57746900e+03  9.70000000e-02  1.65920000e+01
 -2.99789210e+03  3.57986900e+03  9.70000000e-02  1.65820000e+01
 -2.99954387e+03  3.58143600e+03  9.70000000e-02  1.65800000e+01
 -2.99954387e+03  3.58143600e+03  9.70000000e-02  1.65800000e+01
 -3.00084283e+03  3.58286300e+03  9.70000000e-02  1.65720000e+01
 -3.00084283e+03  3.58286300e+03  9.70000000e-02  1.65720000e+01
 -3.00202357e+03  3.58375900e+03  9.70000000e-02  1.66290000e+01
 -3.00202357e+03  3.58375900e+03  9.70000000e-02  1.66290000e+01
 -3.00609603e+03  3.58135900e+03  9.70000000e-02  1.67430000e+01
 -3.00609603e+03  3.58135900e+03  9.70000000e-02  1.67430000e+01
 -3.00609603e+03  3.58135900e+03  9.70000000e-02  1.67430000e+01
 -3.00609603e+03  3.58135900e+03  9.70000000e-02  1.67430000e+01
 -3.00629834e+03  3.58135900e+03  9.70000000e-02  1.67510000e+01
 -3.01479657e+03  3.58171500e+03  9.70000000e-02  1.67440000e+01
 -3.01479657e+03  3.58171500e+03  9.70000000e-02  1.67440000e+01
 -3.01903015e+03  3.58349800e+03  9.70000000e-02  1.67440000e+01
 -3.02176633e+03  3.58595000e+03  9.70000000e-02  1.67160000e+01
 -3.02176633e+03  3.58595000e+03  9.70000000e-02  1.67160000e+01
 -3.02176633e+03  3.58595000e+03  9.70000000e-02  1.67160000e+01
 -3.02456337e+03  3.58871700e+03  9.70000000e-02  1.67290000e+01
 -3.02702776e+03  3.59147300e+03  9.70000000e-02  1.66200000e+01
 -3.02702776e+03  3.59147300e+03  9.70000000e-02  1.66200000e+01
 -3.02702776e+03  3.59147300e+03  9.70000000e-02  1.66200000e+01
 -3.02702776e+03  3.59147300e+03  9.70000000e-02  1.66200000e+01
 -3.02915643e+03  3.59542900e+03  9.70000000e-02  1.65360000e+01
 -3.02915643e+03  3.59542900e+03  9.70000000e-02  1.65360000e+01
 -3.02973537e+03  3.59675800e+03  9.70000000e-02  1.65370000e+01
 -3.03017642e+03  3.59819500e+03  9.70000000e-02  1.64970000e+01
 -3.03017642e+03  3.59819500e+03  9.70000000e-02  1.64970000e+01
 -3.03017642e+03  3.59819500e+03  9.70000000e-02  1.64970000e+01
 -3.03038016e+03  3.59841100e+03  9.70000000e-02  1.64970000e+01
 -3.03093601e+03  3.59930800e+03  9.70000000e-02  1.64860000e+01
 -3.03093601e+03  3.59930800e+03  9.70000000e-02  1.64860000e+01
 -3.03670298e+03  3.60237800e+03  9.70000000e-02  1.64800000e+01
 -3.03670298e+03  3.60237800e+03  9.70000000e-02  1.64800000e+01
 -3.03720027e+03  3.60139400e+03  9.70000000e-02  1.64790000e+01
 -3.03758130e+03  3.60514400e+03  9.70000000e-02  1.64470000e+01
 -3.03758130e+03  3.60514400e+03  9.70000000e-02  1.64470000e+01
 -3.03802777e+03  3.60140400e+03  9.70000000e-02  1.65420000e+01
 -3.03802777e+03  3.60140400e+03  9.70000000e-02  1.65420000e+01
 -3.03875449e+03  3.60184700e+03  9.70000000e-02  1.65530000e+01
 -3.03875449e+03  3.60184700e+03  9.70000000e-02  1.65530000e+01
 -3.03875449e+03  3.60184700e+03  9.70000000e-02  1.65530000e+01
 -3.03962104e+03  3.60207400e+03  9.70000000e-02  1.65530000e+01
 -3.03962104e+03  3.60207400e+03  9.70000000e-02  1.65530000e+01
 -3.03962104e+03  3.60207400e+03  9.70000000e-02  1.65530000e+01
 -3.04003097e+03  3.60206300e+03  9.70000000e-02  1.66070000e+01
 -3.04767204e+03  3.60504600e+03  9.70000000e-02  1.66010000e+01
 -3.04767204e+03  3.60504600e+03  9.70000000e-02  1.66010000e+01
 -3.04796249e+03  3.60285100e+03  9.70000000e-02  1.67670000e+01
 -3.05159699e+03  3.60352100e+03  9.70000000e-02  1.67670000e+01
 -3.05714915e+03  3.60650300e+03  9.70000000e-02  1.67560000e+01
 -3.05714915e+03  3.60650300e+03  9.70000000e-02  1.67560000e+01
 -3.05714915e+03  3.60650300e+03  9.70000000e-02  1.67560000e+01
 -3.05714915e+03  3.60650300e+03  9.70000000e-02  1.67560000e+01
 -3.05806087e+03  3.60761600e+03  9.70000000e-02  1.67440000e+01
 -3.05806087e+03  3.60761600e+03  9.70000000e-02  1.67440000e+01
 -3.05806087e+03  3.60761600e+03  9.70000000e-02  1.67440000e+01
 -3.06166511e+03  3.60685900e+03  9.70000000e-02  1.67370000e+01
 -3.06166511e+03  3.60685900e+03  9.70000000e-02  1.67370000e+01
 -3.07343885e+03  3.60752900e+03  9.70000000e-02  1.67370000e+01
 -3.08052226e+03  3.60731300e+03  9.70000000e-02  1.67380000e+01
 -3.08200873e+03  3.60754000e+03  9.70000000e-02  1.67460000e+01
 -3.08200873e+03  3.60754000e+03  9.70000000e-02  1.67460000e+01
 -3.08911798e+03  3.60776700e+03  9.70000000e-02  1.67740000e+01
 -3.09207620e+03  3.60372400e+03  9.70000000e-02  1.68760000e+01
 -3.09321840e+03  3.60416700e+03  9.70000000e-02  1.68950000e+01
 -3.09321840e+03  3.60416700e+03  9.70000000e-02  1.68950000e+01
 -3.09321840e+03  3.60416700e+03  9.70000000e-02  1.68950000e+01
 -3.09334999e+03  3.60670600e+03  9.70000000e-02  1.68440000e+01
 -3.09521451e+03  3.60551700e+03  9.70000000e-02  1.69330000e+01
 -3.09575766e+03  3.60605800e+03  9.70000000e-02  1.69330000e+01
 -3.09575766e+03  3.60605800e+03  9.70000000e-02  1.69330000e+01
 -3.09671835e+03  3.60561500e+03  9.70000000e-02  1.69790000e+01
 -3.09671835e+03  3.60561500e+03  9.70000000e-02  1.69790000e+01
 -3.09671835e+03  3.60561500e+03  9.70000000e-02  1.69790000e+01
 -3.09671835e+03  3.60561500e+03  9.70000000e-02  1.69790000e+01
 -3.09671835e+03  3.60561500e+03  9.70000000e-02  1.69790000e+01
 -3.09671835e+03  3.60561500e+03  9.70000000e-02  1.69790000e+01
 -3.09671835e+03  3.60561500e+03  9.70000000e-02  1.69790000e+01
 -3.10041157e+03  3.60762400e+03  9.70000000e-02  1.69620000e+01
 -3.10041157e+03  3.60762400e+03  9.70000000e-02  1.69620000e+01
 -3.10054679e+03  3.60828300e+03  9.70000000e-02  1.69270000e+01
 -3.11261291e+03  3.60851000e+03  9.70000000e-02  1.69270000e+01
 -3.11261291e+03  3.60851000e+03  9.70000000e-02  1.69270000e+01
 -3.11531640e+03  3.61127600e+03  9.70000000e-02  1.69270000e+01
 -3.11625339e+03  3.61051900e+03  9.70000000e-02  1.71120000e+01
 -3.11625339e+03  3.61051900e+03  9.70000000e-02  1.71120000e+01
 -3.11625339e+03  3.61051900e+03  9.70000000e-02  1.71120000e+01
 -3.11625339e+03  3.61051900e+03  9.70000000e-02  1.71120000e+01
 -3.11625339e+03  3.61051900e+03  9.70000000e-02  1.71120000e+01
 -3.11625339e+03  3.61051900e+03  9.70000000e-02  1.71120000e+01
 -3.11983132e+03  3.60931900e+03  9.70000000e-02  1.71120000e+01
 -3.13031288e+03  3.60954600e+03  9.70000000e-02  1.71130000e+01
 -3.13031288e+03  3.60954600e+03  9.70000000e-02  1.71130000e+01
 -3.13034479e+03  3.60977300e+03  9.70000000e-02  1.71200000e+01
 -3.13034479e+03  3.60977300e+03  9.70000000e-02  1.71200000e+01
 -3.13034479e+03  3.60977300e+03  9.70000000e-02  1.71200000e+01
 -3.13034479e+03  3.60977300e+03  9.70000000e-02  1.71200000e+01
 -3.13034479e+03  3.60977300e+03  9.70000000e-02  1.71200000e+01
 -3.13113860e+03  3.61021600e+03  9.70000000e-02  1.71200000e+01
 -3.13118180e+03  3.61154500e+03  9.70000000e-02  1.71130000e+01
 -3.13118180e+03  3.61154500e+03  9.70000000e-02  1.71130000e+01
 -3.14049147e+03  3.61385800e+03  9.70000000e-02  1.71250000e+01
 -3.14049147e+03  3.61385800e+03  9.70000000e-02  1.71250000e+01
 -3.14049147e+03  3.61385800e+03  9.70000000e-02  1.71250000e+01
 -3.14049147e+03  3.61385800e+03  9.70000000e-02  1.71250000e+01
 -3.14915985e+03  3.61363100e+03  9.70000000e-02  1.71500000e+01
 -3.14915985e+03  3.61363100e+03  9.70000000e-02  1.71500000e+01
 -3.14915985e+03  3.61363100e+03  9.70000000e-02  1.71500000e+01
 -3.14915985e+03  3.61363100e+03  9.70000000e-02  1.71500000e+01
 -3.15927107e+03  3.61683000e+03  9.70000000e-02  1.71440000e+01
 -3.15927107e+03  3.61683000e+03  9.70000000e-02  1.71440000e+01
 -3.15927107e+03  3.61683000e+03  9.70000000e-02  1.71440000e+01
 -3.15927107e+03  3.61683000e+03  9.70000000e-02  1.71440000e+01
 -3.15999314e+03  3.61681900e+03  9.70000000e-02  1.72570000e+01
 -3.15999314e+03  3.61681900e+03  9.70000000e-02  1.72570000e+01
 -3.16829565e+03  3.62047100e+03  9.70000000e-02  1.72520000e+01
 -3.16829565e+03  3.62047100e+03  9.70000000e-02  1.72520000e+01
 -3.16829565e+03  3.62047100e+03  9.70000000e-02  1.72520000e+01
 -3.16829565e+03  3.62047100e+03  9.70000000e-02  1.72520000e+01
 -3.16829565e+03  3.62047100e+03  9.70000000e-02  1.72520000e+01
 -3.16829565e+03  3.62047100e+03  9.70000000e-02  1.72520000e+01
 -3.16865039e+03  3.62278400e+03  9.70000000e-02  1.70670000e+01
 -3.17950849e+03  3.62322700e+03  9.70000000e-02  1.70670000e+01
 -3.17950849e+03  3.62322700e+03  9.70000000e-02  1.70670000e+01
 -3.18201074e+03  3.62389700e+03  9.70000000e-02  1.70780000e+01