-1.56455120e+03  2.57626700e+03  8.80000000e-02  2.93540000e+01
 -1.56512241e+03  2.58045000e+03  8.80000000e-02  2.90960000e+01
 -1.56769206e+03  2.58650200e+03  8.80000000e-02  2.90480000e+01
 -1.56908813e+03  2.58971200e+03  8.80000000e-02  2.90370000e+01
 -1.56921761e+03  2.59233900e+03  8.80000000e-02  2.89210000e+01
 -1.56907773e+03  2.59376500e+03  8.80000000e-02  2.88770000e+01
 -1.57803522e+03  2.59532100e+03  8.80000000e-02  2.88860000e+01
 -1.57899077e+03  2.59763400e+03  8.80000000e-02  2.88600000e+01
 -1.58154162e+03  2.60138400e+03  8.80000000e-02  2.88520000e+01
 -1.59975752e+03  2.60557800e+03  8.80000000e-02  2.88520000e+01
 -1.60749104e+03  2.61291800e+03  8.80000000e-02  2.87700000e+01
 -1.60878517e+03  2.61545700e+03  8.80000000e-02  2.87660000e+01
 -1.61555474e+03  2.62031000e+03  8.80000000e-02  2.86180000e+01
 -1.62630516e+03  2.62479600e+03  8.80000000e-02  2.85340000e+01
 -1.63103210e+03  2.62689200e+03  8.80000000e-02  2.84790000e+01
 -1.63831187e+03  2.63198300e+03  8.80000000e-02  2.84080000e+01
 -1.63836823e+03  2.63265200e+03  8.80000000e-02  2.84030000e+01
 -1.64009138e+03  2.63706200e+03  8.80000000e-02  2.82140000e+01
 -1.64171300e+03  2.64222800e+03  8.80000000e-02  2.81590000e+01
 -1.65249843e+03  2.64663800e+03  8.80000000e-02  2.81590000e+01
 -1.65497918e+03  2.65456100e+03  8.80000000e-02  2.79290000e+01
 -1.65688809e+03  2.65753200e+03  8.80000000e-02  2.79280000e+01
 -1.65806323e+03  2.66082900e+03  8.80000000e-02  2.78990000e+01
 -1.65942084e+03  2.66501200e+03  8.80000000e-02  2.77140000e+01
 -1.66479585e+03  2.66861200e+03  8.80000000e-02  2.77140000e+01
 -1.66575540e+03  2.67212400e+03  8.80000000e-02  2.75480000e+01
 -1.67099895e+03  2.67541000e+03  8.80000000e-02  2.75480000e+01
 -1.67741970e+03  2.68124700e+03  8.80000000e-02  2.73150000e+01
 -1.67773880e+03  2.68192700e+03  8.80000000e-02  2.73150000e+01
 -1.68306552e+03  2.68335400e+03  8.80000000e-02  2.72690000e+01
 -1.68452334e+03  2.68545100e+03  8.80000000e-02  2.72670000e+01
 -1.68767413e+03  2.68732000e+03  8.80000000e-02  2.72670000e+01
 -1.68860109e+03  2.68963300e+03  8.80000000e-02  2.72620000e+01
 -1.69508074e+03  2.69523200e+03  8.80000000e-02  2.72410000e+01
 -1.69815771e+03  2.69710200e+03  8.80000000e-02  2.72220000e+01
 -1.69909249e+03  2.70097000e+03  9.10000000e-02  2.71800000e+01
 -1.69876022e+03  2.70141300e+03  9.10000000e-02  2.71730000e+01
 -1.70351351e+03  2.70395300e+03  9.10000000e-02  2.71630000e+01
 -1.70579647e+03  2.70911900e+03  9.00000000e-02  2.69010000e+01
 -1.70273187e+03  2.71263200e+03  9.00000000e-02  2.67630000e+01
 -1.70293719e+03  2.71561500e+03  9.00000000e-02  2.67040000e+01
 -1.70815291e+03  2.72100900e+03  9.00000000e-02  2.66990000e+01
 -1.70816823e+03  2.72266200e+03  9.00000000e-02  2.66170000e+01
 -1.71439723e+03  2.72475900e+03  9.00000000e-02  2.65950000e+01
 -1.71478362e+03  2.72662900e+03  9.00000000e-02  2.65950000e+01
 -1.71495331e+03  2.72937300e+03  9.00000000e-02  2.65040000e+01
 -1.71514938e+03  2.73169700e+03  9.00000000e-02  2.64430000e+01
 -1.71572298e+03  2.73401000e+03  8.90000000e-02  2.64020000e+01
 -1.72424201e+03  2.73797600e+03  8.90000000e-02  2.64020000e+01
 -1.72520909e+03  2.74457000e+03  8.90000000e-02  2.61510000e+01
 -1.72705093e+03  2.74741300e+03  9.00000000e-02  2.62710000e+01
 -1.72783444e+03  2.74972600e+03  9.00000000e-02  2.62380000e+01
 -1.73751638e+03  2.75422200e+03  9.00000000e-02  2.62100000e+01
 -1.73642517e+03  2.75510800e+03  9.00000000e-02  2.62230000e+01
 -1.73904336e+03  2.76116100e+03  9.00000000e-02  2.60550000e+01
 -1.74642854e+03  2.77081400e+03  9.00000000e-02  2.58740000e+01
 -1.75525302e+03  2.77335300e+03  9.00000000e-02  2.58240000e+01
 -1.76080014e+03  2.78106000e+03  9.00000000e-02  2.58240000e+01
 -1.77082142e+03  2.78238900e+03  9.00000000e-02  2.58240000e+01
 -1.77318802e+03  2.78567500e+03  9.00000000e-02  2.58120000e+01
 -1.77592407e+03  2.78875500e+03  9.00000000e-02  2.57930000e+01
 -1.79221912e+03  2.79752200e+03  9.00000000e-02  2.55830000e+01
 -1.79234252e+03  2.79774900e+03  9.00000000e-02  2.55830000e+01
 -1.79548475e+03  2.80214800e+03  9.00000000e-02  2.55460000e+01
 -1.79758575e+03  2.80828800e+03  9.00000000e-02  2.52940000e+01
 -1.80371802e+03  2.81202800e+03  9.00000000e-02  2.52110000e+01
 -1.80733697e+03  2.81763800e+03  9.00000000e-02  2.51530000e+01
 -1.81366049e+03  2.82145300e+03  9.00000000e-02  2.51740000e+01
 -1.82844880e+03  2.82563600e+03  9.00000000e-02  2.51740000e+01
 -1.82918692e+03  2.83057600e+03  8.90000000e-02  2.51150000e+01
 -1.83839364e+03  2.83694300e+03  9.00000000e-02  2.50470000e+01
 -1.83859539e+03  2.84366600e+03  8.90000000e-02  2.46240000e+01
 -1.83820426e+03  2.84366600e+03  8.90000000e-02  2.46620000e+01
 -1.84265884e+03  2.84477800e+03  8.90000000e-02  2.46680000e+01
 -1.84319921e+03  2.84918800e+03  8.90000000e-02  2.46350000e+01
 -1.84469489e+03  2.85151200e+03  8.90000000e-02  2.46270000e+01
 -1.84328143e+03  2.85076500e+03  8.90000000e-02  2.46270000e+01
 -1.84415519e+03  2.85428900e+03  8.90000000e-02  2.45910000e+01
 -1.84481065e+03  2.85495800e+03  8.90000000e-02  2.45910000e+01
 -1.84514069e+03  2.85794100e+03  8.90000000e-02  2.44600000e+01
 -1.84690029e+03  2.86288100e+03  8.90000000e-02  2.43560000e+01
 -1.85566431e+03  2.86902100e+03  8.90000000e-02  2.41050000e+01
 -1.87052006e+03  2.87157100e+03  8.90000000e-02  2.41050000e+01
 -1.88814431e+03  2.87695400e+03  8.90000000e-02  2.40820000e+01
 -1.89768741e+03  2.87949400e+03  8.90000000e-02  2.40490000e+01
 -1.91086637e+03  2.88420700e+03  8.90000000e-02  2.40370000e+01
 -1.91373533e+03  2.88838900e+03  8.90000000e-02  2.39650000e+01
 -1.90318840e+03  2.88718900e+03  8.90000000e-02  2.39690000e+01
 -1.90194610e+03  2.88762100e+03  8.90000000e-02  2.39620000e+01
 -1.90338996e+03  2.89015000e+03  8.90000000e-02  2.39670000e+01
 -1.90379898e+03  2.89344700e+03  8.90000000e-02  2.38470000e+01
 -1.91671843e+03  2.89643000e+03  8.90000000e-02  2.38370000e+01
 -1.91681428e+03  2.89763000e+03  8.90000000e-02  2.38310000e+01
 -1.91844253e+03  2.90203900e+03  8.90000000e-02  2.36900000e+01
 -1.92036889e+03  2.90853500e+03  8.90000000e-02  2.34820000e+01
 -1.91670213e+03  2.90809200e+03  8.90000000e-02  2.34810000e+01
 -1.93446796e+03  2.91236200e+03  8.90000000e-02  2.34810000e+01
 -1.94064455e+03  2.91805900e+03  8.90000000e-02  2.34750000e+01
 -1.94178738e+03  2.92058700e+03  8.90000000e-02  2.34300000e+01
 -1.94262943e+03  2.92387400e+03  8.90000000e-02  2.33760000e+01
 -1.94329709e+03  2.92627400e+03  8.90000000e-02  2.32330000e+01
 -1.94547642e+03  2.92881300e+03  8.90000000e-02  2.32280000e+01
 -1.95398867e+03  2.93112600e+03  8.90000000e-02  2.33290000e+01
 -1.96625816e+03  2.93642200e+03  8.90000000e-02  2.32170000e+01
 -1.96608077e+03  2.94126300e+03  8.90000000e-02  2.31070000e+01
 -1.96839075e+03  2.94673300e+03  8.90000000e-02  2.30040000e+01
 -1.96902177e+03  2.94904600e+03  8.90000000e-02  2.29740000e+01
 -1.96973468e+03  2.95180100e+03  8.90000000e-02  2.29220000e+01
 -1.97093488e+03  2.95434100e+03  8.90000000e-02  2.28800000e+01
 -1.97350999e+03  2.95830700e+03  8.90000000e-02  2.26940000e+01
 -1.97764407e+03  2.96129000e+03  8.90000000e-02  2.26940000e+01
 -1.99723061e+03  2.96383000e+03  8.90000000e-02  2.26870000e+01
 -2.00648932e+03  2.96801200e+03  8.90000000e-02  2.24480000e+01
 -2.00904902e+03  2.97197900e+03  8.90000000e-02  2.24130000e+01
 -2.01718802e+03  2.98043200e+03  8.90000000e-02  2.22910000e+01
 -2.01462077e+03  2.97878800e+03  8.90000000e-02  2.23420000e+01
 -2.02451026e+03  2.98319800e+03  8.90000000e-02  2.23420000e+01
 -2.02414322e+03  2.98342500e+03  8.90000000e-02  2.22410000e+01
 -2.02542891e+03  2.98432100e+03  8.90000000e-02  2.22410000e+01
 -2.02641661e+03  2.98387800e+03  8.90000000e-02  2.22410000e+01
 -2.02641661e+03  2.98387800e+03  8.90000000e-02  2.22410000e+01
 -2.02683357e+03  2.98643900e+03  8.90000000e-02  2.22180000e+01
 -2.03070614e+03  2.98710900e+03  8.80000000e-02  2.23990000e+01
 -2.03141001e+03  2.98733600e+03  8.80000000e-02  2.24230000e+01
 -2.03625818e+03  2.99085900e+03  8.80000000e-02  2.22710000e+01
 -2.05763240e+03  2.99601500e+03  8.80000000e-02  2.22380000e+01
 -2.06486940e+03  3.00139800e+03  8.80000000e-02  2.22300000e+01
 -2.06979670e+03  3.00229500e+03  8.80000000e-02  2.22190000e+01
 -2.07148023e+03  3.00484500e+03  8.80000000e-02  2.22130000e+01
 -2.08169260e+03  3.00849800e+03  8.80000000e-02  2.19740000e+01
 -2.08366869e+03  3.01455000e+03  8.80000000e-02  2.17650000e+01
 -2.08989722e+03  3.01807400e+03  8.80000000e-02  2.17670000e+01
 -2.08985010e+03  3.01927400e+03  8.80000000e-02  2.16060000e+01
 -2.07751725e+03  3.02105700e+03  8.80000000e-02  2.14710000e+01
 -2.08013779e+03  3.02502300e+03  8.80000000e-02  2.13170000e+01
 -2.07793988e+03  3.02436400e+03  8.80000000e-02  2.13030000e+01
 -2.07846070e+03  3.02689300e+03  8.80000000e-02  2.12430000e+01
 -2.08076447e+03  3.03084900e+03  8.80000000e-02  2.12340000e+01
 -2.08669604e+03  3.03698900e+03  8.80000000e-02  2.10980000e+01
 -2.08732290e+03  3.04005900e+03  8.90000000e-02  2.10080000e+01
 -2.08928995e+03  3.04686800e+03  8.90000000e-02  2.07600000e+01
 -2.08975736e+03  3.04752700e+03  8.90000000e-02  2.07710000e+01
 -2.09102747e+03  3.04842400e+03  8.90000000e-02  2.08120000e+01
 -2.09159291e+03  3.05313700e+03  8.90000000e-02  2.06530000e+01
 -2.09164851e+03  3.05599100e+03  8.90000000e-02  2.04070000e+01
 -2.09646282e+03  3.05986000e+03  8.90000000e-02  2.03590000e+01
 -2.09943068e+03  3.06173000e+03  8.90000000e-02  2.03590000e+01
 -2.09943068e+03  3.06173000e+03  8.90000000e-02  2.03590000e+01
 -2.10036289e+03  3.06501500e+03  8.90000000e-02  2.03130000e+01
 -2.10216717e+03  3.06764200e+03  8.90000000e-02  2.03170000e+01
 -2.10364468e+03  3.06532900e+03  8.90000000e-02  2.03310000e+01
 -2.11952174e+03  3.06501500e+03  8.90000000e-02  2.04510000e+01
 -2.11952174e+03  3.06501500e+03  8.90000000e-02  2.04510000e+01
 -2.12221819e+03  3.06831200e+03  8.90000000e-02  2.05570000e+01
 -2.13727975e+03  3.07526100e+03  8.90000000e-02  2.05570000e+01
 -2.13582442e+03  3.07495800e+03  8.90000000e-02  2.05570000e+01
 -2.13536208e+03  3.07121800e+03  8.90000000e-02  2.06160000e+01
 -2.13536208e+03  3.07121800e+03  8.90000000e-02  2.06160000e+01
 -2.14003385e+03  3.07145500e+03  8.90000000e-02  2.06130000e+01
 -2.14744492e+03  3.07318500e+03  8.90000000e-02  2.06090000e+01
 -2.15218373e+03  3.07932500e+03  8.90000000e-02  2.04990000e+01
 -2.15529701e+03  3.08217900e+03  8.90000000e-02  2.04220000e+01
 -2.15793005e+03  3.08570300e+03  8.90000000e-02  2.02810000e+01
 -2.15481984e+03  3.08351800e+03  8.90000000e-02  2.02620000e+01
 -2.15810524e+03  3.08650100e+03  8.90000000e-02  2.02620000e+01
 -2.15539348e+03  3.08838200e+03  8.90000000e-02  2.01970000e+01
 -2.15539348e+03  3.08838200e+03  8.90000000e-02  2.01970000e+01
 -2.15596220e+03  3.09332200e+03  8.90000000e-02  2.01630000e+01
 -2.15984084e+03  3.09684600e+03  8.90000000e-02  2.01630000e+01
 -2.16087198e+03  3.09938500e+03  9.30000000e-02  2.00970000e+01
 -2.16470365e+03  3.10169800e+03  9.30000000e-02  2.00560000e+01
 -2.17608977e+03  3.10192500e+03  9.30000000e-02  2.00560000e+01
 -2.17608977e+03  3.10192500e+03  9.30000000e-02  2.00560000e+01
 -2.18086973e+03  3.10468100e+03  9.30000000e-02  2.01990000e+01
 -2.18251541e+03  3.10789000e+03  9.30000000e-02  2.00930000e+01
 -2.18403093e+03  3.11251600e+03  9.30000000e-02  1.99860000e+01
 -2.18219841e+03  3.11132600e+03  9.30000000e-02  1.99870000e+01
 -2.18379956e+03  3.11349900e+03  9.30000000e-02  1.99890000e+01
 -2.18598222e+03  3.11558500e+03  9.30000000e-02  1.99680000e+01
 -2.18840619e+03  3.11595200e+03  9.30000000e-02  2.00580000e+01
 -2.18828996e+03  3.11902100e+03  9.30000000e-02  1.99730000e+01
 -2.18624281e+03  3.11826400e+03  9.30000000e-02  1.99720000e+01
 -2.18733791e+03  3.12058700e+03  9.30000000e-02  1.99720000e+01
 -2.19160673e+03  3.12717000e+03  9.30000000e-02  1.99730000e+01
 -2.19403263e+03  3.13188300e+03  9.30000000e-02  1.98930000e+01
 -2.20291698e+03  3.13815200e+03  9.30000000e-02  1.98190000e+01
 -2.21110932e+03  3.13859500e+03  9.30000000e-02  1.98190000e+01
 -2.21151078e+03  3.14046400e+03  9.30000000e-02  1.97830000e+01
 -2.21224951e+03  3.13948000e+03  9.60000000e-02  1.97300000e+01
 -2.21224951e+03  3.13948000e+03  9.60000000e-02  1.97300000e+01
 -2.21257780e+03  3.13992300e+03  9.60000000e-02  1.97300000e+01
 -2.20833251e+03  3.13676600e+03  9.70000000e-02  1.98410000e+01
 -2.20929067e+03  3.13556600e+03  9.70000000e-02  1.98630000e+01
 -2.21031349e+03  3.13819200e+03  9.70000000e-02  1.98820000e+01
 -2.21150007e+03  3.14140100e+03  9.60000000e-02  1.98560000e+01
 -2.21160423e+03  3.14282800e+03  9.60000000e-02  1.97650000e+01
 -2.21160423e+03  3.14282800e+03  9.60000000e-02  1.97650000e+01
 -2.20934513e+03  3.14132500e+03  9.60000000e-02  1.97600000e+01
 -2.20919691e+03  3.14275200e+03  9.50000000e-02  1.96140000e+01
 -2.21258845e+03  3.14430800e+03  9.50000000e-02  1.96490000e+01
 -2.22490138e+03  3.14671900e+03  9.40000000e-02  1.95600000e+01
 -2.22422155e+03  3.14649200e+03  9.40000000e-02  1.95600000e+01
 -2.23903211e+03  3.14804700e+03  9.40000000e-02  1.96110000e+01
 -2.24333900e+03  3.15344100e+03  9.40000000e-02  1.96060000e+01
 -2.24192482e+03  3.15508400e+03  9.40000000e-02  1.96020000e+01
 -2.24145063e+03  3.15538700e+03  9.40000000e-02  1.95620000e+01
 -2.24150721e+03  3.15912600e+03  9.40000000e-02  1.94760000e+01
 -2.24073103e+03  3.15867300e+03  9.50000000e-02  1.94750000e+01
 -2.23615594e+03  3.15769900e+03  9.50000000e-02  1.94740000e+01
 -2.23735785e+03  3.15980700e+03  9.50000000e-02  1.94320000e+01
 -2.24174090e+03  3.16091900e+03  9.50000000e-02  1.94750000e+01
 -2.25906490e+03  3.16630200e+03  9.50000000e-02  1.94520000e+01
 -2.25583905e+03  3.16520000e+03  9.50000000e-02  1.93830000e+01
 -2.26530568e+03  3.16774000e+03  9.50000000e-02  1.93820000e+01
 -2.26469896e+03  3.17006300e+03  9.50000000e-02  1.93830000e+01
 -2.26338316e+03  3.16766300e+03  9.50000000e-02  1.94310000e+01
 -2.26375133e+03  3.16878600e+03  9.50000000e-02  1.94400000e+01
 -2.26802933e+03  3.17064500e+03  9.50000000e-02  1.94430000e+01
 -2.26961063e+03  3.17295800e+03  9.50000000e-02  1.94430000e+01
 -2.27117820e+03  3.17691400e+03  9.50000000e-02  1.94430000e+01
 -2.27158746e+03  3.17736800e+03  9.50000000e-02  1.94430000e+01
 -2.27175274e+03  3.17916100e+03  9.50000000e-02  1.93460000e+01
 -2.26839102e+03  3.18028500e+03  9.50000000e-02  1.92180000e+01
 -2.27346344e+03  3.18350500e+03  9.50000000e-02  1.92140000e+01
 -2.27267438e+03  3.18297500e+03  9.50000000e-02  1.92480000e+01
 -2.27439001e+03  3.18474600e+03  9.50000000e-02  1.92480000e+01
 -2.27580887e+03  3.18496200e+03  9.50000000e-02  1.92480000e+01
 -2.28065549e+03  3.18728600e+03  9.50000000e-02  1.92400000e+01
 -2.27935043e+03  3.18781600e+03  9.50000000e-02  1.92140000e+01
 -2.28449835e+03  3.19222500e+03  9.50000000e-02  1.92000000e+01
 -2.29490774e+03  3.19588900e+03  9.40000000e-02  1.91640000e+01
 -2.29490774e+03  3.19588900e+03  9.40000000e-02  1.91640000e+01
 -2.29755621e+03  3.19948900e+03  9.40000000e-02  1.91110000e+01
 -2.30157438e+03  3.19972600e+03  9.40000000e-02  1.90670000e+01
 -2.30291231e+03  3.20083900e+03  9.40000000e-02  1.90670000e+01
 -2.30473753e+03  3.20436200e+03  9.40000000e-02  1.90790000e+01
 -2.30067428e+03  3.20106500e+03  9.40000000e-02  1.90830000e+01
 -2.30167004e+03  3.20270800e+03  9.40000000e-02  1.90740000e+01
 -2.30340887e+03  3.20479400e+03  9.40000000e-02  1.90210000e+01
 -2.30609163e+03  3.20225400e+03  9.40000000e-02  1.90560000e+01
 -2.30670726e+03  3.20180000e+03  9.40000000e-02  1.90510000e+01
 -2.30685298e+03  3.20216700e+03  9.40000000e-02  1.90140000e+01
 -2.30519897e+03  3.20075100e+03  9.40000000e-02  1.90070000e+01
 -2.31100793e+03  3.20051300e+03  9.40000000e-02  1.90540000e+01
 -2.31194624e+03  3.20238300e+03  9.50000000e-02  1.91310000e+01
 -2.31348275e+03  3.20723500e+03  9.50000000e-02  1.90110000e+01
 -2.31845621e+03  3.21074800e+03  9.50000000e-02  1.89900000e+01
 -2.31818911e+03  3.21298500e+03  9.50000000e-02  1.89380000e+01
 -2.31635886e+03  3.21605400e+03  9.40000000e-02  1.89350000e+01
 -2.32220806e+03  3.21651800e+03  9.40000000e-02  1.90000000e+01
 -2.32311222e+03  3.21807400e+03  9.40000000e-02  1.89820000e+01
 -2.32311222e+03  3.21807400e+03  9.40000000e-02  1.89820000e+01
 -2.32740070e+03  3.22060300e+03  9.40000000e-02  1.89870000e+01
 -2.33037624e+03  3.22567200e+03  9.40000000e-02  1.89400000e+01
 -2.33303868e+03  3.22963800e+03  9.40000000e-02  1.88730000e+01
 -2.33355809e+03  3.23106500e+03  9.40000000e-02  1.88380000e+01
 -2.34264219e+03  3.23270800e+03  9.40000000e-02  1.88380000e+01
 -2.34332319e+03  3.23449000e+03  9.40000000e-02  1.88150000e+01
 -2.34310888e+03  3.23329000e+03  9.40000000e-02  1.89350000e+01
 -2.34279677e+03  3.23747200e+03  9.40000000e-02  1.88700000e+01
 -2.34398244e+03  3.23867200e+03  9.40000000e-02  1.88820000e+01
 -2.35040853e+03  3.24134100e+03  9.40000000e-02  1.88710000e+01
 -2.35395654e+03  3.24374100e+03  9.40000000e-02  1.88710000e+01
 -2.36289583e+03  3.24529600e+03  9.40000000e-02  1.88710000e+01
 -2.36289583e+03  3.24529600e+03  9.40000000e-02  1.88710000e+01
 -2.36289583e+03  3.24529600e+03  9.40000000e-02  1.88710000e+01
 -2.36288270e+03  3.24827900e+03  9.40000000e-02  1.88360000e+01
 -2.36270691e+03  3.24642000e+03  9.40000000e-02  1.88830000e+01
 -2.36431733e+03  3.24859300e+03  9.40000000e-02  1.88320000e+01
 -2.36742199e+03  3.24814900e+03  9.40000000e-02  1.88810000e+01
 -2.36795568e+03  3.24881900e+03  9.40000000e-02  1.88770000e+01
 -2.36795568e+03  3.24881900e+03  9.40000000e-02  1.88770000e+01
 -2.37103960e+03  3.25464500e+03  9.40000000e-02  1.87440000e+01
 -2.37246931e+03  3.25606100e+03  9.40000000e-02  1.87420000e+01
 -2.37244436e+03  3.25628800e+03  9.40000000e-02  1.87440000e+01
 -2.37214824e+03  3.26114100e+03  9.40000000e-02  1.85480000e+01
 -2.37214824e+03  3.26114100e+03  9.40000000e-02  1.85480000e+01
 -2.39451756e+03  3.26687900e+03  9.40000000e-02  1.85380000e+01
 -2.39628984e+03  3.26852200e+03  9.40000000e-02  1.85400000e+01
 -2.39389506e+03  3.26620900e+03  9.40000000e-02  1.85400000e+01
 -2.40063470e+03  3.27122500e+03  9.40000000e-02  1.85190000e+01
 -2.40146440e+03  3.27309500e+03  9.40000000e-02  1.85170000e+01
 -2.40146440e+03  3.27309500e+03  9.40000000e-02  1.85170000e+01
 -2.40495196e+03  3.27420800e+03  9.40000000e-02  1.85120000e+01
 -2.40614504e+03  3.27509400e+03  9.40000000e-02  1.83240000e+01
 -2.40614504e+03  3.27509400e+03  9.40000000e-02  1.83240000e+01
 -2.40625358e+03  3.27717900e+03  9.40000000e-02  1.83030000e+01
 -2.40625358e+03  3.27717900e+03  9.40000000e-02  1.83030000e+01
 -2.40942030e+03  3.28287600e+03  9.40000000e-02  1.80890000e+01
 -2.40954726e+03  3.28398900e+03  9.40000000e-02  1.81030000e+01
 -2.40954726e+03  3.28398900e+03  9.40000000e-02  1.81030000e+01
 -2.41003793e+03  3.28683200e+03  9.40000000e-02  1.80980000e+01
 -2.41930922e+03  3.28741500e+03  9.40000000e-02  1.80960000e+01
 -2.41930922e+03  3.28741500e+03  9.40000000e-02  1.80960000e+01
 -2.41969810e+03  3.28920800e+03  9.40000000e-02  1.79550000e+01
 -2.42174048e+03  3.29040800e+03  9.40000000e-02  1.79550000e+01
 -2.42174048e+03  3.29040800e+03  9.40000000e-02  1.79550000e+01
 -2.42174048e+03  3.29040800e+03  9.40000000e-02  1.79550000e+01
 -2.41785372e+03  3.29205000e+03  9.40000000e-02  1.78640000e+01
 -2.41785372e+03  3.29205000e+03  9.40000000e-02  1.78640000e+01
 -2.41823920e+03  3.29404900e+03  9.40000000e-02  1.78370000e+01
 -2.41838065e+03  3.29106600e+03  9.40000000e-02  1.80100000e+01
 -2.41992987e+03  3.29239500e+03  9.40000000e-02  1.80100000e+01
 -2.41992987e+03  3.29239500e+03  9.40000000e-02  1.80100000e+01
 -2.43084875e+03  3.29471800e+03  9.40000000e-02  1.80030000e+01
 -2.43007892e+03  3.29494500e+03  9.40000000e-02  1.80300000e+01
 -2.43930775e+03  3.29464200e+03  9.40000000e-02  1.80550000e+01
 -2.43918032e+03  3.29187500e+03  9.40000000e-02  1.81560000e+01
 -2.44540766e+03  3.29749500e+03  9.40000000e-02  1.80020000e+01
 -2.44666791e+03  3.30123500e+03  9.40000000e-02  1.79310000e+01
 -2.44773299e+03  3.30256400e+03  9.40000000e-02  1.79310000e+01
 -2.44773299e+03  3.30256400e+03  9.40000000e-02  1.79310000e+01
 -2.44866928e+03  3.30203300e+03  9.40000000e-02  1.79240000e+01
 -2.44866928e+03  3.30203300e+03  9.40000000e-02  1.79240000e+01
 -2.45285006e+03  3.30435700e+03  9.40000000e-02  1.78160000e+01
 -2.45285006e+03  3.30435700e+03  9.40000000e-02  1.78160000e+01
 -2.46328218e+03  3.30832300e+03  9.40000000e-02  1.78080000e+01
 -2.46577499e+03  3.31250600e+03  9.40000000e-02  1.75870000e+01
 -2.46581623e+03  3.31273300e+03  9.40000000e-02  1.77440000e+01
 -2.46581623e+03  3.31273300e+03  9.40000000e-02  1.77440000e+01
 -2.46613268e+03  3.31295900e+03  9.40000000e-02  1.78000000e+01
 -2.46613268e+03  3.31295900e+03  9.40000000e-02  1.78000000e+01
 -2.46865413e+03  3.31431000e+03  9.40000000e-02  1.77720000e+01
 -2.46865413e+03  3.31431000e+03  9.40000000e-02  1.77720000e+01
 -2.47496573e+03  3.31542300e+03  9.40000000e-02  1.77640000e+01
 -2.47496573e+03  3.31542300e+03  9.40000000e-02  1.77640000e+01
 -2.47983199e+03  3.31716400e+03  9.40000000e-02  1.77630000e+01
 -2.47962019e+03  3.31806000e+03  9.40000000e-02  1.77160000e+01
 -2.47835000e+03  3.31849300e+03  9.40000000e-02  1.75990000e+01
 -2.47750098e+03  3.31796200e+03  9.40000000e-02  1.75990000e+01
 -2.47993836e+03  3.31916200e+03  9.40000000e-02  1.75990000e+01
 -2.48584076e+03  3.32103200e+03  9.40000000e-02  1.75960000e+01
 -2.49461504e+03  3.32311800e+03  9.40000000e-02  1.75130000e+01
 -2.49494842e+03  3.32357200e+03  9.40000000e-02  1.74670000e+01
 -2.50032505e+03  3.32612200e+03  9.40000000e-02  1.74690000e+01
 -2.50184648e+03  3.32865100e+03  9.30000000e-02  1.74470000e+01
 -2.50031632e+03  3.32887800e+03  9.30000000e-02  1.74100000e+01
 -2.50550974e+03  3.33329800e+03  9.30000000e-02  1.74130000e+01
 -2.50831187e+03  3.33756800e+03  9.30000000e-02  1.73840000e+01
 -2.50831187e+03  3.33756800e+03  9.30000000e-02  1.73840000e+01
 -2.51767815e+03  3.34363200e+03  9.30000000e-02  1.73840000e+01
 -2.51767815e+03  3.34363200e+03  9.30000000e-02  1.73840000e+01
 -2.52843820e+03  3.34407400e+03  9.30000000e-02  1.74030000e+01
 -2.53440818e+03  3.34660300e+03  9.30000000e-02  1.73830000e+01
 -2.53508154e+03  3.35198600e+03  9.30000000e-02  1.73370000e+01
 -2.53560059e+03  3.35080700e+03  9.30000000e-02  1.73890000e+01
 -2.53560059e+03  3.35080700e+03  9.30000000e-02  1.73890000e+01
 -2.53814809e+03  3.35126100e+03  9.30000000e-02  1.73890000e+01
 -2.53814809e+03  3.35126100e+03  9.30000000e-02  1.73890000e+01
 -2.54119470e+03  3.35358400e+03  9.30000000e-02  1.73800000e+01
 -2.54456352e+03  3.35718400e+03  9.30000000e-02  1.73230000e+01
 -2.54456352e+03  3.35718400e+03  9.30000000e-02  1.73230000e+01
 -2.54456352e+03  3.35718400e+03  9.30000000e-02  1.73230000e+01
 -2.54678464e+03  3.35807000e+03  9.30000000e-02  1.73440000e+01
 -2.54678464e+03  3.35807000e+03  9.30000000e-02  1.73440000e+01
 -2.55580446e+03  3.35963600e+03  9.30000000e-02  1.73510000e+01
 -2.56348820e+03  3.35932200e+03  9.30000000e-02  1.73630000e+01
 -2.56596033e+03  3.36373200e+03  9.30000000e-02  1.73200000e+01
 -2.56611422e+03  3.36792600e+03  9.30000000e-02  1.71290000e+01
 -2.56593493e+03  3.36881200e+03  9.30000000e-02  1.71190000e+01
 -2.56810019e+03  3.37023800e+03  9.30000000e-02  1.71300000e+01
 -2.56810019e+03  3.37023800e+03  9.30000000e-02  1.71300000e+01
 -2.57626912e+03  3.37554500e+03  9.30000000e-02  1.71300000e+01
 -2.58004416e+03  3.37884100e+03  9.30000000e-02  1.71120000e+01
 -2.57974418e+03  3.37576000e+03  9.30000000e-02  1.73250000e+01
 -2.57974418e+03  3.37576000e+03  9.30000000e-02  1.73250000e+01
 -2.57968828e+03  3.37486300e+03  9.30000000e-02  1.74210000e+01
 -2.57988286e+03  3.37673300e+03  9.30000000e-02  1.74090000e+01
 -2.57988286e+03  3.37673300e+03  9.30000000e-02  1.74090000e+01
 -2.58059662e+03  3.38038600e+03  9.30000000e-02  1.73220000e+01
 -2.58241676e+03  3.38315300e+03  9.30000000e-02  1.72910000e+01
 -2.58638470e+03  3.38636200e+03  9.30000000e-02  1.72910000e+01
 -2.58638470e+03  3.38636200e+03  9.30000000e-02  1.72910000e+01
 -2.59033775e+03  3.38680500e+03  9.30000000e-02  1.72570000e+01
 -2.59052228e+03  3.38671800e+03  9.30000000e-02  1.73230000e+01
 -2.58970203e+03  3.38641400e+03  9.30000000e-02  1.73580000e+01
 -2.58970203e+03  3.38641400e+03  9.30000000e-02  1.73580000e+01
 -2.58970203e+03  3.38641400e+03  9.30000000e-02  1.73580000e+01
 -2.59237262e+03  3.38829500e+03  9.30000000e-02  1.73670000e+01
 -2.59588289e+03  3.38896500e+03  1.07000000e-01  1.74150000e+01
 -2.59588289e+03  3.38896500e+03  1.07000000e-01  1.74150000e+01
 -2.59588289e+03  3.38896500e+03  1.07000000e-01  1.74150000e+01
 -2.59588289e+03  3.38896500e+03  1.07000000e-01  1.74150000e+01
 -2.59693458e+03  3.39247800e+03  1.07000000e-01  1.73140000e+01
 -2.59960912e+03  3.39434800e+03  1.07000000e-01  1.72960000e+01
 -2.60091095e+03  3.39642300e+03  1.07000000e-01  1.72650000e+01
 -2.60911833e+03  3.39872500e+03  1.07000000e-01  1.72320000e+01
 -2.60911833e+03  3.39872500e+03  1.07000000e-01  1.72320000e+01
 -2.61160853e+03  3.40356600e+03  1.07000000e-01  1.71450000e+01
 -2.61160853e+03  3.40356600e+03  1.07000000e-01  1.71450000e+01
 -2.61160853e+03  3.40356600e+03  1.07000000e-01  1.71450000e+01
 -2.61969714e+03  3.40918700e+03  1.07000000e-01  1.70680000e+01
 -2.61970105e+03  3.41359700e+03  1.07000000e-01  1.68640000e+01
 -2.62011727e+03  3.41582200e+03  1.07000000e-01  1.68400000e+01
 -2.62447984e+03  3.41656900e+03  1.07000000e-01  1.69420000e+01
 -2.62577448e+03  3.41923800e+03  1.07000000e-01  1.67870000e+01
 -2.62579543e+03  3.41968000e+03  1.07000000e-01  1.67830000e+01
 -2.62577366e+03  3.41878400e+03  1.07000000e-01  1.68560000e+01
 -2.62577366e+03  3.41878400e+03  1.07000000e-01  1.68560000e+01
 -2.62577366e+03  3.41878400e+03  1.07000000e-01  1.68560000e+01
 -2.62577366e+03  3.41878400e+03  1.07000000e-01  1.68560000e+01
 -2.62577366e+03  3.41878400e+03  1.07000000e-01  1.68560000e+01
 -2.62655064e+03  3.42229700e+03  1.07000000e-01  1.68000000e+01
 -2.62655064e+03  3.42229700e+03  1.07000000e-01  1.68000000e+01
 -2.62655064e+03  3.42229700e+03  1.07000000e-01  1.68000000e+01
 -2.62774940e+03  3.42282700e+03  1.07000000e-01  1.68000000e+01
 -2.63594741e+03  3.42469700e+03  1.07000000e-01  1.67980000e+01
 -2.64687132e+03  3.42723700e+03  1.07000000e-01  1.68080000e+01
 -2.64687132e+03  3.42723700e+03  1.07000000e-01  1.68080000e+01
 -2.64687132e+03  3.42723700e+03  1.07000000e-01  1.68080000e+01
 -2.65000975e+03  3.42976500e+03  1.07000000e-01  1.68080000e+01
 -2.65058465e+03  3.42625200e+03  1.07000000e-01  1.68080000e+01
 -2.65058465e+03  3.42625200e+03  1.07000000e-01  1.68080000e+01
 -2.65058465e+03  3.42625200e+03  1.07000000e-01  1.68080000e+01
 -2.64995778e+03  3.42482500e+03  1.07000000e-01  1.68200000e+01
 -2.65014751e+03  3.42384100e+03  1.07000000e-01  1.68590000e+01
 -2.65048578e+03  3.42616400e+03  1.07000000e-01  1.67810000e+01
 -2.65048578e+03  3.42616400e+03  1.07000000e-01  1.67810000e+01
 -2.65132380e+03  3.42652000e+03  1.07000000e-01  1.67930000e+01
 -2.65118750e+03  3.42687600e+03  1.07000000e-01  1.67120000e+01
 -2.65118750e+03  3.42687600e+03  1.07000000e-01  1.67120000e+01
 -2.65118750e+03  3.42687600e+03  1.07000000e-01  1.67120000e+01
 -2.65368301e+03  3.42964300e+03  1.07000000e-01  1.66830000e+01
 -2.65476326e+03  3.43151200e+03  1.07000000e-01  1.66170000e+01
 -2.65476326e+03  3.43151200e+03  1.07000000e-01  1.66170000e+01
 -2.66636142e+03  3.43810600e+03  1.07000000e-01  1.65260000e+01
 -2.67363782e+03  3.43810600e+03  1.07000000e-01  1.64760000e+01
 -2.67868184e+03  3.43900300e+03  1.07000000e-01  1.64760000e+01
 -2.68710614e+03  3.44394300e+03  1.07000000e-01  1.63870000e+01
 -2.68611161e+03  3.44261400e+03  1.07000000e-01  1.63870000e+01
 -2.70310582e+03  3.44228900e+03  1.07000000e-01  1.64140000e+01
 -2.70310582e+03  3.44228900e+03  1.07000000e-01  1.64140000e+01
 -2.70310582e+03  3.44228900e+03  1.07000000e-01  1.64140000e+01
 -2.70441035e+03  3.44384400e+03  1.07000000e-01  1.64160000e+01
 -2.70833795e+03  3.44407100e+03  1.07000000e-01  1.64240000e+01
 -2.70831983e+03  3.44376800e+03  1.07000000e-01  1.64580000e+01
 -2.70962816e+03  3.44683700e+03  1.07000000e-01  1.64690000e+01
 -2.71029833e+03  3.44969100e+03  1.07000000e-01  1.64640000e+01
 -2.72737769e+03  3.45223100e+03  1.07000000e-01  1.65160000e+01
 -2.72737769e+03  3.45223100e+03  1.07000000e-01  1.65160000e+01
 -2.73576152e+03  3.45335400e+03  1.07000000e-01  1.65030000e+01
 -2.73640927e+03  3.45566700e+03  1.07000000e-01  1.65210000e+01
 -2.73847771e+03  3.45796900e+03  1.07000000e-01  1.65210000e+01
 -2.73847771e+03  3.45796900e+03  1.07000000e-01  1.65210000e+01
 -2.73847771e+03  3.45796900e+03  1.07000000e-01  1.65210000e+01
 -2.73859311e+03  3.45993700e+03  1.07000000e-01  1.63970000e+01
 -2.73859311e+03  3.45993700e+03  1.07000000e-01  1.63970000e+01
 -2.73859311e+03  3.45993700e+03  1.07000000e-01  1.63970000e+01
 -2.74243092e+03  3.46150300e+03  1.07000000e-01  1.63850000e+01
 -2.74243092e+03  3.46150300e+03  1.07000000e-01  1.63850000e+01
 -2.74263881e+03  3.46270300e+03  1.07000000e-01  1.63840000e+01
 -2.74253810e+03  3.46074600e+03  1.07000000e-01  1.66240000e+01
 -2.74253810e+03  3.46074600e+03  1.07000000e-01  1.66240000e+01
 -2.74871925e+03  3.46681000e+03  1.07000000e-01  1.65540000e+01
 -2.74871925e+03  3.46681000e+03  1.07000000e-01  1.65540000e+01
 -2.75153355e+03  3.46725300e+03  1.07000000e-01  1.65640000e+01
 -2.75585152e+03  3.46680900e+03  1.07000000e-01  1.65640000e+01
 -2.75585152e+03  3.46680900e+03  1.07000000e-01  1.65640000e+01
 -2.75585152e+03  3.46680900e+03  1.07000000e-01  1.65640000e+01
 -2.75772729e+03  3.46726300e+03  1.07000000e-01  1.65480000e+01
 -2.75772729e+03  3.46726300e+03  1.07000000e-01  1.65480000e+01
 -2.75772729e+03  3.46726300e+03  1.07000000e-01  1.65480000e+01
 -2.75772729e+03  3.46726300e+03  1.07000000e-01  1.65480000e+01
 -2.75787952e+03  3.46682000e+03  1.07000000e-01  1.65990000e+01
 -2.75787952e+03  3.46682000e+03  1.07000000e-01  1.65990000e+01
 -2.76048629e+03  3.46847400e+03  1.07000000e-01  1.65950000e+01
 -2.76048629e+03  3.46847400e+03  1.07000000e-01  1.65950000e+01
 -2.76131186e+03  3.46957600e+03  1.07000000e-01  1.65150000e+01
 -2.76131186e+03  3.46957600e+03  1.07000000e-01  1.65150000e+01
 -2.76134136e+03  3.47046200e+03  1.07000000e-01  1.65160000e+01
 -2.76134136e+03  3.47046200e+03  1.07000000e-01  1.65160000e+01
 -2.76134136e+03  3.47046200e+03  1.07000000e-01  1.65160000e+01
 -2.76134136e+03  3.47046200e+03  1.07000000e-01  1.65160000e+01
 -2.76143788e+03  3.47068800e+03  1.07000000e-01  1.65250000e+01
 -2.76143788e+03  3.47068800e+03  1.07000000e-01  1.65250000e+01
 -2.76143788e+03  3.47068800e+03  1.07000000e-01  1.65250000e+01
 -2.76143788e+03  3.47068800e+03  1.07000000e-01  1.65250000e+01
 -2.77061427e+03  3.47749800e+03  1.07000000e-01  1.65250000e+01
 -2.77061427e+03  3.47749800e+03  1.07000000e-01  1.65250000e+01
 -2.77061427e+03  3.47749800e+03  1.07000000e-01  1.65250000e+01
 -2.77061427e+03  3.47749800e+03  1.07000000e-01  1.65250000e+01
 -2.78203764e+03  3.47717300e+03  1.07000000e-01  1.65250000e+01
 -2.78225092e+03  3.47828600e+03  1.07000000e-01  1.65230000e+01
 -2.78215169e+03  3.47708600e+03  1.07000000e-01  1.65920000e+01
 -2.78249616e+03  3.47939900e+03  1.07000000e-01  1.65560000e+01
 -2.78747488e+03  3.48282500e+03  1.07000000e-01  1.65410000e+01
 -2.78761651e+03  3.48393700e+03  1.07000000e-01  1.65280000e+01
 -2.78761651e+03  3.48393700e+03  1.07000000e-01  1.65280000e+01
 -2.78761651e+03  3.48393700e+03  1.07000000e-01  1.65280000e+01
 -2.78761651e+03  3.48393700e+03  1.07000000e-01  1.65280000e+01
 -2.79425898e+03  3.48416400e+03  1.07000000e-01  1.64970000e+01
 -2.79896110e+03  3.48581800e+03  1.07000000e-01  1.64970000e+01
 -2.79896110e+03  3.48581800e+03  1.07000000e-01  1.64970000e+01
 -2.79896110e+03  3.48581800e+03  1.07000000e-01  1.64970000e+01
 -2.80090476e+03  3.48955800e+03  1.07000000e-01  1.64340000e+01
 -2.80586850e+03  3.49329800e+03  1.07000000e-01  1.64240000e+01
 -2.80586850e+03  3.49329800e+03  1.07000000e-01  1.64240000e+01
 -2.80590760e+03  3.49307000e+03  1.07000000e-01  1.64380000e+01
 -2.80729147e+03  3.49441000e+03  1.07000000e-01  1.64250000e+01
 -2.80729147e+03  3.49441000e+03  1.07000000e-01  1.64250000e+01
 -2.80729147e+03  3.49441000e+03  1.07000000e-01  1.64250000e+01
 -2.81614414e+03  3.49605300e+03  1.07000000e-01  1.64090000e+01
 -2.81614414e+03  3.49605300e+03  1.07000000e-01  1.64090000e+01
 -2.82055910e+03  3.49879800e+03  1.07000000e-01  1.64090000e+01
 -2.82087414e+03  3.50021400e+03  1.07000000e-01  1.63550000e+01
 -2.82523289e+03  3.49976000e+03  1.07000000e-01  1.64780000e+01
 -2.82539833e+03  3.50051700e+03  1.07000000e-01  1.65000000e+01
 -2.83984082e+03  3.50126300e+03  1.08000000e-01  1.65110000e+01
 -2.83984082e+03  3.50126300e+03  1.08000000e-01  1.65110000e+01
 -2.85068363e+03  3.50029000e+03  1.08000000e-01  1.66060000e+01
 -2.85068363e+03  3.50029000e+03  1.08000000e-01  1.66060000e+01
 -2.85068363e+03  3.50029000e+03  1.08000000e-01  1.66060000e+01
 -2.85100713e+03  3.50096000e+03  1.08000000e-01  1.66020000e+01
 -2.85100713e+03  3.50096000e+03  1.08000000e-01  1.66020000e+01
 -2.85100713e+03  3.50096000e+03  1.08000000e-01  1.66020000e+01
 -2.85314464e+03  3.50351000e+03  1.08000000e-01  1.65970000e+01
 -2.85395688e+03  3.50461300e+03  1.08000000e-01  1.64130000e+01
 -2.85807511e+03  3.50693600e+03  1.08000000e-01  1.64030000e+01
 -2.85807511e+03  3.50693600e+03  1.08000000e-01  1.64030000e+01
 -2.86531059e+03  3.50662200e+03  1.08000000e-01  1.63990000e+01
 -2.86588483e+03  3.50749700e+03  1.08000000e-01  1.64210000e+01
 -2.86588483e+03  3.50749700e+03  1.08000000e-01  1.64210000e+01
 -2.86629954e+03  3.50981000e+03  1.08000000e-01  1.64300000e+01
 -2.86629954e+03  3.50981000e+03  1.08000000e-01  1.64300000e+01
 -2.86625418e+03  3.51078300e+03  1.08000000e-01  1.63700000e+01
 -2.86625418e+03  3.51078300e+03  1.08000000e-01  1.63700000e+01
 -2.86625418e+03  3.51078300e+03  1.08000000e-01  1.63700000e+01
 -2.87200890e+03  3.51211100e+03  1.08000000e-01  1.63280000e+01
 -2.87200890e+03  3.51211100e+03  1.08000000e-01  1.63280000e+01
 -2.87200890e+03  3.51211100e+03  1.08000000e-01  1.63280000e+01
 -2.87200890e+03  3.51211100e+03  1.08000000e-01  1.63280000e+01
 -2.87212413e+03  3.51548500e+03  1.08000000e-01  1.62620000e+01
 -2.87212413e+03  3.51548500e+03  1.08000000e-01  1.62620000e+01
 -2.87621439e+03  3.51780800e+03  1.08000000e-01  1.62290000e+01
 -2.87588601e+03  3.51639200e+03  1.08000000e-01  1.62340000e+01
 -2.87588601e+03  3.51639200e+03  1.08000000e-01  1.62340000e+01
 -2.87588601e+03  3.51639200e+03  1.08000000e-01  1.62340000e+01
 -2.87588601e+03  3.51639200e+03  1.08000000e-01  1.62340000e+01
 -2.88463636e+03  3.51541900e+03  1.09000000e-01  1.62750000e+01
 -2.88463636e+03  3.51541900e+03  1.09000000e-01  1.62750000e+01
 -2.88463636e+03  3.51541900e+03  1.09000000e-01  1.62750000e+01
 -2.88463636e+03  3.51541900e+03  1.09000000e-01  1.62750000e+01
 -2.88463636e+03  3.51541900e+03  1.09000000e-01  1.62750000e+01
 -2.88480460e+03  3.51654200e+03  1.09000000e-01  1.62790000e+01
 -2.89133244e+03  3.52215200e+03  1.09000000e-01  1.62750000e+01
 -2.89133244e+03  3.52215200e+03  1.09000000e-01  1.62750000e+01
 -2.89661966e+03  3.52469200e+03  1.09000000e-01  1.62130000e+01
 -2.89661966e+03  3.52469200e+03  1.09000000e-01  1.62130000e+01
 -2.89811326e+03  3.52633400e+03  1.09000000e-01  1.62100000e+01
 -2.89957462e+03  3.52798800e+03  1.09000000e-01  1.61740000e+01
 -2.90302163e+03  3.52635600e+03  1.09000000e-01  1.62010000e+01
 -2.90369974e+03  3.52822500e+03  1.09000000e-01  1.61680000e+01
 -2.90811081e+03  3.53008400e+03  1.09000000e-01  1.61820000e+01
 -2.90811081e+03  3.53008400e+03  1.09000000e-01  1.61820000e+01
 -2.91279023e+03  3.53053800e+03  1.09000000e-01  1.61580000e+01
 -2.92456451e+03  3.53427800e+03  1.09000000e-01  1.61590000e+01
 -2.92464225e+03  3.53615800e+03  1.09000000e-01  1.61120000e+01
 -2.92464225e+03  3.53615800e+03  1.09000000e-01  1.61120000e+01
 -2.92464225e+03  3.53615800e+03  1.09000000e-01  1.61120000e+01
 -2.92464225e+03  3.53615800e+03  1.09000000e-01  1.61120000e+01
 -2.94388744e+03  3.54289200e+03  1.09000000e-01  1.60600000e+01
 -2.94669065e+03  3.54289200e+03  1.09000000e-01  1.60600000e+01
 -2.94893875e+03  3.54310800e+03  1.09000000e-01  1.61100000e+01
 -2.94887982e+03  3.54265400e+03  1.08000000e-01  1.60960000e+01
 -2.95344079e+03  3.54235100e+03  1.08000000e-01  1.61070000e+01
 -2.95546991e+03  3.54588500e+03  1.08000000e-01  1.60420000e+01
 -2.95546991e+03  3.54588500e+03  1.08000000e-01  1.60420000e+01
 -2.95535901e+03  3.54565800e+03  1.08000000e-01  1.60570000e+01
 -2.95648197e+03  3.54720300e+03  1.08000000e-01  1.60570000e+01
 -2.95709826e+03  3.54765600e+03  1.08000000e-01  1.60570000e+01
 -2.95906204e+03  3.55019600e+03  1.08000000e-01  1.60460000e+01
 -2.96056924e+03  3.55085500e+03  1.08000000e-01  1.60450000e+01
 -2.96056924e+03  3.55085500e+03  1.08000000e-01  1.60450000e+01
 -2.96603094e+03  3.55361100e+03  1.08000000e-01  1.60280000e+01
 -2.96603094e+03  3.55361100e+03  1.08000000e-01  1.60280000e+01
 -2.96603094e+03  3.55361100e+03  1.08000000e-01  1.60280000e+01
 -2.96603094e+03  3.55361100e+03  1.08000000e-01  1.60280000e+01
 -2.97129978e+03  3.55548000e+03  1.08000000e-01  1.59460000e+01
 -2.97943008e+03  3.55682000e+03  1.08000000e-01  1.59460000e+01
 -2.98147734e+03  3.55770600e+03  1.08000000e-01  1.59970000e+01
 -2.98333138e+03  3.55760800e+03  1.08000000e-01  1.60080000e+01
 -2.98333138e+03  3.55760800e+03  1.08000000e-01  1.60080000e+01
 -2.98343651e+03  3.55773700e+03  1.08000000e-01  1.59550000e+01
 -2.98513956e+03  3.56026600e+03  1.08000000e-01  1.59490000e+01
 -2.98513956e+03  3.56026600e+03  1.08000000e-01  1.59490000e+01
 -2.98807390e+03  3.56146600e+03  1.08000000e-01  1.59880000e+01
 -2.98807390e+03  3.56146600e+03  1.08000000e-01  1.59880000e+01
 -2.99627663e+03  3.56213600e+03  1.08000000e-01  1.59890000e+01
 -2.99703818e+03  3.56279500e+03  1.08000000e-01  1.59840000e+01
 -2.99703818e+03  3.56279500e+03  1.08000000e-01  1.59840000e+01
 -2.99703818e+03  3.56279500e+03  1.08000000e-01  1.59840000e+01
 -2.99664850e+03  3.56325900e+03  1.08000000e-01  1.58860000e+01
 -2.99767621e+03  3.56504200e+03  1.08000000e-01  1.58550000e+01
 -2.99767621e+03  3.56504200e+03  1.08000000e-01  1.58550000e+01
 -3.00093876e+03  3.56460900e+03  1.08000000e-01  1.59100000e+01
 -3.00093876e+03  3.56460900e+03  1.08000000e-01  1.59100000e+01
 -3.00093876e+03  3.56460900e+03  1.08000000e-01  1.59100000e+01
 -3.01102251e+03  3.56504200e+03  1.08000000e-01  1.59320000e+01
 -3.01626492e+03  3.56317200e+03  1.08000000e-01  1.60050000e+01
 -3.01725337e+03  3.56360400e+03  1.08000000e-01  1.59860000e+01
 -3.01741284e+03  3.56547400e+03  1.08000000e-01  1.58260000e+01
 -3.01741284e+03  3.56547400e+03  1.08000000e-01  1.58260000e+01
 -3.01756927e+03  3.56845700e+03  1.08000000e-01  1.56770000e+01
 -3.01756927e+03  3.56845700e+03  1.08000000e-01  1.56770000e+01
 -3.02563725e+03  3.57143900e+03  1.08000000e-01  1.56760000e+01
 -3.02563725e+03  3.57143900e+03  1.08000000e-01  1.56760000e+01
 -3.02563725e+03  3.57143900e+03  1.08000000e-01  1.56760000e+01
 -3.02563725e+03  3.57143900e+03  1.08000000e-01  1.56760000e+01
 -3.02563725e+03  3.57143900e+03  1.08000000e-01  1.56760000e+01
 -3.02731423e+03  3.57120100e+03  1.08000000e-01  1.57770000e+01
 -3.02918973e+03  3.57308200e+03  1.08000000e-01  1.57770000e+01
 -3.02918973e+03  3.57308200e+03  1.08000000e-01  1.57770000e+01
 -3.03528958e+03  3.57308200e+03  1.08000000e-01  1.57770000e+01
 -3.03550127e+03  3.57419500e+03  1.08000000e-01  1.56820000e+01
 -3.03715228e+03  3.57486500e+03  1.08000000e-01  1.56820000e+01
 -3.04372402e+03  3.57762100e+03  1.08000000e-01  1.56730000e+01
 -3.04678357e+03  3.58069100e+03  1.08000000e-01  1.56630000e+01
 -3.05055789e+03  3.58157600e+03  1.08000000e-01  1.56620000e+01
 -3.05227631e+03  3.58457000e+03  1.08000000e-01  1.56570000e+01
 -3.05227631e+03  3.58457000e+03  1.08000000e-01  1.56570000e+01
 -3.05227631e+03  3.58457000e+03  1.08000000e-01  1.56570000e+01
 -3.06772994e+03  3.59018000e+03  1.08000000e-01  1.55930000e+01
 -3.06857360e+03  3.58995300e+03  1.08000000e-01  1.56440000e+01
 -3.06857360e+03  3.58995300e+03  1.08000000e-01  1.56440000e+01
 -3.07402901e+03  3.59225500e+03  1.08000000e-01  1.57630000e+01
 -3.07402901e+03  3.59225500e+03  1.08000000e-01  1.57630000e+01
 -3.07402901e+03  3.59225500e+03  1.08000000e-01  1.57630000e+01
 -3.07544073e+03  3.59083900e+03  1.08000000e-01  1.57730000e+01
 -3.07544073e+03  3.59083900e+03  1.08000000e-01  1.57730000e+01
 -3.07544073e+03  3.59083900e+03  1.08000000e-01  1.57730000e+01
 -3.07556470e+03  3.59015800e+03  1.08000000e-01  1.58390000e+01
 -3.08333156e+03  3.58850400e+03  1.08000000e-01  1.58960000e+01
 -3.08374525e+03  3.58618000e+03  1.08000000e-01  1.60180000e+01
 -3.08374525e+03  3.58618000e+03  1.08000000e-01  1.60180000e+01
 -3.08374525e+03  3.58618000e+03  1.08000000e-01  1.60180000e+01
 -3.08462398e+03  3.58817900e+03  1.08000000e-01  1.60040000e+01
 -3.08479603e+03  3.58675200e+03  1.08000000e-01  1.61050000e+01
 -3.08479603e+03  3.58675200e+03  1.08000000e-01  1.61050000e+01
 -3.08479603e+03  3.58675200e+03  1.08000000e-01  1.61050000e+01
 -3.08481350e+03  3.58720500e+03  1.08000000e-01  1.61030000e+01
 -3.08481350e+03  3.58720500e+03  1.08000000e-01  1.61030000e+01
 -3.08492902e+03  3.58676200e+03  1.08000000e-01  1.61470000e+01
 -3.08492902e+03  3.58676200e+03  1.08000000e-01  1.61470000e+01
 -3.08492902e+03  3.58676200e+03  1.08000000e-01  1.61470000e+01
 -3.10040076e+03  3.58877200e+03  1.08000000e-01  1.61540000e+01
 -3.10040076e+03  3.58877200e+03  1.08000000e-01  1.61540000e+01
 -3.10040076e+03  3.58877200e+03  1.08000000e-01  1.61540000e+01
 -3.10128934e+03  3.58898800e+03  1.08000000e-01  1.61830000e+01
 -3.10128934e+03  3.58898800e+03  1.08000000e-01  1.61830000e+01
 -3.10194275e+03  3.59011100e+03  1.08000000e-01  1.61830000e+01
 -3.10194275e+03  3.59011100e+03  1.08000000e-01  1.61830000e+01
 -3.10195938e+03  3.59032700e+03  1.08000000e-01  1.61880000e+01
 -3.10195938e+03  3.59032700e+03  1.08000000e-01  1.61880000e+01
 -3.10195938e+03  3.59032700e+03  1.08000000e-01  1.61880000e+01
 -3.10195938e+03  3.59032700e+03  1.08000000e-01  1.61880000e+01
 -3.10195938e+03  3.59032700e+03  1.08000000e-01  1.61880000e+01
 -3.10231566e+03  3.58989500e+03  1.11000000e-01  1.61400000e+01
 -3.10231566e+03  3.58989500e+03  1.11000000e-01  1.61400000e+01
 -3.10441101e+03  3.58900900e+03  1.11000000e-01  1.61580000e+01
 -3.10441101e+03  3.58900900e+03  1.11000000e-01  1.61580000e+01
 -3.10441101e+03  3.58900900e+03  1.11000000e-01  1.61580000e+01
 -3.10657106e+03  3.58924600e+03  1.11000000e-01  1.61620000e+01
 -3.10657106e+03  3.58924600e+03  1.11000000e-01  1.61620000e+01
 -3.10657106e+03  3.58924600e+03  1.11000000e-01  1.61620000e+01
 -3.11010347e+03  3.59200200e+03  1.11000000e-01  1.61430000e+01
 -3.11044601e+03  3.59334200e+03  1.11000000e-01  1.61340000e+01
 -3.11044601e+03  3.59334200e+03  1.11000000e-01  1.61340000e+01
 -3.11434044e+03  3.59565400e+03  1.11000000e-01  1.61140000e+01
 -3.11434044e+03  3.59565400e+03  1.11000000e-01  1.61140000e+01
 -3.11679421e+03  3.60006400e+03  1.11000000e-01  1.60260000e+01
 -3.11907660e+03  3.60259400e+03  1.11000000e-01  1.59810000e+01
 -3.12645535e+03  3.60460300e+03  1.11000000e-01  1.59010000e+01
 -3.12645535e+03  3.60460300e+03  1.11000000e-01  1.59010000e+01
 -3.12742147e+03  3.60273300e+03  1.11000000e-01  1.59930000e+01
 -3.12880358e+03  3.60394400e+03  1.11000000e-01  1.59920000e+01
 -3.12880358e+03  3.60394400e+03  1.11000000e-01  1.59920000e+01
 -3.12880358e+03  3.60394400e+03  1.11000000e-01  1.59920000e+01
 -3.12880358e+03  3.60394400e+03  1.11000000e-01  1.59920000e+01
 -3.12880358e+03  3.60394400e+03  1.11000000e-01  1.59920000e+01
 -3.13188183e+03  3.60618000e+03  1.11000000e-01  1.59810000e+01
 -3.13188183e+03  3.60618000e+03  1.11000000e-01  1.59810000e+01
 -3.13188183e+03  3.60618000e+03  1.11000000e-01  1.59810000e+01
 -3.13188183e+03  3.60618000e+03  1.11000000e-01  1.59810000e+01
 -3.13188183e+03  3.60618000e+03  1.11000000e-01  1.59810000e+01
 -3.13697753e+03  3.60795200e+03  1.11000000e-01  1.61080000e+01
 -3.13697753e+03  3.60795200e+03  1.11000000e-01  1.61080000e+01
 -3.13702415e+03  3.60870900e+03  1.11000000e-01  1.60780000e+01
 -3.14775475e+03  3.60937900e+03  1.11000000e-01  1.60780000e+01
 -3.14780222e+03  3.61080600e+03  1.11000000e-01  1.60430000e+01
 -3.15320245e+03  3.61378800e+03  1.11000000e-01  1.59850000e+01
 -3.15320245e+03  3.61378800e+03  1.11000000e-01  1.59850000e+01
 -3.15320245e+03  3.61378800e+03  1.11000000e-01  1.59850000e+01
 -3.16063621e+03  3.61093400e+03  1.11000000e-01  1.60250000e+01
 -3.16055713e+03  3.61204700e+03  1.11000000e-01  1.60120000e+01
 -3.16055713e+03  3.61204700e+03  1.11000000e-01  1.60120000e+01
 -3.16055713e+03  3.61204700e+03  1.11000000e-01  1.60120000e+01
 -3.16482074e+03  3.61415400e+03  1.11000000e-01  1.60100000e+01
 -3.16482074e+03  3.61415400e+03  1.11000000e-01  1.60100000e+01
 -3.16590783e+03  3.61460800e+03  1.11000000e-01  1.60100000e+01
 -3.16590783e+03  3.61460800e+03  1.11000000e-01  1.60100000e+01
 -3.16590783e+03  3.61460800e+03  1.11000000e-01  1.60100000e+01
 -3.16590783e+03  3.61460800e+03  1.11000000e-01  1.60100000e+01
 -3.16590783e+03  3.61460800e+03  1.11000000e-01  1.60100000e+01
 -3.16754472e+03  3.61572100e+03  1.11000000e-01  1.60140000e+01
 -3.16754472e+03  3.61572100e+03  1.11000000e-01  1.60140000e+01
 -3.16855958e+03  3.61856400e+03  1.11000000e-01  1.58700000e+01
 -3.16855958e+03  3.61856400e+03  1.11000000e-01  1.58700000e+01
 -3.16855958e+03  3.61856400e+03  1.11000000e-01  1.58700000e+01
 -3.16855958e+03  3.61856400e+03  1.11000000e-01  1.58700000e+01
 -3.16855958e+03  3.61856400e+03  1.11000000e-01  1.58700000e+01
 -3.17062412e+03  3.62132000e+03  1.11000000e-01  1.58460000e+01
 -3.17062412e+03  3.62132000e+03  1.11000000e-01  1.58460000e+01
 -3.17062412e+03  3.62132000e+03  1.11000000e-01  1.58460000e+01
 -3.17062412e+03  3.62132000e+03  1.11000000e-01  1.58460000e+01
 -3.17062412e+03  3.62132000e+03  1.11000000e-01  1.58460000e+01
 -3.17745388e+03  3.62274700e+03  1.11000000e-01  1.58530000e+01
 -3.17822783e+03  3.62200000e+03  1.11000000e-01  1.58470000e+01
 -3.17822783e+03  3.62200000e+03  1.11000000e-01  1.58470000e+01
 -3.17822783e+03  3.62200000e+03  1.11000000e-01  1.58470000e+01
 -3.17928853e+03  3.62385900e+03  1.11000000e-01  1.58580000e+01
 -3.17956675e+03  3.62618300e+03  1.11000000e-01  1.58370000e+01
 -3.17956675e+03  3.62618300e+03  1.11000000e-01  1.58370000e+01
 -3.17956675e+03  3.62618300e+03  1.11000000e-01  1.58370000e+01
 -3.18053960e+03  3.62715600e+03  1.11000000e-01  1.58390000e+01
 -3.18053960e+03  3.62715600e+03  1.11000000e-01  1.58390000e+01
 -3.18053960e+03  3.62715600e+03  1.11000000e-01  1.58390000e+01
 -3.18053960e+03  3.62715600e+03  1.11000000e-01  1.58390000e+01
 -3.18053960e+03  3.62715600e+03  1.11000000e-01  1.58390000e+01
 -3.18053960e+03  3.62715600e+03  1.11000000e-01  1.58390000e+01
 -3.18053960e+03  3.62715600e+03  1.11000000e-01  1.58390000e+01
 -3.18162031e+03  3.62332900e+03  1.11000000e-01  1.59010000e+01
 -3.18162031e+03  3.62332900e+03  1.11000000e-01  1.59010000e+01
 -3.18477681e+03  3.62542500e+03  1.11000000e-01  1.58590000e+01
 -3.18477681e+03  3.62542500e+03  1.11000000e-01  1.58590000e+01
 -3.18477681e+03  3.62542500e+03  1.11000000e-01  1.58590000e+01
 -3.18477681e+03  3.62542500e+03  1.11000000e-01  1.58590000e+01
 -3.18477681e+03  3.62542500e+03  1.11000000e-01  1.58590000e+01
 -3.18477681e+03  3.62542500e+03  1.11000000e-01  1.58590000e+01
 -3.18737966e+03  3.62700300e+03  1.11000000e-01  1.58410000e+01
 -3.18761172e+03  3.62746800e+03  1.11000000e-01  1.58260000e+01
 -3.18920830e+03  3.62835300e+03  1.11000000e-01  1.58260000e+01
 -3.18920830e+03  3.62835300e+03  1.11000000e-01  1.58260000e+01
 -3.18921419e+03  3.62813700e+03  1.11000000e-01  1.58740000e+01
 -3.18921419e+03  3.62813700e+03  1.11000000e-01  1.58740000e+01
 -3.18921419e+03  3.62813700e+03  1.11000000e-01  1.58740000e+01
 -3.18921419e+03  3.62813700e+03  1.11000000e-01  1.58740000e+01
 -3.18921419e+03  3.62813700e+03  1.11000000e-01  1.58740000e+01
 -3.18921419e+03  3.62813700e+03  1.11000000e-01  1.58740000e+01
 -3.18921419e+03  3.62813700e+03  1.11000000e-01  1.58740000e+01
 -3.18921419e+03  3.62813700e+03  1.11000000e-01  1.58740000e+01
 -3.18921419e+03  3.62813700e+03  1.11000000e-01  1.58740000e+01
 -3.19013907e+03  3.62933700e+03  1.11000000e-01  1.59180000e+01
 -3.19013907e+03  3.62933700e+03  1.11000000e-01  1.59180000e+01
 -3.19401258e+03  3.63166100e+03  1.11000000e-01  1.58280000e+01
 -3.19455794e+03  3.62979100e+03  1.11000000e-01  1.60130000e+01
 -3.19490017e+03  3.63090400e+03  1.11000000e-01  1.60140000e+01
 -3.19490017e+03  3.63090400e+03  1.11000000e-01  1.60140000e+01
 -3.19490017e+03  3.63090400e+03  1.11000000e-01  1.60140000e+01
 -3.19490017e+03  3.63090400e+03  1.11000000e-01  1.60140000e+01
 -3.19490017e+03  3.63090400e+03  1.11000000e-01  1.60140000e+01
 -3.19490017e+03  3.63090400e+03  1.11000000e-01  1.60140000e+01
 -3.19740308e+03  3.63045000e+03  1.11000000e-01  1.60450000e+01
 -3.19740308e+03  3.63045000e+03  1.11000000e-01  1.60450000e+01
 -3.19740308e+03  3.63045000e+03  1.11000000e-01  1.60450000e+01
 -3.19740308e+03  3.63045000e+03  1.11000000e-01  1.60450000e+01
 -3.20046557e+03  3.62782300e+03  1.11000000e-01  1.60960000e+01
 -3.20046557e+03  3.62782300e+03  1.11000000e-01  1.60960000e+01
 -3.20046557e+03  3.62782300e+03  1.11000000e-01  1.60960000e+01
 -3.20046557e+03  3.62782300e+03  1.11000000e-01  1.60960000e+01
 -3.20046557e+03  3.62782300e+03  1.11000000e-01  1.60960000e+01
 -3.20607459e+03  3.62827700e+03  1.11000000e-01  1.61310000e+01
 -3.20764458e+03  3.62849300e+03  1.11000000e-01  1.61520000e+01
 -3.20764458e+03  3.62849300e+03  1.11000000e-01  1.61520000e+01
 -3.20810390e+03  3.62872000e+03  1.11000000e-01  1.61550000e+01
 -3.21326559e+03  3.62917400e+03  1.11000000e-01  1.61500000e+01
 -3.21326559e+03  3.62917400e+03  1.11000000e-01  1.61500000e+01
 -3.21326559e+03  3.62917400e+03  1.11000000e-01  1.61500000e+01
 -3.21377425e+03  3.63029700e+03  1.11000000e-01  1.61490000e+01
 -3.22794434e+03  3.63345400e+03  1.11000000e-01  1.61950000e+01
 -3.23112481e+03  3.63399500e+03  1.11000000e-01  1.61900000e+01
 -3.23252493e+03  3.63303300e+03  1.11000000e-01  1.61900000e+01
 -3.23695350e+03  3.63886900e+03  1.11000000e-01  1.61100000e+01
 -3.23695350e+03  3.63886900e+03  1.11000000e-01  1.61100000e+01
 -3.23695350e+03  3.63886900e+03  1.11000000e-01  1.61100000e+01
 -3.23695350e+03  3.63886900e+03  1.11000000e-01  1.61100000e+01
 -3.23695350e+03  3.63886900e+03  1.11000000e-01  1.61100000e+01
 -3.23707673e+03  3.64163600e+03  1.11000000e-01  1.60520000e+01
 -3.23707673e+03  3.64163600e+03  1.11000000e-01  1.60520000e+01
 -3.23707673e+03  3.64163600e+03  1.11000000e-01  1.60520000e+01
 -3.23703950e+03  3.64043600e+03  1.11000000e-01  1.61240000e+01
 -3.23703950e+03  3.64043600e+03  1.11000000e-01  1.61240000e+01
 -3.23789866e+03  3.64251100e+03  1.11000000e-01  1.61230000e+01
 -3.23789866e+03  3.64251100e+03  1.11000000e-01  1.61230000e+01
 -3.23789246e+03  3.64558100e+03  1.11000000e-01  1.60540000e+01
 -3.23789246e+03  3.64558100e+03  1.11000000e-01  1.60540000e+01
 -3.23919430e+03  3.64647800e+03  1.11000000e-01  1.60540000e+01
 -3.24092065e+03  3.64751400e+03  1.11000000e-01  1.59850000e+01
 -3.24175636e+03  3.64774100e+03  1.11000000e-01  1.61290000e+01
 -3.24175636e+03  3.64774100e+03  1.11000000e-01  1.61290000e+01
 -3.24175636e+03  3.64774100e+03  1.11000000e-01  1.61290000e+01
 -3.24175636e+03  3.64774100e+03  1.11000000e-01  1.61290000e+01
 -3.24175636e+03  3.64774100e+03  1.11000000e-01  1.61290000e+01
 -3.24284402e+03  3.65102600e+03  1.11000000e-01  1.60980000e+01
 -3.24734335e+03  3.65312300e+03  1.11000000e-01  1.60440000e+01
 -3.24849773e+03  3.65379300e+03  1.11000000e-01  1.60450000e+01
 -3.25287154e+03  3.65205200e+03  1.11000000e-01  1.60450000e+01
 -3.26258812e+03  3.65240800e+03  1.11000000e-01  1.60430000e+01
 -3.26258812e+03  3.65240800e+03  1.11000000e-01  1.60430000e+01
 -3.26264166e+03  3.65307700e+03  1.11000000e-01  1.59880000e+01
 -3.26714591e+03  3.65364900e+03  1.11000000e-01  1.59880000e+01
 -3.26851711e+03  3.65431900e+03  1.11000000e-01  1.60590000e+01
 -3.26939188e+03  3.65454600e+03  1.11000000e-01  1.60590000e+01
 -3.26939188e+03  3.65454600e+03  1.11000000e-01  1.60590000e+01
 -3.26939188e+03  3.65454600e+03  1.11000000e-01  1.60590000e+01
 -3.26939188e+03  3.65454600e+03  1.11000000e-01  1.60590000e+01
 -3.26939188e+03  3.65454600e+03  1.11000000e-01  1.60590000e+01
 -3.27011166e+03  3.65334600e+03  1.11000000e-01  1.62120000e+01
 -3.27798975e+03  3.65544300e+03  1.11000000e-01  1.61110000e+01
 -3.27798975e+03  3.65544300e+03  1.11000000e-01  1.61110000e+01
 -3.27923891e+03  3.65752800e+03  1.11000000e-01  1.61050000e+01
 -3.28090943e+03  3.65842500e+03  1.11000000e-01  1.61230000e+01
 -3.28090943e+03  3.65842500e+03  1.11000000e-01  1.61230000e+01
 -3.28170868e+03  3.65930000e+03  1.11000000e-01  1.61230000e+01
 -3.29041148e+03  3.65953800e+03  1.11000000e-01  1.61230000e+01
 -3.29041148e+03  3.65953800e+03  1.11000000e-01  1.61230000e+01
 -3.29284693e+03  3.66109400e+03  1.11000000e-01  1.61230000e+01
 -3.29644640e+03  3.66109300e+03  1.11000000e-01  1.61340000e+01
 -3.29644640e+03  3.66109300e+03  1.11000000e-01  1.61340000e+01
 -3.29644640e+03  3.66109300e+03  1.11000000e-01  1.61340000e+01
 -3.29746683e+03  3.66012000e+03  1.11000000e-01  1.61540000e+01
 -3.30964871e+03  3.66484400e+03  1.11000000e-01  1.60170000e+01
 -3.30964871e+03  3.66484400e+03  1.11000000e-01  1.60170000e+01
 -3.31046402e+03  3.66528700e+03  1.11000000e-01  1.59250000e+01
 -3.31046402e+03  3.66528700e+03  1.11000000e-01  1.59250000e+01
 -3.31046402e+03  3.66528700e+03  1.11000000e-01  1.59250000e+01
 -3.31046402e+03  3.66528700e+03  1.11000000e-01  1.59250000e+01
 -3.31046402e+03  3.66528700e+03  1.11000000e-01  1.59250000e+01
 -3.31046402e+03  3.66528700e+03  1.11000000e-01  1.59250000e+01
 -3.31105249e+03  3.66529800e+03  1.11000000e-01  1.59220000e+01
 -3.31105249e+03  3.66529800e+03  1.11000000e-01  1.59220000e+01
 -3.31224986e+03  3.66409700e+03  1.11000000e-01  1.59140000e+01
 -3.31224986e+03  3.66409700e+03  1.11000000e-01  1.59140000e+01
 -3.31224986e+03  3.66409700e+03  1.11000000e-01  1.59140000e+01
 -3.31224986e+03  3.66409700e+03  1.11000000e-01  1.59140000e+01
 -3.31224986e+03  3.66409700e+03  1.11000000e-01  1.59140000e+01
 -3.31469477e+03  3.66529700e+03  1.11000000e-01  1.58990000e+01
 -3.31469477e+03  3.66529700e+03  1.11000000e-01  1.58990000e+01
 -3.31469477e+03  3.66529700e+03  1.11000000e-01  1.58990000e+01
 -3.31470940e+03  3.66574000e+03  1.11000000e-01  1.59020000e+01
 -3.31470940e+03  3.66574000e+03  1.11000000e-01  1.59020000e+01
 -3.31470940e+03  3.66574000e+03  1.11000000e-01  1.59020000e+01
 -3.31521618e+03  3.66551300e+03  1.11000000e-01  1.59070000e+01
 -3.31521618e+03  3.66551300e+03  1.11000000e-01  1.59070000e+01
 -3.31521618e+03  3.66551300e+03  1.11000000e-01  1.59070000e+01
 -3.32398978e+03  3.66902600e+03  1.11000000e-01  1.58270000e+01
 -3.32398978e+03  3.66902600e+03  1.11000000e-01  1.58270000e+01
 -3.32726875e+03  3.66948000e+03  1.11000000e-01  1.58270000e+01
 -3.32986935e+03  3.67344700e+03  1.11000000e-01  1.57600000e+01
 -3.33025730e+03  3.67322000e+03  1.11000000e-01  1.58150000e+01
 -3.33354296e+03  3.67299200e+03  1.11000000e-01  1.58960000e+01
 -3.33354296e+03  3.67299200e+03  1.11000000e-01  1.58960000e+01
 -3.33354296e+03  3.67299200e+03  1.11000000e-01  1.58960000e+01
 -3.33354296e+03  3.67299200e+03  1.11000000e-01  1.58960000e+01
 -3.33354296e+03  3.67299200e+03  1.11000000e-01  1.58960000e+01
 -3.33354296e+03  3.67299200e+03  1.11000000e-01  1.58960000e+01
 -3.34108527e+03  3.67277600e+03  1.12000000e-01  1.58950000e+01
 -3.34180718e+03  3.67554300e+03  1.12000000e-01  1.58480000e+01
 -3.34180718e+03  3.67554300e+03  1.12000000e-01  1.58480000e+01
 -3.34180718e+03  3.67554300e+03  1.12000000e-01  1.58480000e+01
 -3.34180718e+03  3.67554300e+03  1.12000000e-01  1.58480000e+01
 -3.34180718e+03  3.67554300e+03  1.12000000e-01  1.58480000e+01
 -3.34180718e+03  3.67554300e+03  1.12000000e-01  1.58480000e+01
 -3.34319862e+03  3.67455900e+03  1.12000000e-01  1.58740000e+01
 -3.35391589e+03  3.67873100e+03  1.12000000e-01  1.58610000e+01
 -3.35998952e+03  3.68090400e+03  1.12000000e-01  1.57670000e+01
 -3.35998952e+03  3.68090400e+03  1.12000000e-01  1.57670000e+01
 -3.35998952e+03  3.68090400e+03  1.12000000e-01  1.57670000e+01
 -3.35998952e+03  3.68090400e+03  1.12000000e-01  1.57670000e+01
 -3.36006991e+03  3.68155200e+03  1.12000000e-01  1.57620000e+01
 -3.36657187e+03  3.68343300e+03  1.12000000e-01  1.57620000e+01
 -3.36657187e+03  3.68343300e+03  1.12000000e-01  1.57620000e+01
 -3.36657187e+03  3.68343300e+03  1.12000000e-01  1.57620000e+01
 -3.36657187e+03  3.68343300e+03  1.12000000e-01  1.57620000e+01
 -3.36858837e+03  3.68357300e+03  1.12000000e-01  1.57880000e+01
 -3.36858837e+03  3.68357300e+03  1.12000000e-01  1.57880000e+01
 -3.37024140e+03  3.68597300e+03  1.12000000e-01  1.57760000e+01
 -3.37024140e+03  3.68597300e+03  1.12000000e-01  1.57760000e+01
 -3.37031101e+03  3.68949700e+03  1.12000000e-01  1.55840000e+01
 -3.37031101e+03  3.68949700e+03  1.12000000e-01  1.55840000e+01
 -3.37031101e+03  3.68949700e+03  1.12000000e-01  1.55840000e+01
 -3.37057390e+03  3.68807000e+03  1.12000000e-01  1.56520000e+01
 -3.37057390e+03  3.68807000e+03  1.12000000e-01  1.56520000e+01
 -3.37057390e+03  3.68807000e+03  1.12000000e-01  1.56520000e+01
 -3.37057390e+03  3.68807000e+03  1.12000000e-01  1.56520000e+01
 -3.37057390e+03  3.68807000e+03  1.12000000e-01  1.56520000e+01
 -3.37430880e+03  3.68941000e+03  1.12000000e-01  1.55970000e+01
 -3.37516601e+03  3.69173300e+03  1.12000000e-01  1.55880000e+01
 -3.37840644e+03  3.69515900e+03  1.12000000e-01  1.55880000e+01