-1.56455120e+03  2.57626700e+03  8.80000000e-02  2.93540000e+01
 -1.56506267e+03  2.57956400e+03  8.80000000e-02  2.93470000e+01
 -1.56631474e+03  2.58427700e+03  8.80000000e-02  2.92710000e+01
 -1.57230894e+03  2.59250200e+03  8.80000000e-02  2.89890000e+01
 -1.57408405e+03  2.59503100e+03  8.80000000e-02  2.88880000e+01
 -1.57412179e+03  2.59570100e+03  8.80000000e-02  2.88800000e+01
 -1.58109817e+03  2.60041400e+03  8.80000000e-02  2.88800000e+01
 -1.58190356e+03  2.60340700e+03  8.80000000e-02  2.87970000e+01
 -1.58284985e+03  2.60573100e+03  8.80000000e-02  2.87150000e+01
 -1.58469596e+03  2.60969700e+03  8.80000000e-02  2.86260000e+01
 -1.58679143e+03  2.61583700e+03  8.80000000e-02  2.85160000e+01
 -1.59673351e+03  2.61934900e+03  8.90000000e-02  2.84260000e+01
 -1.59951552e+03  2.62361900e+03  8.90000000e-02  2.83610000e+01
 -1.60012668e+03  2.62594300e+03  8.90000000e-02  2.83610000e+01
 -1.60777380e+03  2.63298000e+03  8.90000000e-02  2.81900000e+01
 -1.60858939e+03  2.63672000e+03  8.90000000e-02  2.81390000e+01
 -1.60875391e+03  2.64112900e+03  8.90000000e-02  2.80230000e+01
 -1.61057241e+03  2.64824200e+03  8.90000000e-02  2.78300000e+01
 -1.61458222e+03  2.65011200e+03  8.90000000e-02  2.78230000e+01
 -1.61607329e+03  2.65265100e+03  8.90000000e-02  2.78120000e+01
 -1.61637708e+03  2.65826100e+03  8.90000000e-02  2.75650000e+01
 -1.62352759e+03  2.66387000e+03  8.90000000e-02  2.75650000e+01
 -1.62675760e+03  2.66596700e+03  8.90000000e-02  2.75650000e+01
 -1.62669180e+03  2.66739400e+03  8.90000000e-02  2.75420000e+01
 -1.62825596e+03  2.67179200e+03  8.90000000e-02  2.75420000e+01
 -1.62827762e+03  2.67246200e+03  8.90000000e-02  2.75420000e+01
 -1.63155196e+03  2.67860200e+03  8.90000000e-02  2.74570000e+01
 -1.63307567e+03  2.68442800e+03  8.90000000e-02  2.73370000e+01
 -1.63549454e+03  2.68862100e+03  8.90000000e-02  2.72920000e+01
 -1.63780668e+03  2.69071800e+03  8.90000000e-02  2.72830000e+01
 -1.63942956e+03  2.69445800e+03  8.90000000e-02  2.72460000e+01
 -1.64604831e+03  2.69864100e+03  8.90000000e-02  2.72460000e+01
 -1.65442694e+03  2.70161200e+03  8.90000000e-02  2.72770000e+01
 -1.65714604e+03  2.70678900e+03  8.90000000e-02  2.72360000e+01
 -1.65866936e+03  2.71074500e+03  8.90000000e-02  2.70190000e+01
 -1.66651688e+03  2.71546800e+03  8.90000000e-02  2.70190000e+01
 -1.67050245e+03  2.71853800e+03  8.90000000e-02  2.70190000e+01
 -1.67146555e+03  2.72280800e+03  8.90000000e-02  2.69190000e+01
 -1.67238384e+03  2.72535900e+03  8.90000000e-02  2.68990000e+01
 -1.68987263e+03  2.73052500e+03  9.00000000e-02  2.68960000e+01
 -1.69341488e+03  2.73515100e+03  9.00000000e-02  2.67830000e+01
 -1.69439203e+03  2.74076100e+03  9.00000000e-02  2.65660000e+01
 -1.70047383e+03  2.74659700e+03  9.00000000e-02  2.64440000e+01
 -1.70046267e+03  2.74712700e+03  9.00000000e-02  2.63940000e+01
 -1.70192718e+03  2.74952700e+03  9.00000000e-02  2.63940000e+01
 -1.70352854e+03  2.75340600e+03  9.00000000e-02  2.64040000e+01
 -1.70678121e+03  2.75811900e+03  9.00000000e-02  2.62810000e+01
 -1.70861047e+03  2.76231300e+03  9.00000000e-02  2.62740000e+01
 -1.71348451e+03  2.76582600e+03  9.00000000e-02  2.62740000e+01
 -1.72057638e+03  2.77045100e+03  9.00000000e-02  2.61590000e+01
 -1.72157940e+03  2.77343400e+03  9.00000000e-02  2.60690000e+01
 -1.73137627e+03  2.77485000e+03  9.00000000e-02  2.60940000e+01
 -1.73173012e+03  2.77813600e+03  9.00000000e-02  2.59480000e+01
 -1.73218751e+03  2.78066400e+03  9.00000000e-02  2.59320000e+01
 -1.73354300e+03  2.78156100e+03  9.00000000e-02  2.59320000e+01
 -1.74380365e+03  2.78694400e+03  9.00000000e-02  2.58120000e+01
 -1.74384873e+03  2.78717000e+03  9.00000000e-02  2.58120000e+01
 -1.75455971e+03  2.79002400e+03  9.00000000e-02  2.57320000e+01
 -1.75641630e+03  2.79353700e+03  9.00000000e-02  2.57330000e+01
 -1.75830756e+03  2.79803400e+03  9.00000000e-02  2.55890000e+01
 -1.75856567e+03  2.80079000e+03  9.00000000e-02  2.54450000e+01
 -1.75982961e+03  2.80519900e+03  9.00000000e-02  2.53410000e+01
 -1.76284888e+03  2.81125200e+03  9.00000000e-02  2.51480000e+01
 -1.76126870e+03  2.81281900e+03  9.00000000e-02  2.50990000e+01
 -1.76118798e+03  2.81544500e+03  9.00000000e-02  2.50110000e+01
 -1.76919093e+03  2.82336800e+03  9.00000000e-02  2.48750000e+01
 -1.77350271e+03  2.82493500e+03  9.00000000e-02  2.48630000e+01
 -1.77378077e+03  2.82956000e+03  8.90000000e-02  2.47250000e+01
 -1.77734589e+03  2.83450000e+03  9.10000000e-02  2.46950000e+01
 -1.77754766e+03  2.83726600e+03  9.10000000e-02  2.45560000e+01
 -1.77791640e+03  2.84144900e+03  9.20000000e-02  2.44360000e+01
 -1.77946923e+03  2.84429200e+03  9.20000000e-02  2.44360000e+01
 -1.78315441e+03  2.84527600e+03  9.20000000e-02  2.44150000e+01
 -1.78404086e+03  2.84790200e+03  9.20000000e-02  2.43930000e+01
 -1.78442424e+03  2.85164200e+03  9.20000000e-02  2.42710000e+01
 -1.78415922e+03  2.85560800e+03  9.20000000e-02  2.41080000e+01
 -1.78522958e+03  2.85913200e+03  9.10000000e-02  2.40800000e+01
 -1.78544710e+03  2.86211500e+03  9.10000000e-02  2.38990000e+01
 -1.79241717e+03  2.86389700e+03  9.10000000e-02  2.38910000e+01
 -1.79533764e+03  2.86809000e+03  9.10000000e-02  2.38900000e+01
 -1.80042511e+03  2.87018700e+03  9.10000000e-02  2.38810000e+01
 -1.80639942e+03  2.87325600e+03  9.10000000e-02  2.38070000e+01
 -1.81269625e+03  2.87602300e+03  9.20000000e-02  2.37390000e+01
 -1.82014483e+03  2.87789300e+03  9.20000000e-02  2.37390000e+01
 -1.81988317e+03  2.87766500e+03  9.20000000e-02  2.38590000e+01
 -1.82017419e+03  2.87886500e+03  9.20000000e-02  2.38490000e+01
 -1.82095339e+03  2.87953500e+03  9.20000000e-02  2.38430000e+01
 -1.82777900e+03  2.88140500e+03  9.20000000e-02  2.38510000e+01
 -1.82160260e+03  2.88229100e+03  9.20000000e-02  2.38180000e+01
 -1.83622133e+03  2.88678800e+03  9.20000000e-02  2.37940000e+01
 -1.83701265e+03  2.88955400e+03  9.10000000e-02  2.36250000e+01
 -1.83701265e+03  2.88955400e+03  9.10000000e-02  2.36250000e+01
 -1.84740598e+03  2.89493700e+03  9.10000000e-02  2.35910000e+01
 -1.85744877e+03  2.89792000e+03  9.10000000e-02  2.34630000e+01
 -1.86684264e+03  2.89970300e+03  9.10000000e-02  2.34530000e+01
 -1.87034256e+03  2.90433900e+03  9.10000000e-02  2.33450000e+01
 -1.87218592e+03  2.90651300e+03  9.10000000e-02  2.32990000e+01
 -1.87799422e+03  2.91265300e+03  9.10000000e-02  2.32770000e+01
 -1.87810228e+03  2.91496600e+03  9.10000000e-02  2.32530000e+01
 -1.87856545e+03  2.91907200e+03  9.10000000e-02  2.31230000e+01
 -1.88182846e+03  2.92356900e+03  9.10000000e-02  2.30830000e+01
 -1.88508350e+03  2.92850900e+03  9.00000000e-02  2.30580000e+01
 -1.88536392e+03  2.92820500e+03  9.00000000e-02  2.31200000e+01
 -1.88890754e+03  2.93217200e+03  9.00000000e-02  2.30760000e+01
 -1.88939985e+03  2.93382500e+03  9.00000000e-02  2.30760000e+01
 -1.89242769e+03  2.93742500e+03  9.00000000e-02  2.30910000e+01
 -1.89543668e+03  2.94213700e+03  9.00000000e-02  2.30130000e+01
 -1.89714224e+03  2.94542400e+03  9.00000000e-02  2.30130000e+01
 -1.90274363e+03  2.94858000e+03  9.00000000e-02  2.30460000e+01
 -1.90338029e+03  2.95112000e+03  9.00000000e-02  2.30330000e+01
 -1.91225104e+03  2.95245900e+03  9.00000000e-02  2.30340000e+01
 -1.91100574e+03  2.95410200e+03  9.00000000e-02  2.29840000e+01
 -1.91150546e+03  2.95598200e+03  9.00000000e-02  2.29860000e+01
 -1.91496046e+03  2.95959300e+03  9.00000000e-02  2.29840000e+01
 -1.91954604e+03  2.96594900e+03  9.00000000e-02  2.29330000e+01
 -1.92034245e+03  2.96880300e+03  9.00000000e-02  2.28980000e+01
 -1.92071385e+03  2.97365500e+03  9.20000000e-02  2.27050000e+01
 -1.92394875e+03  2.97552500e+03  9.20000000e-02  2.26100000e+01
 -1.92327760e+03  2.97716800e+03  9.20000000e-02  2.25020000e+01
 -1.92362395e+03  2.98037700e+03  9.20000000e-02  2.24590000e+01
 -1.92383072e+03  2.98149000e+03  9.20000000e-02  2.24520000e+01
 -1.92767934e+03  2.98456000e+03  9.20000000e-02  2.23850000e+01
 -1.93365207e+03  2.98905700e+03  9.20000000e-02  2.23330000e+01
 -1.93674064e+03  2.99347700e+03  9.30000000e-02  2.23170000e+01
 -1.94614109e+03  2.99601700e+03  9.20000000e-02  2.23100000e+01
 -1.94631393e+03  3.00042700e+03  9.20000000e-02  2.21840000e+01
 -1.95003430e+03  3.00088000e+03  9.20000000e-02  2.22560000e+01
 -1.95336134e+03  3.00462000e+03  9.20000000e-02  2.22450000e+01
 -1.95475027e+03  3.00761400e+03  9.30000000e-02  2.21490000e+01
 -1.95481582e+03  3.00664000e+03  9.30000000e-02  2.22270000e+01
 -1.95710167e+03  3.01060700e+03  9.30000000e-02  2.22220000e+01
 -1.95940004e+03  3.01434600e+03  9.30000000e-02  2.21530000e+01
 -1.98186680e+03  3.01591300e+03  9.30000000e-02  2.21570000e+01
 -1.98238416e+03  3.01626900e+03  9.20000000e-02  2.21600000e+01
 -1.98890500e+03  3.01792200e+03  9.20000000e-02  2.21460000e+01
 -1.98890500e+03  3.01792200e+03  9.20000000e-02  2.21460000e+01
 -1.98913941e+03  3.02068900e+03  9.20000000e-02  2.19320000e+01
 -1.98913951e+03  3.02188900e+03  9.20000000e-02  2.18770000e+01
 -1.99388246e+03  3.02451600e+03  9.20000000e-02  2.18770000e+01
 -1.99485814e+03  3.02488300e+03  9.20000000e-02  2.18990000e+01
 -1.99512149e+03  3.02435300e+03  9.20000000e-02  2.18840000e+01
 -1.99524793e+03  3.02666500e+03  9.20000000e-02  2.18080000e+01
 -1.99634445e+03  3.03084800e+03  9.20000000e-02  2.16160000e+01
 -1.99760210e+03  3.03130200e+03  9.20000000e-02  2.16160000e+01
 -2.00098965e+03  3.03339800e+03  9.20000000e-02  2.16450000e+01
 -2.00249160e+03  3.03085800e+03  9.20000000e-02  2.17350000e+01
 -2.00356377e+03  3.03362500e+03  9.20000000e-02  2.17300000e+01
 -2.00010945e+03  3.03428400e+03  9.20000000e-02  2.17300000e+01
 -2.00188060e+03  3.03645700e+03  9.30000000e-02  2.17170000e+01
 -2.01354674e+03  3.04131000e+03  9.20000000e-02  2.17150000e+01
 -2.01685427e+03  3.04122300e+03  9.70000000e-02  2.17620000e+01
 -2.01714114e+03  3.03981700e+03  9.70000000e-02  2.18520000e+01
 -2.02326226e+03  3.04445400e+03  9.70000000e-02  2.18520000e+01
 -2.02452768e+03  3.04534000e+03  9.70000000e-02  2.18860000e+01
 -2.02505470e+03  3.04534000e+03  9.70000000e-02  2.19170000e+01
 -2.02437740e+03  3.04413900e+03  9.70000000e-02  2.19130000e+01
 -2.02743464e+03  3.04338200e+03  9.70000000e-02  2.19060000e+01
 -2.03259180e+03  3.04823500e+03  9.70000000e-02  2.19010000e+01
 -2.03273081e+03  3.04890400e+03  9.70000000e-02  2.19010000e+01
 -2.03314728e+03  3.05077400e+03  9.70000000e-02  2.19010000e+01
 -2.03750460e+03  3.05802700e+03  9.70000000e-02  2.17950000e+01
 -2.03882868e+03  3.05981000e+03  9.70000000e-02  2.17950000e+01
 -2.04201543e+03  3.06167900e+03  9.70000000e-02  2.17890000e+01
 -2.05708060e+03  3.06707300e+03  9.70000000e-02  2.17860000e+01
 -2.05693204e+03  3.06676900e+03  9.70000000e-02  2.17860000e+01
 -2.06211387e+03  3.06841200e+03  9.70000000e-02  2.16600000e+01
 -2.06252439e+03  3.07028300e+03  9.70000000e-02  2.15040000e+01
 -2.07156119e+03  3.07566600e+03  9.70000000e-02  2.14890000e+01
 -2.07131336e+03  3.07499500e+03  9.70000000e-02  2.16470000e+01
 -2.07355377e+03  3.07567600e+03  9.70000000e-02  2.16120000e+01
 -2.07455354e+03  3.07821500e+03  9.70000000e-02  2.15640000e+01
 -2.07051424e+03  3.07843100e+03  9.70000000e-02  2.15380000e+01
 -2.06940695e+03  3.07812800e+03  9.70000000e-02  2.15750000e+01
 -2.07315206e+03  3.08208400e+03  9.70000000e-02  2.15750000e+01
 -2.07184060e+03  3.08164100e+03  9.70000000e-02  2.15070000e+01
 -2.07311343e+03  3.08515300e+03  9.70000000e-02  2.14740000e+01
 -2.08211268e+03  3.08790900e+03  9.70000000e-02  2.14330000e+01
 -2.08211268e+03  3.08790900e+03  9.70000000e-02  2.14330000e+01
 -2.08361172e+03  3.09329200e+03  9.70000000e-02  2.13460000e+01
 -2.08512560e+03  3.09627400e+03  9.70000000e-02  2.13440000e+01
 -2.08527383e+03  3.09739700e+03  9.70000000e-02  2.13910000e+01
 -2.10212972e+03  3.10113700e+03  9.70000000e-02  2.13910000e+01
 -2.11215450e+03  3.10323400e+03  9.70000000e-02  2.13030000e+01
 -2.11343958e+03  3.10488800e+03  9.70000000e-02  2.12950000e+01
 -2.13207980e+03  3.10675700e+03  9.70000000e-02  2.13290000e+01
 -2.13275813e+03  3.10907000e+03  9.70000000e-02  2.12420000e+01
 -2.13329711e+03  3.11085300e+03  9.70000000e-02  2.12390000e+01
 -2.14122810e+03  3.11646200e+03  9.70000000e-02  2.12040000e+01
 -2.14660036e+03  3.11660200e+03  9.70000000e-02  2.11820000e+01
 -2.15019338e+03  3.11936900e+03  9.70000000e-02  2.11580000e+01
 -2.15773729e+03  3.12301000e+03  9.70000000e-02  2.11530000e+01
 -2.16999567e+03  3.12421000e+03  9.70000000e-02  2.13000000e+01
 -2.17033828e+03  3.12421000e+03  9.70000000e-02  2.13210000e+01
 -2.17055952e+03  3.12555000e+03  9.70000000e-02  2.12260000e+01
 -2.19553965e+03  3.13248900e+03  9.70000000e-02  2.11210000e+01
 -2.19553965e+03  3.13248900e+03  9.70000000e-02  2.11210000e+01
 -2.19472776e+03  3.13294200e+03  9.70000000e-02  2.11070000e+01
 -2.19193537e+03  3.13316900e+03  9.70000000e-02  2.09760000e+01
 -2.20074946e+03  3.13472500e+03  9.70000000e-02  2.09490000e+01
 -2.20159652e+03  3.13846400e+03  9.70000000e-02  2.08830000e+01
 -2.20766113e+03  3.14407400e+03  9.70000000e-02  2.08730000e+01
 -2.21626475e+03  3.15044100e+03  9.70000000e-02  2.08730000e+01
 -2.22017001e+03  3.15440800e+03  9.70000000e-02  2.08730000e+01
 -2.22501900e+03  3.15867800e+03  9.70000000e-02  2.08330000e+01
 -2.23118624e+03  3.16174800e+03  9.70000000e-02  2.09280000e+01
 -2.23124029e+03  3.16219000e+03  9.70000000e-02  2.09190000e+01
 -2.23124029e+03  3.16219000e+03  9.70000000e-02  2.09190000e+01
 -2.23621138e+03  3.16473000e+03  9.70000000e-02  2.09140000e+01
 -2.23621138e+03  3.16473000e+03  9.70000000e-02  2.09140000e+01
 -2.23669943e+03  3.16847000e+03  9.70000000e-02  2.07770000e+01
 -2.23702055e+03  3.17177700e+03  9.70000000e-02  2.06770000e+01
 -2.23702055e+03  3.17177700e+03  9.70000000e-02  2.06770000e+01
 -2.23815608e+03  3.17223100e+03  9.70000000e-02  2.06630000e+01
 -2.23815608e+03  3.17223100e+03  9.70000000e-02  2.06630000e+01
 -2.23909134e+03  3.17297700e+03  9.70000000e-02  2.06590000e+01
 -2.23934903e+03  3.17573300e+03  9.70000000e-02  2.06350000e+01
 -2.24130507e+03  3.17529000e+03  9.70000000e-02  2.07760000e+01
 -2.24066971e+03  3.17628400e+03  9.70000000e-02  2.07630000e+01
 -2.25211049e+03  3.18122400e+03  9.70000000e-02  2.06930000e+01
 -2.26271381e+03  3.18242400e+03  9.70000000e-02  2.07000000e+01
 -2.26295273e+03  3.18541700e+03  9.70000000e-02  2.05190000e+01
 -2.26682969e+03  3.18848700e+03  9.70000000e-02  2.05040000e+01
 -2.26682969e+03  3.18848700e+03  9.70000000e-02  2.05040000e+01
 -2.26667289e+03  3.18817300e+03  9.70000000e-02  2.05200000e+01
 -2.27166184e+03  3.18838900e+03  9.70000000e-02  2.05200000e+01
 -2.27351140e+03  3.18905900e+03  9.10000000e-02  2.05540000e+01
 -2.28039048e+03  3.19070200e+03  9.10000000e-02  2.04940000e+01
 -2.28379936e+03  3.19212900e+03  8.70000000e-02  2.04880000e+01
 -2.28374566e+03  3.19057300e+03  8.80000000e-02  2.05580000e+01
 -2.28826132e+03  3.19267000e+03  8.70000000e-02  2.05490000e+01
 -2.29133628e+03  3.19452900e+03  8.70000000e-02  2.05490000e+01
 -2.29133628e+03  3.19452900e+03  8.70000000e-02  2.05490000e+01
 -2.29228524e+03  3.19541400e+03  8.70000000e-02  2.05500000e+01
 -2.29296800e+03  3.19705700e+03  8.70000000e-02  2.05470000e+01
 -2.30093843e+03  3.19794300e+03  8.70000000e-02  2.05600000e+01
 -2.30093843e+03  3.19794300e+03  8.70000000e-02  2.05600000e+01
 -2.30219345e+03  3.20003900e+03  8.70000000e-02  2.05410000e+01
 -2.29950026e+03  3.20093600e+03  8.70000000e-02  2.05450000e+01
 -2.30080607e+03  3.20458900e+03  8.70000000e-02  2.04900000e+01
 -2.30095775e+03  3.20556200e+03  8.70000000e-02  2.04670000e+01
 -2.30133999e+03  3.20622100e+03  8.70000000e-02  2.04500000e+01
 -2.30777685e+03  3.20831800e+03  8.70000000e-02  2.04500000e+01
 -2.30680444e+03  3.21040400e+03  8.80000000e-02  2.02970000e+01
 -2.30862477e+03  3.21054400e+03  8.80000000e-02  2.02970000e+01
 -2.30805696e+03  3.21121300e+03  8.90000000e-02  2.02590000e+01
 -2.30780601e+03  3.21254200e+03  8.90000000e-02  2.02560000e+01
 -2.30645016e+03  3.21374200e+03  8.90000000e-02  2.01830000e+01
 -2.30787689e+03  3.21529800e+03  8.90000000e-02  2.01830000e+01
 -2.31370697e+03  3.21806400e+03  8.90000000e-02  2.02060000e+01
 -2.31370697e+03  3.21806400e+03  8.90000000e-02  2.02060000e+01
 -2.32119730e+03  3.22225800e+03  8.90000000e-02  2.01820000e+01
 -2.31973494e+03  3.22097100e+03  8.90000000e-02  2.01820000e+01
 -2.31975783e+03  3.22164000e+03  8.90000000e-02  2.01820000e+01
 -2.32003576e+03  3.22164000e+03  8.90000000e-02  2.01950000e+01
 -2.32003576e+03  3.22164000e+03  8.90000000e-02  2.01950000e+01
 -2.32459482e+03  3.22262400e+03  8.90000000e-02  2.01730000e+01
 -2.32520168e+03  3.22232000e+03  8.90000000e-02  2.02050000e+01
 -2.32846810e+03  3.22627700e+03  8.90000000e-02  2.00350000e+01
 -2.32859778e+03  3.22717300e+03  8.80000000e-02  2.00180000e+01
 -2.33454536e+03  3.23189700e+03  8.80000000e-02  1.98940000e+01
 -2.33669257e+03  3.23385400e+03  8.80000000e-02  1.97330000e+01
 -2.33836857e+03  3.23945300e+03  8.80000000e-02  1.95980000e+01
 -2.33809928e+03  3.24012200e+03  8.70000000e-02  1.95890000e+01
 -2.35301811e+03  3.24287900e+03  8.80000000e-02  1.95910000e+01
 -2.35404740e+03  3.24759200e+03  8.80000000e-02  1.94600000e+01
 -2.35404740e+03  3.24759200e+03  8.80000000e-02  1.94600000e+01
 -2.35240635e+03  3.24692200e+03  8.80000000e-02  1.94350000e+01
 -2.35244359e+03  3.24803400e+03  8.70000000e-02  1.94410000e+01
 -2.35081478e+03  3.24781800e+03  8.70000000e-02  1.93430000e+01
 -2.35081478e+03  3.24781800e+03  8.70000000e-02  1.93430000e+01
 -2.35081478e+03  3.24781800e+03  8.70000000e-02  1.93430000e+01
 -2.35129031e+03  3.25111500e+03  8.70000000e-02  1.93340000e+01
 -2.36793972e+03  3.25267100e+03  8.70000000e-02  1.95170000e+01
 -2.36946640e+03  3.25595700e+03  8.80000000e-02  1.94000000e+01
 -2.36946640e+03  3.25595700e+03  8.80000000e-02  1.94000000e+01
 -2.37166949e+03  3.25924200e+03  8.80000000e-02  1.93700000e+01
 -2.37166949e+03  3.25924200e+03  8.80000000e-02  1.93700000e+01
 -2.37166949e+03  3.25924200e+03  8.80000000e-02  1.93700000e+01
 -2.37164775e+03  3.26021500e+03  8.80000000e-02  1.93700000e+01
 -2.37022739e+03  3.26044200e+03  8.80000000e-02  1.93700000e+01
 -2.37076935e+03  3.26308000e+03  8.70000000e-02  1.93380000e+01
 -2.37491837e+03  3.26795400e+03  8.70000000e-02  1.93260000e+01
 -2.37902201e+03  3.27093700e+03  8.70000000e-02  1.92970000e+01
 -2.37947202e+03  3.27355200e+03  8.70000000e-02  1.92270000e+01
 -2.37947202e+03  3.27355200e+03  8.70000000e-02  1.92270000e+01
 -2.38379662e+03  3.27310900e+03  8.70000000e-02  1.91450000e+01
 -2.38379662e+03  3.27310900e+03  8.70000000e-02  1.91450000e+01
 -2.38439623e+03  3.27497900e+03  8.70000000e-02  1.90900000e+01
 -2.38481068e+03  3.27654500e+03  8.70000000e-02  1.90870000e+01
 -2.38715928e+03  3.27796100e+03  8.70000000e-02  1.91010000e+01
 -2.38802645e+03  3.28028500e+03  8.70000000e-02  1.90900000e+01
 -2.38972496e+03  3.28215400e+03  8.70000000e-02  1.90880000e+01
 -2.39026892e+03  3.28207800e+03  8.70000000e-02  1.89680000e+01
 -2.39211525e+03  3.28693000e+03  8.70000000e-02  1.88310000e+01
 -2.39206092e+03  3.28782700e+03  8.70000000e-02  1.88310000e+01
 -2.39209317e+03  3.28640000e+03  8.70000000e-02  1.89050000e+01
 -2.39231195e+03  3.28639900e+03  8.70000000e-02  1.89040000e+01
 -2.39494616e+03  3.29021600e+03  8.70000000e-02  1.89220000e+01
 -2.39494616e+03  3.29021600e+03  8.70000000e-02  1.89220000e+01
 -2.39703436e+03  3.29185800e+03  8.70000000e-02  1.89280000e+01
 -2.39718420e+03  3.29155500e+03  8.70000000e-02  1.89420000e+01
 -2.39744887e+03  3.29275500e+03  8.70000000e-02  1.88810000e+01
 -2.39744887e+03  3.29275500e+03  8.70000000e-02  1.88810000e+01
 -2.39750750e+03  3.29342500e+03  8.70000000e-02  1.88040000e+01
 -2.39954332e+03  3.29289500e+03  8.70000000e-02  1.88040000e+01
 -2.39934572e+03  3.29423400e+03  8.70000000e-02  1.87530000e+01
 -2.40250473e+03  3.29721700e+03  8.70000000e-02  1.87450000e+01
 -2.40545300e+03  3.29788700e+03  8.70000000e-02  1.87800000e+01
 -2.40945200e+03  3.30349700e+03  8.70000000e-02  1.87800000e+01
 -2.40942802e+03  3.30415600e+03  8.70000000e-02  1.87790000e+01
 -2.41935171e+03  3.30571100e+03  8.70000000e-02  1.87790000e+01
 -2.41916043e+03  3.30428400e+03  8.70000000e-02  1.90150000e+01
 -2.42140351e+03  3.30637000e+03  8.70000000e-02  1.90190000e+01
 -2.42140351e+03  3.30637000e+03  8.70000000e-02  1.90190000e+01
 -2.42410843e+03  3.31056400e+03  8.70000000e-02  1.89970000e+01
 -2.42532086e+03  3.31296400e+03  8.60000000e-02  1.89170000e+01
 -2.42521440e+03  3.31176300e+03  8.60000000e-02  1.90980000e+01
 -2.44037610e+03  3.31439000e+03  8.60000000e-02  1.92050000e+01
 -2.44279535e+03  3.31858400e+03  8.60000000e-02  1.91760000e+01
 -2.44515423e+03  3.32135100e+03  8.60000000e-02  1.91020000e+01
 -2.44515423e+03  3.32135100e+03  8.60000000e-02  1.91020000e+01
 -2.44544364e+03  3.32267900e+03  8.60000000e-02  1.91020000e+01
 -2.45446727e+03  3.32423500e+03  8.60000000e-02  1.91370000e+01
 -2.45546461e+03  3.32535900e+03  8.60000000e-02  1.91540000e+01
 -2.46410965e+03  3.32602800e+03  8.60000000e-02  1.91110000e+01
 -2.46635393e+03  3.32648200e+03  8.60000000e-02  1.90990000e+01
 -2.46635393e+03  3.32648200e+03  8.60000000e-02  1.90990000e+01
 -2.46446663e+03  3.32416900e+03  8.60000000e-02  1.91050000e+01
 -2.46348016e+03  3.32514200e+03  8.60000000e-02  1.89940000e+01
 -2.47541041e+03  3.32491500e+03  8.60000000e-02  1.90030000e+01
 -2.47628008e+03  3.32648200e+03  8.60000000e-02  1.90070000e+01
 -2.47628008e+03  3.32648200e+03  8.60000000e-02  1.90070000e+01
 -2.47628008e+03  3.32648200e+03  8.60000000e-02  1.90070000e+01
 -2.47774214e+03  3.32759500e+03  8.60000000e-02  1.90180000e+01
 -2.47732588e+03  3.32595100e+03  8.60000000e-02  1.90410000e+01
 -2.47667212e+03  3.32421000e+03  8.60000000e-02  1.92780000e+01
 -2.47693737e+03  3.32652300e+03  8.60000000e-02  1.92410000e+01
 -2.47937177e+03  3.32930100e+03  8.60000000e-02  1.90810000e+01
 -2.47937177e+03  3.32930100e+03  8.60000000e-02  1.90810000e+01
 -2.47937177e+03  3.32930100e+03  8.60000000e-02  1.90810000e+01
 -2.47937177e+03  3.32930100e+03  8.60000000e-02  1.90810000e+01
 -2.48026198e+03  3.33131000e+03  8.60000000e-02  1.91290000e+01
 -2.48730425e+03  3.33406600e+03  8.60000000e-02  1.91290000e+01
 -2.48730425e+03  3.33406600e+03  8.60000000e-02  1.91290000e+01
 -2.48825882e+03  3.33406500e+03  8.60000000e-02  1.92090000e+01
 -2.49296449e+03  3.33495100e+03  8.60000000e-02  1.92030000e+01
 -2.49396923e+03  3.33658300e+03  9.20000000e-02  1.91940000e+01
 -2.49515666e+03  3.33890700e+03  9.20000000e-02  1.91360000e+01
 -2.49515666e+03  3.33890700e+03  9.20000000e-02  1.91360000e+01
 -2.50616256e+03  3.34384600e+03  9.20000000e-02  1.91310000e+01
 -2.50805627e+03  3.34278600e+03  9.30000000e-02  1.91430000e+01
 -2.50805627e+03  3.34278600e+03  9.30000000e-02  1.91430000e+01
 -2.51511484e+03  3.34277500e+03  9.40000000e-02  1.91120000e+01
 -2.51511484e+03  3.34277500e+03  9.40000000e-02  1.91120000e+01
 -2.51591000e+03  3.34322900e+03  9.40000000e-02  1.90740000e+01
 -2.51591000e+03  3.34322900e+03  9.40000000e-02  1.90740000e+01
 -2.51591000e+03  3.34322900e+03  9.40000000e-02  1.90740000e+01
 -2.51768665e+03  3.34345600e+03  9.40000000e-02  1.91370000e+01
 -2.51787644e+03  3.34621200e+03  9.40000000e-02  1.90180000e+01
 -2.52402643e+03  3.34749900e+03  9.40000000e-02  1.90830000e+01
 -2.52402643e+03  3.34749900e+03  9.40000000e-02  1.90830000e+01
 -2.52402643e+03  3.34749900e+03  9.40000000e-02  1.90830000e+01
 -2.52411800e+03  3.35035200e+03  9.30000000e-02  1.90040000e+01
 -2.52411800e+03  3.35035200e+03  9.30000000e-02  1.90040000e+01
 -2.52423726e+03  3.35243800e+03  9.40000000e-02  1.89480000e+01
 -2.53337456e+03  3.35189700e+03  9.40000000e-02  1.89670000e+01
 -2.53608843e+03  3.35354000e+03  9.40000000e-02  1.89710000e+01
 -2.53653993e+03  3.35803700e+03  9.30000000e-02  1.88860000e+01
 -2.53625929e+03  3.35824200e+03  9.30000000e-02  1.88430000e+01
 -2.53625929e+03  3.35824200e+03  9.30000000e-02  1.88430000e+01
 -2.53625929e+03  3.35824200e+03  9.30000000e-02  1.88430000e+01
 -2.53625929e+03  3.35824200e+03  9.30000000e-02  1.88430000e+01
 -2.53625929e+03  3.35824200e+03  9.30000000e-02  1.88430000e+01
 -2.54453263e+03  3.35965800e+03  9.30000000e-02  1.88460000e+01
 -2.54453263e+03  3.35965800e+03  9.30000000e-02  1.88460000e+01
 -2.54453263e+03  3.35965800e+03  9.30000000e-02  1.88460000e+01
 -2.54453263e+03  3.35965800e+03  9.30000000e-02  1.88460000e+01
 -2.54541056e+03  3.35943100e+03  9.30000000e-02  1.88460000e+01
 -2.54556457e+03  3.36108400e+03  9.30000000e-02  1.87650000e+01
 -2.54556457e+03  3.36108400e+03  9.30000000e-02  1.87650000e+01
 -2.54678222e+03  3.36602400e+03  9.30000000e-02  1.84860000e+01
 -2.54678222e+03  3.36602400e+03  9.30000000e-02  1.84860000e+01
 -2.55104916e+03  3.36735300e+03  9.30000000e-02  1.84750000e+01
 -2.55110098e+03  3.36899600e+03  9.30000000e-02  1.84610000e+01
 -2.55566051e+03  3.37580600e+03  9.20000000e-02  1.82250000e+01
 -2.55566051e+03  3.37580600e+03  9.20000000e-02  1.82250000e+01
 -2.56056228e+03  3.37602200e+03  9.20000000e-02  1.82730000e+01
 -2.56073353e+03  3.37810700e+03  9.20000000e-02  1.82300000e+01
 -2.56073353e+03  3.37810700e+03  9.20000000e-02  1.82300000e+01
 -2.56590869e+03  3.38227900e+03  9.10000000e-02  1.81770000e+01
 -2.57629609e+03  3.38533800e+03  9.10000000e-02  1.81120000e+01
 -2.57766025e+03  3.38840800e+03  9.10000000e-02  1.80750000e+01
 -2.57766025e+03  3.38840800e+03  9.10000000e-02  1.80750000e+01
 -2.57766025e+03  3.38840800e+03  9.10000000e-02  1.80750000e+01
 -2.58140915e+03  3.39050500e+03  9.10000000e-02  1.80040000e+01
 -2.58184845e+03  3.39005100e+03  9.10000000e-02  1.80150000e+01
 -2.58439964e+03  3.38907800e+03  9.10000000e-02  1.80090000e+01
 -2.58439964e+03  3.38907800e+03  9.10000000e-02  1.80090000e+01
 -2.58416176e+03  3.38689400e+03  9.10000000e-02  1.80280000e+01
 -2.58828748e+03  3.39063300e+03  9.10000000e-02  1.80110000e+01
 -2.59034790e+03  3.39280600e+03  9.10000000e-02  1.80110000e+01
 -2.59090233e+03  3.39304400e+03  9.10000000e-02  1.80110000e+01
 -2.59090233e+03  3.39304400e+03  9.10000000e-02  1.80110000e+01
 -2.59090233e+03  3.39304400e+03  9.10000000e-02  1.80110000e+01
 -2.59129615e+03  3.39325900e+03  9.10000000e-02  1.80220000e+01
 -2.59159531e+03  3.39228600e+03  9.10000000e-02  1.80870000e+01
 -2.59159531e+03  3.39228600e+03  9.10000000e-02  1.80870000e+01
 -2.59284060e+03  3.39305400e+03  9.10000000e-02  1.80860000e+01
 -2.59270772e+03  3.39304300e+03  9.10000000e-02  1.80870000e+01
 -2.59387761e+03  3.39656700e+03  9.10000000e-02  1.80360000e+01
 -2.59387761e+03  3.39656700e+03  9.10000000e-02  1.80360000e+01
 -2.59781567e+03  3.39888000e+03  9.00000000e-02  1.80070000e+01
 -2.60203111e+03  3.40351600e+03  9.00000000e-02  1.79990000e+01
 -2.60203111e+03  3.40351600e+03  9.00000000e-02  1.79990000e+01
 -2.60203111e+03  3.40351600e+03  9.00000000e-02  1.79990000e+01
 -2.60504812e+03  3.40254300e+03  9.10000000e-02  1.79110000e+01
 -2.60497510e+03  3.40297500e+03  9.10000000e-02  1.79100000e+01
 -2.60497510e+03  3.40297500e+03  9.10000000e-02  1.79100000e+01
 -2.60911516e+03  3.40671400e+03  9.00000000e-02  1.77690000e+01
 -2.61198347e+03  3.40694100e+03  9.00000000e-02  1.78150000e+01
 -2.61198347e+03  3.40694100e+03  9.00000000e-02  1.78150000e+01
 -2.61198347e+03  3.40694100e+03  9.00000000e-02  1.78150000e+01
 -2.61421074e+03  3.40628200e+03  9.00000000e-02  1.78150000e+01
 -2.61421074e+03  3.40628200e+03  9.00000000e-02  1.78150000e+01
 -2.61421074e+03  3.40628200e+03  9.00000000e-02  1.78150000e+01
 -2.61421074e+03  3.40628200e+03  9.00000000e-02  1.78150000e+01
 -2.61421074e+03  3.40628200e+03  9.00000000e-02  1.78150000e+01
 -2.61421074e+03  3.40628200e+03  9.00000000e-02  1.78150000e+01
 -2.61421074e+03  3.40628200e+03  9.00000000e-02  1.78150000e+01
 -2.61650640e+03  3.40717800e+03  9.00000000e-02  1.77160000e+01
 -2.62650284e+03  3.41353500e+03  9.00000000e-02  1.76670000e+01
 -2.62650284e+03  3.41353500e+03  9.00000000e-02  1.76670000e+01
 -2.62644805e+03  3.41308100e+03  9.00000000e-02  1.76750000e+01
 -2.62644805e+03  3.41308100e+03  9.00000000e-02  1.76750000e+01
 -2.62646538e+03  3.41143700e+03  9.00000000e-02  1.76990000e+01
 -2.63313734e+03  3.41627900e+03  9.00000000e-02  1.76740000e+01
 -2.63898824e+03  3.41956500e+03  9.00000000e-02  1.75310000e+01
 -2.64407129e+03  3.42143500e+03  9.00000000e-02  1.75330000e+01
 -2.64879657e+03  3.42473200e+03  9.00000000e-02  1.75350000e+01
 -2.65415574e+03  3.42704500e+03  9.00000000e-02  1.75360000e+01
 -2.65415574e+03  3.42704500e+03  9.00000000e-02  1.75360000e+01
 -2.65415574e+03  3.42704500e+03  9.00000000e-02  1.75360000e+01
 -2.65415574e+03  3.42704500e+03  9.00000000e-02  1.75360000e+01
 -2.65415574e+03  3.42704500e+03  9.00000000e-02  1.75360000e+01
 -2.65415574e+03  3.42704500e+03  9.00000000e-02  1.75360000e+01
 -2.65737268e+03  3.42949800e+03  9.00000000e-02  1.75430000e+01
 -2.65737268e+03  3.42949800e+03  9.00000000e-02  1.75430000e+01
 -2.65752877e+03  3.42972500e+03  9.00000000e-02  1.75490000e+01
 -2.65904028e+03  3.42896700e+03  9.00000000e-02  1.75490000e+01
 -2.66351519e+03  3.43106400e+03  9.00000000e-02  1.75490000e+01
 -2.66549509e+03  3.43182100e+03  9.00000000e-02  1.75470000e+01
 -2.66549509e+03  3.43182100e+03  9.00000000e-02  1.75470000e+01
 -2.66549509e+03  3.43182100e+03  9.00000000e-02  1.75470000e+01
 -2.66549509e+03  3.43182100e+03  9.00000000e-02  1.75470000e+01
 -2.66712083e+03  3.43039400e+03  9.10000000e-02  1.76860000e+01
 -2.66853538e+03  3.42875100e+03  9.10000000e-02  1.77070000e+01
 -2.67107135e+03  3.43413400e+03  9.10000000e-02  1.75970000e+01
 -2.67107135e+03  3.43413400e+03  9.10000000e-02  1.75970000e+01
 -2.68646304e+03  3.43270700e+03  9.10000000e-02  1.75970000e+01
 -2.69133112e+03  3.43346400e+03  9.10000000e-02  1.76500000e+01
 -2.69171040e+03  3.43390700e+03  9.10000000e-02  1.76360000e+01
 -2.69186237e+03  3.43314900e+03  9.10000000e-02  1.76510000e+01
 -2.69525142e+03  3.43763500e+03  9.10000000e-02  1.76450000e+01
 -2.69525142e+03  3.43763500e+03  9.10000000e-02  1.76450000e+01
 -2.69525142e+03  3.43763500e+03  9.10000000e-02  1.76450000e+01
 -2.69737897e+03  3.43920200e+03  9.10000000e-02  1.75940000e+01
 -2.69996338e+03  3.44053100e+03  9.10000000e-02  1.75940000e+01
 -2.70016716e+03  3.44261700e+03  9.00000000e-02  1.75230000e+01
 -2.70119289e+03  3.44351300e+03  9.00000000e-02  1.75350000e+01
 -2.70262459e+03  3.44583700e+03  9.00000000e-02  1.75340000e+01
 -2.70613994e+03  3.44704700e+03  9.00000000e-02  1.75340000e+01
 -2.70649436e+03  3.45056000e+03  9.00000000e-02  1.74470000e+01
 -2.71040169e+03  3.45131700e+03  9.00000000e-02  1.74460000e+01
 -2.72048009e+03  3.45340300e+03  9.00000000e-02  1.74420000e+01
 -2.72048009e+03  3.45340300e+03  9.00000000e-02  1.74420000e+01
 -2.72115363e+03  3.45922900e+03  9.00000000e-02  1.72160000e+01
 -2.72319760e+03  3.45989900e+03  9.00000000e-02  1.72260000e+01
 -2.72716464e+03  3.46036300e+03  9.00000000e-02  1.72270000e+01
 -2.73570539e+03  3.46027600e+03  9.00000000e-02  1.71760000e+01
 -2.73570539e+03  3.46027600e+03  9.00000000e-02  1.71760000e+01
 -2.73570539e+03  3.46027600e+03  9.00000000e-02  1.71760000e+01
 -2.74174272e+03  3.46070800e+03  9.00000000e-02  1.71690000e+01
 -2.74346928e+03  3.46161500e+03  9.00000000e-02  1.71740000e+01
 -2.74346928e+03  3.46161500e+03  9.00000000e-02  1.71740000e+01
 -2.74395878e+03  3.46348500e+03  9.00000000e-02  1.71130000e+01
 -2.74822853e+03  3.46692200e+03  9.00000000e-02  1.70130000e+01
 -2.74935717e+03  3.46682400e+03  9.00000000e-02  1.70230000e+01
 -2.75577563e+03  3.46860700e+03  9.00000000e-02  1.70230000e+01
 -2.75577563e+03  3.46860700e+03  9.00000000e-02  1.70230000e+01
 -2.75636501e+03  3.47026100e+03  9.00000000e-02  1.70030000e+01
 -2.75702444e+03  3.46960200e+03  9.00000000e-02  1.70450000e+01
 -2.75702444e+03  3.46960200e+03  9.00000000e-02  1.70450000e+01
 -2.76135843e+03  3.46982900e+03  9.00000000e-02  1.71200000e+01
 -2.76135843e+03  3.46982900e+03  9.00000000e-02  1.71200000e+01
 -2.76687920e+03  3.47499600e+03  9.00000000e-02  1.70890000e+01
 -2.76687920e+03  3.47499600e+03  9.00000000e-02  1.70890000e+01
 -2.76974900e+03  3.47566500e+03  9.00000000e-02  1.71160000e+01
 -2.77529021e+03  3.48029100e+03  9.00000000e-02  1.70920000e+01
 -2.77569982e+03  3.48117700e+03  9.00000000e-02  1.70830000e+01
 -2.77569982e+03  3.48117700e+03  9.00000000e-02  1.70830000e+01
 -2.78775893e+03  3.48298100e+03  9.00000000e-02  1.70750000e+01
 -2.78775893e+03  3.48298100e+03  9.00000000e-02  1.70750000e+01
 -2.78775893e+03  3.48298100e+03  9.00000000e-02  1.70750000e+01
 -2.79328229e+03  3.48717500e+03  8.90000000e-02  1.70120000e+01
 -2.79328229e+03  3.48717500e+03  8.90000000e-02  1.70120000e+01
 -2.79327475e+03  3.48793200e+03  8.90000000e-02  1.70070000e+01
 -2.79327475e+03  3.48793200e+03  8.90000000e-02  1.70070000e+01
 -2.79337187e+03  3.48948800e+03  8.90000000e-02  1.69310000e+01
 -2.79337187e+03  3.48948800e+03  8.90000000e-02  1.69310000e+01
 -2.80500396e+03  3.49256900e+03  8.90000000e-02  1.69310000e+01
 -2.81723126e+03  3.49413500e+03  8.90000000e-02  1.69650000e+01
 -2.81723126e+03  3.49413500e+03  8.90000000e-02  1.69650000e+01
 -2.81723126e+03  3.49413500e+03  8.90000000e-02  1.69650000e+01
 -2.82014814e+03  3.49711800e+03  8.90000000e-02  1.69640000e+01
 -2.82014814e+03  3.49711800e+03  8.90000000e-02  1.69640000e+01
 -2.82602054e+03  3.49890000e+03  8.90000000e-02  1.69580000e+01
 -2.82690041e+03  3.50099700e+03  8.80000000e-02  1.69500000e+01
 -2.82690041e+03  3.50099700e+03  8.80000000e-02  1.69500000e+01
 -2.82618246e+03  3.50078100e+03  8.80000000e-02  1.69500000e+01
 -2.82741454e+03  3.50057500e+03  8.80000000e-02  1.69610000e+01
 -2.82746368e+03  3.49794800e+03  8.80000000e-02  1.71270000e+01
 -2.82778815e+03  3.49839100e+03  8.80000000e-02  1.71230000e+01
 -2.82842261e+03  3.49772100e+03  8.80000000e-02  1.71940000e+01
 -2.82990284e+03  3.49510500e+03  8.80000000e-02  1.71970000e+01
 -2.82990284e+03  3.49510500e+03  8.80000000e-02  1.71970000e+01
 -2.83043260e+03  3.49510400e+03  8.80000000e-02  1.72820000e+01
 -2.83845389e+03  3.49599000e+03  8.80000000e-02  1.72780000e+01
 -2.83845389e+03  3.49599000e+03  8.80000000e-02  1.72780000e+01
 -2.83845389e+03  3.49599000e+03  8.80000000e-02  1.72780000e+01
 -2.83845389e+03  3.49599000e+03  8.80000000e-02  1.72780000e+01
 -2.83845389e+03  3.49599000e+03  8.80000000e-02  1.72780000e+01
 -2.83845389e+03  3.49599000e+03  8.80000000e-02  1.72780000e+01
 -2.83845389e+03  3.49599000e+03  8.80000000e-02  1.72780000e+01
 -2.84156435e+03  3.49667000e+03  8.80000000e-02  1.72780000e+01
 -2.84156435e+03  3.49667000e+03  8.80000000e-02  1.72780000e+01
 -2.84156435e+03  3.49667000e+03  8.80000000e-02  1.72780000e+01
 -2.84269978e+03  3.50086400e+03  8.80000000e-02  1.72740000e+01
 -2.84269978e+03  3.50086400e+03  8.80000000e-02  1.72740000e+01
 -2.84269978e+03  3.50086400e+03  8.80000000e-02  1.72740000e+01
 -2.84263873e+03  3.50207500e+03  8.80000000e-02  1.72740000e+01
 -2.84390310e+03  3.50283200e+03  8.80000000e-02  1.72870000e+01
 -2.84390310e+03  3.50283200e+03  8.80000000e-02  1.72870000e+01
 -2.84456455e+03  3.50589100e+03  8.80000000e-02  1.71950000e+01
 -2.84844464e+03  3.50490700e+03  8.80000000e-02  1.71950000e+01
 -2.86254281e+03  3.50878700e+03  8.80000000e-02  1.71920000e+01
 -2.86254281e+03  3.50878700e+03  8.80000000e-02  1.71920000e+01
 -2.86871550e+03  3.51132600e+03  8.80000000e-02  1.72300000e+01
 -2.86958702e+03  3.51365000e+03  8.80000000e-02  1.71990000e+01
 -2.86997471e+03  3.51739000e+03  8.80000000e-02  1.71480000e+01
 -2.86995206e+03  3.51695800e+03  8.80000000e-02  1.71490000e+01
 -2.86995206e+03  3.51695800e+03  8.80000000e-02  1.71490000e+01
 -2.86995206e+03  3.51695800e+03  8.80000000e-02  1.71490000e+01
 -2.87003420e+03  3.51717400e+03  8.80000000e-02  1.71600000e+01
 -2.87012143e+03  3.51875100e+03  8.80000000e-02  1.70430000e+01
 -2.87012143e+03  3.51875100e+03  8.80000000e-02  1.70430000e+01
 -2.87059324e+03  3.51927100e+03  8.80000000e-02  1.70310000e+01
 -2.87038672e+03  3.51793100e+03  8.80000000e-02  1.72110000e+01
 -2.87075801e+03  3.51891400e+03  8.80000000e-02  1.71580000e+01
 -2.87075801e+03  3.51891400e+03  8.80000000e-02  1.71580000e+01
 -2.87075801e+03  3.51891400e+03  8.80000000e-02  1.71580000e+01
 -2.87294965e+03  3.52055700e+03  8.80000000e-02  1.71580000e+01
 -2.87294965e+03  3.52055700e+03  8.80000000e-02  1.71580000e+01
 -2.87294965e+03  3.52055700e+03  8.80000000e-02  1.71580000e+01
 -2.88961887e+03  3.52355100e+03  8.80000000e-02  1.71640000e+01
 -2.89371842e+03  3.52556100e+03  8.70000000e-02  1.71540000e+01
 -2.90078178e+03  3.52436000e+03  8.80000000e-02  1.72310000e+01
 -2.90115333e+03  3.52503000e+03  8.80000000e-02  1.72310000e+01
 -2.90197604e+03  3.53094300e+03  8.80000000e-02  1.71750000e+01
 -2.90205723e+03  3.53281300e+03  8.80000000e-02  1.71680000e+01
 -2.90205723e+03  3.53281300e+03  8.80000000e-02  1.71680000e+01
 -2.90205723e+03  3.53281300e+03  8.80000000e-02  1.71680000e+01
 -2.90258604e+03  3.53556800e+03  8.80000000e-02  1.71470000e+01
 -2.90317027e+03  3.53758800e+03  8.80000000e-02  1.71400000e+01
 -2.90516811e+03  3.53915500e+03  8.80000000e-02  1.71340000e+01
 -2.90819192e+03  3.53862500e+03  8.80000000e-02  1.71140000e+01
 -2.90819192e+03  3.53862500e+03  8.80000000e-02  1.71140000e+01
 -2.90819192e+03  3.53862500e+03  8.80000000e-02  1.71140000e+01
 -2.90838534e+03  3.53785700e+03  8.80000000e-02  1.71610000e+01
 -2.90838534e+03  3.53785700e+03  8.80000000e-02  1.71610000e+01
 -2.90838534e+03  3.53785700e+03  8.80000000e-02  1.71610000e+01
 -2.91025378e+03  3.53763000e+03  8.80000000e-02  1.71490000e+01
 -2.91025378e+03  3.53763000e+03  8.80000000e-02  1.71490000e+01
 -2.91099558e+03  3.54180200e+03  8.80000000e-02  1.70080000e+01
 -2.91099558e+03  3.54180200e+03  8.80000000e-02  1.70080000e+01
 -2.91450563e+03  3.54353200e+03  8.80000000e-02  1.70300000e+01
 -2.91450563e+03  3.54353200e+03  8.80000000e-02  1.70300000e+01
 -2.91803540e+03  3.54464500e+03  8.80000000e-02  1.70520000e+01
 -2.92266832e+03  3.54473200e+03  8.80000000e-02  1.71490000e+01
 -2.94112561e+03  3.54615800e+03  8.80000000e-02  1.71780000e+01
 -2.94127901e+03  3.54638500e+03  8.80000000e-02  1.72020000e+01
 -2.94930766e+03  3.54674100e+03  8.80000000e-02  1.73120000e+01
 -2.94930766e+03  3.54674100e+03  8.80000000e-02  1.73120000e+01
 -2.94930766e+03  3.54674100e+03  8.80000000e-02  1.73120000e+01
 -2.94930766e+03  3.54674100e+03  8.80000000e-02  1.73120000e+01
 -2.94930766e+03  3.54674100e+03  8.80000000e-02  1.73120000e+01
 -2.95117076e+03  3.54621100e+03  8.80000000e-02  1.73160000e+01
 -2.95117076e+03  3.54621100e+03  8.80000000e-02  1.73160000e+01
 -2.95117076e+03  3.54621100e+03  8.80000000e-02  1.73160000e+01
 -2.95122120e+03  3.54786500e+03  8.80000000e-02  1.72920000e+01
 -2.95122120e+03  3.54786500e+03  8.80000000e-02  1.72920000e+01
 -2.95122120e+03  3.54786500e+03  8.80000000e-02  1.72920000e+01
 -2.95169600e+03  3.54719500e+03  8.80000000e-02  1.73060000e+01
 -2.96014896e+03  3.54950800e+03  8.80000000e-02  1.72720000e+01
 -2.96143437e+03  3.55106400e+03  8.80000000e-02  1.72200000e+01
 -2.96171137e+03  3.55218700e+03  8.80000000e-02  1.72250000e+01
 -2.96486132e+03  3.55197100e+03  8.80000000e-02  1.72670000e+01
 -2.96486132e+03  3.55197100e+03  8.80000000e-02  1.72670000e+01
 -2.96486132e+03  3.55197100e+03  8.80000000e-02  1.72670000e+01
 -2.96486132e+03  3.55197100e+03  8.80000000e-02  1.72670000e+01
 -2.96486132e+03  3.55197100e+03  8.80000000e-02  1.72670000e+01
 -2.96500501e+03  3.55063100e+03  8.80000000e-02  1.73050000e+01
 -2.96500501e+03  3.55063100e+03  8.80000000e-02  1.73050000e+01
 -2.96500501e+03  3.55063100e+03  8.80000000e-02  1.73050000e+01
 -2.96500501e+03  3.55063100e+03  8.80000000e-02  1.73050000e+01
 -2.96500501e+03  3.55063100e+03  8.80000000e-02  1.73050000e+01
 -2.96655166e+03  3.55197100e+03  8.60000000e-02  1.72310000e+01
 -2.96655166e+03  3.55197100e+03  8.60000000e-02  1.72310000e+01
 -2.96681708e+03  3.55352700e+03  8.60000000e-02  1.71080000e+01
 -2.96681708e+03  3.55352700e+03  8.60000000e-02  1.71080000e+01
 -2.97977587e+03  3.55494200e+03  8.60000000e-02  1.71260000e+01
 -2.97977587e+03  3.55494200e+03  8.60000000e-02  1.71260000e+01
 -2.97977587e+03  3.55494200e+03  8.60000000e-02  1.71260000e+01
 -2.97977587e+03  3.55494200e+03  8.60000000e-02  1.71260000e+01
 -2.97977587e+03  3.55494200e+03  8.60000000e-02  1.71260000e+01
 -2.97977587e+03  3.55494200e+03  8.60000000e-02  1.71260000e+01
 -2.97977587e+03  3.55494200e+03  8.60000000e-02  1.71260000e+01
 -2.97977587e+03  3.55494200e+03  8.60000000e-02  1.71260000e+01
 -2.98915367e+03  3.55254200e+03  8.60000000e-02  1.71330000e+01
 -2.98915367e+03  3.55254200e+03  8.60000000e-02  1.71330000e+01
 -2.98915367e+03  3.55254200e+03  8.60000000e-02  1.71330000e+01
 -2.98915367e+03  3.55254200e+03  8.60000000e-02  1.71330000e+01
 -2.98915367e+03  3.55254200e+03  8.60000000e-02  1.71330000e+01
 -2.98915367e+03  3.55254200e+03  8.60000000e-02  1.71330000e+01
 -2.99327711e+03  3.54991500e+03  8.60000000e-02  1.71330000e+01
 -2.99327711e+03  3.54991500e+03  8.60000000e-02  1.71330000e+01
 -2.99784128e+03  3.55156900e+03  8.60000000e-02  1.71460000e+01
 -2.99784128e+03  3.55156900e+03  8.60000000e-02  1.71460000e+01
 -2.99784128e+03  3.55156900e+03  8.60000000e-02  1.71460000e+01
 -2.99784128e+03  3.55156900e+03  8.60000000e-02  1.71460000e+01
 -2.99784128e+03  3.55156900e+03  8.60000000e-02  1.71460000e+01
 -2.99788687e+03  3.55135200e+03  8.60000000e-02  1.71430000e+01
 -2.99788687e+03  3.55135200e+03  8.60000000e-02  1.71430000e+01
 -2.99788687e+03  3.55135200e+03  8.60000000e-02  1.71430000e+01
 -2.99788687e+03  3.55135200e+03  8.60000000e-02  1.71430000e+01
 -2.99788687e+03  3.55135200e+03  8.60000000e-02  1.71430000e+01
 -2.99788687e+03  3.55135200e+03  8.60000000e-02  1.71430000e+01
 -2.99809009e+03  3.55246500e+03  8.50000000e-02  1.71630000e+01
 -2.99809009e+03  3.55246500e+03  8.50000000e-02  1.71630000e+01
 -3.00087144e+03  3.55523200e+03  8.50000000e-02  1.71640000e+01
 -3.00087144e+03  3.55523200e+03  8.50000000e-02  1.71640000e+01
 -3.01617809e+03  3.55687500e+03  8.50000000e-02  1.72020000e+01
 -3.01627615e+03  3.55731800e+03  8.50000000e-02  1.71950000e+01
 -3.01627615e+03  3.55731800e+03  8.50000000e-02  1.71950000e+01
 -3.01627615e+03  3.55731800e+03  8.50000000e-02  1.71950000e+01
 -3.02560200e+03  3.55611800e+03  8.50000000e-02  1.73630000e+01
 -3.02560200e+03  3.55611800e+03  8.50000000e-02  1.73630000e+01
 -3.03072907e+03  3.56119700e+03  8.50000000e-02  1.72280000e+01
 -3.03072907e+03  3.56119700e+03  8.50000000e-02  1.72280000e+01
 -3.03072907e+03  3.56119700e+03  8.50000000e-02  1.72280000e+01
 -3.03584516e+03  3.56305600e+03  8.50000000e-02  1.72100000e+01
 -3.03584516e+03  3.56305600e+03  8.50000000e-02  1.72100000e+01
 -3.03584516e+03  3.56305600e+03  8.50000000e-02  1.72100000e+01
 -3.03584516e+03  3.56305600e+03  8.50000000e-02  1.72100000e+01
 -3.03641065e+03  3.56229900e+03  8.50000000e-02  1.72110000e+01
 -3.03641065e+03  3.56229900e+03  8.50000000e-02  1.72110000e+01
 -3.03641065e+03  3.56229900e+03  8.50000000e-02  1.72110000e+01
 -3.03641065e+03  3.56229900e+03  8.50000000e-02  1.72110000e+01
 -3.04090979e+03  3.56409300e+03  8.50000000e-02  1.71990000e+01
 -3.04106782e+03  3.56342300e+03  8.50000000e-02  1.71570000e+01
 -3.05520575e+03  3.56544300e+03  8.70000000e-02  1.71570000e+01
 -3.05506607e+03  3.56588500e+03  8.70000000e-02  1.72340000e+01
 -3.05938068e+03  3.56655500e+03  8.70000000e-02  1.72340000e+01
 -3.06029067e+03  3.57006800e+03  8.60000000e-02  1.72050000e+01
 -3.06781487e+03  3.56864100e+03  8.60000000e-02  1.72080000e+01
 -3.06781487e+03  3.56864100e+03  8.60000000e-02  1.72080000e+01
 -3.06788313e+03  3.56557100e+03  8.60000000e-02  1.72750000e+01
 -3.07275835e+03  3.56511700e+03  8.60000000e-02  1.73830000e+01
 -3.07275835e+03  3.56511700e+03  8.60000000e-02  1.73830000e+01
 -3.07563794e+03  3.56832700e+03  8.60000000e-02  1.73720000e+01
 -3.07638051e+03  3.57072700e+03  8.60000000e-02  1.74070000e+01
 -3.07638051e+03  3.57072700e+03  8.60000000e-02  1.74070000e+01
 -3.07863421e+03  3.57311600e+03  8.60000000e-02  1.72400000e+01
 -3.08414877e+03  3.57587200e+03  8.60000000e-02  1.72390000e+01
 -3.08501774e+03  3.57698500e+03  8.60000000e-02  1.72300000e+01
 -3.08501774e+03  3.57698500e+03  8.60000000e-02  1.72300000e+01
 -3.08501774e+03  3.57698500e+03  8.60000000e-02  1.72300000e+01
 -3.08499615e+03  3.57698500e+03  8.60000000e-02  1.72280000e+01
 -3.08499615e+03  3.57698500e+03  8.60000000e-02  1.72280000e+01
 -3.08526042e+03  3.57764400e+03  8.60000000e-02  1.72080000e+01
 -3.08550194e+03  3.58049700e+03  8.60000000e-02  1.71500000e+01
 -3.08550194e+03  3.58049700e+03  8.60000000e-02  1.71500000e+01
 -3.08550194e+03  3.58049700e+03  8.60000000e-02  1.71500000e+01
 -3.08563071e+03  3.58115600e+03  8.60000000e-02  1.71480000e+01
 -3.08563071e+03  3.58115600e+03  8.60000000e-02  1.71480000e+01
 -3.08563071e+03  3.58115600e+03  8.60000000e-02  1.71480000e+01
 -3.08609992e+03  3.58271200e+03  8.60000000e-02  1.70840000e+01
 -3.08625058e+03  3.58293900e+03  8.60000000e-02  1.70840000e+01
 -3.09168798e+03  3.58458100e+03  8.60000000e-02  1.70720000e+01
 -3.09168798e+03  3.58458100e+03  8.60000000e-02  1.70720000e+01
 -3.09168798e+03  3.58458100e+03  8.60000000e-02  1.70720000e+01
 -3.09214363e+03  3.58809500e+03  8.60000000e-02  1.69940000e+01
 -3.09214363e+03  3.58809500e+03  8.60000000e-02  1.69940000e+01
 -3.09349368e+03  3.58921800e+03  8.60000000e-02  1.69930000e+01
 -3.09354323e+03  3.58921800e+03  8.60000000e-02  1.69980000e+01
 -3.09403284e+03  3.59153100e+03  8.60000000e-02  1.68990000e+01
 -3.09504820e+03  3.59451400e+03  8.60000000e-02  1.68990000e+01
 -3.09621966e+03  3.59220000e+03  8.60000000e-02  1.68990000e+01
 -3.09633344e+03  3.59330200e+03  8.60000000e-02  1.68470000e+01
 -3.09633344e+03  3.59330200e+03  8.60000000e-02  1.68470000e+01
 -3.10217057e+03  3.59561500e+03  8.60000000e-02  1.68300000e+01
 -3.10216830e+03  3.59486900e+03  8.60000000e-02  1.68380000e+01
 -3.10473060e+03  3.59210200e+03  8.60000000e-02  1.68470000e+01
 -3.10473060e+03  3.59210200e+03  8.60000000e-02  1.68470000e+01
 -3.10639217e+03  3.59320400e+03  8.60000000e-02  1.68930000e+01
 -3.10894275e+03  3.59364700e+03  8.60000000e-02  1.69380000e+01
 -3.10894275e+03  3.59364700e+03  8.60000000e-02  1.69380000e+01
 -3.10894275e+03  3.59364700e+03  8.60000000e-02  1.69380000e+01
 -3.10894275e+03  3.59364700e+03  8.60000000e-02  1.69380000e+01
 -3.10894275e+03  3.59364700e+03  8.60000000e-02  1.69380000e+01
 -3.10894275e+03  3.59364700e+03  8.60000000e-02  1.69380000e+01
 -3.10912153e+03  3.59431700e+03  8.60000000e-02  1.69210000e+01
 -3.10996078e+03  3.59452200e+03  8.60000000e-02  1.70180000e+01
 -3.11065443e+03  3.59827200e+03  8.60000000e-02  1.69760000e+01
 -3.11071711e+03  3.59774200e+03  8.60000000e-02  1.70370000e+01
 -3.11071711e+03  3.59774200e+03  8.60000000e-02  1.70370000e+01
 -3.11228140e+03  3.59774200e+03  8.60000000e-02  1.70270000e+01
 -3.11228140e+03  3.59774200e+03  8.60000000e-02  1.70270000e+01
 -3.11228140e+03  3.59774200e+03  8.60000000e-02  1.70270000e+01
 -3.11351665e+03  3.60058500e+03  8.60000000e-02  1.69480000e+01
 -3.11351665e+03  3.60058500e+03  8.60000000e-02  1.69480000e+01
 -3.11403477e+03  3.60245500e+03  8.60000000e-02  1.69410000e+01
 -3.11403477e+03  3.60245500e+03  8.60000000e-02  1.69410000e+01
 -3.11403477e+03  3.60245500e+03  8.60000000e-02  1.69410000e+01
 -3.11403477e+03  3.60245500e+03  8.60000000e-02  1.69410000e+01
 -3.11743219e+03  3.60356800e+03  8.60000000e-02  1.69450000e+01
 -3.11786045e+03  3.60544800e+03  8.60000000e-02  1.68890000e+01
 -3.11786045e+03  3.60544800e+03  8.60000000e-02  1.68890000e+01
 -3.11843290e+03  3.60282100e+03  8.60000000e-02  1.69300000e+01
 -3.11843290e+03  3.60282100e+03  8.60000000e-02  1.69300000e+01
 -3.11843290e+03  3.60282100e+03  8.60000000e-02  1.69300000e+01
 -3.11843290e+03  3.60282100e+03  8.60000000e-02  1.69300000e+01
 -3.11843290e+03  3.60282100e+03  8.60000000e-02  1.69300000e+01
 -3.12279261e+03  3.60350200e+03  8.60000000e-02  1.69260000e+01
 -3.13091221e+03  3.60439900e+03  8.60000000e-02  1.69260000e+01
 -3.13091221e+03  3.60439900e+03  8.60000000e-02  1.69260000e+01
 -3.13180188e+03  3.60603100e+03  8.60000000e-02  1.69200000e+01
 -3.13180188e+03  3.60603100e+03  8.60000000e-02  1.69200000e+01
 -3.13180188e+03  3.60603100e+03  8.60000000e-02  1.69200000e+01
 -3.13180188e+03  3.60603100e+03  8.60000000e-02  1.69200000e+01
 -3.13180188e+03  3.60603100e+03  8.60000000e-02  1.69200000e+01
 -3.13180188e+03  3.60603100e+03  8.60000000e-02  1.69200000e+01
 -3.13180188e+03  3.60603100e+03  8.60000000e-02  1.69200000e+01
 -3.13180188e+03  3.60603100e+03  8.60000000e-02  1.69200000e+01
 -3.13180188e+03  3.60603100e+03  8.60000000e-02  1.69200000e+01
 -3.13180188e+03  3.60603100e+03  8.60000000e-02  1.69200000e+01
 -3.13180188e+03  3.60603100e+03  8.60000000e-02  1.69200000e+01
 -3.13180188e+03  3.60603100e+03  8.60000000e-02  1.69200000e+01
 -3.13180188e+03  3.60603100e+03  8.60000000e-02  1.69200000e+01
 -3.13180188e+03  3.60603100e+03  8.60000000e-02  1.69200000e+01
 -3.13696041e+03  3.60901400e+03  8.60000000e-02  1.69200000e+01
 -3.15371887e+03  3.61021400e+03  8.60000000e-02  1.69300000e+01
 -3.15371887e+03  3.61021400e+03  8.60000000e-02  1.69300000e+01
 -3.15422303e+03  3.60782500e+03  8.60000000e-02  1.69330000e+01
 -3.15422303e+03  3.60782500e+03  8.60000000e-02  1.69330000e+01
 -3.15422303e+03  3.60782500e+03  8.60000000e-02  1.69330000e+01
 -3.15427279e+03  3.60826800e+03  8.60000000e-02  1.68880000e+01
 -3.15427279e+03  3.60826800e+03  8.60000000e-02  1.68880000e+01
 -3.15446157e+03  3.60706800e+03  8.60000000e-02  1.69890000e+01
 -3.15446157e+03  3.60706800e+03  8.60000000e-02  1.69890000e+01
 -3.16105203e+03  3.60705700e+03  8.60000000e-02  1.70340000e+01
 -3.16105203e+03  3.60705700e+03  8.60000000e-02  1.70340000e+01
 -3.16105203e+03  3.60705700e+03  8.60000000e-02  1.70340000e+01
 -3.16105203e+03  3.60705700e+03  8.60000000e-02  1.70340000e+01
 -3.16113862e+03  3.60884000e+03  8.60000000e-02  1.70200000e+01
 -3.16113862e+03  3.60884000e+03  8.60000000e-02  1.70200000e+01
 -3.16358637e+03  3.60884000e+03  8.60000000e-02  1.70580000e+01
 -3.16358637e+03  3.60884000e+03  8.60000000e-02  1.70580000e+01
 -3.16358637e+03  3.60884000e+03  8.60000000e-02  1.70580000e+01
 -3.16371086e+03  3.60732600e+03  8.60000000e-02  1.70640000e+01
 -3.16406424e+03  3.60722800e+03  8.60000000e-02  1.71500000e+01
 -3.16406424e+03  3.60722800e+03  8.60000000e-02  1.71500000e+01
 -3.16406424e+03  3.60722800e+03  8.60000000e-02  1.71500000e+01
 -3.16406424e+03  3.60722800e+03  8.60000000e-02  1.71500000e+01
 -3.16406424e+03  3.60722800e+03  8.60000000e-02  1.71500000e+01
 -3.16406424e+03  3.60722800e+03  8.60000000e-02  1.71500000e+01
 -3.16406424e+03  3.60722800e+03  8.60000000e-02  1.71500000e+01
 -3.16596174e+03  3.60701100e+03  8.60000000e-02  1.71500000e+01
 -3.16596174e+03  3.60701100e+03  8.60000000e-02  1.71500000e+01
 -3.16593168e+03  3.60986500e+03  8.60000000e-02  1.70860000e+01
 -3.16593168e+03  3.60986500e+03  8.60000000e-02  1.70860000e+01
 -3.16593168e+03  3.60986500e+03  8.60000000e-02  1.70860000e+01
 -3.16593168e+03  3.60986500e+03  8.60000000e-02  1.70860000e+01
 -3.17113461e+03  3.60963800e+03  8.60000000e-02  1.70950000e+01
 -3.17130277e+03  3.60866500e+03  8.60000000e-02  1.70850000e+01
 -3.17220654e+03  3.61031900e+03  8.60000000e-02  1.70820000e+01
 -3.17220654e+03  3.61031900e+03  8.60000000e-02  1.70820000e+01
 -3.17220654e+03  3.61031900e+03  8.60000000e-02  1.70820000e+01
 -3.17220654e+03  3.61031900e+03  8.60000000e-02  1.70820000e+01
 -3.17278090e+03  3.61098900e+03  8.60000000e-02  1.70800000e+01
 -3.17278090e+03  3.61098900e+03  8.60000000e-02  1.70800000e+01
 -3.17278090e+03  3.61098900e+03  8.60000000e-02  1.70800000e+01
 -3.17278090e+03  3.61098900e+03  8.60000000e-02  1.70800000e+01
 -3.17278090e+03  3.61098900e+03  8.60000000e-02  1.70800000e+01
 -3.17297289e+03  3.60992800e+03  8.60000000e-02  1.70990000e+01
 -3.17595385e+03  3.60797100e+03  8.60000000e-02  1.70980000e+01
 -3.17595385e+03  3.60797100e+03  8.60000000e-02  1.70980000e+01
 -3.17595385e+03  3.60797100e+03  8.60000000e-02  1.70980000e+01
 -3.17887477e+03  3.60851200e+03  8.60000000e-02  1.70970000e+01
 -3.17940774e+03  3.61015500e+03  8.60000000e-02  1.70970000e+01
 -3.17940774e+03  3.61015500e+03  8.60000000e-02  1.70970000e+01
 -3.17940774e+03  3.61015500e+03  8.60000000e-02  1.70970000e+01
 -3.18359434e+03  3.60873800e+03  8.60000000e-02  1.70940000e+01
 -3.18359434e+03  3.60873800e+03  8.60000000e-02  1.70940000e+01
 -3.18359434e+03  3.60873800e+03  8.60000000e-02  1.70940000e+01
 -3.18359434e+03  3.60873800e+03  8.60000000e-02  1.70940000e+01
 -3.19503857e+03  3.61127800e+03  8.60000000e-02  1.70940000e+01
 -3.19503857e+03  3.61127800e+03  8.60000000e-02  1.70940000e+01
 -3.19849277e+03  3.61195900e+03  8.60000000e-02  1.71140000e+01
 -3.19849277e+03  3.61195900e+03  8.60000000e-02  1.71140000e+01
 -3.19849277e+03  3.61195900e+03  8.60000000e-02  1.71140000e+01
 -3.19882978e+03  3.61307100e+03  8.60000000e-02  1.71280000e+01
 -3.20118087e+03  3.61450900e+03  8.60000000e-02  1.71370000e+01
 -3.20118087e+03  3.61450900e+03  8.60000000e-02  1.71370000e+01
 -3.20315633e+03  3.61803300e+03  8.60000000e-02  1.70910000e+01
 -3.20315633e+03  3.61803300e+03  8.60000000e-02  1.70910000e+01
 -3.20325273e+03  3.61944900e+03  8.60000000e-02  1.70730000e+01
 -3.20325273e+03  3.61944900e+03  8.60000000e-02  1.70730000e+01
 -3.20325273e+03  3.61944900e+03  8.60000000e-02  1.70730000e+01
 -3.20394398e+03  3.61847500e+03  8.60000000e-02  1.71750000e+01
 -3.21293173e+03  3.61803200e+03  8.60000000e-02  1.72020000e+01
 -3.21293173e+03  3.61803200e+03  8.60000000e-02  1.72020000e+01
 -3.21293173e+03  3.61803200e+03  8.60000000e-02  1.72020000e+01
 -3.21718466e+03  3.61860400e+03  8.60000000e-02  1.71400000e+01
 -3.21739581e+03  3.61896000e+03  8.60000000e-02  1.71630000e+01
 -3.21739581e+03  3.61896000e+03  8.60000000e-02  1.71630000e+01
 -3.22878944e+03  3.62195400e+03  8.20000000e-02  1.71610000e+01
 -3.22878944e+03  3.62195400e+03  8.20000000e-02  1.71610000e+01
 -3.22914547e+03  3.62329400e+03  8.20000000e-02  1.71280000e+01
 -3.22914547e+03  3.62329400e+03  8.20000000e-02  1.71280000e+01
 -3.22914547e+03  3.62329400e+03  8.20000000e-02  1.71280000e+01
 -3.23308928e+03  3.62263400e+03  8.20000000e-02  1.71280000e+01
 -3.23664944e+03  3.62255800e+03  8.20000000e-02  1.71410000e+01
 -3.23664944e+03  3.62255800e+03  8.20000000e-02  1.71410000e+01
 -3.23664944e+03  3.62255800e+03  8.20000000e-02  1.71410000e+01
 -3.23679863e+03  3.62037400e+03  8.20000000e-02  1.71570000e+01
 -3.23679863e+03  3.62037400e+03  8.20000000e-02  1.71570000e+01
 -3.23679863e+03  3.62037400e+03  8.20000000e-02  1.71570000e+01
 -3.23679863e+03  3.62037400e+03  8.20000000e-02  1.71570000e+01
 -3.23679863e+03  3.62037400e+03  8.20000000e-02  1.71570000e+01
 -3.23993638e+03  3.61939000e+03  8.20000000e-02  1.72510000e+01
 -3.23993638e+03  3.61939000e+03  8.20000000e-02  1.72510000e+01
 -3.24643213e+03  3.62246000e+03  8.20000000e-02  1.72510000e+01
 -3.24643213e+03  3.62246000e+03  8.20000000e-02  1.72510000e+01
 -3.25202627e+03  3.62478300e+03  8.20000000e-02  1.72510000e+01
 -3.25272800e+03  3.62448000e+03  8.20000000e-02  1.72470000e+01
 -3.25272800e+03  3.62448000e+03  8.20000000e-02  1.72470000e+01
 -3.25272800e+03  3.62448000e+03  8.20000000e-02  1.72470000e+01
 -3.25272800e+03  3.62448000e+03  8.20000000e-02  1.72470000e+01
 -3.25281806e+03  3.62559300e+03  8.20000000e-02  1.71740000e+01
 -3.25501641e+03  3.62703100e+03  8.20000000e-02  1.70910000e+01
 -3.25556485e+03  3.62570200e+03  8.20000000e-02  1.71740000e+01
 -3.25556485e+03  3.62570200e+03  8.20000000e-02  1.71740000e+01
 -3.25556485e+03  3.62570200e+03  8.20000000e-02  1.71740000e+01
 -3.25556485e+03  3.62570200e+03  8.20000000e-02  1.71740000e+01
 -3.26085363e+03  3.62307400e+03  8.20000000e-02  1.71830000e+01
 -3.26085363e+03  3.62307400e+03  8.20000000e-02  1.71830000e+01
 -3.26085363e+03  3.62307400e+03  8.20000000e-02  1.71830000e+01
 -3.26305750e+03  3.62524700e+03  8.20000000e-02  1.71180000e+01
 -3.26307312e+03  3.62413400e+03  8.20000000e-02  1.71460000e+01
 -3.26307312e+03  3.62413400e+03  8.20000000e-02  1.71460000e+01
 -3.26378518e+03  3.62337700e+03  8.20000000e-02  1.71580000e+01
 -3.26378518e+03  3.62337700e+03  8.20000000e-02  1.71580000e+01
 -3.26378518e+03  3.62337700e+03  8.20000000e-02  1.71580000e+01
 -3.26378518e+03  3.62337700e+03  8.20000000e-02  1.71580000e+01
 -3.26395954e+03  3.62405800e+03  8.20000000e-02  1.71590000e+01
 -3.26616935e+03  3.62615500e+03  8.20000000e-02  1.71460000e+01
 -3.26616935e+03  3.62615500e+03  8.20000000e-02  1.71460000e+01
 -3.26616935e+03  3.62615500e+03  8.20000000e-02  1.71460000e+01
 -3.26616935e+03  3.62615500e+03  8.20000000e-02  1.71460000e+01
 -3.26724040e+03  3.62877100e+03  8.20000000e-02  1.71200000e+01
 -3.26724040e+03  3.62877100e+03  8.20000000e-02  1.71200000e+01
 -3.26724040e+03  3.62877100e+03  8.20000000e-02  1.71200000e+01
 -3.26777675e+03  3.62404700e+03  8.20000000e-02  1.72750000e+01
 -3.27422351e+03  3.62680300e+03  8.10000000e-02  1.72670000e+01
 -3.27422351e+03  3.62680300e+03  8.10000000e-02  1.72670000e+01
 -3.27422351e+03  3.62680300e+03  8.10000000e-02  1.72670000e+01
 -3.27428909e+03  3.62748400e+03  8.10000000e-02  1.72470000e+01
 -3.27548070e+03  3.62739600e+03  8.10000000e-02  1.72610000e+01
 -3.27548070e+03  3.62739600e+03  8.10000000e-02  1.72610000e+01