-1.56455120e+03  2.57626700e+03  8.80000000e-02  2.93540000e+01
 -1.56428719e+03  2.57769400e+03  8.80000000e-02  2.92620000e+01
 -1.56922715e+03  2.58210400e+03  8.80000000e-02  2.91880000e+01
 -1.57286434e+03  2.58749700e+03  8.80000000e-02  2.91500000e+01
 -1.58336216e+03  2.59310700e+03  8.80000000e-02  2.91490000e+01
 -1.58383477e+03  2.59849000e+03  8.80000000e-02  2.88500000e+01
 -1.58517080e+03  2.60244500e+03  8.80000000e-02  2.88040000e+01
 -1.58527807e+03  2.60267200e+03  8.80000000e-02  2.88040000e+01
 -1.58880353e+03  2.60498500e+03  8.80000000e-02  2.89300000e+01
 -1.58900731e+03  2.60775100e+03  8.80000000e-02  2.87250000e+01
 -1.58899260e+03  2.60886400e+03  8.80000000e-02  2.87590000e+01
 -1.59422161e+03  2.61559800e+03  8.80000000e-02  2.84220000e+01
 -1.60063440e+03  2.62031000e+03  8.80000000e-02  2.84220000e+01
 -1.60577259e+03  2.62502300e+03  8.80000000e-02  2.83070000e+01
 -1.60576215e+03  2.62667700e+03  8.80000000e-02  2.82690000e+01
 -1.60873290e+03  2.63468700e+03  8.80000000e-02  2.79670000e+01
 -1.60924398e+03  2.63655600e+03  8.80000000e-02  2.79670000e+01
 -1.60959367e+03  2.63699900e+03  8.80000000e-02  2.79540000e+01
 -1.62750077e+03  2.64329000e+03  8.80000000e-02  2.79480000e+01
 -1.62835135e+03  2.64867200e+03  8.80000000e-02  2.76480000e+01
 -1.63894284e+03  2.65361200e+03  8.80000000e-02  2.76490000e+01
 -1.64044099e+03  2.65766600e+03  8.80000000e-02  2.75110000e+01
 -1.65047255e+03  2.65802100e+03  8.80000000e-02  2.76550000e+01
 -1.65226417e+03  2.66108000e+03  8.80000000e-02  2.77330000e+01
 -1.65693018e+03  2.66579300e+03  8.80000000e-02  2.75150000e+01
 -1.65801776e+03  2.67162900e+03  8.80000000e-02  2.74850000e+01
 -1.66349425e+03  2.67626600e+03  8.80000000e-02  2.74320000e+01
 -1.66641738e+03  2.68067600e+03  8.80000000e-02  2.74320000e+01
 -1.68139866e+03  2.68561500e+03  8.80000000e-02  2.73810000e+01
 -1.68256576e+03  2.68726900e+03  8.80000000e-02  2.73810000e+01
 -1.69444977e+03  2.69100900e+03  8.80000000e-02  2.73650000e+01
 -1.70098909e+03  2.69572200e+03  8.80000000e-02  2.73650000e+01
 -1.70248698e+03  2.69496400e+03  8.80000000e-02  2.74240000e+01
 -1.70423300e+03  2.69826100e+03  8.80000000e-02  2.73560000e+01
 -1.70934351e+03  2.70124400e+03  8.80000000e-02  2.72330000e+01
 -1.71168706e+03  2.70586900e+03  8.80000000e-02  2.71820000e+01
 -1.71330610e+03  2.71006300e+03  8.80000000e-02  2.71120000e+01
 -1.71605335e+03  2.71523000e+03  8.80000000e-02  2.69520000e+01
 -1.71148122e+03  2.71491600e+03  8.80000000e-02  2.68590000e+01
 -1.72132647e+03  2.71962800e+03  8.80000000e-02  2.68590000e+01
 -1.72552534e+03  2.72247100e+03  8.80000000e-02  2.68520000e+01
 -1.72746601e+03  2.72928100e+03  8.80000000e-02  2.66670000e+01
 -1.72880638e+03  2.72972400e+03  8.80000000e-02  2.66670000e+01
 -1.73085821e+03  2.73466400e+03  8.80000000e-02  2.65920000e+01
 -1.74022739e+03  2.73697700e+03  8.80000000e-02  2.65810000e+01
 -1.74216640e+03  2.74116000e+03  8.80000000e-02  2.65150000e+01
 -1.74360298e+03  2.74556900e+03  8.80000000e-02  2.63990000e+01
 -1.74435152e+03  2.74713600e+03  8.80000000e-02  2.63910000e+01
 -1.75817551e+03  2.74967500e+03  8.80000000e-02  2.63850000e+01
 -1.76564207e+03  2.75484200e+03  8.80000000e-02  2.63850000e+01
 -1.76860064e+03  2.75880800e+03  8.80000000e-02  2.63070000e+01
 -1.77032833e+03  2.76606100e+03  8.90000000e-02  2.60820000e+01
 -1.77705110e+03  2.77144400e+03  8.90000000e-02  2.60760000e+01
 -1.77800968e+03  2.77540000e+03  8.90000000e-02  2.58970000e+01
 -1.78696992e+03  2.77695500e+03  8.90000000e-02  2.58910000e+01
 -1.78884447e+03  2.78420800e+03  8.90000000e-02  2.58060000e+01
 -1.79065336e+03  2.78817500e+03  8.90000000e-02  2.57980000e+01
 -1.79093972e+03  2.79200100e+03  8.90000000e-02  2.56690000e+01
 -1.78432533e+03  2.79244400e+03  8.90000000e-02  2.54630000e+01
 -1.78582741e+03  2.79507100e+03  8.80000000e-02  2.53630000e+01
 -1.79049253e+03  2.79715700e+03  8.80000000e-02  2.53530000e+01
 -1.79093720e+03  2.80037700e+03  8.90000000e-02  2.53490000e+01
 -1.80106787e+03  2.80412700e+03  8.80000000e-02  2.52750000e+01
 -1.80028614e+03  2.80502400e+03  8.80000000e-02  2.52750000e+01
 -1.79945701e+03  2.80658000e+03  8.80000000e-02  2.52750000e+01
 -1.80023972e+03  2.81009300e+03  8.80000000e-02  2.52390000e+01
 -1.79624010e+03  2.80889300e+03  8.80000000e-02  2.52370000e+01
 -1.79778741e+03  2.81120600e+03  8.80000000e-02  2.52370000e+01
 -1.79785855e+03  2.81360600e+03  8.80000000e-02  2.51510000e+01
 -1.80771967e+03  2.81974600e+03  8.80000000e-02  2.51510000e+01
 -1.81422626e+03  2.82664300e+03  8.80000000e-02  2.51290000e+01
 -1.81722100e+03  2.82895500e+03  8.80000000e-02  2.51290000e+01
 -1.82070668e+03  2.83193800e+03  8.80000000e-02  2.51290000e+01
 -1.82178293e+03  2.83492000e+03  8.80000000e-02  2.51200000e+01
 -1.82854320e+03  2.84194600e+03  8.80000000e-02  2.49280000e+01
 -1.83402676e+03  2.84471300e+03  8.80000000e-02  2.49110000e+01
 -1.84733926e+03  2.84934900e+03  8.80000000e-02  2.48480000e+01
 -1.84672106e+03  2.85054900e+03  8.80000000e-02  2.48120000e+01
 -1.84550466e+03  2.85339200e+03  8.80000000e-02  2.47410000e+01
 -1.85495078e+03  2.85668900e+03  8.80000000e-02  2.47190000e+01
 -1.85567304e+03  2.85877400e+03  8.80000000e-02  2.45740000e+01
 -1.86407914e+03  2.85957300e+03  8.80000000e-02  2.45930000e+01
 -1.86438542e+03  2.86331300e+03  8.80000000e-02  2.43280000e+01
 -1.86172088e+03  2.86375500e+03  8.80000000e-02  2.42840000e+01
 -1.86320573e+03  2.86705200e+03  8.80000000e-02  2.42370000e+01
 -1.86870312e+03  2.87297600e+03  8.80000000e-02  2.41760000e+01
 -1.86882219e+03  2.87574200e+03  8.80000000e-02  2.41580000e+01
 -1.87697419e+03  2.87970900e+03  8.80000000e-02  2.41580000e+01
 -1.88160887e+03  2.88202200e+03  8.80000000e-02  2.41030000e+01
 -1.88609441e+03  2.88874400e+03  8.80000000e-02  2.40180000e+01
 -1.88897597e+03  2.89038700e+03  8.80000000e-02  2.39770000e+01
 -1.88929911e+03  2.89345700e+03  8.80000000e-02  2.38710000e+01
 -1.89065714e+03  2.89585700e+03  8.80000000e-02  2.38400000e+01
 -1.89096506e+03  2.89914300e+03  8.80000000e-02  2.37850000e+01
 -1.89412157e+03  2.90595300e+03  8.80000000e-02  2.37640000e+01
 -1.89873477e+03  2.90825500e+03  8.80000000e-02  2.36780000e+01
 -1.89612209e+03  2.90959400e+03  9.50000000e-02  2.36660000e+01
 -1.89823656e+03  2.91333300e+03  9.50000000e-02  2.36480000e+01
 -1.89937162e+03  2.91895400e+03  9.50000000e-02  2.34340000e+01
 -1.90339906e+03  2.91962300e+03  9.50000000e-02  2.34280000e+01
 -1.91109128e+03  2.92456300e+03  9.50000000e-02  2.34140000e+01
 -1.91121862e+03  2.92643300e+03  9.50000000e-02  2.34060000e+01
 -1.91199935e+03  2.92599000e+03  9.50000000e-02  2.34220000e+01
 -1.91298870e+03  2.92710200e+03  9.50000000e-02  2.34420000e+01
 -1.91343043e+03  2.93062600e+03  9.50000000e-02  2.33280000e+01
 -1.91281444e+03  2.93129600e+03  9.50000000e-02  2.33060000e+01
 -1.91966092e+03  2.93449400e+03  9.50000000e-02  2.33070000e+01
 -1.92295281e+03  2.93098100e+03  9.50000000e-02  2.34100000e+01
 -1.92916411e+03  2.93449400e+03  9.50000000e-02  2.33940000e+01
 -1.92731246e+03  2.93636300e+03  9.50000000e-02  2.33920000e+01
 -1.92780474e+03  2.93779000e+03  9.50000000e-02  2.33910000e+01
 -1.93709102e+03  2.94362700e+03  9.50000000e-02  2.32650000e+01
 -1.93419357e+03  2.94340000e+03  9.50000000e-02  2.32650000e+01
 -1.93633775e+03  2.94879300e+03  9.50000000e-02  2.31660000e+01
 -1.94410602e+03  2.95417500e+03  9.50000000e-02  2.31210000e+01
 -1.94391214e+03  2.95408800e+03  9.50000000e-02  2.31210000e+01
 -1.94326789e+03  2.95431500e+03  9.50000000e-02  2.31260000e+01
 -1.94310543e+03  2.95806500e+03  9.50000000e-02  2.30610000e+01
 -1.94917590e+03  2.96203200e+03  9.50000000e-02  2.30510000e+01
 -1.95006862e+03  2.96443200e+03  9.50000000e-02  2.29300000e+01
 -1.95078042e+03  2.96578200e+03  9.50000000e-02  2.29110000e+01
 -1.96024911e+03  2.96952200e+03  9.50000000e-02  2.29970000e+01
 -1.96114390e+03  2.97348900e+03  9.50000000e-02  2.29970000e+01
 -1.96110583e+03  2.97656900e+03  9.60000000e-02  2.29420000e+01
 -1.96602532e+03  2.98284900e+03  9.60000000e-02  2.26470000e+01
 -1.96699149e+03  2.98196300e+03  9.60000000e-02  2.27380000e+01
 -1.96702702e+03  2.98173600e+03  9.60000000e-02  2.28600000e+01
 -1.96757481e+03  2.98405900e+03  9.60000000e-02  2.26520000e+01
 -1.97266176e+03  2.98525900e+03  9.60000000e-02  2.27350000e+01
 -1.97289929e+03  2.98428600e+03  9.60000000e-02  2.28760000e+01
 -1.97400760e+03  2.98429600e+03  9.60000000e-02  2.28780000e+01
 -1.97515708e+03  2.98497700e+03  9.60000000e-02  2.28800000e+01
 -1.98753752e+03  2.98795900e+03  9.60000000e-02  2.28800000e+01
 -1.98588824e+03  2.98819700e+03  9.60000000e-02  2.28800000e+01
 -1.98903305e+03  2.99096300e+03  9.60000000e-02  2.27980000e+01
 -1.98903305e+03  2.99096300e+03  9.60000000e-02  2.27980000e+01
 -1.98940121e+03  2.98977400e+03  9.60000000e-02  2.29440000e+01
 -2.00050699e+03  2.99778400e+03  9.60000000e-02  2.29100000e+01
 -2.01039177e+03  3.00099300e+03  9.60000000e-02  2.29130000e+01
 -2.00855661e+03  3.00482000e+03  9.60000000e-02  2.28300000e+01
 -2.01204460e+03  3.00669000e+03  9.60000000e-02  2.28310000e+01
 -2.01369413e+03  3.00757600e+03  9.60000000e-02  2.28310000e+01
 -2.02447961e+03  3.01131600e+03  9.60000000e-02  2.27850000e+01
 -2.02595031e+03  3.01296900e+03  9.60000000e-02  2.26050000e+01
 -2.03432459e+03  3.01252600e+03  9.60000000e-02  2.26260000e+01
 -2.03861028e+03  3.01679600e+03  9.60000000e-02  2.26040000e+01
 -2.04884105e+03  3.01932500e+03  9.60000000e-02  2.26040000e+01
 -2.06141488e+03  3.01933600e+03  9.60000000e-02  2.26080000e+01
 -2.06101774e+03  3.02053600e+03  9.60000000e-02  2.25950000e+01
 -2.06935811e+03  3.02404800e+03  9.60000000e-02  2.25950000e+01
 -2.07250571e+03  3.02397200e+03  9.60000000e-02  2.25900000e+01
 -2.06856767e+03  3.02530100e+03  9.60000000e-02  2.25910000e+01
 -2.07842438e+03  3.02957100e+03  9.60000000e-02  2.25910000e+01
 -2.07994936e+03  3.02926700e+03  9.60000000e-02  2.26840000e+01
 -2.09228796e+03  3.02896400e+03  9.60000000e-02  2.27280000e+01
 -2.09302681e+03  3.02942800e+03  9.60000000e-02  2.27300000e+01
 -2.09644144e+03  3.03294100e+03  9.60000000e-02  2.26420000e+01
 -2.10175280e+03  3.03449600e+03  9.60000000e-02  2.26360000e+01
 -2.10315510e+03  3.03809600e+03  9.60000000e-02  2.24080000e+01
 -2.10396562e+03  3.04018200e+03  9.60000000e-02  2.23610000e+01
 -2.10827187e+03  3.04205200e+03  9.60000000e-02  2.23490000e+01
 -2.10838642e+03  3.04391100e+03  9.60000000e-02  2.22580000e+01
 -2.10919746e+03  3.04765100e+03  9.60000000e-02  2.22090000e+01
 -2.11436748e+03  3.05093700e+03  9.60000000e-02  2.22030000e+01
 -2.11436748e+03  3.05093700e+03  9.60000000e-02  2.22030000e+01
 -2.11483783e+03  3.05280600e+03  9.60000000e-02  2.21600000e+01
 -2.12705609e+03  3.05743200e+03  9.60000000e-02  2.21600000e+01
 -2.12741238e+03  3.06041500e+03  9.60000000e-02  2.19920000e+01
 -2.12750217e+03  3.06197100e+03  9.60000000e-02  2.19860000e+01
 -2.13763817e+03  3.06376400e+03  9.60000000e-02  2.19810000e+01
 -2.14977856e+03  3.06486600e+03  9.60000000e-02  2.18950000e+01
 -2.15102703e+03  3.06696300e+03  9.60000000e-02  2.18950000e+01
 -2.15529037e+03  3.07069200e+03  9.70000000e-02  2.17470000e+01
 -2.15687482e+03  3.07376200e+03  9.70000000e-02  2.18710000e+01
 -2.16533026e+03  3.07486400e+03  9.70000000e-02  2.18800000e+01
 -2.16528612e+03  3.07749100e+03  9.70000000e-02  2.18380000e+01
 -2.16655643e+03  3.07935000e+03  9.70000000e-02  2.17820000e+01
 -2.17317753e+03  3.08660300e+03  9.70000000e-02  2.16940000e+01
 -2.17282827e+03  3.08429000e+03  9.70000000e-02  2.17380000e+01
 -2.17287860e+03  3.08518600e+03  9.70000000e-02  2.16730000e+01
 -2.17287861e+03  3.08561900e+03  9.70000000e-02  2.16730000e+01
 -2.17699501e+03  3.08553200e+03  9.70000000e-02  2.16920000e+01
 -2.17663527e+03  3.08859000e+03  9.70000000e-02  2.16580000e+01
 -2.17439702e+03  3.08761700e+03  9.70000000e-02  2.16370000e+01
 -2.17501141e+03  3.08961500e+03  9.70000000e-02  2.16370000e+01
 -2.17993250e+03  3.09291200e+03  9.70000000e-02  2.16060000e+01
 -2.17988246e+03  3.09499800e+03  9.70000000e-02  2.15310000e+01
 -2.17982873e+03  3.09446700e+03  9.70000000e-02  2.15450000e+01
 -2.18288374e+03  3.09820700e+03  9.70000000e-02  2.15410000e+01
 -2.18339801e+03  3.10119000e+03  9.70000000e-02  2.15180000e+01
 -2.18541368e+03  3.10581600e+03  9.70000000e-02  2.14780000e+01
 -2.19651236e+03  3.11066800e+03  9.70000000e-02  2.14990000e+01
 -2.19526709e+03  3.11365100e+03  9.70000000e-02  2.14990000e+01
 -2.19872110e+03  3.11739100e+03  9.70000000e-02  2.14990000e+01
 -2.20073047e+03  3.12234100e+03  9.70000000e-02  2.14250000e+01
 -2.20073047e+03  3.12234100e+03  9.70000000e-02  2.14250000e+01
 -2.20393462e+03  3.12840500e+03  9.70000000e-02  2.13280000e+01
 -2.21200222e+03  3.13303100e+03  9.70000000e-02  2.13310000e+01
 -2.21200222e+03  3.13303100e+03  9.70000000e-02  2.13310000e+01
 -2.22083229e+03  3.13467300e+03  9.70000000e-02  2.13260000e+01
 -2.22083229e+03  3.13467300e+03  9.70000000e-02  2.13260000e+01
 -2.22310557e+03  3.13654300e+03  9.70000000e-02  2.13320000e+01
 -2.22414452e+03  3.13721300e+03  9.70000000e-02  2.12950000e+01
 -2.24029020e+03  3.14312500e+03  9.70000000e-02  2.12930000e+01
 -2.23995503e+03  3.14500600e+03  9.70000000e-02  2.11950000e+01
 -2.23995503e+03  3.14500600e+03  9.70000000e-02  2.11950000e+01
 -2.23995503e+03  3.14500600e+03  9.70000000e-02  2.11950000e+01
 -2.24095371e+03  3.14591300e+03  9.70000000e-02  2.11470000e+01
 -2.24255681e+03  3.14778300e+03  9.70000000e-02  2.11910000e+01
 -2.24592632e+03  3.15152300e+03  9.70000000e-02  2.11610000e+01
 -2.24626044e+03  3.15526300e+03  9.70000000e-02  2.10960000e+01
 -2.24470685e+03  3.15429000e+03  9.70000000e-02  2.10730000e+01
 -2.24449227e+03  3.15496000e+03  9.70000000e-02  2.10600000e+01
 -2.24562877e+03  3.15464600e+03  9.70000000e-02  2.11090000e+01
 -2.24517526e+03  3.15771500e+03  9.70000000e-02  2.10660000e+01
 -2.24973707e+03  3.15815800e+03  9.70000000e-02  2.10670000e+01
 -2.25443932e+03  3.16035300e+03  9.70000000e-02  2.09300000e+01
 -2.25680931e+03  3.16386600e+03  9.70000000e-02  2.08340000e+01
 -2.25622299e+03  3.16310800e+03  9.70000000e-02  2.08480000e+01
 -2.26038062e+03  3.16475100e+03  9.70000000e-02  2.08480000e+01
 -2.26433127e+03  3.17014500e+03  9.70000000e-02  2.06580000e+01
 -2.26574358e+03  3.17508500e+03  9.70000000e-02  2.05330000e+01
 -2.26587025e+03  3.17792800e+03  9.70000000e-02  2.03220000e+01
 -2.26757794e+03  3.17837100e+03  9.70000000e-02  2.03220000e+01
 -2.27390565e+03  3.18001400e+03  9.70000000e-02  2.00600000e+01
 -2.28667167e+03  3.18255400e+03  9.70000000e-02  2.00600000e+01
 -2.28667167e+03  3.18255400e+03  9.70000000e-02  2.00600000e+01
 -2.28667167e+03  3.18255400e+03  9.70000000e-02  2.00600000e+01
 -2.28667167e+03  3.18255400e+03  9.70000000e-02  2.00600000e+01
 -2.28935415e+03  3.18420700e+03  9.70000000e-02  2.00660000e+01
 -2.29266845e+03  3.18181800e+03  9.70000000e-02  2.01670000e+01
 -2.29266845e+03  3.18181800e+03  9.70000000e-02  2.01670000e+01
 -2.29373117e+03  3.18256400e+03  9.70000000e-02  2.01550000e+01
 -2.29522058e+03  3.18510400e+03  9.70000000e-02  2.00850000e+01
 -2.29642864e+03  3.18600000e+03  9.70000000e-02  2.00850000e+01
 -2.29512703e+03  3.18458400e+03  9.70000000e-02  2.01210000e+01
 -2.30645986e+03  3.18382700e+03  9.70000000e-02  2.01360000e+01
 -2.30749747e+03  3.18711300e+03  9.70000000e-02  2.01350000e+01
 -2.30749747e+03  3.18711300e+03  9.70000000e-02  2.01350000e+01
 -2.30649984e+03  3.18898200e+03  9.70000000e-02  2.01040000e+01
 -2.30708845e+03  3.19220300e+03  9.70000000e-02  2.00450000e+01
 -2.30708845e+03  3.19220300e+03  9.70000000e-02  2.00450000e+01
 -2.30695683e+03  3.19451500e+03  9.70000000e-02  1.99430000e+01
 -2.31021568e+03  3.19682800e+03  9.70000000e-02  1.99200000e+01
 -2.30844106e+03  3.19683900e+03  9.70000000e-02  1.99210000e+01
 -2.30926142e+03  3.19869800e+03  9.70000000e-02  1.99090000e+01
 -2.31822564e+03  3.19749700e+03  9.70000000e-02  2.01650000e+01
 -2.31822564e+03  3.19749700e+03  9.70000000e-02  2.01650000e+01
 -2.31855085e+03  3.19859900e+03  9.70000000e-02  2.01490000e+01
 -2.31449318e+03  3.20069600e+03  9.70000000e-02  2.00830000e+01
 -2.31864436e+03  3.20345200e+03  9.70000000e-02  1.99940000e+01
 -2.31960906e+03  3.20576500e+03  9.70000000e-02  1.97420000e+01
 -2.32457658e+03  3.20733200e+03  9.70000000e-02  1.97340000e+01
 -2.32485163e+03  3.20943900e+03  9.70000000e-02  1.96700000e+01
 -2.33017945e+03  3.21594600e+03  9.70000000e-02  1.95590000e+01
 -2.33276756e+03  3.21705900e+03  9.70000000e-02  1.95820000e+01
 -2.33317141e+03  3.21585900e+03  9.70000000e-02  1.95880000e+01
 -2.33317141e+03  3.21585900e+03  9.70000000e-02  1.95880000e+01
 -2.33599447e+03  3.21848500e+03  9.70000000e-02  1.95850000e+01
 -2.33535808e+03  3.21653900e+03  9.70000000e-02  1.96200000e+01
 -2.33786902e+03  3.21960900e+03  9.70000000e-02  1.96040000e+01
 -2.34233437e+03  3.22103500e+03  9.70000000e-02  1.96510000e+01
 -2.34239224e+03  3.22236400e+03  9.70000000e-02  1.96450000e+01
 -2.34710233e+03  3.22625500e+03  9.70000000e-02  1.95880000e+01
 -2.34801038e+03  3.22736800e+03  9.70000000e-02  1.95770000e+01
 -2.34816683e+03  3.22870700e+03  9.70000000e-02  1.95780000e+01
 -2.34816683e+03  3.22870700e+03  9.70000000e-02  1.95780000e+01
 -2.34816683e+03  3.22870700e+03  9.70000000e-02  1.95780000e+01
 -2.34176635e+03  3.22638300e+03  9.70000000e-02  1.96720000e+01
 -2.34278419e+03  3.23033900e+03  9.70000000e-02  1.96310000e+01
 -2.34396215e+03  3.23287900e+03  9.70000000e-02  1.96010000e+01
 -2.34393939e+03  3.23266300e+03  9.70000000e-02  1.96800000e+01
 -2.35027905e+03  3.23333200e+03  9.70000000e-02  1.97230000e+01
 -2.35066630e+03  3.23475900e+03  9.70000000e-02  1.96950000e+01
 -2.35148359e+03  3.23519100e+03  9.70000000e-02  1.97260000e+01
 -2.35029988e+03  3.23332100e+03  9.70000000e-02  1.97590000e+01
 -2.35029988e+03  3.23332100e+03  9.70000000e-02  1.97590000e+01
 -2.35057820e+03  3.23355900e+03  9.70000000e-02  1.97560000e+01
 -2.35440449e+03  3.23422900e+03  9.70000000e-02  1.97530000e+01
 -2.35492579e+03  3.23325500e+03  9.70000000e-02  1.96490000e+01
 -2.35585833e+03  3.23370900e+03  9.70000000e-02  1.98010000e+01
 -2.35627085e+03  3.23744800e+03  9.70000000e-02  1.96720000e+01
 -2.35876125e+03  3.24118800e+03  9.70000000e-02  1.96550000e+01
 -2.36507351e+03  3.24612800e+03  9.70000000e-02  1.95650000e+01
 -2.36546028e+03  3.24701400e+03  9.70000000e-02  1.95650000e+01
 -2.36629137e+03  3.25076500e+03  9.70000000e-02  1.95430000e+01
 -2.36615385e+03  3.25166100e+03  9.70000000e-02  1.95490000e+01
 -2.36615385e+03  3.25166100e+03  9.70000000e-02  1.95490000e+01
 -2.36514957e+03  3.25398500e+03  9.70000000e-02  1.94640000e+01
 -2.36514957e+03  3.25398500e+03  9.70000000e-02  1.94640000e+01
 -2.36765669e+03  3.25705500e+03  9.70000000e-02  1.94390000e+01
 -2.36775693e+03  3.25615800e+03  9.70000000e-02  1.95410000e+01
 -2.36916797e+03  3.25495800e+03  9.70000000e-02  1.95750000e+01
 -2.36916797e+03  3.25495800e+03  9.70000000e-02  1.95750000e+01
 -2.36618794e+03  3.25407200e+03  9.70000000e-02  1.95720000e+01
 -2.36606793e+03  3.25728100e+03  9.70000000e-02  1.96660000e+01
 -2.36615703e+03  3.26004800e+03  9.70000000e-02  1.95550000e+01
 -2.36615703e+03  3.26004800e+03  9.70000000e-02  1.95550000e+01
 -2.36615703e+03  3.26004800e+03  9.70000000e-02  1.95550000e+01
 -2.36615703e+03  3.26004800e+03  9.70000000e-02  1.95550000e+01
 -2.36622942e+03  3.25870800e+03  9.70000000e-02  1.96450000e+01
 -2.36566543e+03  3.26124800e+03  9.70000000e-02  1.95110000e+01
 -2.36625284e+03  3.26685800e+03  9.70000000e-02  1.91970000e+01
 -2.36625284e+03  3.26685800e+03  9.70000000e-02  1.91970000e+01
 -2.36522002e+03  3.26797100e+03  9.70000000e-02  1.91660000e+01
 -2.37688562e+03  3.27104000e+03  9.70000000e-02  1.91490000e+01
 -2.37991755e+03  3.27411000e+03  9.70000000e-02  1.91490000e+01
 -2.38232619e+03  3.27574200e+03  9.70000000e-02  1.91490000e+01
 -2.38415959e+03  3.27685500e+03  9.70000000e-02  1.91490000e+01
 -2.38568494e+03  3.27916800e+03  9.70000000e-02  1.90580000e+01
 -2.38521871e+03  3.27774100e+03  9.70000000e-02  1.91450000e+01
 -2.38486524e+03  3.27743700e+03  9.70000000e-02  1.91290000e+01
 -2.38554325e+03  3.27743700e+03  9.70000000e-02  1.91460000e+01
 -2.38554325e+03  3.27743700e+03  9.70000000e-02  1.91460000e+01
 -2.38862482e+03  3.27743700e+03  9.80000000e-02  1.91020000e+01
 -2.38862482e+03  3.27743700e+03  9.80000000e-02  1.91020000e+01
 -2.40621384e+03  3.28139300e+03  9.80000000e-02  1.89960000e+01
 -2.40988648e+03  3.28379300e+03  9.80000000e-02  1.89550000e+01
 -2.41583037e+03  3.28686300e+03  9.70000000e-02  1.88980000e+01
 -2.41912010e+03  3.28730600e+03  9.80000000e-02  1.90310000e+01
 -2.42030599e+03  3.28864600e+03  9.80000000e-02  1.90310000e+01
 -2.41655731e+03  3.28678600e+03  9.80000000e-02  1.90270000e+01
 -2.41608336e+03  3.28746700e+03  9.80000000e-02  1.90060000e+01
 -2.41608336e+03  3.28746700e+03  9.80000000e-02  1.90060000e+01
 -2.41641892e+03  3.28725100e+03  9.80000000e-02  1.90430000e+01
 -2.41641892e+03  3.28725100e+03  9.80000000e-02  1.90430000e+01
 -2.41641892e+03  3.28725100e+03  9.80000000e-02  1.90430000e+01
 -2.41688006e+03  3.29032000e+03  9.80000000e-02  1.90150000e+01
 -2.41961353e+03  3.29263300e+03  9.80000000e-02  1.90130000e+01
 -2.41928047e+03  3.29054700e+03  9.80000000e-02  1.90470000e+01
 -2.42410697e+03  3.29332400e+03  9.80000000e-02  1.90060000e+01
 -2.42693986e+03  3.29475100e+03  9.80000000e-02  1.89300000e+01
 -2.42840020e+03  3.29638300e+03  9.80000000e-02  1.89310000e+01
 -2.43050390e+03  3.29848000e+03  9.80000000e-02  1.89260000e+01
 -2.43015420e+03  3.29772300e+03  9.80000000e-02  1.89210000e+01
 -2.43128882e+03  3.29773300e+03  9.80000000e-02  1.89430000e+01
 -2.43214686e+03  3.30139700e+03  9.80000000e-02  1.87160000e+01
 -2.43314257e+03  3.30469400e+03  9.80000000e-02  1.86660000e+01
 -2.44715427e+03  3.30724400e+03  9.80000000e-02  1.87060000e+01
 -2.45261612e+03  3.30889800e+03  9.80000000e-02  1.86150000e+01
 -2.45889611e+03  3.30747100e+03  9.80000000e-02  1.87120000e+01
 -2.46011054e+03  3.30814000e+03  9.80000000e-02  1.87120000e+01
 -2.46042154e+03  3.30828000e+03  9.80000000e-02  1.86640000e+01
 -2.46654900e+03  3.31126300e+03  9.80000000e-02  1.84930000e+01
 -2.46654900e+03  3.31126300e+03  9.80000000e-02  1.84930000e+01
 -2.46661099e+03  3.31103600e+03  9.80000000e-02  1.84930000e+01
 -2.46647324e+03  3.31050500e+03  9.80000000e-02  1.85280000e+01
 -2.46623593e+03  3.30983500e+03  9.80000000e-02  1.84920000e+01
 -2.47185122e+03  3.31401800e+03  9.80000000e-02  1.84480000e+01
 -2.47185122e+03  3.31401800e+03  9.80000000e-02  1.84480000e+01
 -2.47239288e+03  3.31633100e+03  9.80000000e-02  1.83610000e+01
 -2.47976273e+03  3.31807200e+03  9.80000000e-02  1.83610000e+01
 -2.48186455e+03  3.31883900e+03  9.80000000e-02  1.83690000e+01
 -2.48342738e+03  3.32070900e+03  9.80000000e-02  1.83670000e+01
 -2.48469359e+03  3.32356300e+03  9.70000000e-02  1.83710000e+01
 -2.48826429e+03  3.32609200e+03  9.70000000e-02  1.83710000e+01
 -2.48930988e+03  3.32806000e+03  9.70000000e-02  1.83590000e+01
 -2.48930988e+03  3.32806000e+03  9.70000000e-02  1.83590000e+01
 -2.49029191e+03  3.32970200e+03  9.70000000e-02  1.83570000e+01
 -2.49029191e+03  3.32970200e+03  9.70000000e-02  1.83570000e+01
 -2.49124486e+03  3.33179900e+03  9.70000000e-02  1.83500000e+01
 -2.49124486e+03  3.33179900e+03  9.70000000e-02  1.83500000e+01
 -2.49594037e+03  3.33269500e+03  9.70000000e-02  1.83500000e+01
 -2.50308619e+03  3.33260800e+03  9.70000000e-02  1.83620000e+01
 -2.50301224e+03  3.33283500e+03  9.70000000e-02  1.83660000e+01
 -2.50247540e+03  3.33210000e+03  9.70000000e-02  1.83660000e+01
 -2.51225522e+03  3.33388200e+03  9.70000000e-02  1.83660000e+01
 -2.51225522e+03  3.33388200e+03  9.70000000e-02  1.83660000e+01
 -2.51624745e+03  3.33618400e+03  9.70000000e-02  1.83240000e+01
 -2.51624745e+03  3.33618400e+03  9.70000000e-02  1.83240000e+01
 -2.51624745e+03  3.33618400e+03  9.70000000e-02  1.83240000e+01
 -2.51766011e+03  3.33574100e+03  9.70000000e-02  1.83650000e+01
 -2.51858849e+03  3.33619400e+03  9.70000000e-02  1.83620000e+01
 -2.51858849e+03  3.33619400e+03  9.70000000e-02  1.83620000e+01
 -2.51712943e+03  3.33686400e+03  9.70000000e-02  1.84040000e+01
 -2.51719644e+03  3.33775000e+03  9.70000000e-02  1.84090000e+01
 -2.52561890e+03  3.33633400e+03  9.70000000e-02  1.84910000e+01
 -2.52721045e+03  3.33908900e+03  9.70000000e-02  1.84910000e+01
 -2.52770073e+03  3.34296900e+03  9.70000000e-02  1.84460000e+01
 -2.52770073e+03  3.34296900e+03  9.70000000e-02  1.84460000e+01
 -2.53029869e+03  3.34453500e+03  9.70000000e-02  1.84860000e+01
 -2.53034608e+03  3.34520500e+03  9.70000000e-02  1.84450000e+01
 -2.54373940e+03  3.35201500e+03  9.70000000e-02  1.83140000e+01
 -2.54657428e+03  3.35388500e+03  9.70000000e-02  1.83140000e+01
 -2.54937054e+03  3.35686800e+03  9.70000000e-02  1.82510000e+01
 -2.54937054e+03  3.35686800e+03  9.70000000e-02  1.82510000e+01
 -2.55000102e+03  3.35685700e+03  9.70000000e-02  1.83710000e+01
 -2.55808560e+03  3.35499800e+03  9.70000000e-02  1.84530000e+01
 -2.56760525e+03  3.35469500e+03  9.70000000e-02  1.86450000e+01
 -2.56760525e+03  3.35469500e+03  9.70000000e-02  1.86450000e+01
 -2.57641141e+03  3.35580800e+03  9.70000000e-02  1.86160000e+01
 -2.57713217e+03  3.35865100e+03  9.70000000e-02  1.86040000e+01
 -2.58349449e+03  3.36216300e+03  9.70000000e-02  1.86060000e+01
 -2.58349449e+03  3.36216300e+03  9.70000000e-02  1.86060000e+01
 -2.58613681e+03  3.36581600e+03  9.70000000e-02  1.86060000e+01
 -2.58940074e+03  3.36633500e+03  9.70000000e-02  1.86920000e+01
 -2.59053542e+03  3.36744700e+03  9.70000000e-02  1.86450000e+01
 -2.60420773e+03  3.36856000e+03  8.20000000e-02  1.86660000e+01
 -2.60429298e+03  3.36834400e+03  8.20000000e-02  1.87040000e+01
 -2.60429298e+03  3.36834400e+03  8.20000000e-02  1.87040000e+01
 -2.61264976e+03  3.37208400e+03  8.20000000e-02  1.87240000e+01
 -2.61264976e+03  3.37208400e+03  8.20000000e-02  1.87240000e+01
 -2.61497895e+03  3.37482900e+03  8.20000000e-02  1.87220000e+01
 -2.61497895e+03  3.37482900e+03  8.20000000e-02  1.87220000e+01
 -2.61497895e+03  3.37482900e+03  8.20000000e-02  1.87220000e+01
 -2.61846771e+03  3.37370500e+03  8.20000000e-02  1.88430000e+01
 -2.61846771e+03  3.37370500e+03  8.20000000e-02  1.88430000e+01
 -2.62023445e+03  3.37483900e+03  8.30000000e-02  1.88320000e+01
 -2.62215310e+03  3.37482900e+03  8.30000000e-02  1.88350000e+01
 -2.62193877e+03  3.37295900e+03  8.30000000e-02  1.89530000e+01
 -2.62439832e+03  3.37439700e+03  8.30000000e-02  1.89510000e+01
 -2.62439832e+03  3.37439700e+03  8.30000000e-02  1.89510000e+01
 -2.62374938e+03  3.37342300e+03  8.30000000e-02  1.89440000e+01
 -2.62398553e+03  3.37432000e+03  8.30000000e-02  1.89330000e+01
 -2.62398553e+03  3.37432000e+03  8.30000000e-02  1.89330000e+01
 -2.62398553e+03  3.37432000e+03  8.30000000e-02  1.89330000e+01
 -2.62372219e+03  3.37386600e+03  8.30000000e-02  1.88890000e+01
 -2.62372219e+03  3.37386600e+03  8.30000000e-02  1.88890000e+01
 -2.62656962e+03  3.37550900e+03  8.30000000e-02  1.88890000e+01
 -2.62656962e+03  3.37550900e+03  8.30000000e-02  1.88890000e+01
 -2.62662071e+03  3.37596300e+03  8.20000000e-02  1.88060000e+01
 -2.63343334e+03  3.37774600e+03  8.20000000e-02  1.88180000e+01
 -2.63404132e+03  3.37765900e+03  8.20000000e-02  1.89290000e+01
 -2.63404132e+03  3.37765900e+03  8.20000000e-02  1.89290000e+01
 -2.63372931e+03  3.37908500e+03  8.20000000e-02  1.89150000e+01
 -2.63372342e+03  3.37998200e+03  8.20000000e-02  1.88900000e+01
 -2.63372342e+03  3.37998200e+03  8.20000000e-02  1.88900000e+01
 -2.63372342e+03  3.37998200e+03  8.20000000e-02  1.88900000e+01
 -2.63372342e+03  3.37998200e+03  8.20000000e-02  1.88900000e+01
 -2.63372342e+03  3.37998200e+03  8.20000000e-02  1.88900000e+01
 -2.63345475e+03  3.38110600e+03  8.20000000e-02  1.87570000e+01
 -2.63345475e+03  3.38110600e+03  8.20000000e-02  1.87570000e+01
 -2.63346182e+03  3.38253300e+03  8.20000000e-02  1.87450000e+01
 -2.63397423e+03  3.38342900e+03  8.20000000e-02  1.87390000e+01
 -2.63691891e+03  3.38552600e+03  8.20000000e-02  1.87310000e+01
 -2.63691891e+03  3.38552600e+03  8.20000000e-02  1.87310000e+01
 -2.63933997e+03  3.38485600e+03  8.20000000e-02  1.87360000e+01
 -2.63933997e+03  3.38485600e+03  8.20000000e-02  1.87360000e+01
 -2.63933997e+03  3.38485600e+03  8.20000000e-02  1.87360000e+01
 -2.63933997e+03  3.38485600e+03  8.20000000e-02  1.87360000e+01
 -2.63933997e+03  3.38485600e+03  8.20000000e-02  1.87360000e+01
 -2.65000892e+03  3.38792500e+03  8.20000000e-02  1.86680000e+01
 -2.65001402e+03  3.38815200e+03  8.20000000e-02  1.86850000e+01
 -2.65001402e+03  3.38815200e+03  8.20000000e-02  1.86850000e+01
 -2.65001402e+03  3.38815200e+03  8.20000000e-02  1.86850000e+01
 -2.65024541e+03  3.39211900e+03  8.20000000e-02  1.84560000e+01
 -2.65024541e+03  3.39211900e+03  8.20000000e-02  1.84560000e+01
 -2.65024541e+03  3.39211900e+03  8.20000000e-02  1.84560000e+01
 -2.65024541e+03  3.39211900e+03  8.20000000e-02  1.84560000e+01
 -2.65162120e+03  3.39661600e+03  8.20000000e-02  1.84420000e+01
 -2.65428837e+03  3.40072200e+03  8.20000000e-02  1.82730000e+01
 -2.65587233e+03  3.40333900e+03  8.20000000e-02  1.82630000e+01
 -2.65587233e+03  3.40333900e+03  8.20000000e-02  1.82630000e+01
 -2.65587233e+03  3.40333900e+03  8.20000000e-02  1.82630000e+01
 -2.65587233e+03  3.40333900e+03  8.20000000e-02  1.82630000e+01
 -2.65803119e+03  3.40356500e+03  8.20000000e-02  1.82630000e+01
 -2.65803119e+03  3.40356500e+03  8.20000000e-02  1.82630000e+01
 -2.66221469e+03  3.40677500e+03  8.20000000e-02  1.81360000e+01
 -2.66254347e+03  3.40708900e+03  8.20000000e-02  1.81370000e+01
 -2.66684237e+03  3.40918500e+03  8.20000000e-02  1.81210000e+01
 -2.66684237e+03  3.40918500e+03  8.20000000e-02  1.81210000e+01
 -2.66684237e+03  3.40918500e+03  8.20000000e-02  1.81210000e+01
 -2.66684237e+03  3.40918500e+03  8.20000000e-02  1.81210000e+01
 -2.67213889e+03  3.41390900e+03  8.20000000e-02  1.80530000e+01
 -2.67213889e+03  3.41390900e+03  8.20000000e-02  1.80530000e+01
 -2.67262969e+03  3.41599500e+03  8.20000000e-02  1.78930000e+01
 -2.68772809e+03  3.41546500e+03  8.20000000e-02  1.78950000e+01
 -2.68772809e+03  3.41546500e+03  8.20000000e-02  1.78950000e+01
 -2.68785975e+03  3.41614600e+03  8.20000000e-02  1.78680000e+01
 -2.69832288e+03  3.42100900e+03  8.20000000e-02  1.77200000e+01
 -2.69832288e+03  3.42100900e+03  8.20000000e-02  1.77200000e+01
 -2.69832288e+03  3.42100900e+03  8.20000000e-02  1.77200000e+01
 -2.69832288e+03  3.42100900e+03  8.20000000e-02  1.77200000e+01
 -2.70925799e+03  3.42586200e+03  8.20000000e-02  1.77060000e+01
 -2.70925799e+03  3.42586200e+03  8.20000000e-02  1.77060000e+01
 -2.70963683e+03  3.43004500e+03  8.20000000e-02  1.76030000e+01
 -2.71113247e+03  3.43235800e+03  8.20000000e-02  1.76040000e+01
 -2.71113247e+03  3.43235800e+03  8.20000000e-02  1.76040000e+01
 -2.72277739e+03  3.43752400e+03  8.20000000e-02  1.75580000e+01
 -2.72277739e+03  3.43752400e+03  8.20000000e-02  1.75580000e+01
 -2.72277739e+03  3.43752400e+03  8.20000000e-02  1.75580000e+01
 -2.72342473e+03  3.44050700e+03  8.20000000e-02  1.73710000e+01
 -2.72342473e+03  3.44050700e+03  8.20000000e-02  1.73710000e+01
 -2.72687658e+03  3.44029100e+03  8.20000000e-02  1.73710000e+01
 -2.72618316e+03  3.43730800e+03  8.20000000e-02  1.74000000e+01
 -2.72618316e+03  3.43730800e+03  8.20000000e-02  1.74000000e+01
 -2.72764606e+03  3.43633500e+03  8.20000000e-02  1.74290000e+01
 -2.72764606e+03  3.43633500e+03  8.20000000e-02  1.74290000e+01
 -2.72767124e+03  3.43370800e+03  8.20000000e-02  1.75650000e+01
 -2.72814524e+03  3.43602100e+03  8.30000000e-02  1.75060000e+01
 -2.72814524e+03  3.43602100e+03  8.30000000e-02  1.75060000e+01
 -2.72814524e+03  3.43602100e+03  8.30000000e-02  1.75060000e+01
 -2.72814524e+03  3.43602100e+03  8.30000000e-02  1.75060000e+01
 -2.72814524e+03  3.43602100e+03  8.30000000e-02  1.75060000e+01
 -2.72790539e+03  3.43712200e+03  8.30000000e-02  1.74930000e+01
 -2.73001750e+03  3.43846200e+03  8.30000000e-02  1.74980000e+01
 -2.73465346e+03  3.43913200e+03  8.30000000e-02  1.74000000e+01
 -2.74222931e+03  3.43672100e+03  8.30000000e-02  1.74910000e+01
 -2.74222931e+03  3.43672100e+03  8.30000000e-02  1.74910000e+01
 -2.74222931e+03  3.43672100e+03  8.30000000e-02  1.74910000e+01
 -2.74235294e+03  3.43814700e+03  8.30000000e-02  1.73930000e+01
 -2.74266644e+03  3.43948700e+03  8.20000000e-02  1.72450000e+01
 -2.74593785e+03  3.43949800e+03  8.20000000e-02  1.72400000e+01
 -2.74593785e+03  3.43949800e+03  8.20000000e-02  1.72400000e+01
 -2.74663193e+03  3.43996200e+03  8.20000000e-02  1.72440000e+01
 -2.74663193e+03  3.43996200e+03  8.20000000e-02  1.72440000e+01
 -2.75681053e+03  3.44317200e+03  8.20000000e-02  1.72440000e+01
 -2.75681053e+03  3.44317200e+03  8.20000000e-02  1.72440000e+01
 -2.75694553e+03  3.44383100e+03  8.20000000e-02  1.72400000e+01
 -2.76021070e+03  3.44876000e+03  8.20000000e-02  1.71700000e+01
 -2.76411433e+03  3.45317000e+03  8.20000000e-02  1.71440000e+01
 -2.76810261e+03  3.45241300e+03  8.20000000e-02  1.70410000e+01
 -2.76810261e+03  3.45241300e+03  8.20000000e-02  1.70410000e+01
 -2.76961578e+03  3.45451000e+03  8.20000000e-02  1.69600000e+01
 -2.77638057e+03  3.45825000e+03  8.30000000e-02  1.69070000e+01
 -2.77638057e+03  3.45825000e+03  8.30000000e-02  1.69070000e+01
 -2.77692509e+03  3.45816300e+03  8.30000000e-02  1.68850000e+01
 -2.77869085e+03  3.45971800e+03  8.30000000e-02  1.68850000e+01
 -2.78315260e+03  3.46038800e+03  8.30000000e-02  1.68970000e+01
 -2.78403184e+03  3.46577100e+03  8.30000000e-02  1.67540000e+01
 -2.78389608e+03  3.46501400e+03  8.30000000e-02  1.67690000e+01
 -2.78389608e+03  3.46501400e+03  8.30000000e-02  1.67690000e+01
 -2.78660320e+03  3.46896900e+03  8.30000000e-02  1.67060000e+01
 -2.78660320e+03  3.46896900e+03  8.30000000e-02  1.67060000e+01
 -2.78739099e+03  3.46898000e+03  8.20000000e-02  1.67550000e+01
 -2.78739099e+03  3.46898000e+03  8.20000000e-02  1.67550000e+01
 -2.78739099e+03  3.46898000e+03  8.20000000e-02  1.67550000e+01
 -2.78734288e+03  3.46778000e+03  8.20000000e-02  1.68070000e+01
 -2.78848974e+03  3.46942300e+03  8.20000000e-02  1.68070000e+01
 -2.78848974e+03  3.46942300e+03  8.20000000e-02  1.68070000e+01
 -2.78855371e+03  3.46965000e+03  8.20000000e-02  1.68010000e+01
 -2.78855371e+03  3.46965000e+03  8.20000000e-02  1.68010000e+01
 -2.78855371e+03  3.46965000e+03  8.20000000e-02  1.68010000e+01
 -2.78855371e+03  3.46965000e+03  8.20000000e-02  1.68010000e+01
 -2.79393972e+03  3.47076300e+03  8.20000000e-02  1.67850000e+01
 -2.79730436e+03  3.47480600e+03  8.20000000e-02  1.67950000e+01
 -2.80164575e+03  3.47383300e+03  8.20000000e-02  1.68220000e+01
 -2.80701836e+03  3.47734600e+03  8.20000000e-02  1.67980000e+01
 -2.80701836e+03  3.47734600e+03  8.20000000e-02  1.67980000e+01
 -2.80760048e+03  3.47546500e+03  8.20000000e-02  1.70070000e+01
 -2.80760048e+03  3.47546500e+03  8.20000000e-02  1.70070000e+01
 -2.80829459e+03  3.47457900e+03  8.20000000e-02  1.70290000e+01
 -2.80833034e+03  3.47459000e+03  8.20000000e-02  1.70370000e+01
 -2.82537738e+03  3.47591900e+03  8.20000000e-02  1.70370000e+01
 -2.82537738e+03  3.47591900e+03  8.20000000e-02  1.70370000e+01
 -2.82595228e+03  3.47800400e+03  8.20000000e-02  1.69320000e+01
 -2.82967863e+03  3.48055500e+03  8.20000000e-02  1.67760000e+01
 -2.82967863e+03  3.48055500e+03  8.20000000e-02  1.67760000e+01
 -2.83427310e+03  3.48122500e+03  8.20000000e-02  1.67760000e+01
 -2.83851685e+03  3.48278100e+03  8.20000000e-02  1.68670000e+01
 -2.83851685e+03  3.48278100e+03  8.20000000e-02  1.68670000e+01
 -2.83851685e+03  3.48278100e+03  8.20000000e-02  1.68670000e+01
 -2.83932993e+03  3.48277000e+03  8.20000000e-02  1.69020000e+01
 -2.83932993e+03  3.48277000e+03  8.20000000e-02  1.69020000e+01
 -2.83932993e+03  3.48277000e+03  8.20000000e-02  1.69020000e+01
 -2.83969126e+03  3.48484500e+03  8.20000000e-02  1.68900000e+01
 -2.84028477e+03  3.48373100e+03  8.20000000e-02  1.68160000e+01
 -2.84028477e+03  3.48373100e+03  8.20000000e-02  1.68160000e+01
 -2.84078345e+03  3.48462800e+03  8.20000000e-02  1.68120000e+01
 -2.84078345e+03  3.48462800e+03  8.20000000e-02  1.68120000e+01
 -2.84078345e+03  3.48462800e+03  8.20000000e-02  1.68120000e+01
 -2.84078345e+03  3.48462800e+03  8.20000000e-02  1.68120000e+01
 -2.84078345e+03  3.48462800e+03  8.20000000e-02  1.68120000e+01
 -2.84078345e+03  3.48462800e+03  8.20000000e-02  1.68120000e+01
 -2.84078345e+03  3.48462800e+03  8.20000000e-02  1.68120000e+01
 -2.84906349e+03  3.48889800e+03  8.20000000e-02  1.67940000e+01
 -2.84905082e+03  3.49112400e+03  8.20000000e-02  1.67870000e+01
 -2.84905082e+03  3.49112400e+03  8.20000000e-02  1.67870000e+01
 -2.84937875e+03  3.49486400e+03  8.20000000e-02  1.67540000e+01
 -2.84937875e+03  3.49486400e+03  8.20000000e-02  1.67540000e+01
 -2.84937875e+03  3.49486400e+03  8.20000000e-02  1.67540000e+01
 -2.84937875e+03  3.49486400e+03  8.20000000e-02  1.67540000e+01
 -2.84937875e+03  3.49486400e+03  8.20000000e-02  1.67540000e+01
 -2.84937875e+03  3.49486400e+03  8.20000000e-02  1.67540000e+01
 -2.85093337e+03  3.49650700e+03  8.20000000e-02  1.67580000e+01
 -2.85040943e+03  3.49419400e+03  8.20000000e-02  1.67800000e+01
 -2.85398435e+03  3.49673400e+03  8.20000000e-02  1.67770000e+01
 -2.85396989e+03  3.49749100e+03  8.20000000e-02  1.67750000e+01
 -2.85396989e+03  3.49749100e+03  8.20000000e-02  1.67750000e+01
 -2.85396989e+03  3.49749100e+03  8.20000000e-02  1.67750000e+01
 -2.85396989e+03  3.49749100e+03  8.20000000e-02  1.67750000e+01
 -2.85396989e+03  3.49749100e+03  8.20000000e-02  1.67750000e+01
 -2.85396989e+03  3.49749100e+03  8.20000000e-02  1.67750000e+01
 -2.86073052e+03  3.49651700e+03  8.20000000e-02  1.67670000e+01
 -2.86160829e+03  3.49652800e+03  8.20000000e-02  1.67690000e+01
 -2.86241660e+03  3.49676600e+03  8.20000000e-02  1.68490000e+01
 -2.86241276e+03  3.49556600e+03  8.20000000e-02  1.68580000e+01
 -2.86241276e+03  3.49556600e+03  8.20000000e-02  1.68580000e+01
 -2.86241276e+03  3.49556600e+03  8.20000000e-02  1.68580000e+01
 -2.86446234e+03  3.49631200e+03  8.20000000e-02  1.68600000e+01
 -2.86446234e+03  3.49631200e+03  8.20000000e-02  1.68600000e+01
 -2.86485342e+03  3.49698200e+03  8.20000000e-02  1.68590000e+01
 -2.86485342e+03  3.49698200e+03  8.20000000e-02  1.68590000e+01
 -2.86485342e+03  3.49698200e+03  8.20000000e-02  1.68590000e+01
 -2.86485342e+03  3.49698200e+03  8.20000000e-02  1.68590000e+01
 -2.86485342e+03  3.49698200e+03  8.20000000e-02  1.68590000e+01
 -2.86485342e+03  3.49698200e+03  8.20000000e-02  1.68590000e+01
 -2.87089478e+03  3.49742400e+03  8.20000000e-02  1.69640000e+01
 -2.87090294e+03  3.49817000e+03  8.20000000e-02  1.69530000e+01
 -2.87090294e+03  3.49817000e+03  8.20000000e-02  1.69530000e+01
 -2.87134583e+03  3.49981300e+03  8.20000000e-02  1.69620000e+01
 -2.87874647e+03  3.50136900e+03  8.30000000e-02  1.69360000e+01
 -2.87874647e+03  3.50136900e+03  8.30000000e-02  1.69360000e+01
 -2.87974261e+03  3.49951000e+03  8.30000000e-02  1.69360000e+01
 -2.87974261e+03  3.49951000e+03  8.30000000e-02  1.69360000e+01
 -2.88023935e+03  3.50048300e+03  8.30000000e-02  1.69360000e+01
 -2.88256886e+03  3.50168300e+03  8.20000000e-02  1.69460000e+01
 -2.88256886e+03  3.50168300e+03  8.20000000e-02  1.69460000e+01
 -2.88256886e+03  3.50168300e+03  8.20000000e-02  1.69460000e+01
 -2.88256886e+03  3.50168300e+03  8.20000000e-02  1.69460000e+01
 -2.88256886e+03  3.50168300e+03  8.20000000e-02  1.69460000e+01
 -2.88675530e+03  3.50004000e+03  8.20000000e-02  1.69410000e+01
 -2.89211235e+03  3.50191000e+03  8.20000000e-02  1.69410000e+01
 -2.89202556e+03  3.50258000e+03  8.20000000e-02  1.68880000e+01
 -2.90085309e+03  3.50436300e+03  8.20000000e-02  1.68720000e+01
 -2.90217073e+03  3.50360600e+03  8.20000000e-02  1.68650000e+01
 -2.90835970e+03  3.50217900e+03  8.20000000e-02  1.69170000e+01
 -2.90835970e+03  3.50217900e+03  8.20000000e-02  1.69170000e+01
 -2.90835970e+03  3.50217900e+03  8.20000000e-02  1.69170000e+01
 -2.90835970e+03  3.50217900e+03  8.20000000e-02  1.69170000e+01
 -2.91195011e+03  3.50449200e+03  8.20000000e-02  1.69170000e+01
 -2.91195011e+03  3.50449200e+03  8.20000000e-02  1.69170000e+01
 -2.91195011e+03  3.50449200e+03  8.20000000e-02  1.69170000e+01
 -2.91313233e+03  3.50658800e+03  8.20000000e-02  1.69070000e+01
 -2.91313233e+03  3.50658800e+03  8.20000000e-02  1.69070000e+01
 -2.92803983e+03  3.50605800e+03  8.20000000e-02  1.69070000e+01
 -2.92947139e+03  3.50321500e+03  8.20000000e-02  1.69580000e+01
 -2.92958987e+03  3.50344200e+03  8.20000000e-02  1.69120000e+01
 -2.93380193e+03  3.50397200e+03  8.20000000e-02  1.69160000e+01
 -2.93380193e+03  3.50397200e+03  8.20000000e-02  1.69160000e+01
 -2.93380193e+03  3.50397200e+03  8.20000000e-02  1.69160000e+01
 -2.93380193e+03  3.50397200e+03  8.20000000e-02  1.69160000e+01
 -2.94470447e+03  3.50464200e+03  8.20000000e-02  1.69280000e+01
 -2.94825124e+03  3.50575500e+03  8.20000000e-02  1.69240000e+01
 -2.94825124e+03  3.50575500e+03  8.20000000e-02  1.69240000e+01
 -2.94825124e+03  3.50575500e+03  8.20000000e-02  1.69240000e+01
 -2.94830310e+03  3.50642400e+03  8.20000000e-02  1.69220000e+01
 -2.94858751e+03  3.50634800e+03  8.20000000e-02  1.69260000e+01
 -2.94858751e+03  3.50634800e+03  8.20000000e-02  1.69260000e+01
 -2.95232326e+03  3.50403500e+03  8.20000000e-02  1.71030000e+01
 -2.95232326e+03  3.50403500e+03  8.20000000e-02  1.71030000e+01
 -2.95275411e+03  3.50523400e+03  8.20000000e-02  1.70970000e+01
 -2.95275411e+03  3.50523400e+03  8.20000000e-02  1.70970000e+01
 -2.95275411e+03  3.50523400e+03  8.20000000e-02  1.70970000e+01
 -2.95275411e+03  3.50523400e+03  8.20000000e-02  1.70970000e+01
 -2.95352823e+03  3.50590400e+03  8.20000000e-02  1.70980000e+01
 -2.95363388e+03  3.50566600e+03  8.20000000e-02  1.71750000e+01
 -2.95363388e+03  3.50566600e+03  8.20000000e-02  1.71750000e+01
 -2.95373604e+03  3.50633600e+03  8.20000000e-02  1.71650000e+01
 -2.95373604e+03  3.50633600e+03  8.20000000e-02  1.71650000e+01
 -2.96031343e+03  3.50776300e+03  8.20000000e-02  1.72290000e+01
 -2.96031343e+03  3.50776300e+03  8.20000000e-02  1.72290000e+01
 -2.96031343e+03  3.50776300e+03  8.20000000e-02  1.72290000e+01
 -2.96031343e+03  3.50776300e+03  8.20000000e-02  1.72290000e+01
 -2.96031343e+03  3.50776300e+03  8.20000000e-02  1.72290000e+01
 -2.96031343e+03  3.50776300e+03  8.20000000e-02  1.72290000e+01
 -2.96319783e+03  3.50799000e+03  8.20000000e-02  1.72320000e+01
 -2.96319783e+03  3.50799000e+03  8.20000000e-02  1.72320000e+01
 -2.96319783e+03  3.50799000e+03  8.20000000e-02  1.72320000e+01
 -2.96522851e+03  3.51218300e+03  8.20000000e-02  1.70980000e+01
 -2.96522851e+03  3.51218300e+03  8.20000000e-02  1.70980000e+01
 -2.97040676e+03  3.51591200e+03  8.20000000e-02  1.70440000e+01
 -2.97040676e+03  3.51591200e+03  8.20000000e-02  1.70440000e+01
 -2.97040676e+03  3.51591200e+03  8.20000000e-02  1.70440000e+01
 -2.97040676e+03  3.51591200e+03  8.20000000e-02  1.70440000e+01
 -2.97040676e+03  3.51591200e+03  8.20000000e-02  1.70440000e+01
 -2.97040676e+03  3.51591200e+03  8.20000000e-02  1.70440000e+01
 -2.97040676e+03  3.51591200e+03  8.20000000e-02  1.70440000e+01
 -2.97040676e+03  3.51591200e+03  8.20000000e-02  1.70440000e+01
 -2.97136144e+03  3.51912200e+03  8.20000000e-02  1.68790000e+01
 -2.97136144e+03  3.51912200e+03  8.20000000e-02  1.68790000e+01
 -2.97136144e+03  3.51912200e+03  8.20000000e-02  1.68790000e+01
 -2.97165145e+03  3.52009500e+03  8.20000000e-02  1.70420000e+01
 -2.97165145e+03  3.52009500e+03  8.20000000e-02  1.70420000e+01
 -2.97929444e+03  3.52517500e+03  8.20000000e-02  1.70050000e+01
 -2.97929444e+03  3.52517500e+03  8.20000000e-02  1.70050000e+01
 -2.98370832e+03  3.52869800e+03  8.20000000e-02  1.69260000e+01
 -2.98370832e+03  3.52869800e+03  8.20000000e-02  1.69260000e+01
 -2.98370832e+03  3.52869800e+03  8.20000000e-02  1.69260000e+01
 -2.98380300e+03  3.53012600e+03  8.20000000e-02  1.68710000e+01
 -2.99095219e+03  3.53013600e+03  8.20000000e-02  1.68510000e+01
 -2.99095219e+03  3.53013600e+03  8.20000000e-02  1.68510000e+01
 -2.99126222e+03  3.53103200e+03  8.20000000e-02  1.68460000e+01
 -2.99126222e+03  3.53103200e+03  8.20000000e-02  1.68460000e+01
 -2.99340031e+03  3.53244900e+03  8.20000000e-02  1.68150000e+01
 -2.99551173e+03  3.53574500e+03  8.20000000e-02  1.67970000e+01
 -2.99551173e+03  3.53574500e+03  8.20000000e-02  1.67970000e+01
 -2.99597048e+03  3.53520400e+03  8.20000000e-02  1.67970000e+01
 -2.99978467e+03  3.53639400e+03  8.20000000e-02  1.68400000e+01
 -2.99978467e+03  3.53639400e+03  8.20000000e-02  1.68400000e+01
 -3.00120688e+03  3.53803700e+03  8.20000000e-02  1.68430000e+01
 -3.00120688e+03  3.53803700e+03  8.20000000e-02  1.68430000e+01
 -3.00387057e+03  3.53780900e+03  8.20000000e-02  1.69260000e+01
 -3.00387057e+03  3.53780900e+03  8.20000000e-02  1.69260000e+01
 -3.01352305e+03  3.53803600e+03  8.10000000e-02  1.69100000e+01
 -3.01362898e+03  3.53915900e+03  8.60000000e-02  1.69120000e+01
 -3.01362898e+03  3.53915900e+03  8.60000000e-02  1.69120000e+01
 -3.01362898e+03  3.53915900e+03  8.60000000e-02  1.69120000e+01
 -3.01362898e+03  3.53915900e+03  8.60000000e-02  1.69120000e+01
 -3.01546114e+03  3.54014300e+03  8.60000000e-02  1.69690000e+01
 -3.01546114e+03  3.54014300e+03  8.60000000e-02  1.69690000e+01
 -3.01546114e+03  3.54014300e+03  8.60000000e-02  1.69690000e+01
 -3.01546114e+03  3.54014300e+03  8.60000000e-02  1.69690000e+01
 -3.01646240e+03  3.54245600e+03  8.60000000e-02  1.70410000e+01
 -3.02073171e+03  3.54126600e+03  8.60000000e-02  1.70990000e+01
 -3.02073171e+03  3.54126600e+03  8.60000000e-02  1.70990000e+01
 -3.02256513e+03  3.54357900e+03  8.60000000e-02  1.70080000e+01
 -3.02256513e+03  3.54357900e+03  8.60000000e-02  1.70080000e+01
 -3.03299214e+03  3.54710300e+03  8.60000000e-02  1.68890000e+01
 -3.03401789e+03  3.55061600e+03  8.60000000e-02  1.68570000e+01
 -3.03989234e+03  3.55204200e+03  8.60000000e-02  1.70370000e+01
 -3.04027593e+03  3.55666800e+03  8.60000000e-02  1.68100000e+01
 -3.04027593e+03  3.55666800e+03  8.60000000e-02  1.68100000e+01
 -3.04027593e+03  3.55666800e+03  8.60000000e-02  1.68100000e+01
 -3.04027593e+03  3.55666800e+03  8.60000000e-02  1.68100000e+01
 -3.04139794e+03  3.55853800e+03  8.60000000e-02  1.68070000e+01
 -3.05714855e+03  3.56153200e+03  8.60000000e-02  1.67840000e+01
 -3.05714855e+03  3.56153200e+03  8.60000000e-02  1.67840000e+01
 -3.05727670e+03  3.56198500e+03  8.60000000e-02  1.67840000e+01
 -3.05727670e+03  3.56198500e+03  8.60000000e-02  1.67840000e+01
 -3.05727670e+03  3.56198500e+03  8.60000000e-02  1.67840000e+01
 -3.05727670e+03  3.56198500e+03  8.60000000e-02  1.67840000e+01
 -3.05750287e+03  3.56047100e+03  8.60000000e-02  1.68140000e+01
 -3.05750287e+03  3.56047100e+03  8.60000000e-02  1.68140000e+01
 -3.06319102e+03  3.56189800e+03  8.60000000e-02  1.68150000e+01
 -3.06357990e+03  3.56346400e+03  8.60000000e-02  1.68240000e+01
 -3.07022881e+03  3.56016700e+03  8.60000000e-02  1.69480000e+01
 -3.07119903e+03  3.55904300e+03  8.60000000e-02  1.70560000e+01
 -3.07889099e+03  3.56114000e+03  8.60000000e-02  1.72450000e+01
 -3.07889099e+03  3.56114000e+03  8.60000000e-02  1.72450000e+01
 -3.07889099e+03  3.56114000e+03  8.60000000e-02  1.72450000e+01
 -3.08244812e+03  3.56302100e+03  8.60000000e-02  1.71530000e+01
 -3.08244812e+03  3.56302100e+03  8.60000000e-02  1.71530000e+01
 -3.08449649e+03  3.56427400e+03  8.60000000e-02  1.71550000e+01
 -3.08450429e+03  3.56330100e+03  8.60000000e-02  1.72030000e+01
 -3.08450429e+03  3.56330100e+03  8.60000000e-02  1.72030000e+01
 -3.08541706e+03  3.56441400e+03  8.60000000e-02  1.72030000e+01
 -3.08663590e+03  3.56269400e+03  8.60000000e-02  1.73100000e+01
 -3.08717226e+03  3.56359100e+03  8.60000000e-02  1.73040000e+01
 -3.08720222e+03  3.56524500e+03  8.60000000e-02  1.71810000e+01
 -3.08720222e+03  3.56524500e+03  8.60000000e-02  1.71810000e+01
 -3.08720222e+03  3.56524500e+03  8.60000000e-02  1.71810000e+01
 -3.09414695e+03  3.56592600e+03  8.60000000e-02  1.72210000e+01
 -3.09414695e+03  3.56592600e+03  8.60000000e-02  1.72210000e+01
 -3.09414695e+03  3.56592600e+03  8.60000000e-02  1.72210000e+01
 -3.09770631e+03  3.56547200e+03  8.60000000e-02  1.72040000e+01
 -3.09770631e+03  3.56547200e+03  8.60000000e-02  1.72040000e+01
 -3.09770631e+03  3.56547200e+03  8.60000000e-02  1.72040000e+01
 -3.09770631e+03  3.56547200e+03  8.60000000e-02  1.72040000e+01
 -3.09770631e+03  3.56547200e+03  8.60000000e-02  1.72040000e+01
 -3.09770631e+03  3.56547200e+03  8.60000000e-02  1.72040000e+01
 -3.09770631e+03  3.56547200e+03  8.60000000e-02  1.72040000e+01
 -3.09770631e+03  3.56547200e+03  8.60000000e-02  1.72040000e+01
 -3.09770631e+03  3.56547200e+03  8.60000000e-02  1.72040000e+01
 -3.09770631e+03  3.56547200e+03  8.60000000e-02  1.72040000e+01
 -3.09770631e+03  3.56547200e+03  8.60000000e-02  1.72040000e+01
 -3.09770631e+03  3.56547200e+03  8.60000000e-02  1.72040000e+01
 -3.09770631e+03  3.56547200e+03  8.60000000e-02  1.72040000e+01
 -3.09881933e+03  3.56493000e+03  8.60000000e-02  1.71940000e+01
 -3.09881933e+03  3.56493000e+03  8.60000000e-02  1.71940000e+01
 -3.10300206e+03  3.56591400e+03  8.60000000e-02  1.71760000e+01
 -3.10300206e+03  3.56591400e+03  8.60000000e-02  1.71760000e+01
 -3.10300206e+03  3.56591400e+03  8.60000000e-02  1.71760000e+01
 -3.10300206e+03  3.56591400e+03  8.60000000e-02  1.71760000e+01
 -3.10425984e+03  3.56449800e+03  8.60000000e-02  1.71760000e+01
 -3.10924650e+03  3.56551300e+03  8.60000000e-02  1.72540000e+01
 -3.10963620e+03  3.56399900e+03  8.60000000e-02  1.73530000e+01
 -3.11440688e+03  3.56480900e+03  8.60000000e-02  1.73480000e+01
 -3.11440688e+03  3.56480900e+03  8.60000000e-02  1.73480000e+01
 -3.12426129e+03  3.56742500e+03  8.60000000e-02  1.73530000e+01
 -3.12426129e+03  3.56742500e+03  8.60000000e-02  1.73530000e+01
 -3.12426129e+03  3.56742500e+03  8.60000000e-02  1.73530000e+01
 -3.12426129e+03  3.56742500e+03  8.60000000e-02  1.73530000e+01
 -3.12426129e+03  3.56742500e+03  8.60000000e-02  1.73530000e+01
 -3.12426129e+03  3.56742500e+03  8.60000000e-02  1.73530000e+01
 -3.12461680e+03  3.56763000e+03  8.60000000e-02  1.73520000e+01
 -3.13311269e+03  3.56964000e+03  8.60000000e-02  1.73450000e+01
 -3.13311269e+03  3.56964000e+03  8.60000000e-02  1.73450000e+01
 -3.13441505e+03  3.57226700e+03  8.60000000e-02  1.72990000e+01
 -3.13441505e+03  3.57226700e+03  8.60000000e-02  1.72990000e+01
 -3.15036413e+03  3.57502300e+03  8.60000000e-02  1.73750000e+01
 -3.15058321e+03  3.57316400e+03  8.60000000e-02  1.73780000e+01
 -3.15058321e+03  3.57316400e+03  8.60000000e-02  1.73780000e+01
 -3.15372492e+03  3.57504400e+03  8.60000000e-02  1.72580000e+01
 -3.16190303e+03  3.57690300e+03  8.60000000e-02  1.72570000e+01
 -3.16190303e+03  3.57690300e+03  8.60000000e-02  1.72570000e+01
 -3.16190303e+03  3.57690300e+03  8.60000000e-02  1.72570000e+01
 -3.16287564e+03  3.57900000e+03  8.60000000e-02  1.72140000e+01
 -3.16287564e+03  3.57900000e+03  8.60000000e-02  1.72140000e+01
 -3.16287564e+03  3.57900000e+03  8.60000000e-02  1.72140000e+01
 -3.16287564e+03  3.57900000e+03  8.60000000e-02  1.72140000e+01
 -3.16287564e+03  3.57900000e+03  8.60000000e-02  1.72140000e+01
 -3.16287564e+03  3.57900000e+03  8.60000000e-02  1.72140000e+01
 -3.16287564e+03  3.57900000e+03  8.60000000e-02  1.72140000e+01
 -3.16320558e+03  3.57922700e+03  8.60000000e-02  1.72180000e+01
 -3.16320558e+03  3.57922700e+03  8.60000000e-02  1.72180000e+01
 -3.16320558e+03  3.57922700e+03  8.60000000e-02  1.72180000e+01
 -3.16320558e+03  3.57922700e+03  8.60000000e-02  1.72180000e+01
 -3.16443561e+03  3.58155100e+03  8.60000000e-02  1.72120000e+01
 -3.16443561e+03  3.58155100e+03  8.60000000e-02  1.72120000e+01