-1.56455120e+03  2.57626700e+03  8.80000000e-02  2.93540000e+01
 -1.57887986e+03  2.58232000e+03  8.90000000e-02  2.91700000e+01
 -1.57988331e+03  2.58366000e+03  8.90000000e-02  2.91700000e+01
 -1.58202820e+03  2.58575600e+03  8.90000000e-02  2.91700000e+01
 -1.58603996e+03  2.58896500e+03  8.90000000e-02  2.91820000e+01
 -1.59592000e+03  2.59501800e+03  8.90000000e-02  2.89780000e+01
 -1.59854604e+03  2.59644500e+03  8.90000000e-02  2.89700000e+01
 -1.59913068e+03  2.59995700e+03  8.90000000e-02  2.88250000e+01
 -1.62131770e+03  2.60729700e+03  8.90000000e-02  2.87610000e+01
 -1.62523016e+03  2.61246400e+03  9.00000000e-02  2.85560000e+01
 -1.62529266e+03  2.61455000e+03  9.00000000e-02  2.85110000e+01
 -1.62627566e+03  2.61919700e+03  9.00000000e-02  2.82000000e+01
 -1.63108043e+03  2.62392100e+03  9.00000000e-02  2.80460000e+01
 -1.63507808e+03  2.63290300e+03  9.00000000e-02  2.78970000e+01
 -1.63976321e+03  2.63740000e+03  9.00000000e-02  2.76240000e+01
 -1.64260995e+03  2.64069700e+03  9.00000000e-02  2.76240000e+01
 -1.64352044e+03  2.64465300e+03  9.00000000e-02  2.76040000e+01
 -1.64477118e+03  2.64914900e+03  9.00000000e-02  2.75620000e+01
 -1.64489453e+03  2.64981900e+03  9.00000000e-02  2.75670000e+01
 -1.64636888e+03  2.65257500e+03  9.00000000e-02  2.75580000e+01
 -1.65576369e+03  2.65728700e+03  9.00000000e-02  2.74380000e+01
 -1.65750245e+03  2.66005400e+03  9.00000000e-02  2.74200000e+01
 -1.65902734e+03  2.66566400e+03  9.00000000e-02  2.72980000e+01
 -1.66008221e+03  2.66753300e+03  9.00000000e-02  2.71690000e+01
 -1.66017747e+03  2.67184500e+03  9.00000000e-02  2.68770000e+01
 -1.66135014e+03  2.67602800e+03  9.00000000e-02  2.68530000e+01
 -1.66108287e+03  2.67856700e+03  9.00000000e-02  2.67430000e+01
 -1.67012292e+03  2.68133400e+03  9.00000000e-02  2.67370000e+01
 -1.67736076e+03  2.68463000e+03  9.00000000e-02  2.67330000e+01
 -1.67929452e+03  2.68658700e+03  9.00000000e-02  2.67330000e+01
 -1.68332675e+03  2.69197000e+03  9.00000000e-02  2.65140000e+01
 -1.68469308e+03  2.69384000e+03  9.00000000e-02  2.65120000e+01
 -1.68136933e+03  2.69481300e+03  9.00000000e-02  2.64800000e+01
 -1.68148264e+03  2.69713600e+03  9.00000000e-02  2.64760000e+01
 -1.68195666e+03  2.69824800e+03  9.00000000e-02  2.64740000e+01
 -1.68269859e+03  2.70077700e+03  9.00000000e-02  2.63650000e+01
 -1.69629454e+03  2.70540300e+03  9.00000000e-02  2.63730000e+01
 -1.69675649e+03  2.70892600e+03  9.00000000e-02  2.63260000e+01
 -1.69766539e+03  2.71213600e+03  9.00000000e-02  2.61820000e+01
 -1.71679684e+03  2.71653400e+03  9.00000000e-02  2.61940000e+01
 -1.72472524e+03  2.72049000e+03  9.00000000e-02  2.61860000e+01
 -1.73465412e+03  2.72347300e+03  9.00000000e-02  2.61800000e+01
 -1.73537493e+03  2.72720100e+03  9.00000000e-02  2.61670000e+01
 -1.74841703e+03  2.73049800e+03  9.00000000e-02  2.61200000e+01
 -1.75030258e+03  2.73887400e+03  9.00000000e-02  2.59000000e+01
 -1.75318941e+03  2.74381400e+03  9.00000000e-02  2.57300000e+01
 -1.75538554e+03  2.74852700e+03  9.00000000e-02  2.56920000e+01
 -1.75594479e+03  2.75235400e+03  9.00000000e-02  2.56220000e+01
 -1.75618859e+03  2.75235400e+03  9.00000000e-02  2.57100000e+01
 -1.75624622e+03  2.75355400e+03  9.00000000e-02  2.59120000e+01
 -1.76060541e+03  2.75556300e+03  9.00000000e-02  2.58830000e+01
 -1.76504142e+03  2.76147600e+03  9.00000000e-02  2.58310000e+01
 -1.76459716e+03  2.76454600e+03  9.00000000e-02  2.57360000e+01
 -1.76859590e+03  2.76827400e+03  9.00000000e-02  2.57360000e+01
 -1.77235296e+03  2.77134400e+03  9.00000000e-02  2.56720000e+01
 -1.77560713e+03  2.77487900e+03  9.00000000e-02  2.56750000e+01
 -1.78627226e+03  2.77576400e+03  9.00000000e-02  2.56750000e+01
 -1.79017029e+03  2.77696400e+03  9.00000000e-02  2.56180000e+01
 -1.79024993e+03  2.77914800e+03  9.00000000e-02  2.54760000e+01
 -1.79141531e+03  2.78421700e+03  9.00000000e-02  2.54030000e+01
 -1.79630279e+03  2.78819400e+03  9.00000000e-02  2.53670000e+01
 -1.80095117e+03  2.78909100e+03  9.00000000e-02  2.53980000e+01
 -1.80101033e+03  2.79117600e+03  9.10000000e-02  2.51920000e+01
 -1.80095070e+03  2.79350000e+03  9.10000000e-02  2.50890000e+01
 -1.80442157e+03  2.79648200e+03  9.10000000e-02  2.50880000e+01
 -1.80834934e+03  2.79737900e+03  9.10000000e-02  2.50770000e+01
 -1.80824679e+03  2.79850200e+03  9.10000000e-02  2.50710000e+01
 -1.80856178e+03  2.80486800e+03  9.10000000e-02  2.49000000e+01
 -1.80864110e+03  2.80576500e+03  9.10000000e-02  2.49000000e+01
 -1.81725329e+03  2.81018500e+03  9.10000000e-02  2.48900000e+01
 -1.81997949e+03  2.81436800e+03  9.10000000e-02  2.48900000e+01
 -1.82060481e+03  2.82019400e+03  9.10000000e-02  2.43820000e+01
 -1.82139633e+03  2.82316600e+03  9.10000000e-02  2.43000000e+01
 -1.82514075e+03  2.82713200e+03  9.10000000e-02  2.42840000e+01
 -1.82515787e+03  2.82735900e+03  9.10000000e-02  2.42840000e+01
 -1.82898355e+03  2.83385500e+03  9.60000000e-02  2.41780000e+01
 -1.83608185e+03  2.83751800e+03  9.60000000e-02  2.41660000e+01
 -1.83668715e+03  2.83961400e+03  9.60000000e-02  2.41400000e+01
 -1.84563622e+03  2.84237000e+03  9.60000000e-02  2.41100000e+01
 -1.84622399e+03  2.84602200e+03  9.60000000e-02  2.40320000e+01
 -1.84989975e+03  2.85140500e+03  9.60000000e-02  2.39560000e+01
 -1.85457309e+03  2.85830200e+03  9.60000000e-02  2.38290000e+01
 -1.85641982e+03  2.86159800e+03  9.60000000e-02  2.37680000e+01
 -1.85536531e+03  2.86017100e+03  9.60000000e-02  2.39000000e+01
 -1.85956464e+03  2.86105700e+03  9.60000000e-02  2.39900000e+01
 -1.86756550e+03  2.86315400e+03  9.60000000e-02  2.39900000e+01
 -1.87609568e+03  2.86636400e+03  9.60000000e-02  2.38120000e+01
 -1.89457535e+03  2.87077300e+03  9.60000000e-02  2.36990000e+01
 -1.89568235e+03  2.87405900e+03  9.60000000e-02  2.36520000e+01
 -1.89670769e+03  2.87691300e+03  9.60000000e-02  2.36490000e+01
 -1.90031553e+03  2.88372200e+03  9.60000000e-02  2.35480000e+01
 -1.90074376e+03  2.88627300e+03  9.60000000e-02  2.34990000e+01
 -1.90542019e+03  2.89099600e+03  9.70000000e-02  2.34280000e+01
 -1.90719844e+03  2.89615200e+03  9.70000000e-02  2.33380000e+01
 -1.92014717e+03  2.89824900e+03  9.70000000e-02  2.32900000e+01
 -1.93527700e+03  2.90034600e+03  9.70000000e-02  2.34430000e+01
 -1.93528989e+03  2.90006300e+03  9.70000000e-02  2.34820000e+01
 -1.94908588e+03  2.90513200e+03  9.70000000e-02  2.34950000e+01
 -1.95205080e+03  2.90954200e+03  9.70000000e-02  2.34950000e+01
 -1.95140888e+03  2.90888200e+03  9.70000000e-02  2.34820000e+01
 -1.95558722e+03  2.91786500e+03  9.70000000e-02  2.34000000e+01
 -1.96257488e+03  2.92160500e+03  9.70000000e-02  2.32640000e+01
 -1.96305454e+03  2.92293400e+03  9.70000000e-02  2.32590000e+01
 -1.96438822e+03  2.92877100e+03  9.70000000e-02  2.32330000e+01
 -1.96627289e+03  2.93086700e+03  9.70000000e-02  2.32330000e+01
 -1.97021005e+03  2.93581800e+03  9.70000000e-02  2.31280000e+01
 -1.97200528e+03  2.94022700e+03  9.70000000e-02  2.29620000e+01
 -1.97372972e+03  2.94209700e+03  9.70000000e-02  2.29770000e+01
 -1.97416271e+03  2.94329700e+03  9.70000000e-02  2.29770000e+01
 -1.97910761e+03  2.94592300e+03  9.70000000e-02  2.28710000e+01
 -1.98298983e+03  2.94867900e+03  9.70000000e-02  2.27570000e+01
 -1.98828564e+03  2.95263500e+03  9.70000000e-02  2.27000000e+01
 -1.98421005e+03  2.95360800e+03  9.70000000e-02  2.26430000e+01
 -1.98520408e+03  2.95810500e+03  9.70000000e-02  2.26070000e+01
 -1.97666673e+03  2.96161800e+03  9.70000000e-02  2.25740000e+01
 -1.98865631e+03  2.96701100e+03  9.70000000e-02  2.25500000e+01
 -1.98865631e+03  2.96701100e+03  9.70000000e-02  2.25500000e+01
 -1.99085701e+03  2.97106500e+03  9.70000000e-02  2.24650000e+01
 -1.98977067e+03  2.96853600e+03  9.70000000e-02  2.26680000e+01
 -1.98985632e+03  2.97040600e+03  9.70000000e-02  2.26170000e+01
 -1.99061859e+03  2.97204800e+03  9.70000000e-02  2.26550000e+01
 -1.99193418e+03  2.97150700e+03  9.70000000e-02  2.26890000e+01
 -1.99629459e+03  2.97502000e+03  9.70000000e-02  2.27720000e+01
 -1.99724881e+03  2.97524700e+03  9.70000000e-02  2.28580000e+01
 -1.99865853e+03  2.97845600e+03  9.70000000e-02  2.28410000e+01
 -2.00007314e+03  2.97979600e+03  9.70000000e-02  2.28330000e+01
 -2.00117073e+03  2.98211900e+03  9.70000000e-02  2.28100000e+01
 -2.00228299e+03  2.98353500e+03  9.70000000e-02  2.28260000e+01
 -2.00299187e+03  2.98540500e+03  9.70000000e-02  2.28230000e+01
 -2.00807801e+03  2.98990200e+03  9.70000000e-02  2.28080000e+01
 -2.02069157e+03  2.99505800e+03  9.70000000e-02  2.27040000e+01
 -2.02312413e+03  2.99902500e+03  9.70000000e-02  2.26500000e+01
 -2.02343831e+03  3.00045200e+03  9.70000000e-02  2.26000000e+01
 -2.02389850e+03  2.99993200e+03  9.70000000e-02  2.26720000e+01
 -2.02383229e+03  3.00277500e+03  9.70000000e-02  2.26160000e+01
 -2.02561471e+03  3.00456800e+03  9.70000000e-02  2.25870000e+01
 -2.03219140e+03  3.00829700e+03  8.70000000e-02  2.26500000e+01
 -2.04096385e+03  3.01069700e+03  8.70000000e-02  2.26500000e+01
 -2.04552044e+03  3.01443700e+03  8.70000000e-02  2.26480000e+01
 -2.05408317e+03  3.02080400e+03  8.70000000e-02  2.26330000e+01
 -2.05505563e+03  3.02244700e+03  8.70000000e-02  2.26330000e+01
 -2.05505563e+03  3.02244700e+03  8.70000000e-02  2.26330000e+01
 -2.06460762e+03  3.02738700e+03  8.70000000e-02  2.26110000e+01
 -2.05519916e+03  3.02542900e+03  8.70000000e-02  2.25870000e+01
 -2.05678378e+03  3.02738600e+03  8.70000000e-02  2.26050000e+01
 -2.05446029e+03  3.02761300e+03  8.70000000e-02  2.26000000e+01
 -2.06025182e+03  3.02806700e+03  8.70000000e-02  2.26660000e+01
 -2.06406137e+03  3.03443300e+03  8.70000000e-02  2.25780000e+01
 -2.06022075e+03  3.03617400e+03  8.70000000e-02  2.26030000e+01
 -2.06138439e+03  3.04035700e+03  8.60000000e-02  2.24940000e+01
 -2.05972224e+03  3.04089800e+03  8.60000000e-02  2.25120000e+01
 -2.06031295e+03  3.04223700e+03  8.60000000e-02  2.24790000e+01
 -2.06337546e+03  3.04598800e+03  8.60000000e-02  2.24720000e+01
 -2.06282529e+03  3.04687300e+03  8.60000000e-02  2.24710000e+01
 -2.06385838e+03  3.04710000e+03  8.60000000e-02  2.24680000e+01
 -2.06450206e+03  3.04919700e+03  8.60000000e-02  2.24270000e+01
 -2.07461025e+03  3.05052600e+03  8.60000000e-02  2.24250000e+01
 -2.07389196e+03  3.05096900e+03  8.60000000e-02  2.24790000e+01
 -2.08319960e+03  3.05349700e+03  8.60000000e-02  2.24650000e+01
 -2.08467896e+03  3.05812300e+03  8.60000000e-02  2.24040000e+01
 -2.08605796e+03  3.06305200e+03  8.60000000e-02  2.22530000e+01
 -2.08660701e+03  3.06305200e+03  8.60000000e-02  2.22990000e+01
 -2.08896226e+03  3.06567900e+03  8.60000000e-02  2.22930000e+01
 -2.08929238e+03  3.06701800e+03  8.60000000e-02  2.22860000e+01
 -2.08885759e+03  3.06715800e+03  8.60000000e-02  2.22650000e+01
 -2.09647417e+03  3.07036700e+03  8.60000000e-02  2.22570000e+01
 -2.10200035e+03  3.07611700e+03  8.60000000e-02  2.20630000e+01
 -2.10927342e+03  3.08218100e+03  8.60000000e-02  2.19990000e+01
 -2.10927342e+03  3.08218100e+03  8.60000000e-02  2.19990000e+01
 -2.11441922e+03  3.08472000e+03  8.60000000e-02  2.19990000e+01
 -2.11522463e+03  3.08583300e+03  8.60000000e-02  2.19830000e+01
 -2.11821489e+03  3.08846000e+03  8.60000000e-02  2.18980000e+01
 -2.12270495e+03  3.09055700e+03  8.60000000e-02  2.18870000e+01
 -2.12577633e+03  3.09286900e+03  8.70000000e-02  2.19260000e+01
 -2.12626000e+03  3.09629500e+03  8.60000000e-02  2.18320000e+01
 -2.12599246e+03  3.09539800e+03  8.60000000e-02  2.18340000e+01
 -2.14514907e+03  3.09935400e+03  8.60000000e-02  2.18170000e+01
 -2.14624101e+03  3.09957000e+03  8.60000000e-02  2.19250000e+01
 -2.15164374e+03  3.10726600e+03  8.60000000e-02  2.19070000e+01
 -2.15483367e+03  3.10837800e+03  8.60000000e-02  2.19050000e+01
 -2.16526284e+03  3.11585800e+03  8.60000000e-02  2.18140000e+01
 -2.16526284e+03  3.11585800e+03  8.60000000e-02  2.18140000e+01
 -2.16657480e+03  3.11795400e+03  8.60000000e-02  2.18050000e+01
 -2.17020842e+03  3.11818100e+03  8.60000000e-02  2.17610000e+01
 -2.16490043e+03  3.11930500e+03  8.60000000e-02  2.16950000e+01
 -2.17088887e+03  3.12304400e+03  8.60000000e-02  2.17210000e+01
 -2.17312705e+03  3.12634100e+03  8.60000000e-02  2.17210000e+01
 -2.17312705e+03  3.12634100e+03  8.60000000e-02  2.17210000e+01
 -2.17302593e+03  3.12634100e+03  8.60000000e-02  2.17260000e+01
 -2.17422084e+03  3.13105400e+03  8.60000000e-02  2.15550000e+01
 -2.17422084e+03  3.13105400e+03  8.60000000e-02  2.15550000e+01
 -2.17608861e+03  3.13478300e+03  8.60000000e-02  2.15770000e+01
 -2.18267757e+03  3.13799300e+03  8.60000000e-02  2.13470000e+01
 -2.18438970e+03  3.13876000e+03  8.60000000e-02  2.15120000e+01
 -2.18828192e+03  3.14174300e+03  8.60000000e-02  2.15090000e+01
 -2.19012831e+03  3.14449800e+03  8.60000000e-02  2.15070000e+01
 -2.19195666e+03  3.14569800e+03  8.60000000e-02  2.14450000e+01
 -2.19195666e+03  3.14569800e+03  8.60000000e-02  2.14450000e+01
 -2.18968606e+03  3.14547100e+03  8.60000000e-02  2.14410000e+01
 -2.19101238e+03  3.14747000e+03  8.70000000e-02  2.13710000e+01
 -2.19213036e+03  3.14725400e+03  8.70000000e-02  2.14310000e+01
 -2.20159303e+03  3.14957700e+03  8.70000000e-02  2.14290000e+01
 -2.20382505e+03  3.15158700e+03  8.70000000e-02  2.14960000e+01
 -2.20417149e+03  3.15204100e+03  8.70000000e-02  2.14810000e+01
 -2.20417149e+03  3.15204100e+03  8.70000000e-02  2.14810000e+01
 -2.21374766e+03  3.15590900e+03  8.70000000e-02  2.12120000e+01
 -2.21318209e+03  3.15449300e+03  8.70000000e-02  2.12340000e+01
 -2.21422353e+03  3.15769200e+03  8.70000000e-02  2.12400000e+01
 -2.21762127e+03  3.16121500e+03  8.70000000e-02  2.11990000e+01
 -2.21666905e+03  3.16285800e+03  8.70000000e-02  2.11880000e+01
 -2.21921598e+03  3.16726700e+03  8.70000000e-02  2.10670000e+01
 -2.23292702e+03  3.16966700e+03  8.70000000e-02  2.11050000e+01
 -2.23412635e+03  3.17079100e+03  8.70000000e-02  2.11050000e+01
 -2.23727118e+03  3.17146100e+03  8.70000000e-02  2.10950000e+01
 -2.23727118e+03  3.17146100e+03  8.70000000e-02  2.10950000e+01
 -2.23015719e+03  3.17027100e+03  8.70000000e-02  2.10950000e+01
 -2.23013259e+03  3.17049800e+03  8.70000000e-02  2.10950000e+01
 -2.23840765e+03  3.17139500e+03  8.70000000e-02  2.10510000e+01
 -2.23785419e+03  3.17236800e+03  8.70000000e-02  2.09690000e+01
 -2.23807623e+03  3.17326400e+03  8.70000000e-02  2.09380000e+01
 -2.24792601e+03  3.17536100e+03  8.70000000e-02  2.09380000e+01
 -2.25200949e+03  3.17976000e+03  8.70000000e-02  2.09230000e+01
 -2.25399489e+03  3.18328400e+03  8.70000000e-02  2.09000000e+01
 -2.25520952e+03  3.18649300e+03  8.70000000e-02  2.09080000e+01
 -2.26765416e+03  3.19148600e+03  8.70000000e-02  2.08690000e+01
 -2.27194917e+03  3.19402600e+03  8.70000000e-02  2.08080000e+01
 -2.27030085e+03  3.19358300e+03  8.70000000e-02  2.08080000e+01
 -2.27643419e+03  3.19919300e+03  8.70000000e-02  2.08110000e+01
 -2.27693086e+03  3.20060800e+03  8.70000000e-02  2.07610000e+01
 -2.29095028e+03  3.20577500e+03  8.70000000e-02  2.05350000e+01
 -2.29016701e+03  3.20524500e+03  8.70000000e-02  2.04530000e+01
 -2.29016701e+03  3.20524500e+03  8.70000000e-02  2.04530000e+01
 -2.29487851e+03  3.20874700e+03  8.70000000e-02  2.03070000e+01
 -2.29448672e+03  3.20919000e+03  8.70000000e-02  2.01620000e+01
 -2.29922845e+03  3.21346000e+03  8.70000000e-02  2.01620000e+01
 -2.31009858e+03  3.21743700e+03  8.70000000e-02  2.00860000e+01
 -2.31373365e+03  3.21997700e+03  8.70000000e-02  2.00900000e+01
 -2.31373365e+03  3.21997700e+03  8.70000000e-02  2.00900000e+01
 -2.31385467e+03  3.22064700e+03  8.70000000e-02  2.00920000e+01
 -2.31409485e+03  3.22318600e+03  8.70000000e-02  2.00170000e+01
 -2.31409485e+03  3.22318600e+03  8.70000000e-02  2.00170000e+01
 -2.31503228e+03  3.22484000e+03  8.70000000e-02  2.00170000e+01
 -2.31979253e+03  3.22761700e+03  8.70000000e-02  1.98560000e+01
 -2.33350862e+03  3.22957400e+03  8.70000000e-02  2.00140000e+01
 -2.33690211e+03  3.23211400e+03  8.70000000e-02  1.99880000e+01
 -2.33690211e+03  3.23211400e+03  8.70000000e-02  1.99880000e+01
 -2.33765404e+03  3.23375700e+03  8.70000000e-02  1.99800000e+01
 -2.33415926e+03  3.23606900e+03  8.70000000e-02  1.99000000e+01
 -2.33625415e+03  3.24046800e+03  8.70000000e-02  1.98590000e+01
 -2.33666152e+03  3.24279200e+03  8.70000000e-02  1.97440000e+01
 -2.33666152e+03  3.24279200e+03  8.70000000e-02  1.97440000e+01
 -2.34950037e+03  3.24368800e+03  8.70000000e-02  1.97500000e+01
 -2.34960031e+03  3.24555800e+03  8.70000000e-02  1.97000000e+01
 -2.34971894e+03  3.24459500e+03  8.70000000e-02  1.97100000e+01
 -2.35162781e+03  3.24525400e+03  8.70000000e-02  1.94980000e+01
 -2.35314870e+03  3.24285400e+03  8.70000000e-02  1.96590000e+01
 -2.35106517e+03  3.24330800e+03  8.70000000e-02  1.96060000e+01
 -2.35106517e+03  3.24330800e+03  8.70000000e-02  1.96060000e+01
 -2.35132121e+03  3.24473500e+03  8.70000000e-02  1.95180000e+01
 -2.35132121e+03  3.24473500e+03  8.70000000e-02  1.95180000e+01
 -2.35918274e+03  3.24923200e+03  8.70000000e-02  1.95090000e+01
 -2.36480373e+03  3.25363000e+03  8.70000000e-02  1.94590000e+01
 -2.36480373e+03  3.25363000e+03  8.70000000e-02  1.94590000e+01
 -2.36573171e+03  3.25384600e+03  8.70000000e-02  1.94910000e+01
 -2.37863602e+03  3.25495900e+03  8.80000000e-02  1.95940000e+01
 -2.37870103e+03  3.25727200e+03  8.80000000e-02  1.94660000e+01
 -2.39208106e+03  3.25883900e+03  8.80000000e-02  1.94650000e+01
 -2.39208106e+03  3.25883900e+03  8.80000000e-02  1.94650000e+01
 -2.39335556e+03  3.25749900e+03  8.80000000e-02  1.94620000e+01
 -2.41115996e+03  3.26189800e+03  8.80000000e-02  1.94610000e+01
 -2.40920423e+03  3.25785500e+03  8.80000000e-02  1.95060000e+01
 -2.41422133e+03  3.25598500e+03  8.40000000e-02  1.96120000e+01
 -2.41916748e+03  3.25643800e+03  8.40000000e-02  1.96170000e+01
 -2.42305815e+03  3.25590800e+03  8.40000000e-02  1.96360000e+01
 -2.42305815e+03  3.25590800e+03  8.40000000e-02  1.96360000e+01
 -2.42305815e+03  3.25590800e+03  8.40000000e-02  1.96360000e+01
 -2.42661571e+03  3.25799400e+03  8.40000000e-02  1.96450000e+01
 -2.43336896e+03  3.25977600e+03  8.40000000e-02  1.96870000e+01
 -2.43446428e+03  3.26133200e+03  8.40000000e-02  1.96730000e+01
 -2.43955990e+03  3.27023900e+03  8.40000000e-02  1.94430000e+01
 -2.44312295e+03  3.27135200e+03  8.40000000e-02  1.94430000e+01
 -2.44715633e+03  3.27464900e+03  8.40000000e-02  1.94440000e+01
 -2.45676075e+03  3.27456100e+03  8.40000000e-02  1.94510000e+01
 -2.45676075e+03  3.27456100e+03  8.40000000e-02  1.94510000e+01
 -2.46604040e+03  3.27927500e+03  8.40000000e-02  1.95850000e+01
 -2.46604040e+03  3.27927500e+03  8.40000000e-02  1.95850000e+01
 -2.47016159e+03  3.27950100e+03  8.50000000e-02  1.95880000e+01
 -2.47219298e+03  3.28129400e+03  8.50000000e-02  1.95880000e+01
 -2.47219298e+03  3.28129400e+03  8.50000000e-02  1.95880000e+01
 -2.47287196e+03  3.28226700e+03  8.50000000e-02  1.95290000e+01
 -2.47363399e+03  3.28195300e+03  8.50000000e-02  1.95290000e+01
 -2.47363399e+03  3.28195300e+03  8.50000000e-02  1.95290000e+01
 -2.46936619e+03  3.27911000e+03  8.50000000e-02  1.95550000e+01
 -2.46980052e+03  3.28173700e+03  8.40000000e-02  1.94780000e+01
 -2.46980052e+03  3.28173700e+03  8.40000000e-02  1.94780000e+01
 -2.47025636e+03  3.28164900e+03  8.50000000e-02  1.95930000e+01
 -2.47053434e+03  3.28187600e+03  8.50000000e-02  1.95900000e+01
 -2.47350170e+03  3.28517300e+03  8.50000000e-02  1.94720000e+01
 -2.48342937e+03  3.28914000e+03  8.50000000e-02  1.94330000e+01
 -2.48299895e+03  3.28958300e+03  8.50000000e-02  1.93200000e+01
 -2.48299036e+03  3.28959400e+03  8.50000000e-02  1.93140000e+01
 -2.48299036e+03  3.28959400e+03  8.50000000e-02  1.93140000e+01
 -2.48299036e+03  3.28959400e+03  8.50000000e-02  1.93140000e+01
 -2.48299036e+03  3.28959400e+03  8.50000000e-02  1.93140000e+01
 -2.48607627e+03  3.29079400e+03  8.50000000e-02  1.93130000e+01
 -2.48607627e+03  3.29079400e+03  8.50000000e-02  1.93130000e+01
 -2.49532168e+03  3.29176700e+03  8.50000000e-02  1.93380000e+01
 -2.50011404e+03  3.29123600e+03  8.50000000e-02  1.93750000e+01
 -2.50388681e+03  3.29258700e+03  8.50000000e-02  1.93530000e+01
 -2.50399418e+03  3.29161300e+03  8.50000000e-02  1.93870000e+01
 -2.50399418e+03  3.29161300e+03  8.50000000e-02  1.93870000e+01
 -2.50403831e+03  3.29161300e+03  8.50000000e-02  1.93950000e+01
 -2.51079824e+03  3.29229400e+03  8.50000000e-02  1.94420000e+01
 -2.51819336e+03  3.29282400e+03  8.50000000e-02  1.94540000e+01
 -2.51819336e+03  3.29282400e+03  8.50000000e-02  1.94540000e+01
 -2.52752614e+03  3.29348300e+03  8.50000000e-02  1.94540000e+01
 -2.53693187e+03  3.29678000e+03  8.40000000e-02  1.93980000e+01
 -2.53757242e+03  3.29744900e+03  8.40000000e-02  1.93930000e+01
 -2.53866962e+03  3.29536300e+03  8.50000000e-02  1.93850000e+01
 -2.55196235e+03  3.29842200e+03  8.50000000e-02  1.93710000e+01
 -2.55150214e+03  3.29900400e+03  8.50000000e-02  1.93710000e+01
 -2.55150214e+03  3.29900400e+03  8.50000000e-02  1.93710000e+01
 -2.55150214e+03  3.29900400e+03  8.50000000e-02  1.93710000e+01
 -2.55150214e+03  3.29900400e+03  8.50000000e-02  1.93710000e+01
 -2.55150214e+03  3.29900400e+03  8.50000000e-02  1.93710000e+01
 -2.56128638e+03  3.30287300e+03  8.50000000e-02  1.93590000e+01
 -2.56164508e+03  3.30497000e+03  8.50000000e-02  1.93110000e+01
 -2.56315374e+03  3.30488300e+03  8.50000000e-02  1.93170000e+01
 -2.56813506e+03  3.30489400e+03  8.50000000e-02  1.93610000e+01
 -2.56271060e+03  3.30085000e+03  8.50000000e-02  1.93580000e+01
 -2.56379659e+03  3.30249300e+03  8.50000000e-02  1.93520000e+01
 -2.56601273e+03  3.30480600e+03  8.50000000e-02  1.93400000e+01
 -2.57012709e+03  3.30644900e+03  8.50000000e-02  1.93450000e+01
 -2.57012709e+03  3.30644900e+03  8.50000000e-02  1.93450000e+01
 -2.56984796e+03  3.30547600e+03  8.50000000e-02  1.95090000e+01
 -2.57107758e+03  3.30766000e+03  8.50000000e-02  1.94690000e+01
 -2.57295626e+03  3.30921600e+03  8.50000000e-02  1.93440000e+01
 -2.57972276e+03  3.30777800e+03  8.50000000e-02  1.94220000e+01
 -2.58186178e+03  3.30590800e+03  8.50000000e-02  1.95220000e+01
 -2.58610294e+03  3.30604800e+03  8.50000000e-02  1.95160000e+01
 -2.58637464e+03  3.30858800e+03  8.50000000e-02  1.95120000e+01
 -2.58614806e+03  3.30739900e+03  8.50000000e-02  1.95230000e+01
 -2.59625001e+03  3.30993800e+03  8.50000000e-02  1.95980000e+01
 -2.59631842e+03  3.31150500e+03  8.50000000e-02  1.95800000e+01
 -2.59639199e+03  3.31173200e+03  8.50000000e-02  1.95910000e+01
 -2.59639199e+03  3.31173200e+03  8.50000000e-02  1.95910000e+01
 -2.59957657e+03  3.31106200e+03  8.50000000e-02  1.96070000e+01
 -2.61240090e+03  3.31120100e+03  8.60000000e-02  1.96170000e+01
 -2.61374593e+03  3.31141700e+03  8.60000000e-02  1.96290000e+01
 -2.61374593e+03  3.31141700e+03  8.60000000e-02  1.96290000e+01
 -2.61581426e+03  3.31351400e+03  8.60000000e-02  1.94760000e+01
 -2.62003119e+03  3.31605400e+03  8.60000000e-02  1.94650000e+01
 -2.62003119e+03  3.31605400e+03  8.60000000e-02  1.94650000e+01
 -2.62006423e+03  3.31739400e+03  8.60000000e-02  1.94640000e+01
 -2.61903254e+03  3.31312400e+03  8.60000000e-02  1.97760000e+01
 -2.61903254e+03  3.31312400e+03  8.60000000e-02  1.97760000e+01
 -2.61993675e+03  3.31423600e+03  8.60000000e-02  1.97670000e+01
 -2.62529340e+03  3.31797600e+03  8.60000000e-02  1.97670000e+01
 -2.63066538e+03  3.31840800e+03  8.60000000e-02  1.97540000e+01
 -2.63066538e+03  3.31840800e+03  8.60000000e-02  1.97540000e+01
 -2.63066538e+03  3.31840800e+03  8.60000000e-02  1.97540000e+01
 -2.63066538e+03  3.31840800e+03  8.60000000e-02  1.97540000e+01
 -2.63066538e+03  3.31840800e+03  8.60000000e-02  1.97540000e+01
 -2.63101532e+03  3.31996400e+03  8.60000000e-02  1.97370000e+01
 -2.63101532e+03  3.31996400e+03  8.60000000e-02  1.97370000e+01
 -2.63477707e+03  3.32019100e+03  8.60000000e-02  1.97970000e+01
 -2.64383514e+03  3.32392000e+03  8.50000000e-02  1.96940000e+01
 -2.64383514e+03  3.32392000e+03  8.50000000e-02  1.96940000e+01
 -2.64383514e+03  3.32392000e+03  8.50000000e-02  1.96940000e+01
 -2.64383514e+03  3.32392000e+03  8.50000000e-02  1.96940000e+01
 -2.64481797e+03  3.32960500e+03  8.60000000e-02  1.95880000e+01
 -2.64542460e+03  3.32983200e+03  8.60000000e-02  1.95840000e+01
 -2.64542460e+03  3.32983200e+03  8.60000000e-02  1.95840000e+01
 -2.64609392e+03  3.33191800e+03  8.60000000e-02  1.94910000e+01
 -2.64876429e+03  3.33357200e+03  8.60000000e-02  1.94910000e+01
 -2.64884172e+03  3.33469500e+03  8.60000000e-02  1.94880000e+01
 -2.64884172e+03  3.33469500e+03  8.60000000e-02  1.94880000e+01
 -2.65024673e+03  3.33746200e+03  8.60000000e-02  1.94630000e+01
 -2.64928877e+03  3.33692000e+03  8.70000000e-02  1.94460000e+01
 -2.65061765e+03  3.34087700e+03  8.70000000e-02  1.94210000e+01
 -2.65810862e+03  3.34013000e+03  8.70000000e-02  1.94290000e+01
 -2.66323482e+03  3.34145900e+03  8.70000000e-02  1.94290000e+01
 -2.66202948e+03  3.34092900e+03  8.70000000e-02  1.94230000e+01
 -2.66103391e+03  3.34311300e+03  8.70000000e-02  1.93730000e+01
 -2.66080001e+03  3.34354500e+03  8.70000000e-02  1.93290000e+01
 -2.66803488e+03  3.34661500e+03  8.70000000e-02  1.93100000e+01
 -2.66803488e+03  3.34661500e+03  8.70000000e-02  1.93100000e+01
 -2.66803488e+03  3.34661500e+03  8.70000000e-02  1.93100000e+01
 -2.66803488e+03  3.34661500e+03  8.70000000e-02  1.93100000e+01
 -2.66850831e+03  3.34608500e+03  8.70000000e-02  1.93690000e+01
 -2.67370334e+03  3.34608400e+03  8.80000000e-02  1.93900000e+01
 -2.67706860e+03  3.34773800e+03  8.80000000e-02  1.93810000e+01
 -2.68203454e+03  3.34906700e+03  8.80000000e-02  1.93810000e+01
 -2.68203454e+03  3.34906700e+03  8.80000000e-02  1.93810000e+01
 -2.68203454e+03  3.34906700e+03  8.80000000e-02  1.93810000e+01
 -2.68203454e+03  3.34906700e+03  8.80000000e-02  1.93810000e+01
 -2.68820826e+03  3.34973700e+03  8.70000000e-02  1.92900000e+01
 -2.68886608e+03  3.35423300e+03  8.70000000e-02  1.91660000e+01
 -2.68886608e+03  3.35423300e+03  8.70000000e-02  1.91660000e+01
 -2.68876849e+03  3.35499000e+03  8.70000000e-02  1.90960000e+01
 -2.68876849e+03  3.35499000e+03  8.70000000e-02  1.90960000e+01
 -2.69306318e+03  3.35475200e+03  8.70000000e-02  1.91000000e+01
 -2.69465946e+03  3.35355200e+03  8.90000000e-02  1.91550000e+01
 -2.69476146e+03  3.35453600e+03  8.90000000e-02  1.91100000e+01
 -2.69450453e+03  3.35221200e+03  8.90000000e-02  1.92450000e+01
 -2.69594963e+03  3.35243900e+03  8.90000000e-02  1.93380000e+01
 -2.69843418e+03  3.35528200e+03  8.90000000e-02  1.94510000e+01
 -2.69843418e+03  3.35528200e+03  8.90000000e-02  1.94510000e+01
 -2.70063198e+03  3.35737900e+03  8.90000000e-02  1.94390000e+01
 -2.70063198e+03  3.35737900e+03  8.90000000e-02  1.94390000e+01
 -2.70063198e+03  3.35737900e+03  8.90000000e-02  1.94390000e+01
 -2.70063198e+03  3.35737900e+03  8.90000000e-02  1.94390000e+01
 -2.70072176e+03  3.36044900e+03  8.70000000e-02  1.93960000e+01
 -2.70343103e+03  3.36276200e+03  8.70000000e-02  1.93960000e+01
 -2.71210851e+03  3.36276200e+03  8.80000000e-02  1.93730000e+01
 -2.71280186e+03  3.36266400e+03  8.80000000e-02  1.94110000e+01
 -2.71280186e+03  3.36266400e+03  8.80000000e-02  1.94110000e+01
 -2.71701303e+03  3.36782000e+03  8.70000000e-02  1.93670000e+01
 -2.71822441e+03  3.37014300e+03  8.70000000e-02  1.93520000e+01
 -2.71911045e+03  3.37193700e+03  8.70000000e-02  1.93140000e+01
 -2.71911045e+03  3.37193700e+03  8.70000000e-02  1.93140000e+01
 -2.71935906e+03  3.37282300e+03  8.70000000e-02  1.93140000e+01
 -2.71995770e+03  3.37348200e+03  8.70000000e-02  1.93190000e+01
 -2.71995770e+03  3.37348200e+03  8.70000000e-02  1.93190000e+01
 -2.71995770e+03  3.37348200e+03  8.70000000e-02  1.93190000e+01
 -2.71993121e+03  3.37437800e+03  8.70000000e-02  1.93120000e+01
 -2.72090370e+03  3.37550200e+03  8.70000000e-02  1.93130000e+01
 -2.72517454e+03  3.37758800e+03  8.70000000e-02  1.93130000e+01
 -2.73771126e+03  3.38244100e+03  8.70000000e-02  1.93130000e+01
 -2.74341377e+03  3.38454800e+03  8.70000000e-02  1.92880000e+01
 -2.74348946e+03  3.38334800e+03  8.70000000e-02  1.93300000e+01
 -2.74348946e+03  3.38334800e+03  8.70000000e-02  1.93300000e+01
 -2.74380506e+03  3.38125100e+03  8.70000000e-02  1.93410000e+01
 -2.74380506e+03  3.38125100e+03  8.70000000e-02  1.93410000e+01
 -2.74326169e+03  3.38035400e+03  8.60000000e-02  1.93070000e+01
 -2.74670276e+03  3.38610300e+03  8.60000000e-02  1.91380000e+01
 -2.74672571e+03  3.38655700e+03  8.60000000e-02  1.91420000e+01
 -2.74672571e+03  3.38655700e+03  8.60000000e-02  1.91420000e+01
 -2.74672571e+03  3.38655700e+03  8.60000000e-02  1.91420000e+01
 -2.74936558e+03  3.38492500e+03  8.60000000e-02  1.91520000e+01
 -2.75066064e+03  3.38612500e+03  8.60000000e-02  1.92310000e+01
 -2.75184836e+03  3.38785500e+03  8.60000000e-02  1.93140000e+01
 -2.75268413e+03  3.38874100e+03  8.60000000e-02  1.93120000e+01
 -2.75308878e+03  3.39182100e+03  8.50000000e-02  1.92420000e+01
 -2.75420267e+03  3.39457700e+03  8.50000000e-02  1.92160000e+01
 -2.76299709e+03  3.39600400e+03  8.50000000e-02  1.92060000e+01
 -2.77069229e+03  3.39690000e+03  8.50000000e-02  1.91500000e+01
 -2.77069229e+03  3.39690000e+03  8.50000000e-02  1.91500000e+01
 -2.77069229e+03  3.39690000e+03  8.50000000e-02  1.91500000e+01
 -2.77069229e+03  3.39690000e+03  8.50000000e-02  1.91500000e+01
 -2.77212156e+03  3.39952700e+03  8.50000000e-02  1.90720000e+01
 -2.77887960e+03  3.39898600e+03  8.50000000e-02  1.90820000e+01
 -2.77887960e+03  3.39898600e+03  8.50000000e-02  1.90820000e+01
 -2.77887960e+03  3.39898600e+03  8.50000000e-02  1.90820000e+01
 -2.77887960e+03  3.39898600e+03  8.50000000e-02  1.90820000e+01
 -2.79312330e+03  3.39987200e+03  8.50000000e-02  1.90820000e+01
 -2.79509590e+03  3.40285500e+03  8.50000000e-02  1.90340000e+01
 -2.79509590e+03  3.40285500e+03  8.50000000e-02  1.90340000e+01
 -2.79509590e+03  3.40285500e+03  8.50000000e-02  1.90340000e+01
 -2.79509590e+03  3.40285500e+03  8.50000000e-02  1.90340000e+01
 -2.80630472e+03  3.40352500e+03  8.30000000e-02  1.89920000e+01
 -2.80630472e+03  3.40352500e+03  8.30000000e-02  1.89920000e+01
 -2.81759985e+03  3.40562200e+03  8.30000000e-02  1.89920000e+01
 -2.81762040e+03  3.40651900e+03  8.30000000e-02  1.89560000e+01
 -2.81762040e+03  3.40651900e+03  8.30000000e-02  1.89560000e+01
 -2.82637762e+03  3.40696200e+03  8.30000000e-02  1.89180000e+01
 -2.82637762e+03  3.40696200e+03  8.30000000e-02  1.89180000e+01
 -2.82736595e+03  3.40807500e+03  8.30000000e-02  1.88780000e+01
 -2.82736595e+03  3.40807500e+03  8.30000000e-02  1.88780000e+01
 -2.82906851e+03  3.40764200e+03  8.30000000e-02  1.88870000e+01
 -2.82882066e+03  3.40875500e+03  8.30000000e-02  1.89140000e+01
 -2.82860303e+03  3.40712300e+03  8.30000000e-02  1.89200000e+01
 -2.82909903e+03  3.40801900e+03  8.30000000e-02  1.89220000e+01
 -2.82909903e+03  3.40801900e+03  8.30000000e-02  1.89220000e+01
 -2.82909903e+03  3.40801900e+03  8.30000000e-02  1.89220000e+01
 -2.82909903e+03  3.40801900e+03  8.30000000e-02  1.89220000e+01
 -2.82909903e+03  3.40801900e+03  8.30000000e-02  1.89220000e+01
 -2.83296807e+03  3.40868900e+03  8.30000000e-02  1.89140000e+01
 -2.83324318e+03  3.41198600e+03  8.30000000e-02  1.87900000e+01
 -2.83324318e+03  3.41198600e+03  8.30000000e-02  1.87900000e+01
 -2.84467430e+03  3.41221300e+03  8.30000000e-02  1.87870000e+01
 -2.84643357e+03  3.41376800e+03  8.30000000e-02  1.87820000e+01
 -2.85607343e+03  3.41443800e+03  8.30000000e-02  1.87100000e+01
 -2.85638688e+03  3.41399500e+03  8.30000000e-02  1.87930000e+01
 -2.85742023e+03  3.42049100e+03  8.30000000e-02  1.86950000e+01
 -2.85742023e+03  3.42049100e+03  8.30000000e-02  1.86950000e+01
 -2.85742023e+03  3.42049100e+03  8.30000000e-02  1.86950000e+01
 -2.85742023e+03  3.42049100e+03  8.30000000e-02  1.86950000e+01
 -2.85848037e+03  3.42520400e+03  8.30000000e-02  1.85030000e+01
 -2.85906439e+03  3.42355000e+03  8.30000000e-02  1.86730000e+01
 -2.85910361e+03  3.42443600e+03  8.30000000e-02  1.86510000e+01
 -2.85910361e+03  3.42443600e+03  8.30000000e-02  1.86510000e+01
 -2.86317757e+03  3.42390500e+03  8.30000000e-02  1.86980000e+01
 -2.86317757e+03  3.42390500e+03  8.30000000e-02  1.86980000e+01
 -2.86322903e+03  3.42501800e+03  8.30000000e-02  1.87020000e+01
 -2.86724308e+03  3.42950400e+03  8.20000000e-02  1.86640000e+01
 -2.86745900e+03  3.42973100e+03  8.20000000e-02  1.86640000e+01
 -2.86745900e+03  3.42973100e+03  8.20000000e-02  1.86640000e+01
 -2.86745900e+03  3.42973100e+03  8.20000000e-02  1.86640000e+01
 -2.88271171e+03  3.43017400e+03  8.20000000e-02  1.87040000e+01
 -2.88356270e+03  3.43114700e+03  8.20000000e-02  1.87210000e+01
 -2.88356270e+03  3.43114700e+03  8.20000000e-02  1.87210000e+01
 -2.89235567e+03  3.43247600e+03  8.20000000e-02  1.87180000e+01
 -2.89477845e+03  3.43315600e+03  8.20000000e-02  1.87180000e+01
 -2.89781737e+03  3.43502600e+03  8.20000000e-02  1.86450000e+01
 -2.89887756e+03  3.43809600e+03  8.20000000e-02  1.86440000e+01
 -2.90084800e+03  3.43645200e+03  8.20000000e-02  1.87310000e+01
 -2.90973631e+03  3.43974900e+03  8.20000000e-02  1.86570000e+01
 -2.90975521e+03  3.43996500e+03  8.20000000e-02  1.86540000e+01
 -2.90975521e+03  3.43996500e+03  8.20000000e-02  1.86540000e+01
 -2.92065949e+03  3.44055900e+03  8.20000000e-02  1.86490000e+01
 -2.92065949e+03  3.44055900e+03  8.20000000e-02  1.86490000e+01
 -2.92047288e+03  3.44001800e+03  8.20000000e-02  1.86520000e+01
 -2.92086701e+03  3.44233100e+03  8.20000000e-02  1.85530000e+01
 -2.92086701e+03  3.44233100e+03  8.20000000e-02  1.85530000e+01
 -2.92086701e+03  3.44233100e+03  8.20000000e-02  1.85530000e+01
 -2.92430506e+03  3.44291300e+03  8.20000000e-02  1.85710000e+01
 -2.93593404e+03  3.44480500e+03  8.20000000e-02  1.85710000e+01
 -2.93798888e+03  3.44481500e+03  8.20000000e-02  1.85710000e+01
 -2.95091912e+03  3.45019800e+03  8.20000000e-02  1.85710000e+01
 -2.95091912e+03  3.45019800e+03  8.20000000e-02  1.85710000e+01
 -2.95091912e+03  3.45019800e+03  8.20000000e-02  1.85710000e+01
 -2.95091912e+03  3.45019800e+03  8.20000000e-02  1.85710000e+01
 -2.95584766e+03  3.45445700e+03  8.20000000e-02  1.84740000e+01
 -2.95584766e+03  3.45445700e+03  8.20000000e-02  1.84740000e+01
 -2.95612727e+03  3.45601300e+03  8.20000000e-02  1.84550000e+01
 -2.95688111e+03  3.45414300e+03  8.20000000e-02  1.85010000e+01
 -2.95785476e+03  3.45250000e+03  8.20000000e-02  1.85090000e+01
 -2.96163975e+03  3.45414300e+03  8.20000000e-02  1.85760000e+01
 -2.96194746e+03  3.45713700e+03  8.20000000e-02  1.85150000e+01
 -2.96258522e+03  3.45826000e+03  8.20000000e-02  1.84400000e+01
 -2.96258522e+03  3.45826000e+03  8.20000000e-02  1.84400000e+01
 -2.96258522e+03  3.45826000e+03  8.20000000e-02  1.84400000e+01
 -2.96523239e+03  3.46244300e+03  8.20000000e-02  1.84250000e+01
 -2.96684400e+03  3.46355600e+03  8.20000000e-02  1.84220000e+01
 -2.96716880e+03  3.46489600e+03  8.20000000e-02  1.83400000e+01
 -2.96716880e+03  3.46489600e+03  8.20000000e-02  1.83400000e+01
 -2.96716880e+03  3.46489600e+03  8.20000000e-02  1.83400000e+01
 -2.96716880e+03  3.46489600e+03  8.20000000e-02  1.83400000e+01
 -2.96716880e+03  3.46489600e+03  8.20000000e-02  1.83400000e+01
 -2.96716880e+03  3.46489600e+03  8.20000000e-02  1.83400000e+01
 -2.96716880e+03  3.46489600e+03  8.20000000e-02  1.83400000e+01
 -2.96716880e+03  3.46489600e+03  8.20000000e-02  1.83400000e+01
 -2.96716880e+03  3.46489600e+03  8.20000000e-02  1.83400000e+01
 -2.96716880e+03  3.46489600e+03  8.20000000e-02  1.83400000e+01
 -2.96716880e+03  3.46489600e+03  8.20000000e-02  1.83400000e+01
 -2.96716880e+03  3.46489600e+03  8.20000000e-02  1.83400000e+01
 -2.97011194e+03  3.46743600e+03  8.20000000e-02  1.83250000e+01
 -2.97347808e+03  3.46712200e+03  8.20000000e-02  1.83570000e+01
 -2.97347808e+03  3.46712200e+03  8.20000000e-02  1.83570000e+01
 -2.97347808e+03  3.46712200e+03  8.20000000e-02  1.83570000e+01
 -2.97900169e+03  3.46600900e+03  8.20000000e-02  1.83840000e+01
 -2.98156312e+03  3.46854800e+03  8.20000000e-02  1.83840000e+01
 -2.98195383e+03  3.47184500e+03  8.20000000e-02  1.81810000e+01
 -2.98239295e+03  3.47558500e+03  8.20000000e-02  1.80380000e+01
 -2.98239295e+03  3.47558500e+03  8.20000000e-02  1.80380000e+01
 -2.98477780e+03  3.47558500e+03  8.20000000e-02  1.81070000e+01
 -2.98477780e+03  3.47558500e+03  8.20000000e-02  1.81070000e+01
 -2.98477780e+03  3.47558500e+03  8.20000000e-02  1.81070000e+01
 -2.98477780e+03  3.47558500e+03  8.20000000e-02  1.81070000e+01
 -2.98452267e+03  3.47647100e+03  8.20000000e-02  1.81040000e+01
 -2.98489325e+03  3.47503400e+03  8.20000000e-02  1.81170000e+01
 -2.98489325e+03  3.47503400e+03  8.20000000e-02  1.81170000e+01
 -2.98489325e+03  3.47503400e+03  8.20000000e-02  1.81170000e+01
 -2.98489325e+03  3.47503400e+03  8.20000000e-02  1.81170000e+01
 -2.99451927e+03  3.47825500e+03  8.20000000e-02  1.80990000e+01
 -2.99685398e+03  3.47705500e+03  8.20000000e-02  1.81420000e+01
 -2.99685398e+03  3.47705500e+03  8.20000000e-02  1.81420000e+01
 -3.00122388e+03  3.48055700e+03  8.20000000e-02  1.81280000e+01
 -3.00145264e+03  3.48241600e+03  8.20000000e-02  1.80580000e+01
 -3.00311203e+03  3.48601600e+03  8.20000000e-02  1.79990000e+01
 -3.00311203e+03  3.48601600e+03  8.20000000e-02  1.79990000e+01
 -3.00438761e+03  3.48383200e+03  8.20000000e-02  1.79530000e+01
 -3.00438761e+03  3.48383200e+03  8.20000000e-02  1.79530000e+01
 -3.01353180e+03  3.48637200e+03  8.30000000e-02  1.79260000e+01
 -3.01429062e+03  3.48846800e+03  8.30000000e-02  1.79150000e+01
 -3.01429062e+03  3.48846800e+03  8.30000000e-02  1.79150000e+01
 -3.01429062e+03  3.48846800e+03  8.30000000e-02  1.79150000e+01
 -3.01429062e+03  3.48846800e+03  8.30000000e-02  1.79150000e+01
 -3.01429062e+03  3.48846800e+03  8.30000000e-02  1.79150000e+01
 -3.01551576e+03  3.49145100e+03  8.30000000e-02  1.77450000e+01
 -3.01551576e+03  3.49145100e+03  8.30000000e-02  1.77450000e+01
 -3.01699566e+03  3.49266200e+03  8.20000000e-02  1.77440000e+01
 -3.02039024e+03  3.49693200e+03  8.20000000e-02  1.77040000e+01
 -3.02039024e+03  3.49693200e+03  8.20000000e-02  1.77040000e+01
 -3.02249985e+03  3.49870400e+03  8.20000000e-02  1.77760000e+01
 -3.02387471e+03  3.50222700e+03  8.20000000e-02  1.77120000e+01
 -3.02423821e+03  3.50628100e+03  8.20000000e-02  1.75890000e+01
 -3.02423821e+03  3.50628100e+03  8.20000000e-02  1.75890000e+01
 -3.02794045e+03  3.50529700e+03  8.20000000e-02  1.76010000e+01
 -3.03190323e+03  3.50606400e+03  8.20000000e-02  1.75680000e+01
 -3.03199899e+03  3.50563200e+03  8.20000000e-02  1.75740000e+01
 -3.03300749e+03  3.50981500e+03  8.20000000e-02  1.74390000e+01
 -3.03300749e+03  3.50981500e+03  8.20000000e-02  1.74390000e+01
 -3.03300749e+03  3.50981500e+03  8.20000000e-02  1.74390000e+01
 -3.03300749e+03  3.50981500e+03  8.20000000e-02  1.74390000e+01
 -3.03300749e+03  3.50981500e+03  8.20000000e-02  1.74390000e+01
 -3.03854917e+03  3.50772900e+03  8.20000000e-02  1.75100000e+01
 -3.03854917e+03  3.50772900e+03  8.20000000e-02  1.75100000e+01
 -3.03864274e+03  3.50728500e+03  8.20000000e-02  1.75700000e+01
 -3.04223177e+03  3.50698200e+03  8.20000000e-02  1.75800000e+01
 -3.04290627e+03  3.50862500e+03  8.20000000e-02  1.75530000e+01
 -3.04290627e+03  3.50862500e+03  8.20000000e-02  1.75530000e+01
 -3.04290627e+03  3.50862500e+03  8.20000000e-02  1.75530000e+01
 -3.04290627e+03  3.50862500e+03  8.20000000e-02  1.75530000e+01
 -3.04290627e+03  3.50862500e+03  8.20000000e-02  1.75530000e+01
 -3.04313636e+03  3.50840900e+03  8.20000000e-02  1.75620000e+01
 -3.04348922e+03  3.50818200e+03  8.20000000e-02  1.75600000e+01
 -3.04885079e+03  3.51168400e+03  8.20000000e-02  1.74490000e+01
 -3.05164338e+03  3.51399700e+03  8.10000000e-02  1.74520000e+01
 -3.05373608e+03  3.51586700e+03  8.10000000e-02  1.73970000e+01
 -3.05373608e+03  3.51586700e+03  8.10000000e-02  1.73970000e+01
 -3.05373608e+03  3.51586700e+03  8.10000000e-02  1.73970000e+01
 -3.05373608e+03  3.51586700e+03  8.10000000e-02  1.73970000e+01
 -3.05763771e+03  3.51841800e+03  8.10000000e-02  1.72470000e+01
 -3.05777191e+03  3.52095700e+03  8.10000000e-02  1.71500000e+01
 -3.05777191e+03  3.52095700e+03  8.10000000e-02  1.71500000e+01
 -3.05777191e+03  3.52095700e+03  8.10000000e-02  1.71500000e+01
 -3.05777191e+03  3.52095700e+03  8.10000000e-02  1.71500000e+01
 -3.05777191e+03  3.52095700e+03  8.10000000e-02  1.71500000e+01
 -3.06428985e+03  3.52228600e+03  8.10000000e-02  1.71500000e+01
 -3.06428985e+03  3.52228600e+03  8.10000000e-02  1.71500000e+01
 -3.06428985e+03  3.52228600e+03  8.10000000e-02  1.71500000e+01
 -3.06428985e+03  3.52228600e+03  8.10000000e-02  1.71500000e+01
 -3.06426932e+03  3.52184300e+03  8.10000000e-02  1.71820000e+01
 -3.07807798e+03  3.52130200e+03  8.10000000e-02  1.72530000e+01
 -3.07807798e+03  3.52130200e+03  8.10000000e-02  1.72530000e+01
 -3.07854768e+03  3.52272900e+03  8.10000000e-02  1.72290000e+01
 -3.07854768e+03  3.52272900e+03  8.10000000e-02  1.72290000e+01
 -3.07914483e+03  3.52318300e+03  8.10000000e-02  1.72740000e+01
 -3.08723314e+03  3.52767900e+03  8.10000000e-02  1.72220000e+01
 -3.08762877e+03  3.52968900e+03  8.10000000e-02  1.72130000e+01
 -3.08762877e+03  3.52968900e+03  8.10000000e-02  1.72130000e+01
 -3.08762877e+03  3.52968900e+03  8.10000000e-02  1.72130000e+01
 -3.08762877e+03  3.52968900e+03  8.10000000e-02  1.72130000e+01
 -3.08762877e+03  3.52968900e+03  8.10000000e-02  1.72130000e+01
 -3.08762877e+03  3.52968900e+03  8.10000000e-02  1.72130000e+01
 -3.08762877e+03  3.52968900e+03  8.10000000e-02  1.72130000e+01
 -3.08762877e+03  3.52968900e+03  8.10000000e-02  1.72130000e+01
 -3.08906202e+03  3.53244500e+03  8.10000000e-02  1.72010000e+01
 -3.08906202e+03  3.53244500e+03  8.10000000e-02  1.72010000e+01
 -3.08906202e+03  3.53244500e+03  8.10000000e-02  1.72010000e+01
 -3.09196256e+03  3.53355700e+03  8.10000000e-02  1.72010000e+01
 -3.09196256e+03  3.53355700e+03  8.10000000e-02  1.72010000e+01
 -3.09268311e+03  3.53489700e+03  8.10000000e-02  1.72010000e+01
 -3.09268311e+03  3.53489700e+03  8.10000000e-02  1.72010000e+01
 -3.09268311e+03  3.53489700e+03  8.10000000e-02  1.72010000e+01
 -3.09268311e+03  3.53489700e+03  8.10000000e-02  1.72010000e+01
 -3.09268311e+03  3.53489700e+03  8.10000000e-02  1.72010000e+01
 -3.09306040e+03  3.53555600e+03  8.10000000e-02  1.72010000e+01
 -3.09306040e+03  3.53555600e+03  8.10000000e-02  1.72010000e+01
 -3.09319441e+03  3.53578200e+03  8.10000000e-02  1.72080000e+01
 -3.09319441e+03  3.53578200e+03  8.10000000e-02  1.72080000e+01
 -3.09319441e+03  3.53578200e+03  8.10000000e-02  1.72080000e+01
 -3.09319441e+03  3.53578200e+03  8.10000000e-02  1.72080000e+01
 -3.09446060e+03  3.53863600e+03  8.20000000e-02  1.71670000e+01
 -3.09535810e+03  3.54027900e+03  8.20000000e-02  1.70220000e+01
 -3.09696744e+03  3.54117600e+03  8.20000000e-02  1.69570000e+01
 -3.10037739e+03  3.54230000e+03  8.20000000e-02  1.69560000e+01
 -3.10037739e+03  3.54230000e+03  8.20000000e-02  1.69560000e+01
 -3.10037739e+03  3.54230000e+03  8.20000000e-02  1.69560000e+01
 -3.10381344e+03  3.54341300e+03  8.10000000e-02  1.70210000e+01
 -3.10492941e+03  3.54715300e+03  8.10000000e-02  1.69080000e+01
 -3.10492941e+03  3.54715300e+03  8.10000000e-02  1.69080000e+01
 -3.10492941e+03  3.54715300e+03  8.10000000e-02  1.69080000e+01
 -3.10492941e+03  3.54715300e+03  8.10000000e-02  1.69080000e+01
 -3.10534522e+03  3.54825500e+03  8.20000000e-02  1.68910000e+01
 -3.10534522e+03  3.54825500e+03  8.20000000e-02  1.68910000e+01
 -3.10534522e+03  3.54825500e+03  8.20000000e-02  1.68910000e+01
 -3.10649217e+03  3.55155200e+03  8.20000000e-02  1.68220000e+01
 -3.10671431e+03  3.55520400e+03  8.20000000e-02  1.66370000e+01
 -3.10671431e+03  3.55520400e+03  8.20000000e-02  1.66370000e+01
 -3.10671431e+03  3.55520400e+03  8.20000000e-02  1.66370000e+01
 -3.10671431e+03  3.55520400e+03  8.20000000e-02  1.66370000e+01
 -3.10671431e+03  3.55520400e+03  8.20000000e-02  1.66370000e+01
 -3.10714733e+03  3.56014400e+03  8.20000000e-02  1.65050000e+01
 -3.10714733e+03  3.56014400e+03  8.20000000e-02  1.65050000e+01
 -3.10794515e+03  3.56148400e+03  8.20000000e-02  1.64890000e+01
 -3.11029165e+03  3.56336500e+03  8.20000000e-02  1.64970000e+01
 -3.11110142e+03  3.56554800e+03  8.20000000e-02  1.64180000e+01
 -3.11110142e+03  3.56554800e+03  8.20000000e-02  1.64180000e+01
 -3.11603744e+03  3.56741800e+03  8.30000000e-02  1.63820000e+01
 -3.11883228e+03  3.56920100e+03  8.30000000e-02  1.63770000e+01
 -3.11883228e+03  3.56920100e+03  8.30000000e-02  1.63770000e+01
 -3.12107198e+03  3.56921100e+03  8.30000000e-02  1.63350000e+01
 -3.12245758e+03  3.56966500e+03  8.30000000e-02  1.63300000e+01
 -3.12245758e+03  3.56966500e+03  8.30000000e-02  1.63300000e+01
 -3.12245758e+03  3.56966500e+03  8.30000000e-02  1.63300000e+01
 -3.12394944e+03  3.57144800e+03  8.30000000e-02  1.63260000e+01
 -3.12394944e+03  3.57144800e+03  8.30000000e-02  1.63260000e+01
 -3.12394944e+03  3.57144800e+03  8.30000000e-02  1.63260000e+01
 -3.12394944e+03  3.57144800e+03  8.30000000e-02  1.63260000e+01
 -3.12822804e+03  3.57354400e+03  8.30000000e-02  1.63690000e+01
 -3.12975543e+03  3.57474400e+03  8.30000000e-02  1.64320000e+01
 -3.13169936e+03  3.57893800e+03  8.30000000e-02  1.64330000e+01
 -3.13169936e+03  3.57893800e+03  8.30000000e-02  1.64330000e+01
 -3.13169936e+03  3.57893800e+03  8.30000000e-02  1.64330000e+01
 -3.13169936e+03  3.57893800e+03  8.30000000e-02  1.64330000e+01
 -3.13169936e+03  3.57893800e+03  8.30000000e-02  1.64330000e+01
 -3.13152483e+03  3.57707800e+03  8.30000000e-02  1.64440000e+01
 -3.13152483e+03  3.57707800e+03  8.30000000e-02  1.64440000e+01
 -3.13152483e+03  3.57707800e+03  8.30000000e-02  1.64440000e+01
 -3.13152483e+03  3.57707800e+03  8.30000000e-02  1.64440000e+01
 -3.13152483e+03  3.57707800e+03  8.30000000e-02  1.64440000e+01
 -3.13170606e+03  3.57841800e+03  8.30000000e-02  1.63920000e+01
 -3.13264109e+03  3.57512100e+03  8.30000000e-02  1.65070000e+01
 -3.13264109e+03  3.57512100e+03  8.30000000e-02  1.65070000e+01
 -3.13264109e+03  3.57512100e+03  8.30000000e-02  1.65070000e+01
 -3.13264109e+03  3.57512100e+03  8.30000000e-02  1.65070000e+01
 -3.13264109e+03  3.57512100e+03  8.30000000e-02  1.65070000e+01
 -3.13433419e+03  3.57908800e+03  8.30000000e-02  1.64730000e+01
 -3.14526529e+03  3.58117400e+03  8.30000000e-02  1.64730000e+01
 -3.14526529e+03  3.58117400e+03  8.30000000e-02  1.64730000e+01
 -3.14526529e+03  3.58117400e+03  8.30000000e-02  1.64730000e+01
 -3.14526529e+03  3.58117400e+03  8.30000000e-02  1.64730000e+01
 -3.14526529e+03  3.58117400e+03  8.30000000e-02  1.64730000e+01
 -3.14672424e+03  3.58317200e+03  8.30000000e-02  1.64250000e+01
 -3.14672424e+03  3.58317200e+03  8.30000000e-02  1.64250000e+01
 -3.14672424e+03  3.58317200e+03  8.30000000e-02  1.64250000e+01
 -3.14672424e+03  3.58317200e+03  8.30000000e-02  1.64250000e+01
 -3.14711260e+03  3.58174500e+03  8.30000000e-02  1.64240000e+01
 -3.14711260e+03  3.58174500e+03  8.30000000e-02  1.64240000e+01
 -3.14711260e+03  3.58174500e+03  8.30000000e-02  1.64240000e+01
 -3.14711260e+03  3.58174500e+03  8.30000000e-02  1.64240000e+01
 -3.14978709e+03  3.58458800e+03  8.20000000e-02  1.64250000e+01
 -3.14978709e+03  3.58458800e+03  8.20000000e-02  1.64250000e+01
 -3.15135534e+03  3.58436100e+03  8.30000000e-02  1.64240000e+01
 -3.15135534e+03  3.58436100e+03  8.30000000e-02  1.64240000e+01
 -3.15449394e+03  3.58579900e+03  8.30000000e-02  1.64390000e+01
 -3.15449394e+03  3.58579900e+03  8.30000000e-02  1.64390000e+01
 -3.15449394e+03  3.58579900e+03  8.30000000e-02  1.64390000e+01
 -3.15449394e+03  3.58579900e+03  8.30000000e-02  1.64390000e+01
 -3.15499106e+03  3.58690100e+03  8.30000000e-02  1.64270000e+01
 -3.15499106e+03  3.58690100e+03  8.30000000e-02  1.64270000e+01
 -3.15499106e+03  3.58690100e+03  8.30000000e-02  1.64270000e+01
 -3.15752240e+03  3.58712800e+03  8.30000000e-02  1.63870000e+01
 -3.15752240e+03  3.58712800e+03  8.30000000e-02  1.63870000e+01
 -3.16347573e+03  3.58756000e+03  8.30000000e-02  1.64500000e+01
 -3.16347573e+03  3.58756000e+03  8.30000000e-02  1.64500000e+01
 -3.16582834e+03  3.58853300e+03  8.30000000e-02  1.64500000e+01
 -3.16582834e+03  3.58853300e+03  8.30000000e-02  1.64500000e+01
 -3.16582834e+03  3.58853300e+03  8.30000000e-02  1.64500000e+01
 -3.16978271e+03  3.58965700e+03  8.30000000e-02  1.64630000e+01
 -3.17614442e+03  3.59219600e+03  8.30000000e-02  1.64150000e+01
 -3.17774881e+03  3.59385000e+03  8.30000000e-02  1.64150000e+01
 -3.17807312e+03  3.59473600e+03  8.30000000e-02  1.64200000e+01
 -3.17807312e+03  3.59473600e+03  8.30000000e-02  1.64200000e+01
 -3.17774557e+03  3.59210900e+03  8.30000000e-02  1.64260000e+01
 -3.17774557e+03  3.59210900e+03  8.30000000e-02  1.64260000e+01
 -3.18146652e+03  3.59509100e+03  8.30000000e-02  1.64100000e+01
 -3.19075168e+03  3.59741500e+03  8.30000000e-02  1.63990000e+01
 -3.19075168e+03  3.59741500e+03  8.30000000e-02  1.63990000e+01
 -3.19075168e+03  3.59741500e+03  8.30000000e-02  1.63990000e+01
 -3.19075168e+03  3.59741500e+03  8.30000000e-02  1.63990000e+01
 -3.19075168e+03  3.59741500e+03  8.30000000e-02  1.63990000e+01
 -3.19075168e+03  3.59741500e+03  8.30000000e-02  1.63990000e+01
 -3.19104643e+03  3.59764200e+03  8.30000000e-02  1.64000000e+01
 -3.19104643e+03  3.59764200e+03  8.30000000e-02  1.64000000e+01
 -3.19104643e+03  3.59764200e+03  8.30000000e-02  1.64000000e+01
 -3.19104643e+03  3.59764200e+03  8.30000000e-02  1.64000000e+01
 -3.19104643e+03  3.59764200e+03  8.30000000e-02  1.64000000e+01
 -3.19104643e+03  3.59764200e+03  8.30000000e-02  1.64000000e+01
 -3.19249515e+03  3.59645200e+03  8.30000000e-02  1.64660000e+01
 -3.19249515e+03  3.59645200e+03  8.30000000e-02  1.64660000e+01
 -3.19249515e+03  3.59645200e+03  8.30000000e-02  1.64660000e+01
 -3.19424956e+03  3.59645200e+03  8.30000000e-02  1.64660000e+01
 -3.19424956e+03  3.59645200e+03  8.30000000e-02  1.64660000e+01
 -3.19521616e+03  3.59712200e+03  8.30000000e-02  1.65570000e+01
 -3.19521616e+03  3.59712200e+03  8.30000000e-02  1.65570000e+01
 -3.20171995e+03  3.59427800e+03  8.30000000e-02  1.65880000e+01
 -3.20247672e+03  3.59449400e+03  8.30000000e-02  1.65610000e+01
 -3.20265865e+03  3.59352100e+03  8.30000000e-02  1.65990000e+01
 -3.20279763e+03  3.59373700e+03  8.30000000e-02  1.66640000e+01
 -3.22139989e+03  3.59573600e+03  8.30000000e-02  1.66510000e+01
 -3.22139989e+03  3.59573600e+03  8.30000000e-02  1.66510000e+01
 -3.22139989e+03  3.59573600e+03  8.30000000e-02  1.66510000e+01
 -3.22156125e+03  3.59595100e+03  8.30000000e-02  1.66360000e+01
 -3.22156125e+03  3.59595100e+03  8.30000000e-02  1.66360000e+01
 -3.22424763e+03  3.59429700e+03  8.30000000e-02  1.67200000e+01
 -3.22841515e+03  3.59736700e+03  8.30000000e-02  1.67100000e+01
 -3.22865204e+03  3.60088000e+03  8.30000000e-02  1.66260000e+01
 -3.22865204e+03  3.60088000e+03  8.30000000e-02  1.66260000e+01
 -3.22865204e+03  3.60088000e+03  8.30000000e-02  1.66260000e+01
 -3.22930178e+03  3.60416600e+03  8.30000000e-02  1.66260000e+01
 -3.22930178e+03  3.60416600e+03  8.30000000e-02  1.66260000e+01
 -3.23152401e+03  3.60582000e+03  8.30000000e-02  1.66260000e+01
 -3.23152401e+03  3.60582000e+03  8.30000000e-02  1.66260000e+01
 -3.23152401e+03  3.60582000e+03  8.30000000e-02  1.66260000e+01
 -3.23152401e+03  3.60582000e+03  8.30000000e-02  1.66260000e+01
 -3.23152401e+03  3.60582000e+03  8.30000000e-02  1.66260000e+01
 -3.23152401e+03  3.60582000e+03  8.30000000e-02  1.66260000e+01
 -3.23382428e+03  3.60803500e+03  8.30000000e-02  1.65790000e+01
 -3.23394195e+03  3.60847800e+03  8.30000000e-02  1.65760000e+01
 -3.23435807e+03  3.61100700e+03  8.30000000e-02  1.65380000e+01
 -3.23669779e+03  3.61287600e+03  8.30000000e-02  1.65160000e+01
 -3.23669779e+03  3.61287600e+03  8.30000000e-02  1.65160000e+01
 -3.23669779e+03  3.61287600e+03  8.30000000e-02  1.65160000e+01
 -3.23701185e+03  3.61122300e+03  8.30000000e-02  1.65910000e+01
 -3.23701185e+03  3.61122300e+03  8.30000000e-02  1.65910000e+01