-1.56455120e+03  2.57626700e+03  8.80000000e-02  2.93540000e+01
 -1.56908480e+03  2.58210400e+03  8.80000000e-02  2.93030000e+01
 -1.57023153e+03  2.59002700e+03  8.80000000e-02  2.92110000e+01
 -1.57072740e+03  2.59496700e+03  8.80000000e-02  2.89560000e+01
 -1.57100269e+03  2.59683600e+03  8.80000000e-02  2.89250000e+01
 -1.57110557e+03  2.59946300e+03  8.80000000e-02  2.87960000e+01
 -1.57152814e+03  2.60507300e+03  8.80000000e-02  2.86320000e+01
 -1.57753352e+03  2.61090900e+03  8.80000000e-02  2.85920000e+01
 -1.58302184e+03  2.61442200e+03  8.80000000e-02  2.85920000e+01
 -1.58882703e+03  2.61696100e+03  8.80000000e-02  2.85140000e+01
 -1.58967311e+03  2.62181400e+03  8.80000000e-02  2.83520000e+01
 -1.59043873e+03  2.62479700e+03  8.80000000e-02  2.81660000e+01
 -1.59047875e+03  2.62523900e+03  8.80000000e-02  2.81520000e+01
 -1.59619482e+03  2.63039500e+03  8.80000000e-02  2.79800000e+01
 -1.59651708e+03  2.63203800e+03  8.80000000e-02  2.79110000e+01
 -1.60730917e+03  2.63960500e+03  8.80000000e-02  2.78460000e+01
 -1.61025280e+03  2.64534300e+03  8.80000000e-02  2.78540000e+01
 -1.61541716e+03  2.65116900e+03  8.80000000e-02  2.78080000e+01
 -1.61966979e+03  2.65633600e+03  8.80000000e-02  2.78080000e+01
 -1.62592642e+03  2.66492900e+03  8.80000000e-02  2.76670000e+01
 -1.63010077e+03  2.67173900e+03  8.80000000e-02  2.74880000e+01
 -1.63155995e+03  2.67592100e+03  8.80000000e-02  2.74050000e+01
 -1.63216013e+03  2.68041800e+03  8.80000000e-02  2.72200000e+01
 -1.63909319e+03  2.68371500e+03  8.80000000e-02  2.73210000e+01
 -1.64969491e+03  2.68581200e+03  8.80000000e-02  2.73210000e+01
 -1.65814913e+03  2.68977800e+03  8.80000000e-02  2.72060000e+01
 -1.66053257e+03  2.69307500e+03  8.80000000e-02  2.71980000e+01
 -1.67874351e+03  2.69824100e+03  8.80000000e-02  2.71800000e+01
 -1.68023809e+03  2.70056500e+03  8.80000000e-02  2.71800000e+01
 -1.69003002e+03  2.70541800e+03  8.80000000e-02  2.71250000e+01
 -1.69052674e+03  2.71013000e+03  8.80000000e-02  2.69610000e+01
 -1.69196175e+03  2.71462700e+03  8.80000000e-02  2.68340000e+01
 -1.69446865e+03  2.71709000e+03  8.80000000e-02  2.68160000e+01
 -1.69772998e+03  2.72225700e+03  8.80000000e-02  2.67530000e+01
 -1.69880385e+03  2.72653700e+03  8.80000000e-02  2.67280000e+01
 -1.70232555e+03  2.73080700e+03  8.80000000e-02  2.66940000e+01
 -1.71150849e+03  2.73553100e+03  8.80000000e-02  2.66020000e+01
 -1.72175074e+03  2.73739000e+03  8.80000000e-02  2.65960000e+01
 -1.72304857e+03  2.74157200e+03  8.80000000e-02  2.64100000e+01
 -1.72467855e+03  2.74575500e+03  8.80000000e-02  2.63680000e+01
 -1.72607766e+03  2.75158100e+03  8.80000000e-02  2.62290000e+01
 -1.73276583e+03  2.75562400e+03  8.80000000e-02  2.62290000e+01
 -1.73453567e+03  2.75695300e+03  8.80000000e-02  2.62290000e+01
 -1.73490839e+03  2.75994600e+03  8.80000000e-02  2.61820000e+01
 -1.74210873e+03  2.76391200e+03  8.80000000e-02  2.61400000e+01
 -1.76131442e+03  2.76622500e+03  8.80000000e-02  2.61640000e+01
 -1.77193174e+03  2.76831100e+03  8.80000000e-02  2.60810000e+01
 -1.77463078e+03  2.76986600e+03  8.80000000e-02  2.59530000e+01
 -1.77743165e+03  2.77351900e+03  8.80000000e-02  2.59420000e+01
 -1.78362768e+03  2.77792800e+03  8.80000000e-02  2.59040000e+01
 -1.79234758e+03  2.78144100e+03  8.80000000e-02  2.58760000e+01
 -1.79321493e+03  2.78353700e+03  8.80000000e-02  2.58680000e+01
 -1.79372425e+03  2.78683400e+03  8.80000000e-02  2.57650000e+01
 -1.80415399e+03  2.79147100e+03  8.80000000e-02  2.56880000e+01
 -1.80478224e+03  2.79138300e+03  8.80000000e-02  2.57310000e+01
 -1.82419643e+03  2.79720900e+03  8.80000000e-02  2.54320000e+01
 -1.82710599e+03  2.80183500e+03  8.80000000e-02  2.52530000e+01
 -1.82952203e+03  2.80459000e+03  8.80000000e-02  2.52450000e+01
 -1.83012176e+03  2.80690300e+03  8.80000000e-02  2.51090000e+01
 -1.83575102e+03  2.81064300e+03  8.80000000e-02  2.50250000e+01
 -1.83610290e+03  2.81371300e+03  8.80000000e-02  2.49450000e+01
 -1.84073747e+03  2.81678200e+03  8.80000000e-02  2.49060000e+01
 -1.84483222e+03  2.81896600e+03  8.80000000e-02  2.49360000e+01
 -1.84539854e+03  2.82479200e+03  8.80000000e-02  2.48080000e+01
 -1.85655037e+03  2.82995800e+03  8.80000000e-02  2.47380000e+01
 -1.85853355e+03  2.83161200e+03  8.80000000e-02  2.47310000e+01
 -1.86164237e+03  2.83339500e+03  8.80000000e-02  2.47280000e+01
 -1.86509487e+03  2.83976100e+03  8.80000000e-02  2.46780000e+01
 -1.87560905e+03  2.84163100e+03  8.80000000e-02  2.46780000e+01
 -1.87875935e+03  2.84470100e+03  8.80000000e-02  2.46510000e+01
 -1.87919770e+03  2.84874400e+03  8.80000000e-02  2.45820000e+01
 -1.87542766e+03  2.84986700e+03  8.80000000e-02  2.45500000e+01
 -1.87448859e+03  2.85196400e+03  8.80000000e-02  2.44790000e+01
 -1.87504073e+03  2.85098000e+03  8.80000000e-02  2.45730000e+01
 -1.87967445e+03  2.85428700e+03  8.80000000e-02  2.44510000e+01
 -1.88436317e+03  2.85548700e+03  8.80000000e-02  2.44510000e+01
 -1.88519749e+03  2.85878300e+03  8.80000000e-02  2.43610000e+01
 -1.89822534e+03  2.86229600e+03  8.80000000e-02  2.43610000e+01
 -1.90301110e+03  2.86416600e+03  8.80000000e-02  2.43610000e+01
 -1.90340575e+03  2.86692100e+03  8.80000000e-02  2.43350000e+01
 -1.90574158e+03  2.87044500e+03  8.80000000e-02  2.42580000e+01
 -1.90700708e+03  2.87067200e+03  8.80000000e-02  2.42630000e+01
 -1.90765266e+03  2.87222800e+03  8.80000000e-02  2.42580000e+01
 -1.91127666e+03  2.87521000e+03  8.80000000e-02  2.42480000e+01
 -1.91134879e+03  2.87566300e+03  8.80000000e-02  2.42400000e+01
 -1.91726693e+03  2.88344600e+03  8.80000000e-02  2.41970000e+01
 -1.92154353e+03  2.88665600e+03  8.80000000e-02  2.41700000e+01
 -1.91913956e+03  2.88821200e+03  8.90000000e-02  2.41410000e+01
 -1.92251522e+03  2.89306500e+03  8.90000000e-02  2.40240000e+01
 -1.92410849e+03  2.89560400e+03  8.90000000e-02  2.40370000e+01
 -1.93362524e+03  2.90032800e+03  8.90000000e-02  2.39180000e+01
 -1.93714752e+03  2.90638100e+03  9.00000000e-02  2.38270000e+01
 -1.94022480e+03  2.90847700e+03  9.00000000e-02  2.38340000e+01
 -1.94446371e+03  2.90817400e+03  9.00000000e-02  2.39750000e+01
 -1.94788651e+03  2.91124400e+03  9.00000000e-02  2.39810000e+01
 -1.94852694e+03  2.91356800e+03  9.00000000e-02  2.39550000e+01
 -1.95098990e+03  2.91565300e+03  9.00000000e-02  2.39580000e+01
 -1.95980364e+03  2.91752300e+03  9.00000000e-02  2.39920000e+01
 -1.96130610e+03  2.91917700e+03  9.00000000e-02  2.39920000e+01
 -1.96296768e+03  2.92215900e+03  9.00000000e-02  2.39790000e+01
 -1.96429295e+03  2.92424500e+03  9.00000000e-02  2.39790000e+01
 -1.97187453e+03  2.92656900e+03  9.00000000e-02  2.40020000e+01
 -1.97224143e+03  2.92812400e+03  9.00000000e-02  2.40020000e+01
 -1.98037313e+03  2.92803700e+03  9.00000000e-02  2.40020000e+01
 -1.98077198e+03  2.92960300e+03  9.00000000e-02  2.39910000e+01
 -1.98465396e+03  2.93454300e+03  9.00000000e-02  2.38820000e+01
 -1.99149165e+03  2.93969800e+03  9.00000000e-02  2.37170000e+01
 -1.99756943e+03  2.94387000e+03  9.00000000e-02  2.37120000e+01
 -1.99779134e+03  2.94565200e+03  9.00000000e-02  2.36940000e+01
 -1.99757023e+03  2.94565200e+03  9.00000000e-02  2.36900000e+01
 -1.99769077e+03  2.94707900e+03  9.00000000e-02  2.36840000e+01
 -2.00516918e+03  2.95299200e+03  9.00000000e-02  2.36580000e+01
 -2.00652577e+03  2.95574800e+03  9.00000000e-02  2.36270000e+01
 -2.01242714e+03  2.96181100e+03  9.00000000e-02  2.35300000e+01
 -2.03448749e+03  2.96501000e+03  9.00000000e-02  2.35300000e+01
 -2.03795581e+03  2.96920300e+03  9.00000000e-02  2.35370000e+01
 -2.03936340e+03  2.97151600e+03  9.00000000e-02  2.35370000e+01
 -2.04177592e+03  2.97338600e+03  9.00000000e-02  2.35370000e+01
 -2.04703514e+03  2.97788300e+03  9.00000000e-02  2.34380000e+01
 -2.04762177e+03  2.97988200e+03  9.00000000e-02  2.31760000e+01
 -2.04919095e+03  2.98318900e+03  8.90000000e-02  2.31710000e+01
 -2.04973852e+03  2.98504800e+03  8.90000000e-02  2.31230000e+01
 -2.04772621e+03  2.98646400e+03  8.90000000e-02  2.30920000e+01
 -2.04522076e+03  2.98632400e+03  8.90000000e-02  2.30630000e+01
 -2.04758778e+03  2.98863600e+03  8.90000000e-02  2.30830000e+01
 -2.05439093e+03  2.99096000e+03  8.90000000e-02  2.30780000e+01
 -2.05553187e+03  2.99514200e+03  9.00000000e-02  2.30140000e+01
 -2.05985943e+03  2.99977900e+03  9.00000000e-02  2.28320000e+01
 -2.06034489e+03  3.00210200e+03  8.90000000e-02  2.26850000e+01
 -2.06131236e+03  3.00321500e+03  9.00000000e-02  2.27650000e+01
 -2.06255187e+03  3.00585300e+03  9.00000000e-02  2.27000000e+01
 -2.06594790e+03  3.00554900e+03  9.00000000e-02  2.26910000e+01
 -2.06721610e+03  3.00600300e+03  9.00000000e-02  2.26550000e+01
 -2.08166031e+03  3.01085600e+03  9.00000000e-02  2.26420000e+01
 -2.08303642e+03  3.01317900e+03  9.00000000e-02  2.26000000e+01
 -2.08464469e+03  3.01517800e+03  9.00000000e-02  2.26010000e+01
 -2.08437373e+03  3.01652800e+03  9.00000000e-02  2.25060000e+01
 -2.08865932e+03  3.02026800e+03  9.00000000e-02  2.24250000e+01
 -2.09481502e+03  3.02774800e+03  9.00000000e-02  2.22260000e+01
 -2.09913422e+03  3.03148800e+03  9.00000000e-02  2.22260000e+01
 -2.09937671e+03  3.03380100e+03  9.00000000e-02  2.20080000e+01
 -2.09940199e+03  3.03281600e+03  9.00000000e-02  2.20730000e+01
 -2.09940199e+03  3.03281600e+03  9.00000000e-02  2.20730000e+01
 -2.10488141e+03  3.03775600e+03  9.00000000e-02  2.21330000e+01
 -2.10633541e+03  3.04053300e+03  9.00000000e-02  2.21080000e+01
 -2.10547612e+03  3.04328900e+03  9.00000000e-02  2.20740000e+01
 -2.11447078e+03  3.04462900e+03  9.00000000e-02  2.20720000e+01
 -2.11028545e+03  3.04715700e+03  9.00000000e-02  2.20130000e+01
 -2.11217417e+03  3.05343700e+03  9.00000000e-02  2.18200000e+01
 -2.11644188e+03  3.05553400e+03  9.00000000e-02  2.18200000e+01
 -2.12004143e+03  3.05927400e+03  9.00000000e-02  2.16560000e+01
 -2.12840486e+03  3.05927400e+03  9.00000000e-02  2.16380000e+01
 -2.13197485e+03  3.05972800e+03  9.00000000e-02  2.17910000e+01
 -2.13422504e+03  3.06346700e+03  9.00000000e-02  2.17860000e+01
 -2.13422504e+03  3.06346700e+03  9.00000000e-02  2.17860000e+01
 -2.14201783e+03  3.06653700e+03  9.00000000e-02  2.17250000e+01
 -2.15224327e+03  3.07169300e+03  9.00000000e-02  2.15840000e+01
 -2.16112495e+03  3.07377900e+03  9.00000000e-02  2.15640000e+01
 -2.16098752e+03  3.07444900e+03  9.00000000e-02  2.15550000e+01
 -2.16113070e+03  3.07797200e+03  9.00000000e-02  2.15220000e+01
 -2.16113070e+03  3.07797200e+03  9.00000000e-02  2.15220000e+01
 -2.16686538e+03  3.08335500e+03  9.00000000e-02  2.14930000e+01
 -2.17044486e+03  3.08499800e+03  9.00000000e-02  2.16340000e+01
 -2.17062739e+03  3.08665100e+03  9.00000000e-02  2.15950000e+01
 -2.17353553e+03  3.08932000e+03  8.90000000e-02  2.15800000e+01
 -2.18127429e+03  3.09252900e+03  8.90000000e-02  2.13650000e+01
 -2.19021869e+03  3.09177200e+03  8.90000000e-02  2.13760000e+01
 -2.20225279e+03  3.09663600e+03  8.90000000e-02  2.13710000e+01
 -2.20243182e+03  3.09654900e+03  8.90000000e-02  2.13510000e+01
 -2.20480371e+03  3.09719700e+03  8.90000000e-02  2.14020000e+01
 -2.20766023e+03  3.10048300e+03  8.90000000e-02  2.13410000e+01
 -2.20729720e+03  3.10280600e+03  8.90000000e-02  2.12290000e+01
 -2.20795744e+03  3.10400600e+03  8.90000000e-02  2.12290000e+01
 -2.21189149e+03  3.10774600e+03  8.90000000e-02  2.12280000e+01
 -2.21214243e+03  3.10818800e+03  8.90000000e-02  2.12280000e+01
 -2.21214243e+03  3.10818800e+03  8.90000000e-02  2.12280000e+01
 -2.21240866e+03  3.10974400e+03  8.90000000e-02  2.12250000e+01
 -2.21810993e+03  3.11349400e+03  8.90000000e-02  2.12250000e+01
 -2.21810993e+03  3.11349400e+03  8.90000000e-02  2.12250000e+01
 -2.22388770e+03  3.11732100e+03  8.90000000e-02  2.12290000e+01
 -2.22365457e+03  3.11723400e+03  8.90000000e-02  2.12290000e+01
 -2.22365457e+03  3.11723400e+03  8.90000000e-02  2.12290000e+01
 -2.22384458e+03  3.12000000e+03  8.90000000e-02  2.11560000e+01
 -2.22451837e+03  3.12065900e+03  8.90000000e-02  2.11560000e+01
 -2.22528941e+03  3.12275600e+03  8.90000000e-02  2.10100000e+01
 -2.22528941e+03  3.12275600e+03  8.90000000e-02  2.10100000e+01
 -2.22714554e+03  3.12386900e+03  8.90000000e-02  2.10140000e+01
 -2.23694853e+03  3.12596500e+03  8.90000000e-02  2.10540000e+01
 -2.24177388e+03  3.12926200e+03  8.90000000e-02  2.10270000e+01
 -2.24662202e+03  3.13180200e+03  8.90000000e-02  2.09480000e+01
 -2.26242392e+03  3.13621200e+03  8.90000000e-02  2.09480000e+01
 -2.26256555e+03  3.13875100e+03  8.90000000e-02  2.08970000e+01
 -2.26311230e+03  3.14173400e+03  8.90000000e-02  2.08650000e+01
 -2.26318883e+03  3.14163600e+03  8.90000000e-02  2.09380000e+01
 -2.26484803e+03  3.14119200e+03  8.90000000e-02  2.09870000e+01
 -2.26920342e+03  3.14418600e+03  8.90000000e-02  2.09910000e+01
 -2.26920342e+03  3.14418600e+03  8.90000000e-02  2.09910000e+01
 -2.28523950e+03  3.14836900e+03  8.90000000e-02  2.09980000e+01
 -2.28388638e+03  3.14783800e+03  8.90000000e-02  2.10040000e+01
 -2.28412647e+03  3.14969700e+03  8.90000000e-02  2.09810000e+01
 -2.28436001e+03  3.15036700e+03  8.90000000e-02  2.09960000e+01
 -2.30408016e+03  3.15620400e+03  8.90000000e-02  2.09840000e+01
 -2.30723321e+03  3.15829000e+03  8.90000000e-02  2.09640000e+01
 -2.30539328e+03  3.15776000e+03  8.90000000e-02  2.09800000e+01
 -2.30294037e+03  3.15985600e+03  8.90000000e-02  2.10220000e+01
 -2.30664852e+03  3.16238500e+03  8.90000000e-02  2.10150000e+01
 -2.31044714e+03  3.16448200e+03  8.90000000e-02  2.10260000e+01
 -2.31008950e+03  3.16395200e+03  8.90000000e-02  2.10320000e+01
 -2.31929001e+03  3.16716200e+03  8.90000000e-02  2.09120000e+01
 -2.31889808e+03  3.16760400e+03  8.90000000e-02  2.09120000e+01
 -2.31597519e+03  3.16827400e+03  8.90000000e-02  2.08810000e+01
 -2.31679975e+03  3.17223000e+03  8.90000000e-02  2.08140000e+01
 -2.31748540e+03  3.17530000e+03  8.90000000e-02  2.08130000e+01
 -2.31800467e+03  3.17739700e+03  8.90000000e-02  2.08130000e+01
 -2.32924483e+03  3.18158000e+03  8.90000000e-02  2.08130000e+01
 -2.32926763e+03  3.18598900e+03  8.90000000e-02  2.08160000e+01
 -2.34756502e+03  3.18710200e+03  8.90000000e-02  2.08120000e+01
 -2.34786970e+03  3.18635600e+03  8.90000000e-02  2.08120000e+01
 -2.35100839e+03  3.18657200e+03  8.90000000e-02  2.08120000e+01
 -2.35100839e+03  3.18657200e+03  8.90000000e-02  2.08120000e+01
 -2.35100839e+03  3.18657200e+03  8.90000000e-02  2.08120000e+01
 -2.35413009e+03  3.18897200e+03  8.90000000e-02  2.07970000e+01
 -2.34950729e+03  3.18777100e+03  8.90000000e-02  2.07880000e+01
 -2.34980937e+03  3.18800900e+03  8.90000000e-02  2.07870000e+01
 -2.35254458e+03  3.19152200e+03  8.90000000e-02  2.07930000e+01
 -2.35254458e+03  3.19152200e+03  8.90000000e-02  2.07930000e+01
 -2.35578733e+03  3.19540100e+03  8.90000000e-02  2.07910000e+01
 -2.35584585e+03  3.19652400e+03  8.90000000e-02  2.07910000e+01
 -2.35652997e+03  3.19772400e+03  8.90000000e-02  2.07910000e+01
 -2.35804986e+03  3.20071800e+03  8.90000000e-02  2.06850000e+01
 -2.35782152e+03  3.20191800e+03  8.90000000e-02  2.07450000e+01
 -2.35646224e+03  3.20227400e+03  8.90000000e-02  2.06830000e+01
 -2.35646224e+03  3.20227400e+03  8.90000000e-02  2.06830000e+01
 -2.35693049e+03  3.20317000e+03  8.90000000e-02  2.06490000e+01
 -2.35305072e+03  3.20602400e+03  8.90000000e-02  2.06490000e+01
 -2.35383359e+03  3.20371100e+03  8.90000000e-02  2.06430000e+01
 -2.35740196e+03  3.19997100e+03  8.90000000e-02  2.07520000e+01
 -2.35755471e+03  3.20042400e+03  8.90000000e-02  2.07600000e+01
 -2.36008683e+03  3.20229400e+03  8.90000000e-02  2.07680000e+01
 -2.36027595e+03  3.20393700e+03  8.90000000e-02  2.07470000e+01
 -2.37013307e+03  3.20880000e+03  8.90000000e-02  2.06420000e+01
 -2.37013307e+03  3.20880000e+03  8.90000000e-02  2.06420000e+01
 -2.38851643e+03  3.21321000e+03  8.90000000e-02  2.06330000e+01
 -2.38838629e+03  3.21365300e+03  8.90000000e-02  2.06270000e+01
 -2.38905103e+03  3.21672300e+03  8.90000000e-02  2.05080000e+01
 -2.38713490e+03  3.21499300e+03  8.90000000e-02  2.04230000e+01
 -2.38713490e+03  3.21499300e+03  8.90000000e-02  2.04230000e+01
 -2.38556733e+03  3.21633300e+03  8.90000000e-02  2.03870000e+01
 -2.38615994e+03  3.21708900e+03  8.90000000e-02  2.04160000e+01
 -2.38680647e+03  3.21655900e+03  8.90000000e-02  2.04760000e+01
 -2.38573827e+03  3.21731600e+03  8.90000000e-02  2.04760000e+01
 -2.38775102e+03  3.21986600e+03  8.90000000e-02  2.04570000e+01
 -2.38890259e+03  3.22053600e+03  8.90000000e-02  2.04540000e+01
 -2.39061662e+03  3.22404900e+03  8.90000000e-02  2.04280000e+01
 -2.39252202e+03  3.23009100e+03  8.90000000e-02  2.03630000e+01
 -2.40252385e+03  3.23053400e+03  8.90000000e-02  2.03950000e+01
 -2.40252385e+03  3.23053400e+03  8.90000000e-02  2.03950000e+01
 -2.41994613e+03  3.23261900e+03  8.90000000e-02  2.03950000e+01
 -2.41994613e+03  3.23261900e+03  8.90000000e-02  2.03950000e+01
 -2.42736372e+03  3.23711600e+03  9.00000000e-02  2.03530000e+01
 -2.42740844e+03  3.23570000e+03  9.00000000e-02  2.03530000e+01
 -2.43063412e+03  3.23758000e+03  9.00000000e-02  2.03530000e+01
 -2.42913312e+03  3.23696300e+03  9.00000000e-02  2.03350000e+01
 -2.42913312e+03  3.23696300e+03  9.00000000e-02  2.03350000e+01
 -2.44485954e+03  3.23950300e+03  9.00000000e-02  2.03390000e+01
 -2.44885174e+03  3.23874500e+03  9.00000000e-02  2.03650000e+01
 -2.45515271e+03  3.24225800e+03  9.00000000e-02  2.03760000e+01
 -2.46725573e+03  3.24346800e+03  9.00000000e-02  2.03770000e+01
 -2.46770395e+03  3.24270000e+03  9.00000000e-02  2.05540000e+01
 -2.46770395e+03  3.24270000e+03  9.00000000e-02  2.05540000e+01
 -2.47168547e+03  3.24651600e+03  9.00000000e-02  2.05250000e+01
 -2.47615984e+03  3.24741300e+03  9.00000000e-02  2.05230000e+01
 -2.47620511e+03  3.24928300e+03  9.00000000e-02  2.03860000e+01
 -2.47672883e+03  3.25038500e+03  9.00000000e-02  2.03850000e+01
 -2.47672883e+03  3.25038500e+03  9.00000000e-02  2.03850000e+01
 -2.48135197e+03  3.25292500e+03  9.00000000e-02  2.03700000e+01
 -2.48469490e+03  3.25546400e+03  9.00000000e-02  2.04100000e+01
 -2.48653599e+03  3.25823100e+03  9.00000000e-02  2.04020000e+01
 -2.48653599e+03  3.25823100e+03  9.00000000e-02  2.04020000e+01
 -2.48671649e+03  3.26183000e+03  9.00000000e-02  2.02810000e+01
 -2.48453901e+03  3.26116000e+03  9.00000000e-02  2.02750000e+01
 -2.48924667e+03  3.26369000e+03  9.00000000e-02  2.02800000e+01
 -2.49056590e+03  3.26555900e+03  8.90000000e-02  2.02980000e+01
 -2.49630609e+03  3.26778500e+03  8.90000000e-02  2.02570000e+01
 -2.49662905e+03  3.27033500e+03  8.90000000e-02  2.00980000e+01
 -2.49740467e+03  3.27153500e+03  8.90000000e-02  2.00700000e+01
 -2.50306522e+03  3.27316700e+03  8.90000000e-02  2.00580000e+01
 -2.50623751e+03  3.27593400e+03  9.00000000e-02  2.00140000e+01
 -2.50623751e+03  3.27593400e+03  9.00000000e-02  2.00140000e+01
 -2.50444541e+03  3.27824700e+03  9.00000000e-02  1.99600000e+01
 -2.50444541e+03  3.27824700e+03  9.00000000e-02  1.99600000e+01
 -2.50702605e+03  3.28176000e+03  9.00000000e-02  1.98220000e+01
 -2.50650906e+03  3.28011600e+03  9.00000000e-02  1.99010000e+01
 -2.50650906e+03  3.28011600e+03  9.00000000e-02  1.99010000e+01
 -2.51047638e+03  3.27780300e+03  9.00000000e-02  2.00640000e+01
 -2.51050428e+03  3.27870000e+03  9.00000000e-02  1.99330000e+01
 -2.51098877e+03  3.28035400e+03  9.00000000e-02  1.98820000e+01
 -2.51098877e+03  3.28035400e+03  9.00000000e-02  1.98820000e+01
 -2.51287099e+03  3.28168200e+03  9.00000000e-02  1.98780000e+01
 -2.51607245e+03  3.28280600e+03  9.00000000e-02  1.98880000e+01
 -2.51565895e+03  3.28617900e+03  8.90000000e-02  1.98620000e+01
 -2.51451438e+03  3.28430900e+03  8.90000000e-02  1.98790000e+01
 -2.51769987e+03  3.28564800e+03  8.90000000e-02  1.98790000e+01
 -2.51903631e+03  3.28840400e+03  9.00000000e-02  1.98790000e+01
 -2.51903631e+03  3.28840400e+03  9.00000000e-02  1.98790000e+01
 -2.52251839e+03  3.28961500e+03  9.00000000e-02  1.98790000e+01
 -2.52417244e+03  3.29148500e+03  8.90000000e-02  1.98900000e+01
 -2.52395344e+03  3.29170000e+03  9.00000000e-02  1.99140000e+01
 -2.52789273e+03  3.29245700e+03  9.00000000e-02  2.00320000e+01
 -2.52900515e+03  3.29291100e+03  9.00000000e-02  2.00320000e+01
 -2.52900515e+03  3.29291100e+03  9.00000000e-02  2.00320000e+01
 -2.53126056e+03  3.29545100e+03  9.00000000e-02  2.00290000e+01
 -2.53388094e+03  3.29807700e+03  9.00000000e-02  1.99530000e+01
 -2.54088364e+03  3.29829300e+03  9.00000000e-02  1.99590000e+01
 -2.54338614e+03  3.30039000e+03  9.00000000e-02  1.99440000e+01
 -2.55248196e+03  3.30359900e+03  9.00000000e-02  1.98450000e+01
 -2.55248196e+03  3.30359900e+03  9.00000000e-02  1.98450000e+01
 -2.55996101e+03  3.30447400e+03  9.00000000e-02  1.98280000e+01
 -2.55629186e+03  3.30207400e+03  9.00000000e-02  1.99170000e+01
 -2.55861382e+03  3.30470100e+03  8.90000000e-02  1.99100000e+01
 -2.55879188e+03  3.30625700e+03  8.90000000e-02  1.98210000e+01
 -2.55890584e+03  3.30692700e+03  8.90000000e-02  1.97490000e+01
 -2.55938328e+03  3.30826700e+03  8.90000000e-02  1.97600000e+01
 -2.56008389e+03  3.30968300e+03  8.90000000e-02  1.97900000e+01
 -2.56850336e+03  3.31035300e+03  8.90000000e-02  1.97870000e+01
 -2.57073347e+03  3.31079500e+03  8.90000000e-02  1.97450000e+01
 -2.58050774e+03  3.31213500e+03  8.90000000e-02  1.97680000e+01
 -2.58783466e+03  3.31498900e+03  8.90000000e-02  1.97680000e+01
 -2.58783466e+03  3.31498900e+03  8.90000000e-02  1.97680000e+01
 -2.58762596e+03  3.31433000e+03  8.90000000e-02  1.98070000e+01
 -2.58762596e+03  3.31433000e+03  8.90000000e-02  1.98070000e+01
 -2.58903925e+03  3.31650300e+03  8.90000000e-02  1.97740000e+01
 -2.59626106e+03  3.31784200e+03  8.90000000e-02  1.97400000e+01
 -2.59626106e+03  3.31784200e+03  8.90000000e-02  1.97400000e+01
 -2.59315375e+03  3.31829600e+03  8.90000000e-02  1.96470000e+01
 -2.59095438e+03  3.31852300e+03  8.90000000e-02  1.96470000e+01
 -2.59521049e+03  3.32324600e+03  8.90000000e-02  1.96130000e+01
 -2.60167897e+03  3.32204600e+03  9.00000000e-02  1.96060000e+01
 -2.60167897e+03  3.32204600e+03  9.00000000e-02  1.96060000e+01
 -2.60206168e+03  3.32227300e+03  9.00000000e-02  1.95990000e+01
 -2.60206168e+03  3.32227300e+03  9.00000000e-02  1.95990000e+01
 -2.60976310e+03  3.32458500e+03  9.00000000e-02  1.95940000e+01
 -2.61322870e+03  3.32548200e+03  9.00000000e-02  1.96480000e+01
 -2.61734565e+03  3.32757900e+03  9.00000000e-02  1.96450000e+01
 -2.61734565e+03  3.32757900e+03  9.00000000e-02  1.96450000e+01
 -2.61734565e+03  3.32757900e+03  9.00000000e-02  1.96450000e+01
 -2.61907435e+03  3.32616200e+03  9.00000000e-02  1.97160000e+01
 -2.61907435e+03  3.32616200e+03  9.00000000e-02  1.97160000e+01
 -2.62114350e+03  3.32967500e+03  9.00000000e-02  1.95950000e+01
 -2.62208648e+03  3.33155600e+03  8.90000000e-02  1.95820000e+01
 -2.62669222e+03  3.33364200e+03  9.00000000e-02  1.95490000e+01
 -2.63580810e+03  3.33573800e+03  8.90000000e-02  1.95340000e+01
 -2.63580810e+03  3.33573800e+03  8.90000000e-02  1.95340000e+01
 -2.63791471e+03  3.33992100e+03  9.40000000e-02  1.95140000e+01
 -2.63893531e+03  3.34157500e+03  9.40000000e-02  1.95100000e+01
 -2.64011895e+03  3.34389900e+03  9.40000000e-02  1.94930000e+01
 -2.64378471e+03  3.34523800e+03  9.40000000e-02  1.94800000e+01
 -2.64388080e+03  3.34688100e+03  9.40000000e-02  1.94410000e+01
 -2.65947333e+03  3.35173400e+03  9.40000000e-02  1.94400000e+01
 -2.65947333e+03  3.35173400e+03  9.40000000e-02  1.94400000e+01
 -2.66365745e+03  3.35195000e+03  9.40000000e-02  1.94090000e+01
 -2.66365745e+03  3.35195000e+03  9.40000000e-02  1.94090000e+01
 -2.66519459e+03  3.35239300e+03  9.40000000e-02  1.94620000e+01
 -2.67034019e+03  3.35447900e+03  9.40000000e-02  1.94620000e+01
 -2.67034019e+03  3.35447900e+03  9.40000000e-02  1.94620000e+01
 -2.67140118e+03  3.35821900e+03  9.40000000e-02  1.92840000e+01
 -2.67206439e+03  3.36066000e+03  9.40000000e-02  1.92850000e+01
 -2.67153696e+03  3.36101600e+03  9.40000000e-02  1.92440000e+01
 -2.66977929e+03  3.36147000e+03  9.40000000e-02  1.92050000e+01
 -2.66977929e+03  3.36147000e+03  9.40000000e-02  1.92050000e+01
 -2.67139471e+03  3.36467900e+03  9.40000000e-02  1.90990000e+01
 -2.67139471e+03  3.36467900e+03  9.40000000e-02  1.90990000e+01
 -2.67234713e+03  3.36424700e+03  9.40000000e-02  1.90940000e+01
 -2.67234713e+03  3.36424700e+03  9.40000000e-02  1.90940000e+01
 -2.67234713e+03  3.36424700e+03  9.40000000e-02  1.90940000e+01
 -2.67233543e+03  3.36402000e+03  9.40000000e-02  1.90680000e+01
 -2.67189591e+03  3.36303600e+03  9.40000000e-02  1.90710000e+01
 -2.67337391e+03  3.36610600e+03  9.40000000e-02  1.90410000e+01
 -2.67866906e+03  3.37074300e+03  9.40000000e-02  1.89540000e+01
 -2.67870039e+03  3.36998500e+03  9.40000000e-02  1.89570000e+01
 -2.67895050e+03  3.36988700e+03  9.40000000e-02  1.90040000e+01
 -2.67895050e+03  3.36988700e+03  9.40000000e-02  1.90040000e+01
 -2.68044686e+03  3.37309700e+03  9.40000000e-02  1.90000000e+01
 -2.68044686e+03  3.37309700e+03  9.40000000e-02  1.90000000e+01
 -2.68087797e+03  3.37400400e+03  9.40000000e-02  1.90010000e+01
 -2.68809729e+03  3.37885600e+03  9.40000000e-02  1.89900000e+01
 -2.68809729e+03  3.37885600e+03  9.40000000e-02  1.89900000e+01
 -2.68848722e+03  3.37831500e+03  9.40000000e-02  1.89950000e+01
 -2.69865066e+03  3.38116900e+03  9.40000000e-02  1.89810000e+01
 -2.69931602e+03  3.37973100e+03  9.40000000e-02  1.90460000e+01
 -2.69931602e+03  3.37973100e+03  9.40000000e-02  1.90460000e+01
 -2.70298160e+03  3.38093100e+03  9.40000000e-02  1.90510000e+01
 -2.70398036e+03  3.38071400e+03  9.40000000e-02  1.90470000e+01
 -2.71256762e+03  3.38543800e+03  9.40000000e-02  1.90340000e+01
 -2.71450435e+03  3.38686500e+03  9.40000000e-02  1.90800000e+01
 -2.71450435e+03  3.38686500e+03  9.40000000e-02  1.90800000e+01
 -2.71450435e+03  3.38686500e+03  9.40000000e-02  1.90800000e+01
 -2.71450435e+03  3.38686500e+03  9.40000000e-02  1.90800000e+01
 -2.71450435e+03  3.38686500e+03  9.40000000e-02  1.90800000e+01
 -2.71839273e+03  3.38963200e+03  9.40000000e-02  1.90620000e+01
 -2.71839273e+03  3.38963200e+03  9.40000000e-02  1.90620000e+01
 -2.71817211e+03  3.38941600e+03  9.40000000e-02  1.91330000e+01
 -2.71817211e+03  3.38941600e+03  9.40000000e-02  1.91330000e+01
 -2.71870940e+03  3.39105900e+03  9.40000000e-02  1.91120000e+01
 -2.71876020e+03  3.39203200e+03  9.40000000e-02  1.91100000e+01
 -2.72355774e+03  3.39487500e+03  9.40000000e-02  1.91100000e+01
 -2.73688925e+03  3.39838800e+03  9.40000000e-02  1.90920000e+01
 -2.74855244e+03  3.39994400e+03  9.40000000e-02  1.91460000e+01
 -2.74863737e+03  3.39972800e+03  9.40000000e-02  1.91430000e+01
 -2.75694757e+03  3.40556500e+03  9.40000000e-02  1.90940000e+01
 -2.75958542e+03  3.40765000e+03  9.40000000e-02  1.90930000e+01
 -2.76094838e+03  3.41303300e+03  9.40000000e-02  1.88530000e+01
 -2.76094838e+03  3.41303300e+03  9.40000000e-02  1.88530000e+01
 -2.76854709e+03  3.41326000e+03  9.40000000e-02  1.88860000e+01
 -2.76854709e+03  3.41326000e+03  9.40000000e-02  1.88860000e+01
 -2.76856379e+03  3.41281700e+03  9.40000000e-02  1.88900000e+01
 -2.76856379e+03  3.41281700e+03  9.40000000e-02  1.88900000e+01
 -2.76904128e+03  3.41326000e+03  9.40000000e-02  1.88900000e+01
 -2.77843486e+03  3.41625400e+03  9.40000000e-02  1.88010000e+01
 -2.78040057e+03  3.41723700e+03  9.40000000e-02  1.88030000e+01
 -2.78122836e+03  3.41910700e+03  9.40000000e-02  1.88090000e+01
 -2.78251834e+03  3.42052300e+03  9.40000000e-02  1.88060000e+01
 -2.78251834e+03  3.42052300e+03  9.40000000e-02  1.88060000e+01
 -2.78251834e+03  3.42052300e+03  9.40000000e-02  1.88060000e+01
 -2.79502944e+03  3.42702900e+03  9.40000000e-02  1.87570000e+01
 -2.79502944e+03  3.42702900e+03  9.40000000e-02  1.87570000e+01
 -2.79959239e+03  3.42934200e+03  9.40000000e-02  1.87250000e+01
 -2.79959239e+03  3.42934200e+03  9.40000000e-02  1.87250000e+01
 -2.79959239e+03  3.42934200e+03  9.40000000e-02  1.87250000e+01
 -2.80137470e+03  3.42814200e+03  9.40000000e-02  1.87250000e+01
 -2.80626788e+03  3.42947100e+03  9.40000000e-02  1.87250000e+01
 -2.80712905e+03  3.43267000e+03  9.40000000e-02  1.86790000e+01
 -2.81547032e+03  3.43258200e+03  9.40000000e-02  1.86910000e+01
 -2.81552667e+03  3.43349000e+03  9.40000000e-02  1.86510000e+01
 -2.81552667e+03  3.43349000e+03  9.40000000e-02  1.86510000e+01
 -2.81552667e+03  3.43349000e+03  9.40000000e-02  1.86510000e+01
 -2.82226951e+03  3.43536000e+03  9.40000000e-02  1.86510000e+01
 -2.82217155e+03  3.43776000e+03  9.40000000e-02  1.85540000e+01
 -2.83224470e+03  3.43811500e+03  9.40000000e-02  1.85850000e+01
 -2.83504787e+03  3.44118500e+03  9.40000000e-02  1.85850000e+01
 -2.84623802e+03  3.44228700e+03  9.40000000e-02  1.86210000e+01
 -2.85061481e+03  3.44415700e+03  9.40000000e-02  1.86130000e+01
 -2.85116884e+03  3.44527000e+03  9.40000000e-02  1.85590000e+01
 -2.85211212e+03  3.44780900e+03  9.40000000e-02  1.85490000e+01
 -2.85488238e+03  3.45020900e+03  9.40000000e-02  1.84990000e+01
 -2.85701255e+03  3.45186300e+03  9.40000000e-02  1.84990000e+01
 -2.85701255e+03  3.45186300e+03  9.40000000e-02  1.84990000e+01
 -2.85701255e+03  3.45186300e+03  9.40000000e-02  1.84990000e+01
 -2.85654154e+03  3.44789600e+03  9.40000000e-02  1.85180000e+01
 -2.85654154e+03  3.44789600e+03  9.40000000e-02  1.85180000e+01
 -2.85654154e+03  3.44789600e+03  9.40000000e-02  1.85180000e+01
 -2.85654154e+03  3.44789600e+03  9.40000000e-02  1.85180000e+01
 -2.85654154e+03  3.44789600e+03  9.40000000e-02  1.85180000e+01
 -2.86459014e+03  3.44713800e+03  9.40000000e-02  1.85180000e+01
 -2.86577264e+03  3.44878100e+03  9.40000000e-02  1.85150000e+01
 -2.86577264e+03  3.44878100e+03  9.40000000e-02  1.85150000e+01
 -2.86677977e+03  3.45033700e+03  9.40000000e-02  1.85100000e+01
 -2.86704531e+03  3.45386000e+03  9.40000000e-02  1.83250000e+01
 -2.86760991e+03  3.45384900e+03  9.40000000e-02  1.83860000e+01
 -2.86940579e+03  3.45580700e+03  9.40000000e-02  1.83860000e+01
 -2.86966383e+03  3.45437900e+03  9.40000000e-02  1.84610000e+01
 -2.88633981e+03  3.45758900e+03  9.40000000e-02  1.84610000e+01
 -2.88633981e+03  3.45758900e+03  9.40000000e-02  1.84610000e+01
 -2.88633981e+03  3.45758900e+03  9.40000000e-02  1.84610000e+01
 -2.88633981e+03  3.45758900e+03  9.40000000e-02  1.84610000e+01
 -2.88633981e+03  3.45758900e+03  9.40000000e-02  1.84610000e+01
 -2.88706607e+03  3.45647600e+03  9.40000000e-02  1.84780000e+01
 -2.88706607e+03  3.45647600e+03  9.40000000e-02  1.84780000e+01
 -2.89196168e+03  3.45789200e+03  9.40000000e-02  1.83950000e+01
 -2.89196168e+03  3.45789200e+03  9.40000000e-02  1.83950000e+01
 -2.89499325e+03  3.45617300e+03  9.40000000e-02  1.84210000e+01
 -2.89639291e+03  3.45585900e+03  9.40000000e-02  1.85380000e+01
 -2.89665292e+03  3.45892900e+03  9.40000000e-02  1.85030000e+01
 -2.89919183e+03  3.46048400e+03  9.40000000e-02  1.85030000e+01
 -2.89919183e+03  3.46048400e+03  9.40000000e-02  1.85030000e+01
 -2.89919183e+03  3.46048400e+03  9.40000000e-02  1.85030000e+01
 -2.90666678e+03  3.46114300e+03  9.40000000e-02  1.84910000e+01
 -2.90666678e+03  3.46114300e+03  9.40000000e-02  1.84910000e+01
 -2.90703507e+03  3.46181300e+03  9.40000000e-02  1.85000000e+01
 -2.91605031e+03  3.46426600e+03  9.40000000e-02  1.84840000e+01
 -2.91605031e+03  3.46426600e+03  9.40000000e-02  1.84840000e+01
 -2.91605031e+03  3.46426600e+03  9.40000000e-02  1.84840000e+01
 -2.91605031e+03  3.46426600e+03  9.40000000e-02  1.84840000e+01
 -2.91605031e+03  3.46426600e+03  9.40000000e-02  1.84840000e+01
 -2.91604747e+03  3.46547600e+03  9.40000000e-02  1.84530000e+01
 -2.91604747e+03  3.46547600e+03  9.40000000e-02  1.84530000e+01
 -2.91604747e+03  3.46547600e+03  9.40000000e-02  1.84530000e+01
 -2.91764501e+03  3.46583200e+03  9.40000000e-02  1.84650000e+01
 -2.91998298e+03  3.46574500e+03  9.40000000e-02  1.84950000e+01
 -2.92306827e+03  3.46806900e+03  9.40000000e-02  1.84690000e+01
 -2.92359843e+03  3.47060900e+03  9.40000000e-02  1.84440000e+01
 -2.92420571e+03  3.47016500e+03  9.40000000e-02  1.85890000e+01
 -2.93817269e+03  3.47433700e+03  9.40000000e-02  1.85890000e+01
 -2.93817269e+03  3.47433700e+03  9.40000000e-02  1.85890000e+01
 -2.93817269e+03  3.47433700e+03  9.40000000e-02  1.85890000e+01
 -2.94270858e+03  3.47612000e+03  9.40000000e-02  1.85890000e+01
 -2.94270858e+03  3.47612000e+03  9.40000000e-02  1.85890000e+01
 -2.94448540e+03  3.47822700e+03  9.40000000e-02  1.85270000e+01
 -2.95204036e+03  3.47724300e+03  9.40000000e-02  1.85300000e+01
 -2.95206990e+03  3.47671300e+03  9.40000000e-02  1.85380000e+01
 -2.95206990e+03  3.47671300e+03  9.40000000e-02  1.85380000e+01
 -2.95206990e+03  3.47671300e+03  9.40000000e-02  1.85380000e+01
 -2.95236094e+03  3.47782600e+03  9.40000000e-02  1.85430000e+01
 -2.95236094e+03  3.47782600e+03  9.40000000e-02  1.85430000e+01
 -2.95236094e+03  3.47782600e+03  9.40000000e-02  1.85430000e+01
 -2.95314502e+03  3.48059200e+03  9.40000000e-02  1.84970000e+01
 -2.95314502e+03  3.48059200e+03  9.40000000e-02  1.84970000e+01
 -2.95314502e+03  3.48059200e+03  9.40000000e-02  1.84970000e+01
 -2.95372350e+03  3.48455900e+03  9.40000000e-02  1.84620000e+01
 -2.95465470e+03  3.48732500e+03  9.40000000e-02  1.84150000e+01
 -2.95465470e+03  3.48732500e+03  9.40000000e-02  1.84150000e+01
 -2.95465470e+03  3.48732500e+03  9.40000000e-02  1.84150000e+01
 -2.95478468e+03  3.48822200e+03  9.40000000e-02  1.83530000e+01
 -2.96092660e+03  3.48933500e+03  9.40000000e-02  1.83530000e+01
 -2.96229354e+03  3.49054600e+03  9.40000000e-02  1.83870000e+01
 -2.96229354e+03  3.49054600e+03  9.40000000e-02  1.83870000e+01
 -2.96512677e+03  3.49351800e+03  9.40000000e-02  1.83030000e+01
 -2.96512677e+03  3.49351800e+03  9.40000000e-02  1.83030000e+01
 -2.96728562e+03  3.49530100e+03  9.40000000e-02  1.83000000e+01
 -2.96916756e+03  3.49881300e+03  9.40000000e-02  1.81480000e+01
 -2.96916756e+03  3.49881300e+03  9.40000000e-02  1.81480000e+01
 -2.96916756e+03  3.49881300e+03  9.40000000e-02  1.81480000e+01
 -2.97335322e+03  3.50212100e+03  9.40000000e-02  1.81480000e+01
 -2.97343321e+03  3.50233700e+03  9.40000000e-02  1.82120000e+01
 -2.98355799e+03  3.50345000e+03  9.40000000e-02  1.82120000e+01
 -2.98355799e+03  3.50345000e+03  9.40000000e-02  1.82120000e+01
 -2.98438750e+03  3.50884300e+03  9.40000000e-02  1.80750000e+01
 -2.99447316e+03  3.51445300e+03  9.40000000e-02  1.80080000e+01
 -2.99447316e+03  3.51445300e+03  9.40000000e-02  1.80080000e+01
 -2.99483041e+03  3.51147000e+03  9.40000000e-02  1.80360000e+01
 -2.99483041e+03  3.51147000e+03  9.40000000e-02  1.80360000e+01
 -2.99483041e+03  3.51147000e+03  9.40000000e-02  1.80360000e+01
 -2.99483041e+03  3.51147000e+03  9.40000000e-02  1.80360000e+01
 -2.99483041e+03  3.51147000e+03  9.40000000e-02  1.80360000e+01
 -2.99482843e+03  3.51334000e+03  9.40000000e-02  1.79890000e+01
 -2.99614785e+03  3.51401000e+03  9.40000000e-02  1.79890000e+01
 -2.99835171e+03  3.51325300e+03  9.40000000e-02  1.81010000e+01
 -2.99835171e+03  3.51325300e+03  9.40000000e-02  1.81010000e+01
 -2.99835171e+03  3.51325300e+03  9.40000000e-02  1.81010000e+01
 -2.99835171e+03  3.51325300e+03  9.40000000e-02  1.81010000e+01
 -2.99835171e+03  3.51325300e+03  9.40000000e-02  1.81010000e+01
 -2.99835171e+03  3.51325300e+03  9.40000000e-02  1.81010000e+01
 -2.99835171e+03  3.51325300e+03  9.40000000e-02  1.81010000e+01
 -3.00753926e+03  3.51339200e+03  9.40000000e-02  1.82070000e+01
 -3.00770058e+03  3.51667800e+03  9.40000000e-02  1.80640000e+01
 -3.01341949e+03  3.51833200e+03  9.40000000e-02  1.80650000e+01
 -3.01496252e+03  3.52131500e+03  9.40000000e-02  1.80580000e+01
 -3.01912067e+03  3.52109900e+03  9.40000000e-02  1.81040000e+01
 -3.02367479e+03  3.52310800e+03  9.40000000e-02  1.80780000e+01
 -3.02367479e+03  3.52310800e+03  9.40000000e-02  1.80780000e+01
 -3.02367479e+03  3.52310800e+03  9.40000000e-02  1.80780000e+01
 -3.02668038e+03  3.52466400e+03  9.40000000e-02  1.80380000e+01
 -3.03066108e+03  3.52830600e+03  9.40000000e-02  1.79710000e+01
 -3.03126185e+03  3.52898600e+03  9.40000000e-02  1.79640000e+01
 -3.03126185e+03  3.52898600e+03  9.40000000e-02  1.79640000e+01
 -3.03456181e+03  3.52898600e+03  9.40000000e-02  1.81710000e+01
 -3.03456181e+03  3.52898600e+03  9.40000000e-02  1.81710000e+01
 -3.03456181e+03  3.52898600e+03  9.40000000e-02  1.81710000e+01
 -3.03678856e+03  3.53011000e+03  9.40000000e-02  1.81710000e+01
 -3.03879279e+03  3.53055300e+03  9.40000000e-02  1.81450000e+01
 -3.04631946e+03  3.53406500e+03  9.40000000e-02  1.81460000e+01
 -3.04631946e+03  3.53406500e+03  9.40000000e-02  1.81460000e+01
 -3.04645276e+03  3.53330800e+03  9.40000000e-02  1.81530000e+01
 -3.04645276e+03  3.53330800e+03  9.40000000e-02  1.81530000e+01
 -3.04714689e+03  3.53584800e+03  9.40000000e-02  1.81180000e+01
 -3.04771574e+03  3.53419400e+03  9.40000000e-02  1.82460000e+01
 -3.04899889e+03  3.53561000e+03  9.40000000e-02  1.82730000e+01
 -3.05205310e+03  3.53583700e+03  9.40000000e-02  1.82730000e+01
 -3.05205310e+03  3.53583700e+03  9.40000000e-02  1.82730000e+01
 -3.06287093e+03  3.53793300e+03  9.40000000e-02  1.82680000e+01
 -3.07176830e+03  3.53950000e+03  9.40000000e-02  1.83700000e+01
 -3.07176830e+03  3.53950000e+03  9.40000000e-02  1.83700000e+01
 -3.07189156e+03  3.54204000e+03  9.40000000e-02  1.83430000e+01
 -3.07189156e+03  3.54204000e+03  9.40000000e-02  1.83430000e+01
 -3.07128545e+03  3.53884000e+03  9.40000000e-02  1.84010000e+01
 -3.07286943e+03  3.54288400e+03  9.40000000e-02  1.83880000e+01
 -3.07286943e+03  3.54288400e+03  9.40000000e-02  1.83880000e+01
 -3.07278986e+03  3.54144600e+03  9.40000000e-02  1.85610000e+01
 -3.07278986e+03  3.54144600e+03  9.40000000e-02  1.85610000e+01
 -3.07414676e+03  3.54165100e+03  9.40000000e-02  1.85390000e+01
 -3.07414676e+03  3.54165100e+03  9.40000000e-02  1.85390000e+01
 -3.07394087e+03  3.53911200e+03  9.40000000e-02  1.85800000e+01
 -3.07654354e+03  3.54120800e+03  9.40000000e-02  1.86120000e+01
 -3.07654354e+03  3.54120800e+03  9.40000000e-02  1.86120000e+01
 -3.07718225e+03  3.53932700e+03  9.40000000e-02  1.86480000e+01
 -3.07855604e+03  3.54120800e+03  9.40000000e-02  1.86230000e+01
 -3.07972739e+03  3.54209400e+03  9.40000000e-02  1.86570000e+01
 -3.07967134e+03  3.54067800e+03  9.40000000e-02  1.87490000e+01
 -3.07967134e+03  3.54067800e+03  9.40000000e-02  1.87490000e+01
 -3.07978847e+03  3.53902400e+03  9.40000000e-02  1.89910000e+01
 -3.07978847e+03  3.53902400e+03  9.40000000e-02  1.89910000e+01
 -3.07978847e+03  3.53902400e+03  9.40000000e-02  1.89910000e+01
 -3.08024664e+03  3.54022400e+03  9.40000000e-02  1.89800000e+01
 -3.08111794e+03  3.54321800e+03  9.40000000e-02  1.89180000e+01
 -3.08133079e+03  3.54442800e+03  9.40000000e-02  1.88870000e+01
 -3.08133079e+03  3.54442800e+03  9.40000000e-02  1.88870000e+01
 -3.08133079e+03  3.54442800e+03  9.40000000e-02  1.88870000e+01
 -3.08133079e+03  3.54442800e+03  9.40000000e-02  1.88870000e+01
 -3.08133079e+03  3.54442800e+03  9.40000000e-02  1.88870000e+01
 -3.08133079e+03  3.54442800e+03  9.40000000e-02  1.88870000e+01
 -3.08133079e+03  3.54442800e+03  9.40000000e-02  1.88870000e+01
 -3.08133079e+03  3.54442800e+03  9.40000000e-02  1.88870000e+01
 -3.08133079e+03  3.54442800e+03  9.40000000e-02  1.88870000e+01
 -3.08133079e+03  3.54442800e+03  9.40000000e-02  1.88870000e+01
 -3.08165273e+03  3.54442800e+03  9.40000000e-02  1.88930000e+01
 -3.08165273e+03  3.54442800e+03  9.40000000e-02  1.88930000e+01
 -3.08481235e+03  3.54410400e+03  9.40000000e-02  1.88950000e+01
 -3.08481235e+03  3.54410400e+03  9.40000000e-02  1.88950000e+01
 -3.08481235e+03  3.54410400e+03  9.40000000e-02  1.88950000e+01
 -3.08481235e+03  3.54410400e+03  9.40000000e-02  1.88950000e+01
 -3.08558686e+03  3.54588600e+03  9.40000000e-02  1.88480000e+01
 -3.08558686e+03  3.54588600e+03  9.40000000e-02  1.88480000e+01
 -3.08655515e+03  3.54984200e+03  9.40000000e-02  1.87020000e+01
 -3.08655515e+03  3.54984200e+03  9.40000000e-02  1.87020000e+01
 -3.08655515e+03  3.54984200e+03  9.40000000e-02  1.87020000e+01
 -3.08857700e+03  3.55028500e+03  9.40000000e-02  1.88880000e+01
 -3.08857700e+03  3.55028500e+03  9.40000000e-02  1.88880000e+01
 -3.09480588e+03  3.55018700e+03  9.40000000e-02  1.89210000e+01
 -3.09480588e+03  3.55018700e+03  9.40000000e-02  1.89210000e+01
 -3.09480588e+03  3.55018700e+03  9.40000000e-02  1.89210000e+01
 -3.09534957e+03  3.55137600e+03  9.40000000e-02  1.88890000e+01
 -3.09534957e+03  3.55137600e+03  9.40000000e-02  1.88890000e+01
 -3.09762228e+03  3.55235000e+03  9.40000000e-02  1.89420000e+01
 -3.10144106e+03  3.55631600e+03  9.40000000e-02  1.87560000e+01
 -3.10304738e+03  3.55797000e+03  9.40000000e-02  1.87560000e+01
 -3.10304738e+03  3.55797000e+03  9.40000000e-02  1.87560000e+01
 -3.10304738e+03  3.55797000e+03  9.40000000e-02  1.87560000e+01
 -3.10304738e+03  3.55797000e+03  9.40000000e-02  1.87560000e+01
 -3.10855101e+03  3.56028300e+03  9.40000000e-02  1.87910000e+01
 -3.10855101e+03  3.56028300e+03  9.40000000e-02  1.87910000e+01
 -3.11353828e+03  3.56282300e+03  9.40000000e-02  1.86910000e+01
 -3.12674686e+03  3.56647600e+03  9.40000000e-02  1.86590000e+01
 -3.12674686e+03  3.56647600e+03  9.40000000e-02  1.86590000e+01
 -3.12740772e+03  3.56691900e+03  9.40000000e-02  1.86580000e+01
 -3.12740772e+03  3.56691900e+03  9.40000000e-02  1.86580000e+01
 -3.12743639e+03  3.56475600e+03  9.40000000e-02  1.86780000e+01
 -3.12845082e+03  3.56849600e+03  9.40000000e-02  1.85870000e+01
 -3.12902090e+03  3.57200900e+03  9.40000000e-02  1.85750000e+01
 -3.12950932e+03  3.57500200e+03  9.40000000e-02  1.84500000e+01
 -3.12950932e+03  3.57500200e+03  9.40000000e-02  1.84500000e+01
 -3.13546857e+03  3.57874200e+03  9.40000000e-02  1.84490000e+01
 -3.13546857e+03  3.57874200e+03  9.40000000e-02  1.84490000e+01
 -3.13546857e+03  3.57874200e+03  9.40000000e-02  1.84490000e+01
 -3.13727186e+03  3.57918500e+03  9.40000000e-02  1.84410000e+01
 -3.13727186e+03  3.57918500e+03  9.40000000e-02  1.84410000e+01
 -3.13727186e+03  3.57918500e+03  9.40000000e-02  1.84410000e+01
 -3.13727186e+03  3.57918500e+03  9.40000000e-02  1.84410000e+01
 -3.13727186e+03  3.57918500e+03  9.40000000e-02  1.84410000e+01
 -3.13856785e+03  3.58239500e+03  9.40000000e-02  1.83770000e+01
 -3.13856785e+03  3.58239500e+03  9.40000000e-02  1.83770000e+01
 -3.13856785e+03  3.58239500e+03  9.40000000e-02  1.83770000e+01
 -3.13959457e+03  3.58448100e+03  9.40000000e-02  1.83620000e+01
 -3.13959457e+03  3.58448100e+03  9.40000000e-02  1.83620000e+01
 -3.15247573e+03  3.58483700e+03  8.30000000e-02  1.84580000e+01
 -3.15306280e+03  3.58706300e+03  8.30000000e-02  1.82690000e+01
 -3.15306280e+03  3.58706300e+03  8.30000000e-02  1.82690000e+01
 -3.15306280e+03  3.58706300e+03  8.30000000e-02  1.82690000e+01
 -3.15306280e+03  3.58706300e+03  8.30000000e-02  1.82690000e+01
 -3.15521240e+03  3.58774300e+03  8.30000000e-02  1.82710000e+01
 -3.15521240e+03  3.58774300e+03  8.30000000e-02  1.82710000e+01
 -3.15521240e+03  3.58774300e+03  8.30000000e-02  1.82710000e+01
 -3.15521240e+03  3.58774300e+03  8.30000000e-02  1.82710000e+01
 -3.15521240e+03  3.58774300e+03  8.30000000e-02  1.82710000e+01
 -3.18072134e+03  3.59236900e+03  8.30000000e-02  1.83330000e+01
 -3.18072134e+03  3.59236900e+03  8.30000000e-02  1.83330000e+01
 -3.18072134e+03  3.59236900e+03  8.30000000e-02  1.83330000e+01
 -3.18511321e+03  3.59370900e+03  8.30000000e-02  1.83100000e+01
 -3.18511321e+03  3.59370900e+03  8.30000000e-02  1.83100000e+01
 -3.18897875e+03  3.59394600e+03  8.30000000e-02  1.83100000e+01
 -3.18897875e+03  3.59394600e+03  8.30000000e-02  1.83100000e+01
 -3.18897875e+03  3.59394600e+03  8.30000000e-02  1.83100000e+01
 -3.18897875e+03  3.59394600e+03  8.30000000e-02  1.83100000e+01
 -3.19283121e+03  3.59582700e+03  8.30000000e-02  1.83090000e+01
 -3.19283121e+03  3.59582700e+03  8.30000000e-02  1.83090000e+01
 -3.19330610e+03  3.59561000e+03  8.30000000e-02  1.83350000e+01
 -3.19337018e+03  3.59486400e+03  8.30000000e-02  1.83450000e+01
 -3.19398777e+03  3.59223700e+03  8.30000000e-02  1.85320000e+01
 -3.19398777e+03  3.59223700e+03  8.30000000e-02  1.85320000e+01
 -3.19398777e+03  3.59223700e+03  8.30000000e-02  1.85320000e+01
 -3.19398777e+03  3.59223700e+03  8.30000000e-02  1.85320000e+01
 -3.19398777e+03  3.59223700e+03  8.30000000e-02  1.85320000e+01
 -3.19430950e+03  3.59411800e+03  8.30000000e-02  1.84490000e+01
 -3.19430950e+03  3.59411800e+03  8.30000000e-02  1.84490000e+01
 -3.19723918e+03  3.59083100e+03  8.30000000e-02  1.85170000e+01
 -3.19885793e+03  3.59052800e+03  8.30000000e-02  1.85600000e+01
 -3.20218468e+03  3.59184700e+03  8.30000000e-02  1.85460000e+01
 -3.21007121e+03  3.59417000e+03  8.30000000e-02  1.85380000e+01
 -3.21235512e+03  3.59821300e+03  8.30000000e-02  1.84560000e+01
 -3.21235512e+03  3.59821300e+03  8.30000000e-02  1.84560000e+01
 -3.21316521e+03  3.60038700e+03  8.30000000e-02  1.84560000e+01
 -3.21413179e+03  3.60194200e+03  8.30000000e-02  1.85210000e+01
 -3.21413179e+03  3.60194200e+03  8.30000000e-02  1.85210000e+01
 -3.21413179e+03  3.60194200e+03  8.30000000e-02  1.85210000e+01
 -3.21413179e+03  3.60194200e+03  8.30000000e-02  1.85210000e+01
 -3.21413179e+03  3.60194200e+03  8.30000000e-02  1.85210000e+01
 -3.21466831e+03  3.60469800e+03  8.30000000e-02  1.84850000e+01
 -3.21466831e+03  3.60469800e+03  8.30000000e-02  1.84850000e+01
 -3.21466831e+03  3.60469800e+03  8.30000000e-02  1.84850000e+01
 -3.21574952e+03  3.60557400e+03  8.30000000e-02  1.84850000e+01
 -3.21574952e+03  3.60557400e+03  8.30000000e-02  1.84850000e+01
 -3.21574952e+03  3.60557400e+03  8.30000000e-02  1.84850000e+01
 -3.21574952e+03  3.60557400e+03  8.30000000e-02  1.84850000e+01
 -3.21574952e+03  3.60557400e+03  8.30000000e-02  1.84850000e+01
 -3.21574952e+03  3.60557400e+03  8.30000000e-02  1.84850000e+01
 -3.21574952e+03  3.60557400e+03  8.30000000e-02  1.84850000e+01
 -3.21658060e+03  3.61065300e+03  8.20000000e-02  1.83220000e+01
 -3.21658060e+03  3.61065300e+03  8.20000000e-02  1.83220000e+01
 -3.21658060e+03  3.61065300e+03  8.20000000e-02  1.83220000e+01
 -3.21698531e+03  3.61197100e+03  8.20000000e-02  1.83220000e+01
 -3.21698531e+03  3.61197100e+03  8.20000000e-02  1.83220000e+01
 -3.21698531e+03  3.61197100e+03  8.20000000e-02  1.83220000e+01
 -3.21698531e+03  3.61197100e+03  8.20000000e-02  1.83220000e+01
 -3.21771640e+03  3.61384100e+03  8.20000000e-02  1.83220000e+01
 -3.22628701e+03  3.61846700e+03  8.20000000e-02  1.83190000e+01
 -3.22628701e+03  3.61846700e+03  8.20000000e-02  1.83190000e+01
 -3.23542514e+03  3.61944000e+03  8.20000000e-02  1.83190000e+01
 -3.23542514e+03  3.61944000e+03  8.20000000e-02  1.83190000e+01
 -3.23542514e+03  3.61944000e+03  8.20000000e-02  1.83190000e+01
 -3.23542514e+03  3.61944000e+03  8.20000000e-02  1.83190000e+01
 -3.23542514e+03  3.61944000e+03  8.20000000e-02  1.83190000e+01
 -3.23759394e+03  3.62429300e+03  8.20000000e-02  1.81450000e+01
 -3.23759394e+03  3.62429300e+03  8.20000000e-02  1.81450000e+01
 -3.24187794e+03  3.62406600e+03  8.20000000e-02  1.81980000e+01
 -3.24207037e+03  3.62571900e+03  8.20000000e-02  1.81740000e+01
 -3.24447956e+03  3.62834600e+03  8.20000000e-02  1.81830000e+01
 -3.24447956e+03  3.62834600e+03  8.20000000e-02  1.81830000e+01
 -3.24447956e+03  3.62834600e+03  8.20000000e-02  1.81830000e+01
 -3.24447956e+03  3.62834600e+03  8.20000000e-02  1.81830000e+01
 -3.24556600e+03  3.62933100e+03  8.20000000e-02  1.81730000e+01
 -3.24556600e+03  3.62933100e+03  8.20000000e-02  1.81730000e+01
 -3.24613985e+03  3.63074700e+03  8.20000000e-02  1.81730000e+01
 -3.24613985e+03  3.63074700e+03  8.20000000e-02  1.81730000e+01
 -3.24613985e+03  3.63074700e+03  8.20000000e-02  1.81730000e+01
 -3.24613985e+03  3.63074700e+03  8.20000000e-02  1.81730000e+01
 -3.24613985e+03  3.63074700e+03  8.20000000e-02  1.81730000e+01
 -3.24613985e+03  3.63074700e+03  8.20000000e-02  1.81730000e+01
 -3.24613985e+03  3.63074700e+03  8.20000000e-02  1.81730000e+01
 -3.24988496e+03  3.63284400e+03  8.20000000e-02  1.81660000e+01
 -3.24988496e+03  3.63284400e+03  8.20000000e-02  1.81660000e+01
 -3.24988496e+03  3.63284400e+03  8.20000000e-02  1.81660000e+01
 -3.24988496e+03  3.63284400e+03  8.20000000e-02  1.81660000e+01
 -3.25306028e+03  3.63515600e+03  8.20000000e-02  1.81630000e+01
 -3.25306028e+03  3.63515600e+03  8.20000000e-02  1.81630000e+01
 -3.25654512e+03  3.63748000e+03  8.20000000e-02  1.81540000e+01
 -3.25647236e+03  3.63801000e+03  8.20000000e-02  1.81540000e+01
 -3.25647236e+03  3.63801000e+03  8.20000000e-02  1.81540000e+01
 -3.25910280e+03  3.64042100e+03  8.20000000e-02  1.81180000e+01
 -3.26095416e+03  3.64164200e+03  8.20000000e-02  1.81180000e+01
 -3.26095416e+03  3.64164200e+03  8.20000000e-02  1.81180000e+01
 -3.26135274e+03  3.64330700e+03  8.20000000e-02  1.80640000e+01
 -3.26138732e+03  3.64210600e+03  8.20000000e-02  1.81350000e+01
 -3.26138732e+03  3.64210600e+03  8.20000000e-02  1.81350000e+01
 -3.26944962e+03  3.64375000e+03  8.20000000e-02  1.81480000e+01
 -3.26944962e+03  3.64375000e+03  8.20000000e-02  1.81480000e+01
 -3.26999750e+03  3.64419300e+03  8.20000000e-02  1.81480000e+01
 -3.27339233e+03  3.64882900e+03  8.20000000e-02  1.81120000e+01
 -3.27339233e+03  3.64882900e+03  8.20000000e-02  1.81120000e+01
 -3.27339233e+03  3.64882900e+03  8.20000000e-02  1.81120000e+01
 -3.27339233e+03  3.64882900e+03  8.20000000e-02  1.81120000e+01
 -3.27339233e+03  3.64882900e+03  8.20000000e-02  1.81120000e+01
 -3.28348187e+03  3.65015800e+03  8.20000000e-02  1.81070000e+01
 -3.28391018e+03  3.65105500e+03  8.20000000e-02  1.80970000e+01
 -3.28738226e+03  3.65104400e+03  8.20000000e-02  1.81200000e+01
 -3.29280281e+03  3.65202800e+03  8.20000000e-02  1.81720000e+01
 -3.30691771e+03  3.65171400e+03  8.20000000e-02  1.81640000e+01
 -3.30800588e+03  3.65334500e+03  8.10000000e-02  1.81020000e+01
 -3.30800588e+03  3.65334500e+03  8.10000000e-02  1.81020000e+01
 -3.31200913e+03  3.65454500e+03  8.10000000e-02  1.81440000e+01
 -3.31200913e+03  3.65454500e+03  8.10000000e-02  1.81440000e+01
 -3.31200913e+03  3.65454500e+03  8.10000000e-02  1.81440000e+01
 -3.31244944e+03  3.65310800e+03  8.10000000e-02  1.82810000e+01
 -3.31232505e+03  3.65222200e+03  8.10000000e-02  1.82830000e+01
 -3.31232505e+03  3.65222200e+03  8.10000000e-02  1.82830000e+01
 -3.31232505e+03  3.65222200e+03  8.10000000e-02  1.82830000e+01
 -3.31232505e+03  3.65222200e+03  8.10000000e-02  1.82830000e+01
 -3.32182678e+03  3.65498800e+03  8.20000000e-02  1.83030000e+01
 -3.32231824e+03  3.65544200e+03  8.20000000e-02  1.83030000e+01
 -3.32231824e+03  3.65544200e+03  8.20000000e-02  1.83030000e+01
 -3.32231824e+03  3.65544200e+03  8.20000000e-02  1.83030000e+01
 -3.32231824e+03  3.65544200e+03  8.20000000e-02  1.83030000e+01
 -3.32238966e+03  3.65588500e+03  8.20000000e-02  1.82140000e+01
 -3.32238966e+03  3.65588500e+03  8.20000000e-02  1.82140000e+01
 -3.32238966e+03  3.65588500e+03  8.20000000e-02  1.82140000e+01
 -3.32238966e+03  3.65588500e+03  8.20000000e-02  1.82140000e+01
 -3.32238966e+03  3.65588500e+03  8.20000000e-02  1.82140000e+01
 -3.32238966e+03  3.65588500e+03  8.20000000e-02  1.82140000e+01
 -3.32371779e+03  3.65656600e+03  8.20000000e-02  1.82120000e+01
 -3.33116033e+03  3.65665200e+03  8.10000000e-02  1.81450000e+01
 -3.33199336e+03  3.65709600e+03  8.10000000e-02  1.81450000e+01
 -3.33199336e+03  3.65709600e+03  8.10000000e-02  1.81450000e+01
 -3.33199336e+03  3.65709600e+03  8.10000000e-02  1.81450000e+01
 -3.33199336e+03  3.65709600e+03  8.10000000e-02  1.81450000e+01
 -3.33481414e+03  3.65655400e+03  8.10000000e-02  1.81620000e+01
 -3.33481414e+03  3.65655400e+03  8.10000000e-02  1.81620000e+01
 -3.33481414e+03  3.65655400e+03  8.10000000e-02  1.81620000e+01
 -3.33747854e+03  3.65909400e+03  8.10000000e-02  1.81060000e+01
 -3.33747854e+03  3.65909400e+03  8.10000000e-02  1.81060000e+01
 -3.34208965e+03  3.66229300e+03  8.10000000e-02  1.80730000e+01
 -3.34355775e+03  3.66326600e+03  8.10000000e-02  1.80810000e+01
 -3.34355775e+03  3.66326600e+03  8.10000000e-02  1.80810000e+01
 -3.34355775e+03  3.66326600e+03  8.10000000e-02  1.80810000e+01
 -3.34355775e+03  3.66326600e+03  8.10000000e-02  1.80810000e+01
 -3.34355775e+03  3.66326600e+03  8.10000000e-02  1.80810000e+01
 -3.34355775e+03  3.66326600e+03  8.10000000e-02  1.80810000e+01
 -3.34355775e+03  3.66326600e+03  8.10000000e-02  1.80810000e+01
 -3.34355775e+03  3.66326600e+03  8.10000000e-02  1.80810000e+01
 -3.34355775e+03  3.66326600e+03  8.10000000e-02  1.80810000e+01
 -3.34355775e+03  3.66326600e+03  8.10000000e-02  1.80810000e+01
 -3.34355775e+03  3.66326600e+03  8.10000000e-02  1.80810000e+01
 -3.34355775e+03  3.66326600e+03  8.10000000e-02  1.80810000e+01
 -3.34381599e+03  3.66634700e+03  8.10000000e-02  1.79350000e+01
 -3.34381599e+03  3.66634700e+03  8.10000000e-02  1.79350000e+01
 -3.34381599e+03  3.66634700e+03  8.10000000e-02  1.79350000e+01
 -3.34381599e+03  3.66634700e+03  8.10000000e-02  1.79350000e+01
 -3.34381599e+03  3.66634700e+03  8.10000000e-02  1.79350000e+01
 -3.34381599e+03  3.66634700e+03  8.10000000e-02  1.79350000e+01
 -3.34381599e+03  3.66634700e+03  8.10000000e-02  1.79350000e+01
 -3.34381599e+03  3.66634700e+03  8.10000000e-02  1.79350000e+01
 -3.34381599e+03  3.66634700e+03  8.10000000e-02  1.79350000e+01
 -3.34381599e+03  3.66634700e+03  8.10000000e-02  1.79350000e+01
 -3.34381599e+03  3.66634700e+03  8.10000000e-02  1.79350000e+01
 -3.34381599e+03  3.66634700e+03  8.10000000e-02  1.79350000e+01
 -3.34381599e+03  3.66634700e+03  8.10000000e-02  1.79350000e+01
 -3.34381599e+03  3.66634700e+03  8.10000000e-02  1.79350000e+01
 -3.34381599e+03  3.66634700e+03  8.10000000e-02  1.79350000e+01
 -3.34381599e+03  3.66634700e+03  8.10000000e-02  1.79350000e+01
 -3.34381599e+03  3.66634700e+03  8.10000000e-02  1.79350000e+01
 -3.34381599e+03  3.66634700e+03  8.10000000e-02  1.79350000e+01
 -3.34483812e+03  3.66666000e+03  8.10000000e-02  1.78440000e+01
 -3.34483812e+03  3.66666000e+03  8.10000000e-02  1.78440000e+01
 -3.35384977e+03  3.66940600e+03  8.10000000e-02  1.77590000e+01
 -3.35536837e+03  3.67029100e+03  8.10000000e-02  1.77590000e+01
 -3.35584172e+03  3.66842100e+03  8.10000000e-02  1.78190000e+01
 -3.35584172e+03  3.66842100e+03  8.10000000e-02  1.78190000e+01
 -3.35584172e+03  3.66842100e+03  8.10000000e-02  1.78190000e+01
 -3.35584172e+03  3.66842100e+03  8.10000000e-02  1.78190000e+01
 -3.35584172e+03  3.66842100e+03  8.10000000e-02  1.78190000e+01
 -3.35584172e+03  3.66842100e+03  8.10000000e-02  1.78190000e+01
 -3.35584172e+03  3.66842100e+03  8.10000000e-02  1.78190000e+01
 -3.35584172e+03  3.66842100e+03  8.10000000e-02  1.78190000e+01
 -3.35584172e+03  3.66842100e+03  8.10000000e-02  1.78190000e+01
 -3.35584172e+03  3.66842100e+03  8.10000000e-02  1.78190000e+01
 -3.35584172e+03  3.66842100e+03  8.10000000e-02  1.78190000e+01
 -3.36324957e+03  3.67237700e+03  8.10000000e-02  1.78180000e+01
 -3.36454444e+03  3.67251700e+03  8.10000000e-02  1.78690000e+01
 -3.36454444e+03  3.67251700e+03  8.10000000e-02  1.78690000e+01
 -3.36555458e+03  3.67318700e+03  8.10000000e-02  1.78770000e+01
 -3.37016757e+03  3.67473200e+03  8.10000000e-02  1.78570000e+01
 -3.37893402e+03  3.67308800e+03  8.10000000e-02  1.79140000e+01
 -3.38695639e+03  3.67188800e+03  8.10000000e-02  1.79090000e+01
 -3.38695639e+03  3.67188800e+03  8.10000000e-02  1.79090000e+01
 -3.38695639e+03  3.67188800e+03  8.10000000e-02  1.79090000e+01
 -3.38695639e+03  3.67188800e+03  8.10000000e-02  1.79090000e+01
 -3.38859572e+03  3.67376900e+03  8.10000000e-02  1.79090000e+01
 -3.38859572e+03  3.67376900e+03  8.10000000e-02  1.79090000e+01
 -3.39399423e+03  3.67676300e+03  8.10000000e-02  1.76240000e+01
 -3.39929026e+03  3.67951900e+03  8.10000000e-02  1.74200000e+01
 -3.40222051e+03  3.68072900e+03  8.10000000e-02  1.74630000e+01
 -3.40393478e+03  3.68349600e+03  8.10000000e-02  1.74110000e+01
 -3.40393478e+03  3.68349600e+03  8.10000000e-02  1.74110000e+01
 -3.40553867e+03  3.68261000e+03  8.10000000e-02  1.74230000e+01
 -3.41749446e+03  3.68439300e+03  8.10000000e-02  1.74210000e+01
 -3.41749446e+03  3.68439300e+03  8.10000000e-02  1.74210000e+01
 -3.42223649e+03  3.68693300e+03  8.10000000e-02  1.74080000e+01
 -3.42223649e+03  3.68693300e+03  8.10000000e-02  1.74080000e+01
 -3.42223649e+03  3.68693300e+03  8.10000000e-02  1.74080000e+01
 -3.42223649e+03  3.68693300e+03  8.10000000e-02  1.74080000e+01
 -3.42223649e+03  3.68693300e+03  8.10000000e-02  1.74080000e+01
 -3.42223649e+03  3.68693300e+03  8.10000000e-02  1.74080000e+01
 -3.42234508e+03  3.68498600e+03  8.10000000e-02  1.74040000e+01
 -3.42234508e+03  3.68498600e+03  8.10000000e-02  1.74040000e+01
 -3.42542914e+03  3.68508400e+03  8.10000000e-02  1.74480000e+01
 -3.42547292e+03  3.68420900e+03  8.10000000e-02  1.74780000e+01
 -3.42547292e+03  3.68420900e+03  8.10000000e-02  1.74780000e+01
 -3.42547292e+03  3.68420900e+03  8.10000000e-02  1.74780000e+01
 -3.42547292e+03  3.68420900e+03  8.10000000e-02  1.74780000e+01
 -3.43384850e+03  3.68091100e+03  8.10000000e-02  1.75390000e+01
 -3.43408647e+03  3.68069500e+03  8.10000000e-02  1.75420000e+01
 -3.43462601e+03  3.68279200e+03  8.10000000e-02  1.75060000e+01
 -3.43462601e+03  3.68279200e+03  8.10000000e-02  1.75060000e+01
 -3.43510353e+03  3.68787200e+03  8.10000000e-02  1.73360000e+01
 -3.43510353e+03  3.68787200e+03  8.10000000e-02  1.73360000e+01
 -3.43765779e+03  3.68547200e+03  8.10000000e-02  1.73460000e+01
 -3.43792891e+03  3.68614100e+03  8.10000000e-02  1.73420000e+01
 -3.43806748e+03  3.68748100e+03  8.10000000e-02  1.73060000e+01