-1.56455120e+03  2.57626700e+03  8.80000000e-02  2.93540000e+01
 -1.57055224e+03  2.58112000e+03  8.80000000e-02  2.92660000e+01
 -1.57097032e+03  2.58333400e+03  8.80000000e-02  2.92560000e+01
 -1.57699092e+03  2.58871700e+03  8.80000000e-02  2.92560000e+01
 -1.58037039e+03  2.59685600e+03  8.80000000e-02  2.90750000e+01
 -1.58419498e+03  2.60179500e+03  8.80000000e-02  2.90100000e+01
 -1.58855544e+03  2.60597800e+03  8.80000000e-02  2.89990000e+01
 -1.59182552e+03  2.61555500e+03  8.80000000e-02  2.87110000e+01
 -1.62682642e+03  2.62467800e+03  8.90000000e-02  2.87110000e+01
 -1.62867022e+03  2.63006100e+03  8.90000000e-02  2.85140000e+01
 -1.63142180e+03  2.63260000e+03  8.90000000e-02  2.84510000e+01
 -1.64289904e+03  2.63865300e+03  8.90000000e-02  2.84510000e+01
 -1.64376179e+03  2.64501900e+03  8.90000000e-02  2.80220000e+01
 -1.64275150e+03  2.64764600e+03  8.90000000e-02  2.80080000e+01
 -1.64505839e+03  2.64853200e+03  8.90000000e-02  2.80080000e+01
 -1.65444884e+03  2.65601200e+03  8.90000000e-02  2.80080000e+01
 -1.65661126e+03  2.65975200e+03  8.90000000e-02  2.79970000e+01
 -1.65740457e+03  2.66259500e+03  8.90000000e-02  2.80290000e+01
 -1.65732032e+03  2.66468000e+03  8.90000000e-02  2.78090000e+01
 -1.66150764e+03  2.67006300e+03  8.90000000e-02  2.77490000e+01
 -1.66328305e+03  2.67425700e+03  8.90000000e-02  2.77150000e+01
 -1.66901886e+03  2.68106700e+03  8.90000000e-02  2.77150000e+01
 -1.68007484e+03  2.68763800e+03  8.90000000e-02  2.75560000e+01
 -1.68073804e+03  2.69436100e+03  8.90000000e-02  2.70900000e+01
 -1.68199207e+03  2.69854400e+03  1.13000000e-01  2.70150000e+01
 -1.68244857e+03  2.70174200e+03  1.12000000e-01  2.68990000e+01
 -1.68479161e+03  2.70623900e+03  1.12000000e-01  2.68690000e+01
 -1.68986067e+03  2.70976300e+03  1.12000000e-01  2.66630000e+01
 -1.69114170e+03  2.71119000e+03  1.12000000e-01  2.66630000e+01
 -1.69837841e+03  2.71613000e+03  1.12000000e-01  2.66630000e+01
 -1.69861092e+03  2.71681000e+03  1.12000000e-01  2.66530000e+01
 -1.70720683e+03  2.71890700e+03  1.12000000e-01  2.66450000e+01
 -1.70770401e+03  2.71935000e+03  1.12000000e-01  2.66450000e+01
 -1.71881766e+03  2.72353300e+03  1.12000000e-01  2.64380000e+01
 -1.72053560e+03  2.72584500e+03  1.10000000e-01  2.64430000e+01
 -1.72493018e+03  2.72882800e+03  1.10000000e-01  2.63390000e+01
 -1.73549801e+03  2.73264400e+03  1.10000000e-01  2.63280000e+01
 -1.74700373e+03  2.73891300e+03  1.10000000e-01  2.62810000e+01
 -1.74700417e+03  2.74175500e+03  1.10000000e-01  2.61560000e+01
 -1.75433826e+03  2.74646800e+03  1.10000000e-01  2.61370000e+01
 -1.76840489e+03  2.75087800e+03  1.10000000e-01  2.60770000e+01
 -1.76815610e+03  2.75154800e+03  1.10000000e-01  2.60090000e+01
 -1.77053389e+03  2.75199100e+03  1.10000000e-01  2.60090000e+01
 -1.77394314e+03  2.75498400e+03  1.10000000e-01  2.59720000e+01
 -1.78137833e+03  2.75984800e+03  1.09000000e-01  2.58180000e+01
 -1.78448191e+03  2.76097100e+03  1.09000000e-01  2.58180000e+01
 -1.78480112e+03  2.76164100e+03  1.09000000e-01  2.58160000e+01
 -1.78699262e+03  2.76231100e+03  1.09000000e-01  2.60160000e+01
 -1.79040568e+03  2.76694700e+03  1.09000000e-01  2.59110000e+01
 -1.79279514e+03  2.77210300e+03  1.08000000e-01  2.57080000e+01
 -1.79762695e+03  2.77530200e+03  1.08000000e-01  2.57080000e+01
 -1.80035318e+03  2.78322500e+03  1.08000000e-01  2.55880000e+01
 -1.80222234e+03  2.79070400e+03  1.08000000e-01  2.54010000e+01
 -1.80627447e+03  2.79369800e+03  1.08000000e-01  2.53520000e+01
 -1.80730228e+03  2.79549100e+03  1.08000000e-01  2.53420000e+01
 -1.81203678e+03  2.79541400e+03  1.07000000e-01  2.53360000e+01
 -1.81321083e+03  2.80079700e+03  1.07000000e-01  2.52600000e+01
 -1.82306268e+03  2.80356300e+03  1.07000000e-01  2.52480000e+01
 -1.83182687e+03  2.80970300e+03  1.07000000e-01  2.52480000e+01
 -1.83236683e+03  2.81518400e+03  1.07000000e-01  2.51930000e+01
 -1.83221417e+03  2.81562700e+03  1.07000000e-01  2.51930000e+01
 -1.83263955e+03  2.81893500e+03  1.06000000e-01  2.51420000e+01
 -1.84310977e+03  2.82148500e+03  1.06000000e-01  2.51420000e+01
 -1.84459887e+03  2.82313900e+03  1.06000000e-01  2.51450000e+01
 -1.84636537e+03  2.82456500e+03  1.06000000e-01  2.51450000e+01
 -1.85143501e+03  2.82764600e+03  1.06000000e-01  2.51450000e+01
 -1.85965976e+03  2.83468300e+03  1.06000000e-01  2.51130000e+01
 -1.86418212e+03  2.83632600e+03  1.06000000e-01  2.51130000e+01
 -1.86280400e+03  2.83436800e+03  1.06000000e-01  2.51450000e+01
 -1.86430711e+03  2.83722200e+03  1.06000000e-01  2.51040000e+01
 -1.86727585e+03  2.84238800e+03  9.70000000e-02  2.49660000e+01
 -1.86694196e+03  2.84831200e+03  9.70000000e-02  2.46140000e+01
 -1.86964272e+03  2.85182500e+03  9.70000000e-02  2.45980000e+01
 -1.87188714e+03  2.85699100e+03  9.70000000e-02  2.44570000e+01
 -1.87254781e+03  2.85832000e+03  9.70000000e-02  2.44570000e+01
 -1.87852538e+03  2.86184300e+03  9.80000000e-02  2.44070000e+01
 -1.88453762e+03  2.86977700e+03  9.80000000e-02  2.44070000e+01
 -1.88473765e+03  2.87186300e+03  9.80000000e-02  2.43690000e+01
 -1.88814630e+03  2.87583000e+03  9.80000000e-02  2.43190000e+01
 -1.89019494e+03  2.87814300e+03  9.80000000e-02  2.43190000e+01
 -1.89255365e+03  2.88187100e+03  9.70000000e-02  2.41760000e+01
 -1.89412727e+03  2.88373000e+03  9.70000000e-02  2.41690000e+01
 -1.89446377e+03  2.88417300e+03  9.70000000e-02  2.42390000e+01
 -1.90981433e+03  2.89045200e+03  9.70000000e-02  2.40350000e+01
 -1.90971831e+03  2.89098200e+03  9.70000000e-02  2.42190000e+01
 -1.91011787e+03  2.89373800e+03  9.70000000e-02  2.41150000e+01
 -1.91121652e+03  2.89351100e+03  9.70000000e-02  2.41320000e+01
 -1.91152223e+03  2.89604000e+03  9.70000000e-02  2.41260000e+01
 -1.90890742e+03  2.89858000e+03  9.70000000e-02  2.40290000e+01
 -1.90938549e+03  2.90023300e+03  9.70000000e-02  2.39670000e+01
 -1.91292803e+03  2.90278400e+03  9.70000000e-02  2.39510000e+01
 -1.92229084e+03  2.90553900e+03  9.70000000e-02  2.39510000e+01
 -1.92168940e+03  2.90807900e+03  9.60000000e-02  2.39170000e+01
 -1.91899654e+03  2.90598200e+03  9.60000000e-02  2.39110000e+01
 -1.92284388e+03  2.90852200e+03  9.60000000e-02  2.39190000e+01
 -1.92511605e+03  2.90987200e+03  9.60000000e-02  2.39050000e+01
 -1.92476809e+03  2.91098500e+03  9.60000000e-02  2.38830000e+01
 -1.92664495e+03  2.91539400e+03  9.60000000e-02  2.38460000e+01
 -1.92789067e+03  2.91682100e+03  9.60000000e-02  2.38460000e+01
 -1.92960403e+03  2.91660500e+03  9.60000000e-02  2.40070000e+01
 -1.93012461e+03  2.91802100e+03  9.60000000e-02  2.39370000e+01
 -1.93052703e+03  2.91958700e+03  9.60000000e-02  2.39430000e+01
 -1.93402631e+03  2.92452700e+03  9.60000000e-02  2.39130000e+01
 -1.93394656e+03  2.92826700e+03  9.60000000e-02  2.37460000e+01
 -1.93406190e+03  2.93057900e+03  9.60000000e-02  2.37370000e+01
 -1.93798845e+03  2.93223300e+03  9.60000000e-02  2.37150000e+01
 -1.93813388e+03  2.93290300e+03  9.60000000e-02  2.37150000e+01
 -1.94290230e+03  2.93641600e+03  9.60000000e-02  2.37150000e+01
 -1.94786433e+03  2.94211200e+03  9.50000000e-02  2.35400000e+01
 -1.94654198e+03  2.94495500e+03  9.50000000e-02  2.33580000e+01
 -1.94897747e+03  2.94771100e+03  9.50000000e-02  2.33520000e+01
 -1.94917985e+03  2.94936500e+03  9.50000000e-02  2.32150000e+01
 -1.95132605e+03  2.95190400e+03  9.40000000e-02  2.32050000e+01
 -1.96792890e+03  2.95595800e+03  9.40000000e-02  2.32050000e+01
 -1.96634950e+03  2.95685500e+03  9.40000000e-02  2.31530000e+01
 -1.96634950e+03  2.95685500e+03  9.40000000e-02  2.31530000e+01
 -1.96805770e+03  2.95609700e+03  9.40000000e-02  2.31530000e+01
 -1.96846186e+03  2.95676700e+03  9.40000000e-02  2.31480000e+01
 -1.97090714e+03  2.95953300e+03  9.40000000e-02  2.31340000e+01
 -1.97542917e+03  2.96154300e+03  9.30000000e-02  2.31010000e+01
 -1.98172511e+03  2.96604000e+03  9.30000000e-02  2.30180000e+01
 -1.98204309e+03  2.96626600e+03  9.30000000e-02  2.30140000e+01
 -1.98577105e+03  2.96769300e+03  9.30000000e-02  2.30140000e+01
 -1.98771601e+03  2.96955200e+03  9.30000000e-02  2.29170000e+01
 -1.98767142e+03  2.96835200e+03  9.30000000e-02  2.29810000e+01
 -1.99254208e+03  2.97044900e+03  9.20000000e-02  2.29530000e+01
 -1.98907994e+03  2.97022200e+03  9.20000000e-02  2.29530000e+01
 -1.99315663e+03  2.97230700e+03  9.30000000e-02  2.29700000e+01
 -1.99199391e+03  2.97253400e+03  9.30000000e-02  2.30960000e+01
 -1.99303465e+03  2.97418800e+03  9.30000000e-02  2.30860000e+01
 -1.99770294e+03  2.97792700e+03  9.30000000e-02  2.30400000e+01
 -2.00399665e+03  2.98045600e+03  9.30000000e-02  2.30230000e+01
 -1.99840295e+03  2.97902900e+03  9.20000000e-02  2.30340000e+01
 -1.99919847e+03  2.98135300e+03  9.20000000e-02  2.30450000e+01
 -1.99732035e+03  2.98615300e+03  9.20000000e-02  2.28910000e+01
 -2.00294573e+03  2.98781700e+03  9.20000000e-02  2.28910000e+01
 -2.00613292e+03  2.99605400e+03  9.20000000e-02  2.28350000e+01
 -2.00854059e+03  2.99836700e+03  9.20000000e-02  2.28530000e+01
 -2.01823198e+03  3.00330700e+03  9.20000000e-02  2.28530000e+01
 -2.01840052e+03  3.00256000e+03  9.10000000e-02  2.29950000e+01
 -2.01861343e+03  3.00300300e+03  9.10000000e-02  2.29950000e+01
 -2.02236235e+03  3.01025600e+03  9.10000000e-02  2.28160000e+01
 -2.03342214e+03  3.01509800e+03  9.10000000e-02  2.28210000e+01
 -2.03243628e+03  3.01643700e+03  9.10000000e-02  2.28310000e+01
 -2.03353227e+03  3.01897700e+03  9.10000000e-02  2.28150000e+01
 -2.02793954e+03  3.02008900e+03  9.10000000e-02  2.28080000e+01
 -2.03381219e+03  3.02285600e+03  9.10000000e-02  2.28030000e+01
 -2.04257138e+03  3.02329800e+03  9.10000000e-02  2.27960000e+01
 -2.04740873e+03  3.02530800e+03  9.10000000e-02  2.28080000e+01
 -2.04740873e+03  3.02530800e+03  9.10000000e-02  2.28080000e+01
 -2.04869057e+03  3.02926400e+03  9.10000000e-02  2.27180000e+01
 -2.04869057e+03  3.02926400e+03  9.10000000e-02  2.27180000e+01
 -2.04873108e+03  3.03037700e+03  9.20000000e-02  2.26020000e+01
 -2.05703303e+03  3.03477600e+03  9.20000000e-02  2.25750000e+01
 -2.05703303e+03  3.03477600e+03  9.20000000e-02  2.25750000e+01
 -2.05706500e+03  3.03588800e+03  9.10000000e-02  2.25380000e+01
 -2.05713135e+03  3.03754200e+03  9.10000000e-02  2.25280000e+01
 -2.06181483e+03  3.03898000e+03  9.10000000e-02  2.25280000e+01
 -2.06603535e+03  3.04512000e+03  9.00000000e-02  2.22350000e+01
 -2.06690272e+03  3.04744300e+03  9.00000000e-02  2.22210000e+01
 -2.06849972e+03  3.05148600e+03  9.00000000e-02  2.22190000e+01
 -2.07030969e+03  3.05170200e+03  9.00000000e-02  2.22690000e+01
 -2.07993979e+03  3.05798100e+03  9.00000000e-02  2.21390000e+01
 -2.07913337e+03  3.05842400e+03  9.00000000e-02  2.21260000e+01
 -2.08249465e+03  3.06283400e+03  9.10000000e-02  2.21270000e+01
 -2.08568407e+03  3.06724300e+03  9.10000000e-02  2.19500000e+01
 -2.09017244e+03  3.06987000e+03  9.00000000e-02  2.19310000e+01
 -2.09632886e+03  3.07481000e+03  9.00000000e-02  2.18040000e+01
 -2.10024602e+03  3.07855000e+03  9.00000000e-02  2.17750000e+01
 -2.10172418e+03  3.08064700e+03  9.00000000e-02  2.17760000e+01
 -2.10289820e+03  3.08394400e+03  9.00000000e-02  2.17190000e+01
 -2.11383194e+03  3.08415900e+03  9.00000000e-02  2.17190000e+01
 -2.11394983e+03  3.08415900e+03  9.00000000e-02  2.17150000e+01
 -2.11353313e+03  3.08371600e+03  9.00000000e-02  2.17160000e+01
 -2.11518544e+03  3.08403000e+03  9.00000000e-02  2.17270000e+01
 -2.12020853e+03  3.08283000e+03  9.00000000e-02  2.17270000e+01
 -2.12249895e+03  3.08260300e+03  9.00000000e-02  2.18340000e+01
 -2.12243558e+03  3.08468900e+03  9.00000000e-02  2.18070000e+01
 -2.14075923e+03  3.09127200e+03  9.00000000e-02  2.17230000e+01
 -2.14344615e+03  3.09590800e+03  9.00000000e-02  2.16630000e+01
 -2.14507780e+03  3.09777800e+03  9.00000000e-02  2.16600000e+01
 -2.14503298e+03  3.09897800e+03  9.00000000e-02  2.16630000e+01
 -2.15290518e+03  3.10009000e+03  9.00000000e-02  2.17170000e+01
 -2.15290518e+03  3.10009000e+03  9.00000000e-02  2.17170000e+01
 -2.15935119e+03  3.10361400e+03  9.00000000e-02  2.17170000e+01
 -2.15750392e+03  3.10712700e+03  9.00000000e-02  2.17100000e+01
 -2.17259724e+03  3.11446700e+03  9.00000000e-02  2.15530000e+01
 -2.17259724e+03  3.11446700e+03  9.00000000e-02  2.15530000e+01
 -2.17259724e+03  3.11446700e+03  9.00000000e-02  2.15530000e+01
 -2.18115781e+03  3.11491000e+03  9.00000000e-02  2.15530000e+01
 -2.18220578e+03  3.11864900e+03  9.00000000e-02  2.14240000e+01
 -2.17678462e+03  3.11866000e+03  9.00000000e-02  2.13670000e+01
 -2.17719290e+03  3.11955600e+03  9.00000000e-02  2.13670000e+01
 -2.17787765e+03  3.12800900e+03  9.00000000e-02  2.10360000e+01
 -2.17613320e+03  3.12802000e+03  9.00000000e-02  2.10140000e+01
 -2.17613320e+03  3.12802000e+03  9.00000000e-02  2.10140000e+01
 -2.17914132e+03  3.13132800e+03  9.00000000e-02  2.10170000e+01
 -2.17824075e+03  3.13111100e+03  9.00000000e-02  2.10050000e+01
 -2.17363203e+03  3.12925200e+03  9.00000000e-02  2.10010000e+01
 -2.18089367e+03  3.13440800e+03  9.00000000e-02  2.10010000e+01
 -2.18950401e+03  3.13716400e+03  9.00000000e-02  2.11230000e+01
 -2.19045314e+03  3.13926000e+03  9.00000000e-02  2.11030000e+01
 -2.18932220e+03  3.13695800e+03  9.00000000e-02  2.11360000e+01
 -2.19223896e+03  3.13971400e+03  9.00000000e-02  2.11120000e+01
 -2.19223896e+03  3.13971400e+03  9.00000000e-02  2.11120000e+01
 -2.19613674e+03  3.14269700e+03  9.00000000e-02  2.10580000e+01
 -2.19951979e+03  3.14567900e+03  9.00000000e-02  2.08900000e+01
 -2.20270275e+03  3.14985100e+03  9.00000000e-02  2.08610000e+01
 -2.20604345e+03  3.15194800e+03  9.00000000e-02  2.08400000e+01
 -2.20505656e+03  3.15360200e+03  9.00000000e-02  2.07540000e+01
 -2.20836036e+03  3.15988100e+03  9.00000000e-02  2.06510000e+01
 -2.20836036e+03  3.15988100e+03  9.00000000e-02  2.06510000e+01
 -2.21005695e+03  3.16174000e+03  9.00000000e-02  2.06310000e+01
 -2.22372094e+03  3.16383700e+03  8.40000000e-02  2.06720000e+01
 -2.22806696e+03  3.16749000e+03  8.40000000e-02  2.06670000e+01
 -2.22621232e+03  3.16761800e+03  8.40000000e-02  2.06840000e+01
 -2.22774125e+03  3.17180100e+03  8.40000000e-02  2.05190000e+01
 -2.22774125e+03  3.17180100e+03  8.40000000e-02  2.05190000e+01
 -2.22767294e+03  3.17060100e+03  8.40000000e-02  2.06110000e+01
 -2.23031377e+03  3.16774700e+03  8.40000000e-02  2.06670000e+01
 -2.23139612e+03  3.17051300e+03  8.40000000e-02  2.06660000e+01
 -2.23149977e+03  3.17425300e+03  8.40000000e-02  2.03350000e+01
 -2.23033557e+03  3.17613400e+03  8.40000000e-02  2.03300000e+01
 -2.23408896e+03  3.17471700e+03  8.30000000e-02  2.05210000e+01
 -2.23429513e+03  3.17480400e+03  8.30000000e-02  2.05020000e+01
 -2.23715301e+03  3.17877100e+03  8.40000000e-02  2.04730000e+01
 -2.24507676e+03  3.18184000e+03  8.40000000e-02  2.03550000e+01
 -2.24856940e+03  3.18655300e+03  8.40000000e-02  2.03550000e+01
 -2.24791611e+03  3.18686700e+03  8.40000000e-02  2.03690000e+01
 -2.25071295e+03  3.19127700e+03  8.40000000e-02  2.03340000e+01
 -2.25086533e+03  3.19359000e+03  8.30000000e-02  2.02270000e+01
 -2.25767272e+03  3.19239000e+03  8.30000000e-02  2.02270000e+01
 -2.25767272e+03  3.19239000e+03  8.30000000e-02  2.02270000e+01
 -2.25748189e+03  3.19096300e+03  8.30000000e-02  2.02950000e+01
 -2.26060427e+03  3.19404400e+03  8.30000000e-02  2.02950000e+01
 -2.26938202e+03  3.19524300e+03  8.30000000e-02  2.02950000e+01
 -2.26835556e+03  3.19741600e+03  8.30000000e-02  2.01230000e+01
 -2.26985980e+03  3.19831300e+03  8.30000000e-02  2.01180000e+01
 -2.26971218e+03  3.19711300e+03  8.30000000e-02  2.01230000e+01
 -2.26971218e+03  3.19711300e+03  8.30000000e-02  2.01230000e+01
 -2.26971218e+03  3.19711300e+03  8.30000000e-02  2.01230000e+01
 -2.27203713e+03  3.19756700e+03  8.30000000e-02  2.01610000e+01
 -2.27452213e+03  3.19944700e+03  8.30000000e-02  2.01620000e+01
 -2.27487039e+03  3.20110100e+03  8.30000000e-02  2.01610000e+01
 -2.27641604e+03  3.20430000e+03  8.30000000e-02  2.01430000e+01
 -2.30168850e+03  3.21035300e+03  8.30000000e-02  2.00570000e+01
 -2.30331324e+03  3.21035200e+03  8.30000000e-02  2.01110000e+01
 -2.30505850e+03  3.21112000e+03  8.30000000e-02  2.01190000e+01
 -2.30653021e+03  3.21133600e+03  8.30000000e-02  2.01110000e+01
 -2.30886251e+03  3.21366000e+03  8.30000000e-02  2.01050000e+01
 -2.30981158e+03  3.21828500e+03  8.30000000e-02  1.99880000e+01
 -2.30981158e+03  3.21828500e+03  8.30000000e-02  1.99880000e+01
 -2.32078161e+03  3.21972300e+03  8.30000000e-02  1.99990000e+01
 -2.32354410e+03  3.22510600e+03  8.30000000e-02  1.99500000e+01
 -2.32698113e+03  3.22885700e+03  8.30000000e-02  1.98200000e+01
 -2.32869101e+03  3.22909400e+03  8.30000000e-02  1.98350000e+01
 -2.32869101e+03  3.22909400e+03  8.30000000e-02  1.98350000e+01
 -2.32866426e+03  3.22789400e+03  8.30000000e-02  1.98460000e+01
 -2.33154259e+03  3.23328800e+03  8.30000000e-02  1.98050000e+01
 -2.33246492e+03  3.23373000e+03  8.30000000e-02  1.98100000e+01
 -2.33797256e+03  3.23297400e+03  8.30000000e-02  1.98490000e+01
 -2.33888935e+03  3.23438900e+03  8.30000000e-02  1.98760000e+01
 -2.34125374e+03  3.23627000e+03  8.30000000e-02  1.97960000e+01
 -2.35667234e+03  3.23881000e+03  8.30000000e-02  1.97920000e+01
 -2.36558959e+03  3.24179200e+03  8.30000000e-02  1.97880000e+01
 -2.36244844e+03  3.23826800e+03  8.30000000e-02  1.98550000e+01
 -2.36117044e+03  3.23706800e+03  8.20000000e-02  2.00120000e+01
 -2.37683888e+03  3.24410500e+03  8.20000000e-02  1.99950000e+01
 -2.37593554e+03  3.24006100e+03  8.30000000e-02  2.01320000e+01
 -2.37593554e+03  3.24006100e+03  8.30000000e-02  2.01320000e+01
 -2.37505350e+03  3.23753200e+03  8.30000000e-02  2.01450000e+01
 -2.37566758e+03  3.23820200e+03  8.30000000e-02  2.02550000e+01
 -2.38889231e+03  3.23744500e+03  8.30000000e-02  2.02720000e+01
 -2.38966925e+03  3.23975700e+03  8.30000000e-02  2.02060000e+01
 -2.38966925e+03  3.23975700e+03  8.30000000e-02  2.02060000e+01
 -2.38957830e+03  3.24184300e+03  8.30000000e-02  2.01770000e+01
 -2.39095915e+03  3.24331200e+03  8.30000000e-02  2.01440000e+01
 -2.39195722e+03  3.24473800e+03  8.30000000e-02  2.01440000e+01
 -2.39435812e+03  3.24772100e+03  8.30000000e-02  2.01380000e+01
 -2.39641936e+03  3.24586200e+03  8.30000000e-02  2.02380000e+01
 -2.39641936e+03  3.24586200e+03  8.30000000e-02  2.02380000e+01
 -2.39641936e+03  3.24586200e+03  8.30000000e-02  2.02380000e+01
 -2.40823092e+03  3.24870500e+03  8.30000000e-02  2.01750000e+01
 -2.41048450e+03  3.25363400e+03  8.30000000e-02  2.01370000e+01
 -2.41101035e+03  3.25333100e+03  8.30000000e-02  2.01760000e+01
 -2.41018209e+03  3.25093000e+03  8.30000000e-02  2.01940000e+01
 -2.41018209e+03  3.25093000e+03  8.30000000e-02  2.01940000e+01
 -2.41873759e+03  3.25632400e+03  8.30000000e-02  2.01000000e+01
 -2.41856345e+03  3.25700400e+03  8.30000000e-02  2.00890000e+01
 -2.41988716e+03  3.25864700e+03  8.30000000e-02  2.00180000e+01
 -2.42029977e+03  3.25723100e+03  8.30000000e-02  2.00540000e+01
 -2.41975019e+03  3.25790000e+03  8.30000000e-02  2.00460000e+01
 -2.42888348e+03  3.25945600e+03  8.20000000e-02  2.01020000e+01
 -2.42888348e+03  3.25945600e+03  8.20000000e-02  2.01020000e+01
 -2.43814543e+03  3.26222300e+03  8.20000000e-02  1.99460000e+01
 -2.43962267e+03  3.26013700e+03  8.20000000e-02  1.99390000e+01
 -2.43979748e+03  3.25872000e+03  8.20000000e-02  2.00390000e+01
 -2.44115370e+03  3.25961700e+03  8.20000000e-02  2.01100000e+01
 -2.44977132e+03  3.26544200e+03  8.20000000e-02  2.00690000e+01
 -2.45852439e+03  3.26357200e+03  8.20000000e-02  2.00650000e+01
 -2.45852439e+03  3.26357200e+03  8.20000000e-02  2.00650000e+01
 -2.45807869e+03  3.26731200e+03  8.20000000e-02  2.00210000e+01
 -2.45652607e+03  3.26753900e+03  8.20000000e-02  2.00040000e+01
 -2.46486882e+03  3.26866300e+03  8.20000000e-02  1.98010000e+01
 -2.46395657e+03  3.26865200e+03  8.20000000e-02  1.98180000e+01
 -2.46654894e+03  3.26900700e+03  8.20000000e-02  1.98210000e+01
 -2.46686913e+03  3.27066100e+03  8.20000000e-02  1.97960000e+01
 -2.46834764e+03  3.26991400e+03  8.30000000e-02  1.97830000e+01
 -2.48994812e+03  3.27672400e+03  8.30000000e-02  1.98160000e+01
 -2.49246881e+03  3.27828000e+03  8.30000000e-02  1.98000000e+01
 -2.50212303e+03  3.27984700e+03  8.30000000e-02  1.98470000e+01
 -2.50150201e+03  3.28051700e+03  8.30000000e-02  1.98250000e+01
 -2.50150201e+03  3.28051700e+03  8.30000000e-02  1.98250000e+01
 -2.50301048e+03  3.28327200e+03  8.30000000e-02  1.98230000e+01
 -2.51156894e+03  3.28109900e+03  8.30000000e-02  2.00610000e+01
 -2.51648150e+03  3.28482800e+03  8.30000000e-02  2.00610000e+01
 -2.51994368e+03  3.28736800e+03  8.30000000e-02  2.00060000e+01
 -2.52069765e+03  3.28782100e+03  8.30000000e-02  2.00250000e+01
 -2.52430261e+03  3.29080400e+03  8.30000000e-02  2.00210000e+01
 -2.52621526e+03  3.29102000e+03  8.30000000e-02  2.00210000e+01
 -2.52535357e+03  3.29102000e+03  8.30000000e-02  2.00210000e+01
 -2.52711026e+03  3.29056600e+03  8.30000000e-02  2.00150000e+01
 -2.52711026e+03  3.29056600e+03  8.30000000e-02  2.00150000e+01
 -2.52711026e+03  3.29056600e+03  8.30000000e-02  2.00150000e+01
 -2.53387219e+03  3.29086900e+03  8.30000000e-02  2.00220000e+01
 -2.53387219e+03  3.29086900e+03  8.30000000e-02  2.00220000e+01
 -2.53793724e+03  3.29109600e+03  8.30000000e-02  2.00220000e+01
 -2.54623559e+03  3.29408900e+03  8.30000000e-02  2.00110000e+01
 -2.55029798e+03  3.29542900e+03  8.30000000e-02  2.00400000e+01
 -2.55029798e+03  3.29542900e+03  8.30000000e-02  2.00400000e+01
 -2.56607894e+03  3.29512600e+03  8.30000000e-02  2.02720000e+01
 -2.56910360e+03  3.29721200e+03  8.30000000e-02  2.02720000e+01
 -2.57302435e+03  3.29819500e+03  8.30000000e-02  2.02720000e+01
 -2.57302435e+03  3.29819500e+03  8.30000000e-02  2.02720000e+01
 -2.57302435e+03  3.29819500e+03  8.30000000e-02  2.02720000e+01
 -2.57463451e+03  3.30162100e+03  8.30000000e-02  2.02330000e+01
 -2.57486375e+03  3.30250700e+03  8.30000000e-02  2.02360000e+01
 -2.57468077e+03  3.29935000e+03  8.30000000e-02  2.02150000e+01
 -2.57597539e+03  3.29956600e+03  8.30000000e-02  2.02240000e+01
 -2.58449484e+03  3.30099300e+03  8.30000000e-02  2.02240000e+01
 -2.58449484e+03  3.30099300e+03  8.30000000e-02  2.02240000e+01
 -2.58449484e+03  3.30099300e+03  8.30000000e-02  2.02240000e+01
 -2.58367199e+03  3.30287300e+03  8.30000000e-02  2.00730000e+01
 -2.58367199e+03  3.30287300e+03  8.30000000e-02  2.00730000e+01
 -2.58367199e+03  3.30287300e+03  8.30000000e-02  2.00730000e+01
 -2.58367199e+03  3.30287300e+03  8.30000000e-02  2.00730000e+01
 -2.58327912e+03  3.30518600e+03  8.30000000e-02  1.99970000e+01
 -2.58327912e+03  3.30518600e+03  8.30000000e-02  1.99970000e+01
 -2.59104630e+03  3.30442900e+03  8.30000000e-02  2.00410000e+01
 -2.59104630e+03  3.30442900e+03  8.30000000e-02  2.00410000e+01
 -2.59617293e+03  3.30651500e+03  8.30000000e-02  2.00470000e+01
 -2.59738949e+03  3.30814700e+03  8.30000000e-02  2.01620000e+01
 -2.59731931e+03  3.30672000e+03  8.30000000e-02  2.01590000e+01
 -2.59731931e+03  3.30672000e+03  8.30000000e-02  2.01590000e+01
 -2.59976488e+03  3.31068600e+03  8.20000000e-02  2.01630000e+01
 -2.59976488e+03  3.31068600e+03  8.20000000e-02  2.01630000e+01
 -2.59856235e+03  3.31211300e+03  8.20000000e-02  2.01290000e+01
 -2.60851286e+03  3.31068500e+03  8.20000000e-02  2.02540000e+01
 -2.60851286e+03  3.31068500e+03  8.20000000e-02  2.02540000e+01
 -2.60851286e+03  3.31068500e+03  8.20000000e-02  2.02540000e+01
 -2.60851286e+03  3.31068500e+03  8.20000000e-02  2.02540000e+01
 -2.60906208e+03  3.31472800e+03  8.20000000e-02  2.01780000e+01
 -2.60906208e+03  3.31472800e+03  8.20000000e-02  2.01780000e+01
 -2.60906208e+03  3.31472800e+03  8.20000000e-02  2.01780000e+01
 -2.61084186e+03  3.31419800e+03  8.20000000e-02  2.02650000e+01
 -2.61211532e+03  3.31673700e+03  8.20000000e-02  2.02310000e+01
 -2.61226044e+03  3.31321300e+03  8.20000000e-02  2.02580000e+01
 -2.61226044e+03  3.31321300e+03  8.20000000e-02  2.02580000e+01
 -2.61226044e+03  3.31321300e+03  8.20000000e-02  2.02580000e+01
 -2.61963704e+03  3.31672600e+03  8.20000000e-02  2.02530000e+01
 -2.62525232e+03  3.31663900e+03  8.20000000e-02  2.02410000e+01
 -2.62525232e+03  3.31663900e+03  8.20000000e-02  2.02410000e+01
 -2.62525232e+03  3.31663900e+03  8.20000000e-02  2.02410000e+01
 -2.62671464e+03  3.32037900e+03  8.20000000e-02  2.01440000e+01
 -2.63550868e+03  3.32082100e+03  8.20000000e-02  2.01430000e+01
 -2.63527913e+03  3.31983700e+03  8.20000000e-02  2.01590000e+01
 -2.63527913e+03  3.31983700e+03  8.20000000e-02  2.01590000e+01
 -2.63652961e+03  3.31996600e+03  8.20000000e-02  2.01550000e+01
 -2.63747974e+03  3.32236600e+03  8.20000000e-02  2.01080000e+01
 -2.64017223e+03  3.32227900e+03  8.20000000e-02  2.01060000e+01
 -2.64272641e+03  3.32370500e+03  8.20000000e-02  2.01170000e+01
 -2.64859589e+03  3.32677500e+03  8.20000000e-02  2.01170000e+01
 -2.64859589e+03  3.32677500e+03  8.20000000e-02  2.01170000e+01
 -2.64859589e+03  3.32677500e+03  8.20000000e-02  2.01170000e+01
 -2.64859589e+03  3.32677500e+03  8.20000000e-02  2.01170000e+01
 -2.64965697e+03  3.32798600e+03  8.20000000e-02  2.01300000e+01
 -2.65084888e+03  3.32830000e+03  8.20000000e-02  2.01330000e+01
 -2.65084888e+03  3.32830000e+03  8.20000000e-02  2.01330000e+01
 -2.66130826e+03  3.32994300e+03  8.20000000e-02  2.01410000e+01
 -2.66554559e+03  3.33622300e+03  8.20000000e-02  2.00660000e+01
 -2.67124647e+03  3.33920600e+03  8.30000000e-02  2.00320000e+01
 -2.68005798e+03  3.34107600e+03  8.30000000e-02  2.00080000e+01
 -2.69843666e+03  3.34218900e+03  8.30000000e-02  2.01420000e+01
 -2.70344830e+03  3.34449100e+03  8.30000000e-02  2.01420000e+01
 -2.70448097e+03  3.34770000e+03  8.30000000e-02  2.00770000e+01
 -2.70448097e+03  3.34770000e+03  8.30000000e-02  2.00770000e+01
 -2.71045307e+03  3.35136400e+03  8.30000000e-02  2.00740000e+01
 -2.71053722e+03  3.35367700e+03  8.30000000e-02  1.99530000e+01
 -2.71135009e+03  3.35554600e+03  8.30000000e-02  1.99530000e+01
 -2.71141022e+03  3.35831300e+03  8.30000000e-02  1.98170000e+01
 -2.71141022e+03  3.35831300e+03  8.30000000e-02  1.98170000e+01
 -2.71433867e+03  3.35921000e+03  8.30000000e-02  1.96650000e+01
 -2.71447700e+03  3.36130700e+03  8.40000000e-02  1.94550000e+01
 -2.71680839e+03  3.36109000e+03  8.40000000e-02  1.94540000e+01
 -2.71577848e+03  3.36042000e+03  8.40000000e-02  1.94610000e+01
 -2.71577848e+03  3.36042000e+03  8.40000000e-02  1.94610000e+01
 -2.71577848e+03  3.36042000e+03  8.40000000e-02  1.94610000e+01
 -2.71811177e+03  3.36371700e+03  8.40000000e-02  1.94610000e+01
 -2.71742895e+03  3.36581300e+03  8.40000000e-02  1.94110000e+01
 -2.71957288e+03  3.36812600e+03  8.40000000e-02  1.93100000e+01
 -2.71957288e+03  3.36812600e+03  8.40000000e-02  1.93100000e+01
 -2.71957288e+03  3.36812600e+03  8.40000000e-02  1.93100000e+01
 -2.72159285e+03  3.37133600e+03  8.40000000e-02  1.92130000e+01
 -2.72246751e+03  3.37506500e+03  8.40000000e-02  1.91910000e+01
 -2.72496190e+03  3.37716200e+03  8.40000000e-02  1.91670000e+01
 -2.72496190e+03  3.37716200e+03  8.40000000e-02  1.91670000e+01
 -2.72496190e+03  3.37716200e+03  8.40000000e-02  1.91670000e+01
 -2.72611860e+03  3.37640400e+03  8.40000000e-02  1.91810000e+01
 -2.72744362e+03  3.37706300e+03  8.40000000e-02  1.91810000e+01
 -2.72932132e+03  3.37533300e+03  8.40000000e-02  1.93270000e+01
 -2.73781829e+03  3.37786200e+03  8.40000000e-02  1.92970000e+01
 -2.73864474e+03  3.38257500e+03  8.40000000e-02  1.92270000e+01
 -2.73912129e+03  3.38280200e+03  8.40000000e-02  1.92270000e+01
 -2.74093091e+03  3.38204500e+03  8.40000000e-02  1.92270000e+01
 -2.74042659e+03  3.38016400e+03  8.40000000e-02  1.92340000e+01
 -2.74309921e+03  3.38247700e+03  8.40000000e-02  1.91990000e+01
 -2.74337000e+03  3.38710300e+03  8.40000000e-02  1.91050000e+01
 -2.74960068e+03  3.38733000e+03  8.40000000e-02  1.91510000e+01
 -2.74877849e+03  3.38971900e+03  8.40000000e-02  1.91420000e+01
 -2.75012709e+03  3.39127500e+03  8.40000000e-02  1.91420000e+01
 -2.75989419e+03  3.39193400e+03  8.40000000e-02  1.91360000e+01
 -2.75882085e+03  3.39118700e+03  8.40000000e-02  1.91440000e+01
 -2.75894246e+03  3.38999800e+03  8.40000000e-02  1.91910000e+01
 -2.76033987e+03  3.39299100e+03  8.40000000e-02  1.91510000e+01
 -2.76597519e+03  3.39170400e+03  8.40000000e-02  1.91530000e+01
 -2.76597519e+03  3.39170400e+03  8.40000000e-02  1.91530000e+01
 -2.76597519e+03  3.39170400e+03  8.40000000e-02  1.91530000e+01
 -2.76597519e+03  3.39170400e+03  8.40000000e-02  1.91530000e+01
 -2.76597519e+03  3.39170400e+03  8.40000000e-02  1.91530000e+01
 -2.76597519e+03  3.39170400e+03  8.40000000e-02  1.91530000e+01
 -2.76786037e+03  3.38864500e+03  8.40000000e-02  1.93350000e+01
 -2.76802572e+03  3.39097900e+03  8.40000000e-02  1.92880000e+01
 -2.76856665e+03  3.39195200e+03  8.40000000e-02  1.92830000e+01
 -2.76856665e+03  3.39195200e+03  8.40000000e-02  1.92830000e+01
 -2.77702340e+03  3.39216800e+03  8.40000000e-02  1.92830000e+01
 -2.77784902e+03  3.39515100e+03  8.40000000e-02  1.92740000e+01
 -2.77784902e+03  3.39515100e+03  8.40000000e-02  1.92740000e+01
 -2.77784902e+03  3.39515100e+03  8.40000000e-02  1.92740000e+01
 -2.78072103e+03  3.39844800e+03  8.40000000e-02  1.92700000e+01
 -2.78595229e+03  3.40077100e+03  8.40000000e-02  1.93060000e+01
 -2.78601058e+03  3.40241400e+03  8.40000000e-02  1.92810000e+01
 -2.78628888e+03  3.39978700e+03  8.40000000e-02  1.94580000e+01
 -2.78628888e+03  3.39978700e+03  8.40000000e-02  1.94580000e+01
 -2.79161719e+03  3.40321300e+03  8.40000000e-02  1.93180000e+01
 -2.79165310e+03  3.40584000e+03  8.40000000e-02  1.92600000e+01
 -2.79165310e+03  3.40584000e+03  8.40000000e-02  1.92600000e+01
 -2.79165310e+03  3.40584000e+03  8.40000000e-02  1.92600000e+01
 -2.79165310e+03  3.40584000e+03  8.40000000e-02  1.92600000e+01
 -2.79165310e+03  3.40584000e+03  8.40000000e-02  1.92600000e+01
 -2.79165310e+03  3.40584000e+03  8.40000000e-02  1.92600000e+01
 -2.79165310e+03  3.40584000e+03  8.40000000e-02  1.92600000e+01
 -2.79165310e+03  3.40584000e+03  8.40000000e-02  1.92600000e+01
 -2.79165310e+03  3.40584000e+03  8.40000000e-02  1.92600000e+01
 -2.79173123e+03  3.40486600e+03  8.40000000e-02  1.92580000e+01
 -2.79240146e+03  3.40554700e+03  8.40000000e-02  1.92700000e+01
 -2.79240146e+03  3.40554700e+03  8.40000000e-02  1.92700000e+01
 -2.79240146e+03  3.40554700e+03  8.40000000e-02  1.92700000e+01
 -2.79240146e+03  3.40554700e+03  8.40000000e-02  1.92700000e+01
 -2.79240146e+03  3.40554700e+03  8.40000000e-02  1.92700000e+01
 -2.80901873e+03  3.40787100e+03  8.40000000e-02  1.92700000e+01
 -2.81547428e+03  3.41160000e+03  8.40000000e-02  1.92580000e+01
 -2.81547428e+03  3.41160000e+03  8.40000000e-02  1.92580000e+01
 -2.81547428e+03  3.41160000e+03  8.40000000e-02  1.92580000e+01
 -2.81547254e+03  3.41345900e+03  8.40000000e-02  1.92520000e+01
 -2.81547254e+03  3.41345900e+03  8.40000000e-02  1.92520000e+01
 -2.81547254e+03  3.41345900e+03  8.40000000e-02  1.92520000e+01
 -2.81746289e+03  3.41764100e+03  8.40000000e-02  1.92430000e+01
 -2.81746289e+03  3.41764100e+03  8.40000000e-02  1.92430000e+01
 -2.81746289e+03  3.41764100e+03  8.40000000e-02  1.92430000e+01
 -2.81746289e+03  3.41764100e+03  8.40000000e-02  1.92430000e+01
 -2.81746289e+03  3.41764100e+03  8.40000000e-02  1.92430000e+01
 -2.81940562e+03  3.41899200e+03  8.40000000e-02  1.91700000e+01
 -2.81963954e+03  3.41833300e+03  8.40000000e-02  1.91320000e+01
 -2.81963954e+03  3.41833300e+03  8.40000000e-02  1.91320000e+01
 -2.81963954e+03  3.41833300e+03  8.40000000e-02  1.91320000e+01
 -2.81963954e+03  3.41833300e+03  8.40000000e-02  1.91320000e+01
 -2.82033717e+03  3.41899200e+03  8.40000000e-02  1.91280000e+01
 -2.82530732e+03  3.42219100e+03  8.40000000e-02  1.90720000e+01
 -2.82530732e+03  3.42219100e+03  8.40000000e-02  1.90720000e+01
 -2.82602882e+03  3.42152100e+03  8.40000000e-02  1.91150000e+01
 -2.82658589e+03  3.42062400e+03  8.40000000e-02  1.92050000e+01
 -2.82658589e+03  3.42062400e+03  8.40000000e-02  1.92050000e+01
 -2.82658589e+03  3.42062400e+03  8.40000000e-02  1.92050000e+01
 -2.82713946e+03  3.42196400e+03  8.40000000e-02  1.91620000e+01
 -2.82713946e+03  3.42196400e+03  8.40000000e-02  1.91620000e+01
 -2.84039761e+03  3.42809300e+03  8.40000000e-02  1.91360000e+01
 -2.84039761e+03  3.42809300e+03  8.40000000e-02  1.91360000e+01
 -2.84282856e+03  3.42854700e+03  8.40000000e-02  1.91360000e+01
 -2.84822729e+03  3.43174500e+03  8.40000000e-02  1.91360000e+01
 -2.84808425e+03  3.43295600e+03  8.40000000e-02  1.91160000e+01
 -2.84808425e+03  3.43295600e+03  8.40000000e-02  1.91160000e+01
 -2.84991180e+03  3.43461000e+03  8.40000000e-02  1.91160000e+01
 -2.85114687e+03  3.43603700e+03  8.40000000e-02  1.91030000e+01
 -2.85117696e+03  3.43582000e+03  8.40000000e-02  1.91550000e+01
 -2.85573845e+03  3.43747400e+03  8.40000000e-02  1.92150000e+01
 -2.85573845e+03  3.43747400e+03  8.40000000e-02  1.92150000e+01
 -2.85573845e+03  3.43747400e+03  8.40000000e-02  1.92150000e+01
 -2.85573845e+03  3.43747400e+03  8.40000000e-02  1.92150000e+01
 -2.85558959e+03  3.43912800e+03  8.40000000e-02  1.91720000e+01
 -2.85707218e+03  3.43823100e+03  8.40000000e-02  1.91680000e+01
 -2.85707218e+03  3.43823100e+03  8.40000000e-02  1.91680000e+01
 -2.85707218e+03  3.43823100e+03  8.40000000e-02  1.91680000e+01
 -2.85707218e+03  3.43823100e+03  8.40000000e-02  1.91680000e+01
 -2.85707218e+03  3.43823100e+03  8.40000000e-02  1.91680000e+01
 -2.86964777e+03  3.44183100e+03  8.40000000e-02  1.91660000e+01
 -2.87350091e+03  3.44250100e+03  8.40000000e-02  1.91600000e+01
 -2.87400552e+03  3.44032800e+03  8.40000000e-02  1.91670000e+01
 -2.88851142e+03  3.43867400e+03  8.40000000e-02  1.92810000e+01
 -2.88851142e+03  3.43867400e+03  8.40000000e-02  1.92810000e+01
 -2.89969469e+03  3.44077100e+03  8.40000000e-02  1.93100000e+01
 -2.89991693e+03  3.44429400e+03  8.40000000e-02  1.92510000e+01
 -2.89991693e+03  3.44429400e+03  8.40000000e-02  1.92510000e+01
 -2.90036577e+03  3.44309400e+03  8.40000000e-02  1.93320000e+01
 -2.90077684e+03  3.44532000e+03  8.30000000e-02  1.92820000e+01
 -2.90077684e+03  3.44532000e+03  8.30000000e-02  1.92820000e+01
 -2.90077684e+03  3.44532000e+03  8.30000000e-02  1.92820000e+01
 -2.90146587e+03  3.44652000e+03  8.30000000e-02  1.93090000e+01
 -2.90146587e+03  3.44652000e+03  8.30000000e-02  1.93090000e+01
 -2.90146587e+03  3.44652000e+03  8.30000000e-02  1.93090000e+01
 -2.90146712e+03  3.44794700e+03  8.30000000e-02  1.92060000e+01
 -2.90146712e+03  3.44794700e+03  8.30000000e-02  1.92060000e+01
 -2.90146712e+03  3.44794700e+03  8.30000000e-02  1.92060000e+01
 -2.90146712e+03  3.44794700e+03  8.30000000e-02  1.92060000e+01
 -2.90146712e+03  3.44794700e+03  8.30000000e-02  1.92060000e+01
 -2.91185109e+03  3.44980600e+03  8.30000000e-02  1.91800000e+01
 -2.91357082e+03  3.45090800e+03  8.30000000e-02  1.91810000e+01
 -2.91357082e+03  3.45090800e+03  8.30000000e-02  1.91810000e+01
 -2.91351915e+03  3.45166500e+03  8.30000000e-02  1.92000000e+01
 -2.91351915e+03  3.45166500e+03  8.30000000e-02  1.92000000e+01
 -2.91351915e+03  3.45166500e+03  8.30000000e-02  1.92000000e+01
 -2.91602138e+03  3.45420500e+03  8.30000000e-02  1.91810000e+01
 -2.91602138e+03  3.45420500e+03  8.30000000e-02  1.91810000e+01
 -2.91594386e+03  3.45478700e+03  8.30000000e-02  1.90970000e+01
 -2.92433506e+03  3.45732700e+03  8.30000000e-02  1.90380000e+01
 -2.92832576e+03  3.45965100e+03  8.30000000e-02  1.90410000e+01
 -2.93061019e+03  3.46174700e+03  8.30000000e-02  1.90370000e+01
 -2.93581220e+03  3.46055800e+03  8.30000000e-02  1.90510000e+01
 -2.93758219e+03  3.46332500e+03  8.30000000e-02  1.90400000e+01
 -2.93887299e+03  3.46610200e+03  8.30000000e-02  1.89620000e+01
 -2.93887299e+03  3.46610200e+03  8.30000000e-02  1.89620000e+01
 -2.93906963e+03  3.46543200e+03  8.30000000e-02  1.89920000e+01
 -2.93906963e+03  3.46543200e+03  8.30000000e-02  1.89920000e+01
 -2.93906963e+03  3.46543200e+03  8.30000000e-02  1.89920000e+01
 -2.94058657e+03  3.46511800e+03  8.30000000e-02  1.90090000e+01
 -2.94326381e+03  3.46698800e+03  8.30000000e-02  1.90070000e+01
 -2.94326381e+03  3.46698800e+03  8.30000000e-02  1.90070000e+01
 -2.94317029e+03  3.46623100e+03  8.30000000e-02  1.90160000e+01
 -2.94317029e+03  3.46623100e+03  8.30000000e-02  1.90160000e+01
 -2.94317029e+03  3.46623100e+03  8.30000000e-02  1.90160000e+01
 -2.94343362e+03  3.46877100e+03  8.30000000e-02  1.88780000e+01
 -2.94343362e+03  3.46877100e+03  8.30000000e-02  1.88780000e+01
 -2.94343362e+03  3.46877100e+03  8.30000000e-02  1.88780000e+01
 -2.94343362e+03  3.46877100e+03  8.30000000e-02  1.88780000e+01
 -2.94349997e+03  3.47019700e+03  8.30000000e-02  1.88730000e+01
 -2.94355720e+03  3.47162400e+03  8.30000000e-02  1.88010000e+01
 -2.94355720e+03  3.47162400e+03  8.30000000e-02  1.88010000e+01
 -2.94355720e+03  3.47162400e+03  8.30000000e-02  1.88010000e+01
 -2.95670169e+03  3.47363400e+03  8.30000000e-02  1.87970000e+01
 -2.95670169e+03  3.47363400e+03  8.30000000e-02  1.87970000e+01
 -2.95670169e+03  3.47363400e+03  8.30000000e-02  1.87970000e+01
 -2.95930603e+03  3.47640000e+03  8.30000000e-02  1.87870000e+01
 -2.95968088e+03  3.47795600e+03  8.30000000e-02  1.87760000e+01
 -2.95968088e+03  3.47795600e+03  8.30000000e-02  1.87760000e+01
 -2.96301838e+03  3.47354600e+03  8.30000000e-02  1.87760000e+01
 -2.96431314e+03  3.47323200e+03  8.30000000e-02  1.87460000e+01
 -2.96431314e+03  3.47323200e+03  8.30000000e-02  1.87460000e+01
 -2.97800073e+03  3.47510200e+03  8.30000000e-02  1.87640000e+01
 -2.98013695e+03  3.47345900e+03  8.30000000e-02  1.90520000e+01
 -2.98013695e+03  3.47345900e+03  8.30000000e-02  1.90520000e+01
 -2.98685865e+03  3.47368600e+03  8.30000000e-02  1.92190000e+01
 -2.98685865e+03  3.47368600e+03  8.30000000e-02  1.92190000e+01
 -2.98685865e+03  3.47368600e+03  8.30000000e-02  1.92190000e+01
 -2.98931267e+03  3.47533900e+03  8.30000000e-02  1.92190000e+01
 -2.99150261e+03  3.47503600e+03  8.30000000e-02  1.92440000e+01
 -2.99393041e+03  3.47921900e+03  8.30000000e-02  1.91490000e+01
 -2.99393041e+03  3.47921900e+03  8.30000000e-02  1.91490000e+01
 -2.99813528e+03  3.48207300e+03  8.30000000e-02  1.90860000e+01
 -3.00324552e+03  3.48429900e+03  8.60000000e-02  1.90470000e+01
 -3.00318187e+03  3.48375800e+03  8.60000000e-02  1.90600000e+01
 -3.00318187e+03  3.48375800e+03  8.60000000e-02  1.90600000e+01
 -3.00318187e+03  3.48375800e+03  8.60000000e-02  1.90600000e+01
 -3.00318187e+03  3.48375800e+03  8.60000000e-02  1.90600000e+01
 -3.00458068e+03  3.48562800e+03  8.60000000e-02  1.90570000e+01
 -3.00581947e+03  3.48651300e+03  8.60000000e-02  1.90600000e+01
 -3.00774632e+03  3.48531300e+03  8.60000000e-02  1.91110000e+01
 -3.00788103e+03  3.48554000e+03  8.60000000e-02  1.91110000e+01
 -3.00864574e+03  3.48598200e+03  8.60000000e-02  1.91780000e+01
 -3.00881445e+03  3.48650200e+03  8.60000000e-02  1.92360000e+01
 -3.01532211e+03  3.48858800e+03  8.60000000e-02  1.92170000e+01
 -3.02011826e+03  3.49210100e+03  8.60000000e-02  1.91100000e+01
 -3.02011826e+03  3.49210100e+03  8.60000000e-02  1.91100000e+01
 -3.02006956e+03  3.49464000e+03  8.60000000e-02  1.89720000e+01
 -3.02074008e+03  3.49718000e+03  8.60000000e-02  1.89300000e+01
 -3.02078803e+03  3.49940600e+03  8.60000000e-02  1.88820000e+01
 -3.02078803e+03  3.49940600e+03  8.60000000e-02  1.88820000e+01
 -3.02294615e+03  3.49948200e+03  8.60000000e-02  1.88940000e+01
 -3.02588005e+03  3.50433500e+03  8.60000000e-02  1.88700000e+01
 -3.02588005e+03  3.50433500e+03  8.60000000e-02  1.88700000e+01
 -3.02640148e+03  3.50434600e+03  8.60000000e-02  1.88670000e+01
 -3.02640148e+03  3.50434600e+03  8.60000000e-02  1.88670000e+01
 -3.02640148e+03  3.50434600e+03  8.60000000e-02  1.88670000e+01
 -3.02640148e+03  3.50434600e+03  8.60000000e-02  1.88670000e+01
 -3.03243669e+03  3.50598900e+03  8.60000000e-02  1.88660000e+01
 -3.03274110e+03  3.50710200e+03  8.60000000e-02  1.88110000e+01
 -3.03274110e+03  3.50710200e+03  8.60000000e-02  1.88110000e+01
 -3.03341014e+03  3.51052800e+03  8.60000000e-02  1.87850000e+01
 -3.03341014e+03  3.51052800e+03  8.60000000e-02  1.87850000e+01
 -3.03341014e+03  3.51052800e+03  8.60000000e-02  1.87850000e+01
 -3.03338700e+03  3.51118700e+03  8.60000000e-02  1.87910000e+01
 -3.03338700e+03  3.51118700e+03  8.60000000e-02  1.87910000e+01
 -3.03338700e+03  3.51118700e+03  8.60000000e-02  1.87910000e+01
 -3.03431514e+03  3.51350000e+03  8.60000000e-02  1.87610000e+01
 -3.03465128e+03  3.51535900e+03  8.60000000e-02  1.87390000e+01
 -3.03617356e+03  3.51602800e+03  8.60000000e-02  1.89290000e+01
 -3.03617356e+03  3.51602800e+03  8.60000000e-02  1.89290000e+01
 -3.03617356e+03  3.51602800e+03  8.60000000e-02  1.89290000e+01
 -3.03617356e+03  3.51602800e+03  8.60000000e-02  1.89290000e+01
 -3.03730381e+03  3.51594100e+03  8.60000000e-02  1.89770000e+01
 -3.03730381e+03  3.51594100e+03  8.60000000e-02  1.89770000e+01
 -3.03730381e+03  3.51594100e+03  8.60000000e-02  1.89770000e+01
 -3.03889863e+03  3.51518300e+03  8.60000000e-02  1.90030000e+01
 -3.03889863e+03  3.51518300e+03  8.60000000e-02  1.90030000e+01
 -3.03889863e+03  3.51518300e+03  8.60000000e-02  1.90030000e+01
 -3.04137050e+03  3.51749600e+03  8.60000000e-02  1.89940000e+01
 -3.04137050e+03  3.51749600e+03  8.60000000e-02  1.89940000e+01
 -3.04761047e+03  3.51704200e+03  8.60000000e-02  1.89990000e+01
 -3.04995347e+03  3.51901000e+03  8.60000000e-02  1.89850000e+01
 -3.05118813e+03  3.51922600e+03  8.60000000e-02  1.90550000e+01
 -3.05118813e+03  3.51922600e+03  8.60000000e-02  1.90550000e+01
 -3.05118813e+03  3.51922600e+03  8.60000000e-02  1.90550000e+01
 -3.05734035e+03  3.52176600e+03  8.60000000e-02  1.88560000e+01
 -3.05734035e+03  3.52176600e+03  8.60000000e-02  1.88560000e+01
 -3.06009448e+03  3.52746300e+03  8.60000000e-02  1.87710000e+01
 -3.06009448e+03  3.52746300e+03  8.60000000e-02  1.87710000e+01
 -3.06279270e+03  3.52911600e+03  8.60000000e-02  1.87670000e+01
 -3.06304623e+03  3.53130000e+03  8.60000000e-02  1.86530000e+01
 -3.06304623e+03  3.53130000e+03  8.60000000e-02  1.86530000e+01
 -3.06731888e+03  3.53128900e+03  8.60000000e-02  1.86760000e+01
 -3.06731888e+03  3.53128900e+03  8.60000000e-02  1.86760000e+01
 -3.06731888e+03  3.53128900e+03  8.60000000e-02  1.86760000e+01
 -3.06802679e+03  3.53182000e+03  8.60000000e-02  1.86760000e+01
 -3.06814684e+03  3.53248900e+03  8.60000000e-02  1.86530000e+01
 -3.06814684e+03  3.53248900e+03  8.60000000e-02  1.86530000e+01
 -3.06814684e+03  3.53248900e+03  8.60000000e-02  1.86530000e+01
 -3.06844737e+03  3.53480200e+03  8.60000000e-02  1.85730000e+01
 -3.06970964e+03  3.53809900e+03  8.60000000e-02  1.85260000e+01
 -3.07061444e+03  3.54175100e+03  8.60000000e-02  1.84220000e+01
 -3.07061444e+03  3.54175100e+03  8.60000000e-02  1.84220000e+01
 -3.07101979e+03  3.54243200e+03  8.60000000e-02  1.84150000e+01
 -3.07101979e+03  3.54243200e+03  8.60000000e-02  1.84150000e+01
 -3.07482891e+03  3.54452900e+03  8.60000000e-02  1.84150000e+01
 -3.07902766e+03  3.54578100e+03  8.60000000e-02  1.83430000e+01
 -3.07902766e+03  3.54578100e+03  8.60000000e-02  1.83430000e+01
 -3.07902766e+03  3.54578100e+03  8.60000000e-02  1.83430000e+01
 -3.07902766e+03  3.54578100e+03  8.60000000e-02  1.83430000e+01
 -3.07902766e+03  3.54578100e+03  8.60000000e-02  1.83430000e+01
 -3.08184919e+03  3.54719800e+03  8.60000000e-02  1.82760000e+01
 -3.08184919e+03  3.54719800e+03  8.60000000e-02  1.82760000e+01
 -3.08184919e+03  3.54719800e+03  8.60000000e-02  1.82760000e+01
 -3.08193702e+03  3.54718700e+03  8.60000000e-02  1.83360000e+01
 -3.08193702e+03  3.54718700e+03  8.60000000e-02  1.83360000e+01
 -3.08820376e+03  3.54739200e+03  8.60000000e-02  1.83360000e+01
 -3.08820376e+03  3.54739200e+03  8.60000000e-02  1.83360000e+01
 -3.08820376e+03  3.54739200e+03  8.60000000e-02  1.83360000e+01
 -3.08820376e+03  3.54739200e+03  8.60000000e-02  1.83360000e+01
 -3.08820376e+03  3.54739200e+03  8.60000000e-02  1.83360000e+01
 -3.09712302e+03  3.54828900e+03  8.60000000e-02  1.83310000e+01
 -3.09712302e+03  3.54828900e+03  8.60000000e-02  1.83310000e+01
 -3.10066586e+03  3.55038500e+03  8.60000000e-02  1.83320000e+01
 -3.10066586e+03  3.55038500e+03  8.60000000e-02  1.83320000e+01
 -3.10473828e+03  3.55158500e+03  8.60000000e-02  1.83700000e+01
 -3.10473828e+03  3.55158500e+03  8.60000000e-02  1.83700000e+01
 -3.10473828e+03  3.55158500e+03  8.60000000e-02  1.83700000e+01
 -3.11425457e+03  3.55268700e+03  8.60000000e-02  1.83380000e+01
 -3.11425457e+03  3.55268700e+03  8.60000000e-02  1.83380000e+01
 -3.11425457e+03  3.55268700e+03  8.60000000e-02  1.83380000e+01
 -3.11425457e+03  3.55268700e+03  8.60000000e-02  1.83380000e+01
 -3.11425457e+03  3.55268700e+03  8.60000000e-02  1.83380000e+01
 -3.11425457e+03  3.55268700e+03  8.60000000e-02  1.83380000e+01
 -3.11425457e+03  3.55268700e+03  8.60000000e-02  1.83380000e+01
 -3.11425457e+03  3.55268700e+03  8.60000000e-02  1.83380000e+01
 -3.11425457e+03  3.55268700e+03  8.60000000e-02  1.83380000e+01
 -3.11425457e+03  3.55268700e+03  8.60000000e-02  1.83380000e+01
 -3.11425457e+03  3.55268700e+03  8.60000000e-02  1.83380000e+01
 -3.11425457e+03  3.55268700e+03  8.60000000e-02  1.83380000e+01
 -3.11425457e+03  3.55268700e+03  8.60000000e-02  1.83380000e+01
 -3.13113554e+03  3.55565900e+03  8.60000000e-02  1.83380000e+01
 -3.13113554e+03  3.55565900e+03  8.60000000e-02  1.83380000e+01
 -3.13113554e+03  3.55565900e+03  8.60000000e-02  1.83380000e+01
 -3.13259296e+03  3.55557200e+03  8.60000000e-02  1.83420000e+01
 -3.13259296e+03  3.55557200e+03  8.60000000e-02  1.83420000e+01
 -3.13259296e+03  3.55557200e+03  8.60000000e-02  1.83420000e+01
 -3.13259296e+03  3.55557200e+03  8.60000000e-02  1.83420000e+01
 -3.13512917e+03  3.55712800e+03  8.60000000e-02  1.83280000e+01
 -3.13620822e+03  3.55691200e+03  8.60000000e-02  1.83190000e+01
 -3.13620822e+03  3.55691200e+03  8.60000000e-02  1.83190000e+01
 -3.13620822e+03  3.55691200e+03  8.60000000e-02  1.83190000e+01
 -3.13620822e+03  3.55691200e+03  8.60000000e-02  1.83190000e+01
 -3.13620822e+03  3.55691200e+03  8.60000000e-02  1.83190000e+01
 -3.13620822e+03  3.55691200e+03  8.60000000e-02  1.83190000e+01
 -3.13783123e+03  3.55968900e+03  8.60000000e-02  1.83240000e+01
 -3.13783123e+03  3.55968900e+03  8.60000000e-02  1.83240000e+01
 -3.13986289e+03  3.55804600e+03  8.60000000e-02  1.84390000e+01
 -3.13986289e+03  3.55804600e+03  8.60000000e-02  1.84390000e+01
 -3.14079037e+03  3.55894200e+03  8.60000000e-02  1.84340000e+01
 -3.14561392e+03  3.56201200e+03  8.60000000e-02  1.84030000e+01
 -3.14561392e+03  3.56201200e+03  8.60000000e-02  1.84030000e+01
 -3.14561392e+03  3.56201200e+03  8.60000000e-02  1.84030000e+01
 -3.14561392e+03  3.56201200e+03  8.60000000e-02  1.84030000e+01
 -3.14561392e+03  3.56201200e+03  8.60000000e-02  1.84030000e+01
 -3.14562836e+03  3.56223900e+03  8.20000000e-02  1.83920000e+01
 -3.14562836e+03  3.56223900e+03  8.20000000e-02  1.83920000e+01
 -3.14562836e+03  3.56223900e+03  8.20000000e-02  1.83920000e+01
 -3.14562836e+03  3.56223900e+03  8.20000000e-02  1.83920000e+01
 -3.15160829e+03  3.56455200e+03  8.20000000e-02  1.83760000e+01
 -3.15189934e+03  3.56468100e+03  8.20000000e-02  1.83850000e+01
 -3.15661230e+03  3.56646300e+03  8.20000000e-02  1.84000000e+01
 -3.15661230e+03  3.56646300e+03  8.20000000e-02  1.84000000e+01
 -3.15661230e+03  3.56646300e+03  8.20000000e-02  1.84000000e+01
 -3.15661230e+03  3.56646300e+03  8.20000000e-02  1.84000000e+01
 -3.16059441e+03  3.56535000e+03  8.20000000e-02  1.84340000e+01
 -3.16360442e+03  3.56700400e+03  8.20000000e-02  1.84280000e+01
 -3.16360442e+03  3.56700400e+03  8.20000000e-02  1.84280000e+01
 -3.16883640e+03  3.57044100e+03  8.20000000e-02  1.84300000e+01
 -3.16883640e+03  3.57044100e+03  8.20000000e-02  1.84300000e+01
 -3.16883640e+03  3.57044100e+03  8.20000000e-02  1.84300000e+01
 -3.16883640e+03  3.57044100e+03  8.20000000e-02  1.84300000e+01
 -3.16883640e+03  3.57044100e+03  8.20000000e-02  1.84300000e+01
 -3.16977093e+03  3.57208300e+03  8.20000000e-02  1.84290000e+01
 -3.16977093e+03  3.57208300e+03  8.20000000e-02  1.84290000e+01
 -3.16977093e+03  3.57208300e+03  8.20000000e-02  1.84290000e+01
 -3.18241900e+03  3.57581200e+03  8.20000000e-02  1.83550000e+01
 -3.18241900e+03  3.57581200e+03  8.20000000e-02  1.83550000e+01
 -3.18283475e+03  3.57692500e+03  8.20000000e-02  1.83230000e+01
 -3.18283475e+03  3.57692500e+03  8.20000000e-02  1.83230000e+01
 -3.18283475e+03  3.57692500e+03  8.20000000e-02  1.83230000e+01
 -3.18850299e+03  3.57759500e+03  8.20000000e-02  1.83780000e+01
 -3.18871917e+03  3.57803800e+03  8.20000000e-02  1.83780000e+01
 -3.18871917e+03  3.57803800e+03  8.20000000e-02  1.83780000e+01
 -3.18871917e+03  3.57803800e+03  8.20000000e-02  1.83780000e+01
 -3.19042145e+03  3.57563800e+03  8.20000000e-02  1.84190000e+01
 -3.19067549e+03  3.57466400e+03  8.30000000e-02  1.85270000e+01
 -3.19556793e+03  3.57600400e+03  8.30000000e-02  1.85270000e+01
 -3.19556793e+03  3.57600400e+03  8.30000000e-02  1.85270000e+01
 -3.19580867e+03  3.57525800e+03  8.30000000e-02  1.85740000e+01
 -3.19989589e+03  3.57562400e+03  8.30000000e-02  1.86460000e+01
 -3.20002082e+03  3.57673700e+03  8.30000000e-02  1.86450000e+01
 -3.20002082e+03  3.57673700e+03  8.30000000e-02  1.86450000e+01
 -3.20324304e+03  3.57838000e+03  8.30000000e-02  1.86450000e+01
 -3.20324304e+03  3.57838000e+03  8.30000000e-02  1.86450000e+01
 -3.20699686e+03  3.58092000e+03  8.30000000e-02  1.86450000e+01
 -3.20937918e+03  3.58376300e+03  8.30000000e-02  1.86450000e+01
 -3.20956682e+03  3.58563300e+03  8.30000000e-02  1.86250000e+01
 -3.20956682e+03  3.58563300e+03  8.30000000e-02  1.86250000e+01
 -3.20956682e+03  3.58563300e+03  8.30000000e-02  1.86250000e+01
 -3.20956682e+03  3.58563300e+03  8.30000000e-02  1.86250000e+01
 -3.20956682e+03  3.58563300e+03  8.30000000e-02  1.86250000e+01
 -3.20956682e+03  3.58563300e+03  8.30000000e-02  1.86250000e+01
 -3.21004983e+03  3.58674600e+03  8.30000000e-02  1.86090000e+01
 -3.21004983e+03  3.58674600e+03  8.30000000e-02  1.86090000e+01
 -3.21004983e+03  3.58674600e+03  8.30000000e-02  1.86090000e+01
 -3.22203017e+03  3.59181500e+03  8.30000000e-02  1.85400000e+01
 -3.22197939e+03  3.59248400e+03  8.30000000e-02  1.85400000e+01
 -3.22197939e+03  3.59248400e+03  8.30000000e-02  1.85400000e+01
 -3.22318974e+03  3.59315400e+03  8.30000000e-02  1.85480000e+01
 -3.22318974e+03  3.59315400e+03  8.30000000e-02  1.85480000e+01
 -3.22318974e+03  3.59315400e+03  8.30000000e-02  1.85480000e+01
 -3.23022459e+03  3.59667800e+03  8.30000000e-02  1.85490000e+01
 -3.23022459e+03  3.59667800e+03  8.30000000e-02  1.85490000e+01
 -3.23024209e+03  3.59713100e+03  8.30000000e-02  1.85490000e+01
 -3.23024209e+03  3.59713100e+03  8.30000000e-02  1.85490000e+01
 -3.23254690e+03  3.60034100e+03  8.30000000e-02  1.86090000e+01
 -3.23254690e+03  3.60034100e+03  8.30000000e-02  1.86090000e+01
 -3.23559748e+03  3.59936700e+03  8.30000000e-02  1.86090000e+01
 -3.23559748e+03  3.59936700e+03  8.30000000e-02  1.86090000e+01
 -3.24565132e+03  3.59959400e+03  8.30000000e-02  1.86400000e+01
 -3.24968881e+03  3.60115000e+03  8.30000000e-02  1.86400000e+01
 -3.24968881e+03  3.60115000e+03  8.30000000e-02  1.86400000e+01
 -3.25042525e+03  3.60235000e+03  8.40000000e-02  1.86120000e+01
 -3.25045536e+03  3.60235000e+03  8.40000000e-02  1.86110000e+01
 -3.25045536e+03  3.60235000e+03  8.40000000e-02  1.86110000e+01
 -3.25045536e+03  3.60235000e+03  8.40000000e-02  1.86110000e+01
 -3.25045536e+03  3.60235000e+03  8.40000000e-02  1.86110000e+01
 -3.25045536e+03  3.60235000e+03  8.40000000e-02  1.86110000e+01
 -3.25903842e+03  3.60346300e+03  8.40000000e-02  1.86020000e+01
 -3.25903842e+03  3.60346300e+03  8.40000000e-02  1.86020000e+01
 -3.25903842e+03  3.60346300e+03  8.40000000e-02  1.86020000e+01
 -3.25903842e+03  3.60346300e+03  8.40000000e-02  1.86020000e+01
 -3.26034245e+03  3.60600300e+03  8.40000000e-02  1.85440000e+01
 -3.26034245e+03  3.60600300e+03  8.40000000e-02  1.85440000e+01
 -3.26299043e+03  3.61004500e+03  8.40000000e-02  1.85420000e+01
 -3.26299043e+03  3.61004500e+03  8.40000000e-02  1.85420000e+01