-1.56455120e+03  2.57626700e+03  8.80000000e-02  2.93540000e+01
 -1.58146529e+03  2.58067700e+03  8.40000000e-02  2.93540000e+01
 -1.58503112e+03  2.58299000e+03  8.40000000e-02  2.93460000e+01
 -1.59103350e+03  2.58770200e+03  8.40000000e-02  2.93310000e+01
 -1.59216860e+03  2.59331200e+03  8.40000000e-02  2.89610000e+01
 -1.60264986e+03  2.59705200e+03  8.40000000e-02  2.89440000e+01
 -1.61041070e+03  2.60132200e+03  8.40000000e-02  2.89440000e+01
 -1.61129077e+03  2.60243400e+03  8.40000000e-02  2.91100000e+01
 -1.61427884e+03  2.60573100e+03  8.40000000e-02  2.90380000e+01
 -1.61457814e+03  2.60924400e+03  8.40000000e-02  2.88820000e+01
 -1.61574281e+03  2.61133000e+03  8.40000000e-02  2.88670000e+01
 -1.63042443e+03  2.61605400e+03  8.40000000e-02  2.88670000e+01
 -1.63577345e+03  2.61912400e+03  8.40000000e-02  2.88670000e+01
 -1.63568056e+03  2.62383600e+03  8.40000000e-02  2.87580000e+01
 -1.64274873e+03  2.63041900e+03  8.40000000e-02  2.86720000e+01
 -1.64166754e+03  2.63130500e+03  8.40000000e-02  2.86200000e+01
 -1.64839109e+03  2.63437500e+03  8.40000000e-02  2.86200000e+01
 -1.66027595e+03  2.63975700e+03  8.40000000e-02  2.85900000e+01
 -1.65772868e+03  2.64064300e+03  8.40000000e-02  2.84730000e+01
 -1.65564770e+03  2.64078200e+03  8.40000000e-02  2.84570000e+01
 -1.65877906e+03  2.64376500e+03  8.40000000e-02  2.84570000e+01
 -1.66482112e+03  2.64794800e+03  8.40000000e-02  2.81740000e+01
 -1.67090462e+03  2.65453000e+03  8.40000000e-02  2.81600000e+01
 -1.68166563e+03  2.66201000e+03  8.40000000e-02  2.80540000e+01
 -1.68213179e+03  2.66433300e+03  8.40000000e-02  2.80370000e+01
 -1.68647253e+03  2.66708900e+03  8.40000000e-02  2.80250000e+01
 -1.69286843e+03  2.66897000e+03  8.40000000e-02  2.80210000e+01
 -1.69841466e+03  2.67480600e+03  8.40000000e-02  2.78350000e+01
 -1.70349382e+03  2.67974600e+03  8.40000000e-02  2.77870000e+01
 -1.70399343e+03  2.68063200e+03  8.40000000e-02  2.77880000e+01
 -1.70759163e+03  2.68318200e+03  8.40000000e-02  2.77820000e+01
 -1.71374504e+03  2.68692200e+03  8.40000000e-02  2.77350000e+01
 -1.72486956e+03  2.69119100e+03  8.40000000e-02  2.76790000e+01
 -1.74048311e+03  2.69614200e+03  8.40000000e-02  2.76410000e+01
 -1.74734627e+03  2.70183900e+03  8.40000000e-02  2.76150000e+01
 -1.75783421e+03  2.70557800e+03  8.40000000e-02  2.76150000e+01
 -1.76343230e+03  2.70811800e+03  8.40000000e-02  2.75770000e+01
 -1.76409178e+03  2.71657100e+03  8.50000000e-02  2.73230000e+01
 -1.76594013e+03  2.71941400e+03  8.50000000e-02  2.72830000e+01
 -1.76772161e+03  2.72479700e+03  8.50000000e-02  2.70710000e+01
 -1.76768033e+03  2.72742300e+03  8.50000000e-02  2.70400000e+01
 -1.76884546e+03  2.73259000e+03  8.50000000e-02  2.69410000e+01
 -1.76773470e+03  2.73362600e+03  8.50000000e-02  2.69280000e+01
 -1.76791241e+03  2.73646900e+03  8.50000000e-02  2.68290000e+01
 -1.77889922e+03  2.74140900e+03  8.50000000e-02  2.67990000e+01
 -1.78028174e+03  2.74185200e+03  8.50000000e-02  2.67990000e+01
 -1.78030330e+03  2.74251000e+03  8.50000000e-02  2.67880000e+01
 -1.78154434e+03  2.74558000e+03  8.50000000e-02  2.67880000e+01
 -1.79539074e+03  2.75097400e+03  8.50000000e-02  2.67880000e+01
 -1.79511479e+03  2.75418300e+03  8.50000000e-02  2.66990000e+01
 -1.79846866e+03  2.75956600e+03  8.50000000e-02  2.65800000e+01
 -1.81735545e+03  2.76593300e+03  8.50000000e-02  2.64560000e+01
 -1.81802202e+03  2.76957400e+03  8.50000000e-02  2.63770000e+01
 -1.81867339e+03  2.77421100e+03  8.50000000e-02  2.62370000e+01
 -1.82201259e+03  2.77863100e+03  8.50000000e-02  2.62320000e+01
 -1.82279821e+03  2.77877000e+03  8.80000000e-02  2.62530000e+01
 -1.82598254e+03  2.78460700e+03  8.80000000e-02  2.62530000e+01
 -1.82639439e+03  2.78700700e+03  8.80000000e-02  2.62250000e+01
 -1.85022587e+03  2.79120100e+03  8.80000000e-02  2.62250000e+01
 -1.85453370e+03  2.79352400e+03  8.80000000e-02  2.61460000e+01
 -1.85251798e+03  2.79464800e+03  8.80000000e-02  2.61400000e+01
 -1.83988197e+03  2.79322100e+03  8.80000000e-02  2.61500000e+01
 -1.85507622e+03  2.79651800e+03  8.80000000e-02  2.61500000e+01
 -1.85138891e+03  2.79959800e+03  8.80000000e-02  2.61020000e+01
 -1.85335159e+03  2.80236500e+03  8.90000000e-02  2.60900000e+01
 -1.85649795e+03  2.80678500e+03  8.90000000e-02  2.60060000e+01
 -1.86410144e+03  2.81075200e+03  8.90000000e-02  2.60010000e+01
 -1.87619456e+03  2.81680400e+03  8.80000000e-02  2.59940000e+01
 -1.87611190e+03  2.81626300e+03  8.80000000e-02  2.59940000e+01
 -1.87777215e+03  2.81911700e+03  8.90000000e-02  2.59630000e+01
 -1.88109187e+03  2.82134200e+03  8.80000000e-02  2.58180000e+01
 -1.88550706e+03  2.82322300e+03  8.80000000e-02  2.58200000e+01
 -1.89006084e+03  2.82883200e+03  8.80000000e-02  2.58120000e+01
 -1.89060048e+03  2.83287500e+03  8.80000000e-02  2.56580000e+01
 -1.89384676e+03  2.83794400e+03  8.80000000e-02  2.56500000e+01
 -1.89425810e+03  2.84145600e+03  8.80000000e-02  2.55370000e+01
 -1.89616067e+03  2.84323900e+03  8.80000000e-02  2.55370000e+01
 -1.90688940e+03  2.84599500e+03  8.80000000e-02  2.55370000e+01
 -1.91148386e+03  2.84951800e+03  8.80000000e-02  2.55010000e+01
 -1.91564112e+03  2.85064200e+03  8.80000000e-02  2.54920000e+01
 -1.91670658e+03  2.85219700e+03  8.80000000e-02  2.54700000e+01
 -1.91899393e+03  2.85683400e+03  8.80000000e-02  2.53620000e+01
 -1.92205115e+03  2.85981600e+03  8.80000000e-02  2.53440000e+01
 -1.92310429e+03  2.86288600e+03  8.80000000e-02  2.53400000e+01
 -1.92965020e+03  2.86818200e+03  8.90000000e-02  2.53110000e+01
 -1.93143566e+03  2.87446100e+03  8.90000000e-02  2.51760000e+01
 -1.93194123e+03  2.87490400e+03  8.90000000e-02  2.50630000e+01
 -1.93122978e+03  2.87633100e+03  8.90000000e-02  2.49420000e+01
 -1.93122978e+03  2.87633100e+03  8.90000000e-02  2.49420000e+01
 -1.93196089e+03  2.87909700e+03  8.90000000e-02  2.47980000e+01
 -1.93297594e+03  2.88096700e+03  8.90000000e-02  2.47970000e+01
 -1.93919344e+03  2.88305300e+03  8.90000000e-02  2.48560000e+01
 -1.94179079e+03  2.88612200e+03  8.90000000e-02  2.48060000e+01
 -1.94733861e+03  2.89293200e+03  8.90000000e-02  2.47950000e+01
 -1.94733861e+03  2.89293200e+03  8.90000000e-02  2.47950000e+01
 -1.94928523e+03  2.89741800e+03  8.90000000e-02  2.47700000e+01
 -1.95048128e+03  2.90444400e+03  8.90000000e-02  2.46760000e+01
 -1.95340102e+03  2.90698300e+03  8.90000000e-02  2.46760000e+01
 -1.95597845e+03  2.90983700e+03  8.90000000e-02  2.46760000e+01
 -1.95827736e+03  2.91259300e+03  8.90000000e-02  2.45530000e+01
 -1.95855260e+03  2.91557500e+03  8.90000000e-02  2.44520000e+01
 -1.96095251e+03  2.91931500e+03  8.90000000e-02  2.44370000e+01
 -1.96173970e+03  2.92118500e+03  8.90000000e-02  2.44210000e+01
 -1.95538298e+03  2.92372400e+03  8.90000000e-02  2.43680000e+01
 -1.95846859e+03  2.92648000e+03  8.90000000e-02  2.43490000e+01
 -1.95856744e+03  2.93315000e+03  8.90000000e-02  2.39320000e+01
 -1.95945178e+03  2.93643600e+03  8.80000000e-02  2.38700000e+01
 -1.96024545e+03  2.93800200e+03  8.80000000e-02  2.38720000e+01
 -1.96048621e+03  2.93942900e+03  8.80000000e-02  2.38670000e+01
 -1.96126631e+03  2.94085500e+03  8.80000000e-02  2.39050000e+01
 -1.96147131e+03  2.94130900e+03  8.80000000e-02  2.39000000e+01
 -1.95566834e+03  2.94326600e+03  8.80000000e-02  2.38200000e+01
 -1.95547339e+03  2.94065000e+03  8.90000000e-02  2.39090000e+01
 -1.96425249e+03  2.94437800e+03  8.90000000e-02  2.39090000e+01
 -1.96530612e+03  2.94714500e+03  8.90000000e-02  2.38620000e+01
 -1.96700123e+03  2.94990100e+03  8.80000000e-02  2.38460000e+01
 -1.96882133e+03  2.95559700e+03  8.80000000e-02  2.36090000e+01
 -1.97059382e+03  2.95779200e+03  8.80000000e-02  2.35720000e+01
 -1.97151930e+03  2.96130500e+03  8.90000000e-02  2.34570000e+01
 -1.96988582e+03  2.96317400e+03  8.80000000e-02  2.33760000e+01
 -1.96988582e+03  2.96317400e+03  8.80000000e-02  2.33760000e+01
 -1.97026988e+03  2.96691400e+03  8.90000000e-02  2.33380000e+01
 -1.97252549e+03  2.97132400e+03  8.90000000e-02  2.32830000e+01
 -1.97431858e+03  2.97319400e+03  8.90000000e-02  2.32830000e+01
 -1.98371955e+03  2.97715000e+03  8.90000000e-02  2.32550000e+01
 -1.98434078e+03  2.97772100e+03  8.90000000e-02  2.32480000e+01
 -1.98513644e+03  2.97914800e+03  8.90000000e-02  2.32440000e+01
 -1.99165856e+03  2.98124500e+03  8.90000000e-02  2.32400000e+01
 -1.99502528e+03  2.98565400e+03  8.90000000e-02  2.31240000e+01
 -1.99583671e+03  2.98916700e+03  8.90000000e-02  2.30710000e+01
 -1.99683084e+03  2.99259300e+03  8.90000000e-02  2.29540000e+01
 -2.00315232e+03  2.99522000e+03  8.90000000e-02  2.29540000e+01
 -2.00934391e+03  2.99402000e+03  8.90000000e-02  2.31270000e+01
 -2.01172613e+03  2.99677500e+03  8.90000000e-02  2.30640000e+01
 -2.01395034e+03  2.99984500e+03  8.90000000e-02  2.31730000e+01
 -2.01650446e+03  3.00261200e+03  8.90000000e-02  2.31600000e+01
 -2.01681102e+03  3.00194200e+03  8.90000000e-02  2.31170000e+01
 -2.02064260e+03  3.00290400e+03  8.90000000e-02  2.31080000e+01
 -2.02064260e+03  3.00290400e+03  8.90000000e-02  2.31080000e+01
 -2.01998218e+03  3.00490300e+03  8.90000000e-02  2.30980000e+01
 -2.02019732e+03  3.00557200e+03  8.90000000e-02  2.30940000e+01
 -2.01791558e+03  3.00534500e+03  8.90000000e-02  2.30860000e+01
 -2.01791558e+03  3.00534500e+03  8.90000000e-02  2.30860000e+01
 -2.01847499e+03  3.01042500e+03  8.90000000e-02  2.29510000e+01
 -2.02270474e+03  3.01110500e+03  8.80000000e-02  2.29210000e+01
 -2.02442945e+03  3.01559100e+03  8.80000000e-02  2.29030000e+01
 -2.03505195e+03  3.02067000e+03  8.80000000e-02  2.29030000e+01
 -2.03595136e+03  3.02308100e+03  8.80000000e-02  2.28760000e+01
 -2.04523961e+03  3.02397800e+03  8.80000000e-02  2.28820000e+01
 -2.04042847e+03  3.02562100e+03  8.80000000e-02  2.28610000e+01
 -2.04052599e+03  3.02704700e+03  8.80000000e-02  2.27400000e+01
 -2.04325617e+03  3.03011700e+03  8.80000000e-02  2.27400000e+01
 -2.04299918e+03  3.02660400e+03  8.80000000e-02  2.28560000e+01
 -2.04318848e+03  3.02870100e+03  8.80000000e-02  2.27890000e+01
 -2.04747061e+03  3.03332700e+03  8.80000000e-02  2.27540000e+01
 -2.04581609e+03  3.03123000e+03  8.80000000e-02  2.27930000e+01
 -2.04938644e+03  3.03385700e+03  8.80000000e-02  2.27480000e+01
 -2.05949013e+03  3.03790000e+03  8.80000000e-02  2.26230000e+01
 -2.05888604e+03  3.03736900e+03  8.80000000e-02  2.26160000e+01
 -2.05976186e+03  3.03976900e+03  8.80000000e-02  2.25580000e+01
 -2.05954168e+03  3.03856900e+03  8.80000000e-02  2.25940000e+01
 -2.05813579e+03  3.04065500e+03  8.80000000e-02  2.25190000e+01
 -2.05875807e+03  3.04109700e+03  8.80000000e-02  2.25380000e+01
 -2.05935232e+03  3.04439400e+03  8.80000000e-02  2.23870000e+01
 -2.05935232e+03  3.04439400e+03  8.80000000e-02  2.23870000e+01
 -2.05987233e+03  3.04626400e+03  8.80000000e-02  2.23780000e+01
 -2.06694369e+03  3.04856600e+03  8.80000000e-02  2.21900000e+01
 -2.06694369e+03  3.04856600e+03  8.80000000e-02  2.21900000e+01
 -2.08714784e+03  3.05363500e+03  8.80000000e-02  2.21840000e+01
 -2.08714784e+03  3.05363500e+03  8.80000000e-02  2.21840000e+01
 -2.09060084e+03  3.05560200e+03  8.80000000e-02  2.21880000e+01
 -2.10207160e+03  3.05978500e+03  8.80000000e-02  2.21840000e+01
 -2.11511688e+03  3.06343800e+03  8.80000000e-02  2.20820000e+01
 -2.11919690e+03  3.06596700e+03  8.80000000e-02  2.19980000e+01
 -2.12886815e+03  3.06850600e+03  8.80000000e-02  2.19940000e+01
 -2.12885308e+03  3.07060300e+03  8.80000000e-02  2.18590000e+01
 -2.13213748e+03  3.06970600e+03  8.80000000e-02  2.19520000e+01
 -2.14054865e+03  3.07201900e+03  8.80000000e-02  2.19770000e+01
 -2.14393339e+03  3.07268900e+03  8.80000000e-02  2.19810000e+01
 -2.14621856e+03  3.07553100e+03  8.80000000e-02  2.19400000e+01
 -2.14738431e+03  3.07507700e+03  8.80000000e-02  2.19430000e+01
 -2.14738431e+03  3.07507700e+03  8.80000000e-02  2.19430000e+01
 -2.14979465e+03  3.07739000e+03  8.80000000e-02  2.19380000e+01
 -2.15146941e+03  3.08023300e+03  8.80000000e-02  2.19350000e+01
 -2.15429672e+03  3.08562600e+03  8.80000000e-02  2.17860000e+01
 -2.15710150e+03  3.08882500e+03  8.80000000e-02  2.17880000e+01
 -2.15710150e+03  3.08882500e+03  8.80000000e-02  2.17880000e+01
 -2.15710150e+03  3.08882500e+03  8.80000000e-02  2.17880000e+01
 -2.15792028e+03  3.08838200e+03  8.80000000e-02  2.18360000e+01
 -2.15963155e+03  3.09355900e+03  8.80000000e-02  2.17350000e+01
 -2.15805202e+03  3.09355900e+03  8.80000000e-02  2.17080000e+01
 -2.15966226e+03  3.09609900e+03  8.80000000e-02  2.16780000e+01
 -2.15949485e+03  3.09729900e+03  8.80000000e-02  2.16690000e+01
 -2.16087797e+03  3.09991500e+03  8.80000000e-02  2.16770000e+01
 -2.16129600e+03  3.10409800e+03  8.80000000e-02  2.15530000e+01
 -2.16474978e+03  3.10649800e+03  8.80000000e-02  2.15440000e+01
 -2.16504582e+03  3.10552400e+03  8.80000000e-02  2.15710000e+01
 -2.17595034e+03  3.10739400e+03  8.80000000e-02  2.15710000e+01
 -2.17883414e+03  3.11069000e+03  8.80000000e-02  2.15710000e+01
 -2.17939439e+03  3.11070100e+03  8.80000000e-02  2.15450000e+01
 -2.18323337e+03  3.11585600e+03  8.80000000e-02  2.15180000e+01
 -2.18323337e+03  3.11585600e+03  8.80000000e-02  2.15180000e+01
 -2.18817693e+03  3.12005000e+03  8.80000000e-02  2.14600000e+01
 -2.18050045e+03  3.11698000e+03  8.80000000e-02  2.14980000e+01
 -2.18050045e+03  3.11698000e+03  8.80000000e-02  2.14980000e+01
 -2.18510027e+03  3.12227500e+03  8.80000000e-02  2.14000000e+01
 -2.18678735e+03  3.12405800e+03  8.80000000e-02  2.13970000e+01
 -2.19461066e+03  3.12758200e+03  8.80000000e-02  2.13930000e+01
 -2.19839433e+03  3.12833900e+03  8.80000000e-02  2.14220000e+01
 -2.19863625e+03  3.13221900e+03  8.80000000e-02  2.09950000e+01
 -2.19385170e+03  3.13147200e+03  8.80000000e-02  2.09930000e+01
 -2.19976224e+03  3.13663900e+03  8.80000000e-02  2.09650000e+01
 -2.20533548e+03  3.14255200e+03  8.80000000e-02  2.09070000e+01
 -2.20260066e+03  3.14277900e+03  8.80000000e-02  2.08590000e+01
 -2.20681887e+03  3.14353600e+03  8.80000000e-02  2.09170000e+01
 -2.21131600e+03  3.14344900e+03  8.80000000e-02  2.09350000e+01
 -2.21629777e+03  3.14478800e+03  8.80000000e-02  2.09290000e+01
 -2.21974257e+03  3.14778200e+03  9.40000000e-02  2.09000000e+01
 -2.22662734e+03  3.15219200e+03  9.40000000e-02  2.09000000e+01
 -2.22725605e+03  3.15188800e+03  9.40000000e-02  2.09550000e+01
 -2.22902784e+03  3.15331500e+03  9.40000000e-02  2.09230000e+01
 -2.22799296e+03  3.15301100e+03  9.40000000e-02  2.09230000e+01
 -2.22669529e+03  3.15136800e+03  9.40000000e-02  2.09290000e+01
 -2.22694594e+03  3.15509700e+03  9.30000000e-02  2.07620000e+01
 -2.22636915e+03  3.15599300e+03  9.30000000e-02  2.06950000e+01
 -2.23153636e+03  3.15921400e+03  9.30000000e-02  2.06160000e+01
 -2.22765143e+03  3.16041400e+03  9.30000000e-02  2.05100000e+01
 -2.23024454e+03  3.16076900e+03  9.30000000e-02  2.05870000e+01
 -2.23123439e+03  3.16113500e+03  9.30000000e-02  2.06050000e+01
 -2.23304929e+03  3.16247500e+03  9.30000000e-02  2.05020000e+01
 -2.23666173e+03  3.16323200e+03  9.40000000e-02  2.05120000e+01
 -2.24158316e+03  3.16874400e+03  9.40000000e-02  2.05120000e+01
 -2.24158316e+03  3.16874400e+03  9.40000000e-02  2.05120000e+01
 -2.24398248e+03  3.17017000e+03  9.40000000e-02  2.06100000e+01
 -2.26113187e+03  3.17578000e+03  9.40000000e-02  2.06100000e+01
 -2.26013751e+03  3.17523900e+03  9.40000000e-02  2.06110000e+01
 -2.26012988e+03  3.17613500e+03  9.40000000e-02  2.05760000e+01
 -2.26007177e+03  3.17658900e+03  9.40000000e-02  2.05840000e+01
 -2.25941560e+03  3.17681500e+03  9.40000000e-02  2.05430000e+01
 -2.25958906e+03  3.17911700e+03  9.40000000e-02  2.05370000e+01
 -2.26229935e+03  3.18524600e+03  9.40000000e-02  2.04170000e+01
 -2.26546161e+03  3.18711600e+03  9.40000000e-02  2.03990000e+01
 -2.26760579e+03  3.18800200e+03  9.40000000e-02  2.03910000e+01
 -2.26967744e+03  3.19272600e+03  9.40000000e-02  2.01690000e+01
 -2.27211415e+03  3.19525500e+03  9.40000000e-02  2.02080000e+01
 -2.28074294e+03  3.19448700e+03  9.40000000e-02  2.02170000e+01
 -2.28076278e+03  3.19493000e+03  9.40000000e-02  2.02170000e+01
 -2.28572856e+03  3.19934000e+03  9.30000000e-02  2.01840000e+01
 -2.28171939e+03  3.19889700e+03  9.30000000e-02  2.01470000e+01
 -2.28542145e+03  3.20090600e+03  9.30000000e-02  2.01630000e+01
 -2.28548496e+03  3.20397600e+03  9.20000000e-02  2.00430000e+01
 -2.28550794e+03  3.20299200e+03  9.20000000e-02  2.01150000e+01
 -2.28549713e+03  3.20134900e+03  9.20000000e-02  2.01390000e+01
 -2.28932918e+03  3.20553100e+03  9.20000000e-02  2.01390000e+01
 -2.29259195e+03  3.20761700e+03  9.20000000e-02  2.01390000e+01
 -2.29316101e+03  3.21037300e+03  9.20000000e-02  1.99760000e+01
 -2.29991372e+03  3.21245900e+03  9.20000000e-02  2.00020000e+01
 -2.29842445e+03  3.21177800e+03  9.20000000e-02  2.00120000e+01
 -2.29544995e+03  3.21476100e+03  9.20000000e-02  1.99570000e+01
 -2.29495674e+03  3.21356100e+03  9.20000000e-02  1.99520000e+01
 -2.29702923e+03  3.21774400e+03  9.20000000e-02  1.99130000e+01
 -2.29701974e+03  3.21743000e+03  9.20000000e-02  1.99800000e+01
 -2.29990655e+03  3.21898600e+03  9.20000000e-02  1.99750000e+01
 -2.30112374e+03  3.22108200e+03  9.20000000e-02  1.99770000e+01
 -2.30480941e+03  3.22122200e+03  9.20000000e-02  1.99790000e+01
 -2.30496669e+03  3.22211800e+03  9.20000000e-02  1.99790000e+01
 -2.30988683e+03  3.22137200e+03  9.20000000e-02  1.99720000e+01
 -2.31125918e+03  3.22609500e+03  9.10000000e-02  1.99330000e+01
 -2.31352955e+03  3.22596600e+03  9.10000000e-02  1.99800000e+01
 -2.31352955e+03  3.22596600e+03  9.10000000e-02  1.99800000e+01
 -2.31753815e+03  3.22935000e+03  9.10000000e-02  1.99700000e+01
 -2.32079326e+03  3.23441900e+03  9.10000000e-02  1.99700000e+01
 -2.32079326e+03  3.23441900e+03  9.10000000e-02  1.99700000e+01
 -2.32079326e+03  3.23441900e+03  9.10000000e-02  1.99700000e+01
 -2.32094623e+03  3.23374900e+03  9.10000000e-02  2.00120000e+01
 -2.33307742e+03  3.23278600e+03  9.10000000e-02  2.00130000e+01
 -2.33846441e+03  3.23391000e+03  9.10000000e-02  2.01390000e+01
 -2.33841683e+03  3.23413600e+03  9.10000000e-02  2.01320000e+01
 -2.34098858e+03  3.23809200e+03  9.10000000e-02  2.00820000e+01
 -2.34184884e+03  3.23920500e+03  9.10000000e-02  2.01420000e+01
 -2.35354629e+03  3.24241500e+03  9.10000000e-02  2.00930000e+01
 -2.35354629e+03  3.24241500e+03  9.10000000e-02  2.00930000e+01
 -2.35354629e+03  3.24241500e+03  9.10000000e-02  2.00930000e+01
 -2.35771136e+03  3.24638200e+03  9.10000000e-02  2.00720000e+01
 -2.35897392e+03  3.24793700e+03  9.10000000e-02  2.01170000e+01
 -2.36248316e+03  3.25056400e+03  9.10000000e-02  2.01040000e+01
 -2.36248316e+03  3.25056400e+03  9.10000000e-02  2.01040000e+01
 -2.36174802e+03  3.25190300e+03  9.10000000e-02  2.00060000e+01
 -2.36299832e+03  3.25721000e+03  9.00000000e-02  1.98160000e+01
 -2.37631219e+03  3.26049600e+03  9.00000000e-02  1.97600000e+01
 -2.37669260e+03  3.26125300e+03  9.00000000e-02  1.97610000e+01
 -2.38251097e+03  3.26543600e+03  9.00000000e-02  1.97590000e+01
 -2.38251097e+03  3.26543600e+03  9.00000000e-02  1.97590000e+01
 -2.38251097e+03  3.26543600e+03  9.00000000e-02  1.97590000e+01
 -2.38260755e+03  3.26641900e+03  9.00000000e-02  1.98350000e+01
 -2.38533062e+03  3.27158600e+03  9.00000000e-02  1.96930000e+01
 -2.38419215e+03  3.27368300e+03  9.00000000e-02  1.94970000e+01
 -2.38597367e+03  3.27622200e+03  9.00000000e-02  1.94900000e+01
 -2.38574157e+03  3.27336900e+03  9.00000000e-02  1.95620000e+01
 -2.38962394e+03  3.27555300e+03  9.00000000e-02  1.95420000e+01
 -2.38805235e+03  3.27830900e+03  9.00000000e-02  1.94900000e+01
 -2.38767052e+03  3.27897900e+03  9.00000000e-02  1.93720000e+01
 -2.38785900e+03  3.28129100e+03  9.00000000e-02  1.93370000e+01
 -2.38785680e+03  3.28063200e+03  9.00000000e-02  1.94130000e+01
 -2.38731367e+03  3.27831900e+03  9.00000000e-02  1.94470000e+01
 -2.38731367e+03  3.27831900e+03  9.00000000e-02  1.94470000e+01
 -2.38907102e+03  3.28108600e+03  9.00000000e-02  1.93940000e+01
 -2.38716523e+03  3.28175500e+03  8.90000000e-02  1.93440000e+01
 -2.38676667e+03  3.28251200e+03  8.90000000e-02  1.93560000e+01
 -2.38710071e+03  3.28372300e+03  8.90000000e-02  1.92360000e+01
 -2.39066307e+03  3.28671600e+03  8.90000000e-02  1.91680000e+01
 -2.39484190e+03  3.28551600e+03  8.90000000e-02  1.93080000e+01
 -2.39484190e+03  3.28551600e+03  8.90000000e-02  1.93080000e+01
 -2.39484190e+03  3.28551600e+03  8.90000000e-02  1.93080000e+01
 -2.39548398e+03  3.28530000e+03  8.90000000e-02  1.93640000e+01
 -2.39548398e+03  3.28530000e+03  8.90000000e-02  1.93640000e+01
 -2.39586861e+03  3.28708300e+03  8.90000000e-02  1.93060000e+01
 -2.39602771e+03  3.29156900e+03  8.70000000e-02  1.91660000e+01
 -2.39822639e+03  3.29299600e+03  8.70000000e-02  1.91660000e+01
 -2.39849596e+03  3.29726600e+03  8.70000000e-02  1.91040000e+01
 -2.41497985e+03  3.29860500e+03  8.70000000e-02  1.91060000e+01
 -2.41676012e+03  3.29860500e+03  8.70000000e-02  1.91940000e+01
 -2.41842477e+03  3.29927400e+03  8.70000000e-02  1.91830000e+01
 -2.41670263e+03  3.29687400e+03  8.70000000e-02  1.91830000e+01
 -2.41670263e+03  3.29687400e+03  8.70000000e-02  1.91830000e+01
 -2.41304864e+03  3.29830100e+03  8.70000000e-02  1.91820000e+01
 -2.41445478e+03  3.29985700e+03  8.70000000e-02  1.92630000e+01
 -2.41908602e+03  3.30129500e+03  8.70000000e-02  1.92600000e+01
 -2.41883984e+03  3.30062500e+03  8.70000000e-02  1.92620000e+01
 -2.41883984e+03  3.30062500e+03  8.70000000e-02  1.92620000e+01
 -2.42497596e+03  3.30129400e+03  8.70000000e-02  1.92640000e+01
 -2.42782504e+03  3.30579100e+03  8.70000000e-02  1.92040000e+01
 -2.43169396e+03  3.30712000e+03  8.70000000e-02  1.92050000e+01
 -2.43169396e+03  3.30712000e+03  8.70000000e-02  1.92050000e+01
 -2.43169396e+03  3.30712000e+03  8.70000000e-02  1.92050000e+01
 -2.43171094e+03  3.30823300e+03  8.70000000e-02  1.91960000e+01
 -2.44260660e+03  3.31429600e+03  8.70000000e-02  1.90710000e+01
 -2.44260660e+03  3.31429600e+03  8.70000000e-02  1.90710000e+01
 -2.44444409e+03  3.31473900e+03  8.70000000e-02  1.90690000e+01
 -2.44450255e+03  3.31496600e+03  8.70000000e-02  1.89990000e+01
 -2.44827297e+03  3.31892200e+03  8.70000000e-02  1.89270000e+01
 -2.45918266e+03  3.31995900e+03  8.70000000e-02  1.89110000e+01
 -2.46378786e+03  3.32632600e+03  8.70000000e-02  1.89110000e+01
 -2.46456085e+03  3.32699500e+03  8.70000000e-02  1.88620000e+01
 -2.46654871e+03  3.33184800e+03  8.70000000e-02  1.86750000e+01
 -2.46654871e+03  3.33184800e+03  8.70000000e-02  1.86750000e+01
 -2.47714476e+03  3.33625800e+03  8.70000000e-02  1.86700000e+01
 -2.48257294e+03  3.33550000e+03  8.70000000e-02  1.86650000e+01
 -2.48257294e+03  3.33550000e+03  8.70000000e-02  1.86650000e+01
 -2.48262249e+03  3.33571600e+03  8.70000000e-02  1.86570000e+01
 -2.48308904e+03  3.33922900e+03  8.70000000e-02  1.86240000e+01
 -2.48460037e+03  3.33988800e+03  8.70000000e-02  1.86110000e+01
 -2.49030678e+03  3.34309800e+03  8.60000000e-02  1.85780000e+01
 -2.49057384e+03  3.34323700e+03  8.60000000e-02  1.85740000e+01
 -2.49057384e+03  3.34323700e+03  8.60000000e-02  1.85740000e+01
 -2.49602289e+03  3.34488000e+03  8.60000000e-02  1.85410000e+01
 -2.49935546e+03  3.34576600e+03  8.60000000e-02  1.85380000e+01
 -2.50046710e+03  3.34973300e+03  8.60000000e-02  1.84570000e+01
 -2.50043748e+03  3.34897600e+03  8.60000000e-02  1.84790000e+01
 -2.50043748e+03  3.34897600e+03  8.60000000e-02  1.84790000e+01
 -2.50389004e+03  3.35338600e+03  8.60000000e-02  1.83910000e+01
 -2.50389004e+03  3.35338600e+03  8.60000000e-02  1.83910000e+01
 -2.50472828e+03  3.35569900e+03  8.60000000e-02  1.83720000e+01
 -2.50472828e+03  3.35569900e+03  8.60000000e-02  1.83720000e+01
 -2.50510627e+03  3.35669300e+03  8.60000000e-02  1.83580000e+01
 -2.50479918e+03  3.35482300e+03  8.60000000e-02  1.83810000e+01
 -2.50927477e+03  3.35713600e+03  8.60000000e-02  1.83810000e+01
 -2.50927477e+03  3.35713600e+03  8.60000000e-02  1.83810000e+01
 -2.50927477e+03  3.35713600e+03  8.60000000e-02  1.83810000e+01
 -2.50972668e+03  3.35989200e+03  8.60000000e-02  1.83420000e+01
 -2.50956008e+03  3.35682200e+03  8.60000000e-02  1.85460000e+01
 -2.50956008e+03  3.35682200e+03  8.60000000e-02  1.85460000e+01
 -2.50956008e+03  3.35682200e+03  8.60000000e-02  1.85460000e+01
 -2.51022849e+03  3.35486500e+03  8.60000000e-02  1.87510000e+01
 -2.51661156e+03  3.35936200e+03  8.50000000e-02  1.87490000e+01
 -2.51661156e+03  3.35936200e+03  8.50000000e-02  1.87490000e+01
 -2.51661156e+03  3.35936200e+03  8.50000000e-02  1.87490000e+01
 -2.51728599e+03  3.36310200e+03  8.50000000e-02  1.85090000e+01
 -2.51820145e+03  3.36377200e+03  8.50000000e-02  1.85360000e+01
 -2.52211116e+03  3.36632200e+03  8.50000000e-02  1.85380000e+01
 -2.52243030e+03  3.36743500e+03  8.50000000e-02  1.85380000e+01
 -2.52267975e+03  3.36787800e+03  8.50000000e-02  1.86180000e+01
 -2.52276568e+03  3.36907800e+03  8.50000000e-02  1.86240000e+01
 -2.52297587e+03  3.36466700e+03  8.50000000e-02  1.88980000e+01
 -2.52579547e+03  3.36653700e+03  8.50000000e-02  1.88980000e+01
 -2.53018826e+03  3.36877300e+03  8.50000000e-02  1.88670000e+01
 -2.53168476e+03  3.37294500e+03  8.50000000e-02  1.88120000e+01
 -2.53168476e+03  3.37294500e+03  8.50000000e-02  1.88120000e+01
 -2.53250354e+03  3.37174500e+03  8.50000000e-02  1.87970000e+01
 -2.53282661e+03  3.37108600e+03  8.50000000e-02  1.88040000e+01
 -2.53282661e+03  3.37108600e+03  8.50000000e-02  1.88040000e+01
 -2.53856654e+03  3.37161600e+03  8.50000000e-02  1.89000000e+01
 -2.53874868e+03  3.37514000e+03  8.50000000e-02  1.87280000e+01
 -2.54025063e+03  3.37820900e+03  8.50000000e-02  1.86870000e+01
 -2.54200929e+03  3.38127900e+03  8.50000000e-02  1.86510000e+01
 -2.54295393e+03  3.38436000e+03  8.50000000e-02  1.85870000e+01
 -2.54292639e+03  3.38601400e+03  8.50000000e-02  1.85380000e+01
 -2.54537503e+03  3.38961400e+03  8.50000000e-02  1.84480000e+01
 -2.54580847e+03  3.39147300e+03  8.50000000e-02  1.83460000e+01
 -2.54744471e+03  3.39411100e+03  8.50000000e-02  1.83090000e+01
 -2.54744471e+03  3.39411100e+03  8.50000000e-02  1.83090000e+01
 -2.54774449e+03  3.39740800e+03  8.50000000e-02  1.81900000e+01
 -2.54774449e+03  3.39740800e+03  8.50000000e-02  1.81900000e+01
 -2.54774449e+03  3.39740800e+03  8.50000000e-02  1.81900000e+01
 -2.54774449e+03  3.39740800e+03  8.50000000e-02  1.81900000e+01
 -2.54774449e+03  3.39740800e+03  8.50000000e-02  1.81900000e+01
 -2.54774449e+03  3.39740800e+03  8.50000000e-02  1.81900000e+01
 -2.54774449e+03  3.39740800e+03  8.50000000e-02  1.81900000e+01
 -2.54959555e+03  3.39860800e+03  8.50000000e-02  1.81960000e+01
 -2.56146743e+03  3.40160100e+03  8.50000000e-02  1.81960000e+01
 -2.56230550e+03  3.40294100e+03  8.50000000e-02  1.81930000e+01
 -2.56230550e+03  3.40294100e+03  8.50000000e-02  1.81930000e+01
 -2.56295501e+03  3.40436700e+03  8.50000000e-02  1.81850000e+01
 -2.56295501e+03  3.40436700e+03  8.50000000e-02  1.81850000e+01
 -2.56295501e+03  3.40436700e+03  8.50000000e-02  1.81850000e+01
 -2.56312412e+03  3.40426900e+03  8.50000000e-02  1.81800000e+01
 -2.56666408e+03  3.40472300e+03  8.50000000e-02  1.81810000e+01
 -2.56692320e+03  3.40747900e+03  8.50000000e-02  1.81610000e+01
 -2.56692320e+03  3.40747900e+03  8.50000000e-02  1.81610000e+01
 -2.56837735e+03  3.40987800e+03  8.50000000e-02  1.81600000e+01
 -2.56837735e+03  3.40987800e+03  8.50000000e-02  1.81600000e+01
 -2.56906106e+03  3.40912200e+03  8.50000000e-02  1.82170000e+01
 -2.56976731e+03  3.41009400e+03  8.50000000e-02  1.82320000e+01
 -2.56976731e+03  3.41009400e+03  8.50000000e-02  1.82320000e+01
 -2.56976731e+03  3.41009400e+03  8.50000000e-02  1.82320000e+01
 -2.56976731e+03  3.41009400e+03  8.50000000e-02  1.82320000e+01
 -2.56968244e+03  3.41031000e+03  8.50000000e-02  1.82330000e+01
 -2.56990931e+03  3.41099100e+03  8.50000000e-02  1.82160000e+01
 -2.56990931e+03  3.41099100e+03  8.50000000e-02  1.82160000e+01
 -2.57030298e+03  3.41142300e+03  8.50000000e-02  1.82160000e+01
 -2.57030298e+03  3.41142300e+03  8.50000000e-02  1.82160000e+01
 -2.57069941e+03  3.41066500e+03  8.50000000e-02  1.83250000e+01
 -2.57360311e+03  3.41209200e+03  8.50000000e-02  1.82950000e+01
 -2.57479086e+03  3.41531300e+03  8.50000000e-02  1.81850000e+01
 -2.57479086e+03  3.41531300e+03  8.50000000e-02  1.81850000e+01
 -2.57591960e+03  3.41808000e+03  8.50000000e-02  1.80610000e+01
 -2.57591960e+03  3.41808000e+03  8.50000000e-02  1.80610000e+01
 -2.57591960e+03  3.41808000e+03  8.50000000e-02  1.80610000e+01
 -2.57591960e+03  3.41808000e+03  8.50000000e-02  1.80610000e+01
 -2.57608371e+03  3.42039300e+03  8.50000000e-02  1.79160000e+01
 -2.57606192e+03  3.42182000e+03  8.50000000e-02  1.79160000e+01
 -2.58100414e+03  3.42466300e+03  8.50000000e-02  1.79030000e+01
 -2.58974231e+03  3.42706300e+03  8.50000000e-02  1.79340000e+01
 -2.58974231e+03  3.42706300e+03  8.50000000e-02  1.79340000e+01
 -2.58974231e+03  3.42706300e+03  8.50000000e-02  1.79340000e+01
 -2.59081200e+03  3.42871600e+03  8.50000000e-02  1.78540000e+01
 -2.58966833e+03  3.42848900e+03  8.50000000e-02  1.78210000e+01
 -2.59123575e+03  3.43058600e+03  8.50000000e-02  1.78080000e+01
 -2.59265976e+03  3.43125600e+03  8.50000000e-02  1.78080000e+01
 -2.59265976e+03  3.43125600e+03  8.50000000e-02  1.78080000e+01
 -2.59265976e+03  3.43125600e+03  8.50000000e-02  1.78080000e+01
 -2.59455502e+03  3.43148300e+03  8.50000000e-02  1.78040000e+01
 -2.59723899e+03  3.43259600e+03  8.50000000e-02  1.78040000e+01
 -2.59634347e+03  3.43259600e+03  8.50000000e-02  1.77420000e+01
 -2.59621454e+03  3.43072600e+03  8.50000000e-02  1.77640000e+01
 -2.59926540e+03  3.43147200e+03  8.50000000e-02  1.78000000e+01
 -2.61162152e+03  3.43326500e+03  8.40000000e-02  1.77960000e+01
 -2.61162152e+03  3.43326500e+03  8.40000000e-02  1.77960000e+01
 -2.62919041e+03  3.43767500e+03  8.40000000e-02  1.77690000e+01
 -2.63047377e+03  3.44065800e+03  8.30000000e-02  1.77290000e+01
 -2.63047377e+03  3.44065800e+03  8.30000000e-02  1.77290000e+01
 -2.63047377e+03  3.44065800e+03  8.30000000e-02  1.77290000e+01
 -2.63047377e+03  3.44065800e+03  8.30000000e-02  1.77290000e+01
 -2.63047377e+03  3.44065800e+03  8.30000000e-02  1.77290000e+01
 -2.63077673e+03  3.44154400e+03  8.30000000e-02  1.77260000e+01
 -2.63976971e+03  3.44198700e+03  8.40000000e-02  1.78080000e+01
 -2.64169861e+03  3.44197600e+03  8.40000000e-02  1.78080000e+01
 -2.64331853e+03  3.44234200e+03  8.40000000e-02  1.78110000e+01
 -2.64339637e+03  3.44411400e+03  8.30000000e-02  1.77370000e+01
 -2.65323831e+03  3.44918300e+03  8.30000000e-02  1.75630000e+01
 -2.65323831e+03  3.44918300e+03  8.30000000e-02  1.75630000e+01
 -2.66187160e+03  3.45126900e+03  8.30000000e-02  1.73750000e+01
 -2.66871734e+03  3.45283600e+03  8.30000000e-02  1.73340000e+01
 -2.67111177e+03  3.45613300e+03  8.30000000e-02  1.73050000e+01
 -2.67111177e+03  3.45613300e+03  8.30000000e-02  1.73050000e+01
 -2.67099514e+03  3.45590600e+03  8.30000000e-02  1.73190000e+01
 -2.67609298e+03  3.45627300e+03  8.30000000e-02  1.73190000e+01
 -2.67828118e+03  3.45912600e+03  8.30000000e-02  1.73150000e+01
 -2.67828118e+03  3.45912600e+03  8.30000000e-02  1.73150000e+01
 -2.67828118e+03  3.45912600e+03  8.30000000e-02  1.73150000e+01
 -2.67894609e+03  3.45890000e+03  8.30000000e-02  1.73800000e+01
 -2.67894609e+03  3.45890000e+03  8.30000000e-02  1.73800000e+01
 -2.67894609e+03  3.45890000e+03  8.30000000e-02  1.73800000e+01
 -2.67903515e+03  3.45956900e+03  8.40000000e-02  1.73520000e+01
 -2.67998863e+03  3.46023900e+03  8.40000000e-02  1.73520000e+01
 -2.67998863e+03  3.46023900e+03  8.40000000e-02  1.73520000e+01
 -2.68594539e+03  3.45992500e+03  8.40000000e-02  1.73540000e+01
 -2.68594539e+03  3.45992500e+03  8.40000000e-02  1.73540000e+01
 -2.68594539e+03  3.45992500e+03  8.40000000e-02  1.73540000e+01
 -2.68856321e+03  3.46389200e+03  8.40000000e-02  1.73450000e+01
 -2.68856321e+03  3.46389200e+03  8.40000000e-02  1.73450000e+01
 -2.68856321e+03  3.46389200e+03  8.40000000e-02  1.73450000e+01
 -2.69134656e+03  3.46224800e+03  8.40000000e-02  1.73820000e+01
 -2.69140992e+03  3.46270200e+03  8.40000000e-02  1.73760000e+01
 -2.69140992e+03  3.46270200e+03  8.40000000e-02  1.73760000e+01
 -2.69163757e+03  3.46546800e+03  8.40000000e-02  1.73360000e+01
 -2.69163757e+03  3.46546800e+03  8.40000000e-02  1.73360000e+01
 -2.69163757e+03  3.46546800e+03  8.40000000e-02  1.73360000e+01
 -2.69163757e+03  3.46546800e+03  8.40000000e-02  1.73360000e+01
 -2.69181732e+03  3.46591100e+03  8.40000000e-02  1.73360000e+01
 -2.70488667e+03  3.46911000e+03  8.40000000e-02  1.73300000e+01
 -2.70530266e+03  3.46955300e+03  8.40000000e-02  1.73300000e+01
 -2.70530266e+03  3.46955300e+03  8.40000000e-02  1.73300000e+01
 -2.70530266e+03  3.46955300e+03  8.40000000e-02  1.73300000e+01
 -2.70953939e+03  3.46954200e+03  8.40000000e-02  1.74180000e+01
 -2.70953939e+03  3.46954200e+03  8.40000000e-02  1.74180000e+01
 -2.70953939e+03  3.46954200e+03  8.40000000e-02  1.74180000e+01
 -2.71126277e+03  3.47140100e+03  8.40000000e-02  1.74120000e+01
 -2.71126277e+03  3.47140100e+03  8.40000000e-02  1.74120000e+01
 -2.71207887e+03  3.47228700e+03  8.40000000e-02  1.74760000e+01
 -2.71268912e+03  3.47527000e+03  8.40000000e-02  1.74220000e+01
 -2.71335063e+03  3.47788600e+03  8.40000000e-02  1.73510000e+01
 -2.71335063e+03  3.47788600e+03  8.40000000e-02  1.73510000e+01
 -2.71667760e+03  3.47833000e+03  8.40000000e-02  1.73330000e+01
 -2.71667760e+03  3.47833000e+03  8.40000000e-02  1.73330000e+01
 -2.71790175e+03  3.48033900e+03  8.40000000e-02  1.72050000e+01
 -2.71790175e+03  3.48033900e+03  8.40000000e-02  1.72050000e+01
 -2.71914935e+03  3.48167900e+03  8.40000000e-02  1.71330000e+01
 -2.71914935e+03  3.48167900e+03  8.40000000e-02  1.71330000e+01
 -2.71914935e+03  3.48167900e+03  8.40000000e-02  1.71330000e+01
 -2.71914935e+03  3.48167900e+03  8.40000000e-02  1.71330000e+01
 -2.71914935e+03  3.48167900e+03  8.40000000e-02  1.71330000e+01
 -2.71974068e+03  3.48181900e+03  8.40000000e-02  1.71300000e+01
 -2.72832163e+03  3.48502900e+03  8.40000000e-02  1.71070000e+01
 -2.72844902e+03  3.48450900e+03  8.30000000e-02  1.70810000e+01
 -2.73708134e+03  3.48651900e+03  8.30000000e-02  1.70920000e+01
 -2.73708134e+03  3.48651900e+03  8.30000000e-02  1.70920000e+01
 -2.73708134e+03  3.48651900e+03  8.30000000e-02  1.70920000e+01
 -2.75079508e+03  3.48993400e+03  8.30000000e-02  1.70190000e+01
 -2.75079508e+03  3.48993400e+03  8.30000000e-02  1.70190000e+01
 -2.75079508e+03  3.48993400e+03  8.30000000e-02  1.70190000e+01
 -2.75079508e+03  3.48993400e+03  8.30000000e-02  1.70190000e+01
 -2.75194809e+03  3.48865800e+03  8.30000000e-02  1.70890000e+01
 -2.75312153e+03  3.49285200e+03  8.30000000e-02  1.69980000e+01
 -2.75312153e+03  3.49285200e+03  8.30000000e-02  1.69980000e+01
 -2.75343551e+03  3.49187800e+03  8.30000000e-02  1.70600000e+01
 -2.75343551e+03  3.49187800e+03  8.30000000e-02  1.70600000e+01
 -2.75761868e+03  3.49366100e+03  8.30000000e-02  1.70370000e+01
 -2.75761868e+03  3.49366100e+03  8.30000000e-02  1.70370000e+01
 -2.75761868e+03  3.49366100e+03  8.30000000e-02  1.70370000e+01
 -2.76013418e+03  3.49531500e+03  8.30000000e-02  1.70370000e+01
 -2.76013418e+03  3.49531500e+03  8.30000000e-02  1.70370000e+01
 -2.76063417e+03  3.49553100e+03  8.30000000e-02  1.70430000e+01
 -2.76063417e+03  3.49553100e+03  8.30000000e-02  1.70430000e+01
 -2.76403982e+03  3.49664400e+03  8.30000000e-02  1.70430000e+01
 -2.76403982e+03  3.49664400e+03  8.30000000e-02  1.70430000e+01
 -2.76560128e+03  3.49821000e+03  8.30000000e-02  1.70430000e+01
 -2.76560128e+03  3.49821000e+03  8.30000000e-02  1.70430000e+01
 -2.76560128e+03  3.49821000e+03  8.30000000e-02  1.70430000e+01
 -2.76560128e+03  3.49821000e+03  8.30000000e-02  1.70430000e+01
 -2.76698506e+03  3.49625300e+03  8.30000000e-02  1.70610000e+01
 -2.76698506e+03  3.49625300e+03  8.30000000e-02  1.70610000e+01
 -2.77250045e+03  3.49582100e+03  8.30000000e-02  1.70650000e+01
 -2.77250045e+03  3.49582100e+03  8.30000000e-02  1.70650000e+01
 -2.77250045e+03  3.49582100e+03  8.30000000e-02  1.70650000e+01
 -2.77250045e+03  3.49582100e+03  8.30000000e-02  1.70650000e+01
 -2.77739732e+03  3.50044600e+03  8.30000000e-02  1.70650000e+01
 -2.78033320e+03  3.50045700e+03  8.30000000e-02  1.70640000e+01
 -2.78309569e+03  3.50015400e+03  8.30000000e-02  1.70620000e+01
 -2.78309569e+03  3.50015400e+03  8.30000000e-02  1.70620000e+01
 -2.78390437e+03  3.50313600e+03  8.30000000e-02  1.71150000e+01
 -2.78390437e+03  3.50313600e+03  8.30000000e-02  1.71150000e+01
 -2.78439771e+03  3.50402200e+03  8.30000000e-02  1.70820000e+01
 -2.79318352e+03  3.50791200e+03  8.30000000e-02  1.69100000e+01
 -2.81223699e+03  3.51046200e+03  8.30000000e-02  1.69120000e+01
 -2.81223699e+03  3.51046200e+03  8.30000000e-02  1.69120000e+01
 -2.82213041e+03  3.51211600e+03  8.30000000e-02  1.69120000e+01
 -2.82209555e+03  3.51212600e+03  8.30000000e-02  1.69020000e+01
 -2.82209555e+03  3.51212600e+03  8.30000000e-02  1.69020000e+01
 -2.82209555e+03  3.51212600e+03  8.30000000e-02  1.69020000e+01
 -2.83431554e+03  3.51422300e+03  8.30000000e-02  1.69020000e+01
 -2.83431554e+03  3.51422300e+03  8.30000000e-02  1.69020000e+01
 -2.83521929e+03  3.51796300e+03  8.30000000e-02  1.67980000e+01
 -2.83591023e+03  3.51827700e+03  8.30000000e-02  1.68250000e+01
 -2.83591023e+03  3.51827700e+03  8.30000000e-02  1.68250000e+01
 -2.83870327e+03  3.51940000e+03  8.30000000e-02  1.68200000e+01
 -2.84098845e+03  3.52060000e+03  8.30000000e-02  1.67560000e+01
 -2.84098845e+03  3.52060000e+03  8.30000000e-02  1.67560000e+01
 -2.84117474e+03  3.52060000e+03  8.30000000e-02  1.67590000e+01
 -2.85451766e+03  3.52315100e+03  8.30000000e-02  1.67810000e+01
 -2.85742241e+03  3.52523700e+03  8.30000000e-02  1.67810000e+01
 -2.85742241e+03  3.52523700e+03  8.30000000e-02  1.67810000e+01
 -2.86047107e+03  3.52973300e+03  8.30000000e-02  1.67120000e+01
 -2.86047107e+03  3.52973300e+03  8.30000000e-02  1.67120000e+01
 -2.86047107e+03  3.52973300e+03  8.30000000e-02  1.67120000e+01
 -2.87565118e+03  3.53063000e+03  8.30000000e-02  1.67100000e+01
 -2.87568352e+03  3.53084600e+03  8.30000000e-02  1.67140000e+01
 -2.87639233e+03  3.53106200e+03  8.30000000e-02  1.67140000e+01
 -2.87639233e+03  3.53106200e+03  8.30000000e-02  1.67140000e+01
 -2.87639233e+03  3.53106200e+03  8.30000000e-02  1.67140000e+01
 -2.88546747e+03  3.53305000e+03  8.30000000e-02  1.67000000e+01
 -2.88546747e+03  3.53305000e+03  8.30000000e-02  1.67000000e+01
 -2.88546747e+03  3.53305000e+03  8.30000000e-02  1.67000000e+01
 -2.88590314e+03  3.53492000e+03  8.30000000e-02  1.66870000e+01
 -2.88590314e+03  3.53492000e+03  8.30000000e-02  1.66870000e+01
 -2.88950595e+03  3.53229300e+03  8.30000000e-02  1.67060000e+01
 -2.89209030e+03  3.53513600e+03  8.30000000e-02  1.67170000e+01
 -2.89473414e+03  3.53790200e+03  8.30000000e-02  1.66820000e+01
 -2.89473414e+03  3.53790200e+03  8.30000000e-02  1.66820000e+01
 -2.89530586e+03  3.53924200e+03  8.30000000e-02  1.66090000e+01
 -2.89530586e+03  3.53924200e+03  8.30000000e-02  1.66090000e+01
 -2.89922485e+03  3.54583600e+03  8.30000000e-02  1.65290000e+01
 -2.89922485e+03  3.54583600e+03  8.30000000e-02  1.65290000e+01
 -2.89922485e+03  3.54583600e+03  8.30000000e-02  1.65290000e+01
 -2.89922485e+03  3.54583600e+03  8.30000000e-02  1.65290000e+01
 -2.90825019e+03  3.54739200e+03  8.30000000e-02  1.65120000e+01
 -2.90825019e+03  3.54739200e+03  8.30000000e-02  1.65120000e+01
 -2.90825019e+03  3.54739200e+03  8.30000000e-02  1.65120000e+01
 -2.91365892e+03  3.54739100e+03  8.30000000e-02  1.65120000e+01
 -2.91385150e+03  3.54753100e+03  8.30000000e-02  1.65020000e+01
 -2.91615008e+03  3.54677400e+03  8.30000000e-02  1.65020000e+01
 -2.91615008e+03  3.54677400e+03  8.30000000e-02  1.65020000e+01
 -2.91803204e+03  3.54930300e+03  8.30000000e-02  1.64910000e+01
 -2.91811017e+03  3.54930300e+03  8.30000000e-02  1.64900000e+01
 -2.91811017e+03  3.54930300e+03  8.30000000e-02  1.64900000e+01
 -2.91811017e+03  3.54930300e+03  8.30000000e-02  1.64900000e+01
 -2.91811017e+03  3.54930300e+03  8.30000000e-02  1.64900000e+01
 -2.91811017e+03  3.54930300e+03  8.30000000e-02  1.64900000e+01
 -2.91811017e+03  3.54930300e+03  8.30000000e-02  1.64900000e+01
 -2.91811017e+03  3.54930300e+03  8.30000000e-02  1.64900000e+01
 -2.92821205e+03  3.55335700e+03  8.30000000e-02  1.64680000e+01
 -2.92840509e+03  3.55469700e+03  8.30000000e-02  1.64330000e+01
 -2.92956807e+03  3.55439300e+03  8.30000000e-02  1.63320000e+01
 -2.92995133e+03  3.55693300e+03  8.30000000e-02  1.62590000e+01
 -2.92995133e+03  3.55693300e+03  8.30000000e-02  1.62590000e+01
 -2.93779000e+03  3.56187300e+03  8.30000000e-02  1.62580000e+01
 -2.93779000e+03  3.56187300e+03  8.30000000e-02  1.62580000e+01
 -2.94325800e+03  3.56441300e+03  8.40000000e-02  1.62470000e+01
 -2.94771816e+03  3.56575300e+03  8.40000000e-02  1.62180000e+01
 -2.95548149e+03  3.56663800e+03  8.40000000e-02  1.61690000e+01
 -2.95548149e+03  3.56663800e+03  8.40000000e-02  1.61690000e+01
 -2.95548149e+03  3.56663800e+03  8.40000000e-02  1.61690000e+01
 -2.95728868e+03  3.56730800e+03  8.40000000e-02  1.61730000e+01
 -2.96078632e+03  3.56939400e+03  8.40000000e-02  1.61670000e+01
 -2.96078632e+03  3.56939400e+03  8.40000000e-02  1.61670000e+01
 -2.96078632e+03  3.56939400e+03  8.40000000e-02  1.61670000e+01
 -2.96085361e+03  3.56842000e+03  8.40000000e-02  1.61770000e+01
 -2.96089098e+03  3.57028000e+03  8.40000000e-02  1.61220000e+01
 -2.96153997e+03  3.57250500e+03  8.40000000e-02  1.61100000e+01
 -2.96153997e+03  3.57250500e+03  8.40000000e-02  1.61100000e+01
 -2.96424676e+03  3.57451500e+03  8.40000000e-02  1.61100000e+01
 -2.96424676e+03  3.57451500e+03  8.40000000e-02  1.61100000e+01
 -2.96424676e+03  3.57451500e+03  8.40000000e-02  1.61100000e+01
 -2.96799634e+03  3.57495800e+03  8.40000000e-02  1.61100000e+01
 -2.96873680e+03  3.57770300e+03  8.40000000e-02  1.60330000e+01
 -2.97317556e+03  3.57627600e+03  8.40000000e-02  1.60330000e+01
 -2.97317556e+03  3.57627600e+03  8.40000000e-02  1.60330000e+01
 -2.97317556e+03  3.57627600e+03  8.40000000e-02  1.60330000e+01
 -2.97317556e+03  3.57627600e+03  8.40000000e-02  1.60330000e+01
 -2.97317556e+03  3.57627600e+03  8.40000000e-02  1.60330000e+01
 -2.97317556e+03  3.57627600e+03  8.40000000e-02  1.60330000e+01
 -2.97317556e+03  3.57627600e+03  8.40000000e-02  1.60330000e+01
 -2.97317556e+03  3.57627600e+03  8.40000000e-02  1.60330000e+01
 -2.97916337e+03  3.57747600e+03  8.40000000e-02  1.60330000e+01
 -2.98010992e+03  3.58067500e+03  8.40000000e-02  1.59970000e+01
 -2.98010992e+03  3.58067500e+03  8.40000000e-02  1.59970000e+01
 -2.98273120e+03  3.58344100e+03  8.40000000e-02  1.59960000e+01
 -2.98273120e+03  3.58344100e+03  8.40000000e-02  1.59960000e+01
 -2.98273120e+03  3.58344100e+03  8.40000000e-02  1.59960000e+01
 -2.98273120e+03  3.58344100e+03  8.40000000e-02  1.59960000e+01
 -2.98273120e+03  3.58344100e+03  8.40000000e-02  1.59960000e+01
 -2.98273120e+03  3.58344100e+03  8.40000000e-02  1.59960000e+01
 -2.98273120e+03  3.58344100e+03  8.40000000e-02  1.59960000e+01
 -2.98273120e+03  3.58344100e+03  8.40000000e-02  1.59960000e+01
 -2.98273120e+03  3.58344100e+03  8.40000000e-02  1.59960000e+01
 -2.98302937e+03  3.58179800e+03  8.40000000e-02  1.59980000e+01
 -2.98693850e+03  3.58465200e+03  8.40000000e-02  1.59980000e+01
 -2.98762581e+03  3.58465200e+03  8.40000000e-02  1.60150000e+01
 -2.98762581e+03  3.58465200e+03  8.40000000e-02  1.60150000e+01
 -2.98762581e+03  3.58465200e+03  8.40000000e-02  1.60150000e+01
 -2.98762581e+03  3.58465200e+03  8.40000000e-02  1.60150000e+01
 -2.98762581e+03  3.58465200e+03  8.40000000e-02  1.60150000e+01
 -2.98762581e+03  3.58465200e+03  8.40000000e-02  1.60150000e+01
 -2.98762581e+03  3.58465200e+03  8.40000000e-02  1.60150000e+01
 -2.98834900e+03  3.58466300e+03  8.40000000e-02  1.60270000e+01
 -2.99073362e+03  3.58501900e+03  8.40000000e-02  1.60850000e+01
 -2.99060547e+03  3.58501800e+03  8.40000000e-02  1.61290000e+01
 -2.99923879e+03  3.58591500e+03  8.40000000e-02  1.61260000e+01
 -2.99923879e+03  3.58591500e+03  8.40000000e-02  1.61260000e+01
 -2.99923879e+03  3.58591500e+03  8.40000000e-02  1.61260000e+01
 -2.99923879e+03  3.58591500e+03  8.40000000e-02  1.61260000e+01
 -3.00125067e+03  3.58657400e+03  8.40000000e-02  1.61070000e+01
 -3.00180017e+03  3.58417300e+03  8.50000000e-02  1.62440000e+01
 -3.00191077e+03  3.58297300e+03  8.50000000e-02  1.62960000e+01
 -3.00191077e+03  3.58297300e+03  8.50000000e-02  1.62960000e+01
 -3.00191077e+03  3.58297300e+03  8.50000000e-02  1.62960000e+01
 -3.00191077e+03  3.58297300e+03  8.50000000e-02  1.62960000e+01
 -3.00200664e+03  3.58320000e+03  8.50000000e-02  1.62800000e+01
 -3.00719522e+03  3.57946000e+03  8.40000000e-02  1.62870000e+01
 -3.00771322e+03  3.57968700e+03  8.40000000e-02  1.62760000e+01
 -3.00754723e+03  3.58021700e+03  8.40000000e-02  1.62760000e+01
 -3.00754723e+03  3.58021700e+03  8.40000000e-02  1.62760000e+01
 -3.00963498e+03  3.58342600e+03  8.40000000e-02  1.62890000e+01
 -3.00963498e+03  3.58342600e+03  8.40000000e-02  1.62890000e+01
 -3.00963498e+03  3.58342600e+03  8.40000000e-02  1.62890000e+01
 -3.00963498e+03  3.58342600e+03  8.40000000e-02  1.62890000e+01
 -3.00963498e+03  3.58342600e+03  8.40000000e-02  1.62890000e+01
 -3.00973099e+03  3.58177300e+03  8.40000000e-02  1.63560000e+01
 -3.00973099e+03  3.58177300e+03  8.40000000e-02  1.63560000e+01
 -3.01555885e+03  3.58266900e+03  8.40000000e-02  1.63570000e+01
 -3.01831938e+03  3.58275600e+03  8.40000000e-02  1.63290000e+01
 -3.01831938e+03  3.58275600e+03  8.40000000e-02  1.63290000e+01
 -3.01930388e+03  3.58836600e+03  8.40000000e-02  1.61080000e+01
 -3.02705990e+03  3.59277600e+03  8.40000000e-02  1.60230000e+01
 -3.03361448e+03  3.59486200e+03  8.40000000e-02  1.60250000e+01
 -3.03573165e+03  3.59457000e+03  8.40000000e-02  1.59810000e+01
 -3.03573165e+03  3.59457000e+03  8.40000000e-02  1.59810000e+01
 -3.03582447e+03  3.59360800e+03  8.40000000e-02  1.59990000e+01
 -3.03582447e+03  3.59360800e+03  8.40000000e-02  1.59990000e+01
 -3.03954488e+03  3.59239700e+03  8.40000000e-02  1.60170000e+01
 -3.03954488e+03  3.59239700e+03  8.40000000e-02  1.60170000e+01
 -3.04320001e+03  3.59194300e+03  8.40000000e-02  1.60120000e+01
 -3.04320001e+03  3.59194300e+03  8.40000000e-02  1.60120000e+01
 -3.04320001e+03  3.59194300e+03  8.40000000e-02  1.60120000e+01
 -3.04684877e+03  3.59546700e+03  8.40000000e-02  1.59590000e+01
 -3.04684877e+03  3.59546700e+03  8.40000000e-02  1.59590000e+01
 -3.04697937e+03  3.59471000e+03  8.40000000e-02  1.59490000e+01
 -3.04697937e+03  3.59471000e+03  8.40000000e-02  1.59490000e+01
 -3.04697937e+03  3.59471000e+03  8.40000000e-02  1.59490000e+01
 -3.04697937e+03  3.59471000e+03  8.40000000e-02  1.59490000e+01
 -3.04702270e+03  3.59306700e+03  8.40000000e-02  1.60800000e+01
 -3.04702270e+03  3.59306700e+03  8.40000000e-02  1.60800000e+01
 -3.04788984e+03  3.59208200e+03  8.40000000e-02  1.60990000e+01
 -3.04788984e+03  3.59208200e+03  8.40000000e-02  1.60990000e+01
 -3.04788984e+03  3.59208200e+03  8.40000000e-02  1.60990000e+01
 -3.04783993e+03  3.59142300e+03  8.40000000e-02  1.60750000e+01
 -3.04783993e+03  3.59142300e+03  8.40000000e-02  1.60750000e+01
 -3.04815039e+03  3.59494700e+03  8.40000000e-02  1.60390000e+01
 -3.04969968e+03  3.59868700e+03  8.40000000e-02  1.59980000e+01
 -3.05376392e+03  3.60102100e+03  8.40000000e-02  1.59970000e+01
 -3.05376392e+03  3.60102100e+03  8.40000000e-02  1.59970000e+01
 -3.05379497e+03  3.60027500e+03  8.40000000e-02  1.59990000e+01
 -3.05379497e+03  3.60027500e+03  8.40000000e-02  1.59990000e+01
 -3.05379497e+03  3.60027500e+03  8.40000000e-02  1.59990000e+01
 -3.05392861e+03  3.59952900e+03  8.40000000e-02  1.60510000e+01
 -3.05417404e+03  3.60086800e+03  8.40000000e-02  1.59990000e+01
 -3.05417404e+03  3.60086800e+03  8.40000000e-02  1.59990000e+01
 -3.05417404e+03  3.60086800e+03  8.40000000e-02  1.59990000e+01
 -3.05417404e+03  3.60086800e+03  8.40000000e-02  1.59990000e+01
 -3.05417404e+03  3.60086800e+03  8.40000000e-02  1.59990000e+01
 -3.06101907e+03  3.59899800e+03  8.40000000e-02  1.62090000e+01
 -3.06185398e+03  3.59922500e+03  8.40000000e-02  1.62250000e+01
 -3.06324798e+03  3.60251100e+03  8.40000000e-02  1.61980000e+01
 -3.06324798e+03  3.60251100e+03  8.40000000e-02  1.61980000e+01
 -3.06324798e+03  3.60251100e+03  8.40000000e-02  1.61980000e+01
 -3.06324798e+03  3.60251100e+03  8.40000000e-02  1.61980000e+01
 -3.06324798e+03  3.60251100e+03  8.40000000e-02  1.61980000e+01
 -3.06470545e+03  3.60460800e+03  8.40000000e-02  1.62450000e+01
 -3.07088698e+03  3.60536500e+03  8.40000000e-02  1.62820000e+01
 -3.07088698e+03  3.60536500e+03  8.40000000e-02  1.62820000e+01
 -3.07175927e+03  3.60626100e+03  8.40000000e-02  1.62820000e+01
 -3.08385982e+03  3.60804400e+03  8.40000000e-02  1.62810000e+01
 -3.08385982e+03  3.60804400e+03  8.40000000e-02  1.62810000e+01
 -3.08385982e+03  3.60804400e+03  8.40000000e-02  1.62810000e+01
 -3.08385982e+03  3.60804400e+03  8.40000000e-02  1.62810000e+01
 -3.08385982e+03  3.60804400e+03  8.40000000e-02  1.62810000e+01
 -3.08385982e+03  3.60804400e+03  8.40000000e-02  1.62810000e+01
 -3.08385982e+03  3.60804400e+03  8.40000000e-02  1.62810000e+01
 -3.08564404e+03  3.60915700e+03  8.40000000e-02  1.63040000e+01
 -3.08564404e+03  3.60915700e+03  8.40000000e-02  1.63040000e+01
 -3.08810692e+03  3.61258300e+03  8.40000000e-02  1.62180000e+01
 -3.08810692e+03  3.61258300e+03  8.40000000e-02  1.62180000e+01
 -3.08810692e+03  3.61258300e+03  8.40000000e-02  1.62180000e+01
 -3.08810692e+03  3.61258300e+03  8.40000000e-02  1.62180000e+01
 -3.08810692e+03  3.61258300e+03  8.40000000e-02  1.62180000e+01
 -3.08810692e+03  3.61258300e+03  8.40000000e-02  1.62180000e+01
 -3.08810692e+03  3.61258300e+03  8.40000000e-02  1.62180000e+01
 -3.09147050e+03  3.61392200e+03  8.40000000e-02  1.62180000e+01
 -3.09147050e+03  3.61392200e+03  8.40000000e-02  1.62180000e+01
 -3.09147050e+03  3.61392200e+03  8.40000000e-02  1.62180000e+01
 -3.09147050e+03  3.61392200e+03  8.40000000e-02  1.62180000e+01
 -3.09464920e+03  3.61317600e+03  8.40000000e-02  1.62830000e+01
 -3.09865659e+03  3.61107900e+03  8.40000000e-02  1.62650000e+01
 -3.10291354e+03  3.61243000e+03  8.40000000e-02  1.61660000e+01
 -3.10291354e+03  3.61243000e+03  8.40000000e-02  1.61660000e+01
 -3.10817784e+03  3.61176000e+03  8.40000000e-02  1.62240000e+01
 -3.10817784e+03  3.61176000e+03  8.40000000e-02  1.62240000e+01
 -3.10817784e+03  3.61176000e+03  8.40000000e-02  1.62240000e+01
 -3.10817784e+03  3.61176000e+03  8.40000000e-02  1.62240000e+01
 -3.11558085e+03  3.61154400e+03  8.40000000e-02  1.62260000e+01
 -3.12480369e+03  3.61715400e+03  8.40000000e-02  1.62260000e+01
 -3.12480369e+03  3.61715400e+03  8.40000000e-02  1.62260000e+01
 -3.12563130e+03  3.61782400e+03  8.40000000e-02  1.62210000e+01
 -3.12612615e+03  3.61805100e+03  8.40000000e-02  1.62170000e+01
 -3.12635698e+03  3.61903500e+03  8.40000000e-02  1.62110000e+01
 -3.12635698e+03  3.61903500e+03  8.40000000e-02  1.62110000e+01
 -3.12997161e+03  3.62344500e+03  8.40000000e-02  1.61700000e+01
 -3.13980998e+03  3.62674100e+03  8.40000000e-02  1.61470000e+01
 -3.13980998e+03  3.62674100e+03  8.40000000e-02  1.61470000e+01
 -3.13980998e+03  3.62674100e+03  8.40000000e-02  1.61470000e+01
 -3.13980998e+03  3.62674100e+03  8.40000000e-02  1.61470000e+01
 -3.14602081e+03  3.63039400e+03  8.40000000e-02  1.60520000e+01
 -3.14602081e+03  3.63039400e+03  8.40000000e-02  1.60520000e+01
 -3.14602081e+03  3.63039400e+03  8.40000000e-02  1.60520000e+01
 -3.14739673e+03  3.62964800e+03  8.40000000e-02  1.60830000e+01
 -3.15286665e+03  3.63053400e+03  8.40000000e-02  1.59970000e+01
 -3.15398547e+03  3.63253300e+03  8.40000000e-02  1.60520000e+01
 -3.15398547e+03  3.63253300e+03  8.40000000e-02  1.60520000e+01
 -3.15398547e+03  3.63253300e+03  8.40000000e-02  1.60520000e+01
 -3.15398547e+03  3.63253300e+03  8.40000000e-02  1.60520000e+01
 -3.15463771e+03  3.63321300e+03  8.40000000e-02  1.60480000e+01
 -3.15463771e+03  3.63321300e+03  8.40000000e-02  1.60480000e+01
 -3.15463771e+03  3.63321300e+03  8.40000000e-02  1.60480000e+01
 -3.15603514e+03  3.63202400e+03  8.40000000e-02  1.60710000e+01
 -3.15603514e+03  3.63202400e+03  8.40000000e-02  1.60710000e+01
 -3.15696702e+03  3.63456300e+03  8.40000000e-02  1.59270000e+01
 -3.15782568e+03  3.63567600e+03  8.40000000e-02  1.59090000e+01
 -3.15782568e+03  3.63567600e+03  8.40000000e-02  1.59090000e+01
 -3.15782568e+03  3.63567600e+03  8.40000000e-02  1.59090000e+01
 -3.15789585e+03  3.63634600e+03  8.40000000e-02  1.59080000e+01
 -3.16014027e+03  3.64021500e+03  8.40000000e-02  1.58820000e+01
 -3.16152457e+03  3.63857200e+03  8.40000000e-02  1.60490000e+01
 -3.16152457e+03  3.63857200e+03  8.40000000e-02  1.60490000e+01
 -3.16152457e+03  3.63857200e+03  8.40000000e-02  1.60490000e+01
 -3.16152457e+03  3.63857200e+03  8.40000000e-02  1.60490000e+01
 -3.16430604e+03  3.64275400e+03  8.40000000e-02  1.58990000e+01
 -3.16430604e+03  3.64275400e+03  8.40000000e-02  1.58990000e+01
 -3.16430604e+03  3.64275400e+03  8.40000000e-02  1.58990000e+01
 -3.16430604e+03  3.64275400e+03  8.40000000e-02  1.58990000e+01
 -3.16430604e+03  3.64275400e+03  8.40000000e-02  1.58990000e+01
 -3.16430604e+03  3.64275400e+03  8.40000000e-02  1.58990000e+01
 -3.16430604e+03  3.64275400e+03  8.40000000e-02  1.58990000e+01
 -3.16430604e+03  3.64275400e+03  8.40000000e-02  1.58990000e+01
 -3.17046216e+03  3.64342400e+03  8.40000000e-02  1.59010000e+01
 -3.17046216e+03  3.64342400e+03  8.40000000e-02  1.59010000e+01
 -3.17046216e+03  3.64342400e+03  8.40000000e-02  1.59010000e+01
 -3.17046216e+03  3.64342400e+03  8.40000000e-02  1.59010000e+01
 -3.17046216e+03  3.64342400e+03  8.40000000e-02  1.59010000e+01
 -3.17119233e+03  3.64387800e+03  8.40000000e-02  1.58980000e+01
 -3.17127369e+03  3.64410500e+03  8.40000000e-02  1.59090000e+01
 -3.17127369e+03  3.64410500e+03  8.40000000e-02  1.59090000e+01
 -3.17127369e+03  3.64410500e+03  8.40000000e-02  1.59090000e+01
 -3.17954844e+03  3.64432000e+03  8.40000000e-02  1.59090000e+01
 -3.18059959e+03  3.64312000e+03  8.30000000e-02  1.59050000e+01
 -3.18059959e+03  3.64312000e+03  8.30000000e-02  1.59050000e+01
 -3.18059959e+03  3.64312000e+03  8.30000000e-02  1.59050000e+01
 -3.18059959e+03  3.64312000e+03  8.30000000e-02  1.59050000e+01
 -3.18104866e+03  3.64401700e+03  8.30000000e-02  1.59540000e+01
 -3.18286100e+03  3.64402800e+03  8.30000000e-02  1.59590000e+01
 -3.18682315e+03  3.64678400e+03  8.40000000e-02  1.59170000e+01
 -3.18770260e+03  3.64491400e+03  8.40000000e-02  1.60420000e+01
 -3.18788961e+03  3.64557300e+03  8.40000000e-02  1.61230000e+01
 -3.18788961e+03  3.64557300e+03  8.40000000e-02  1.61230000e+01
 -3.19713850e+03  3.64461000e+03  8.40000000e-02  1.61410000e+01
 -3.19730000e+03  3.64701000e+03  8.40000000e-02  1.60790000e+01
 -3.19771246e+03  3.64535700e+03  8.40000000e-02  1.61430000e+01
 -3.19771246e+03  3.64535700e+03  8.40000000e-02  1.61430000e+01
 -3.19887201e+03  3.64624300e+03  8.40000000e-02  1.61160000e+01
 -3.19887201e+03  3.64624300e+03  8.40000000e-02  1.61160000e+01
 -3.19887201e+03  3.64624300e+03  8.40000000e-02  1.61160000e+01
 -3.20002990e+03  3.64601600e+03  8.40000000e-02  1.61160000e+01
 -3.20113054e+03  3.64524700e+03  8.40000000e-02  1.62200000e+01
 -3.20113054e+03  3.64524700e+03  8.40000000e-02  1.62200000e+01
 -3.20113054e+03  3.64524700e+03  8.40000000e-02  1.62200000e+01
 -3.20113054e+03  3.64524700e+03  8.40000000e-02  1.62200000e+01
 -3.20119949e+03  3.64777600e+03  8.40000000e-02  1.61730000e+01
 -3.20121544e+03  3.64844600e+03  8.40000000e-02  1.61750000e+01
 -3.20390633e+03  3.65338600e+03  8.40000000e-02  1.60850000e+01
 -3.20390633e+03  3.65338600e+03  8.40000000e-02  1.60850000e+01
 -3.20390633e+03  3.65338600e+03  8.40000000e-02  1.60850000e+01
 -3.20390633e+03  3.65338600e+03  8.40000000e-02  1.60850000e+01
 -3.20540330e+03  3.65516800e+03  8.40000000e-02  1.60800000e+01
 -3.20683399e+03  3.65449800e+03  8.40000000e-02  1.61620000e+01
 -3.20683399e+03  3.65449800e+03  8.40000000e-02  1.61620000e+01
 -3.20683399e+03  3.65449800e+03  8.40000000e-02  1.61620000e+01
 -3.20683399e+03  3.65449800e+03  8.40000000e-02  1.61620000e+01
 -3.20683399e+03  3.65449800e+03  8.40000000e-02  1.61620000e+01
 -3.20683399e+03  3.65449800e+03  8.40000000e-02  1.61620000e+01
 -3.21805136e+03  3.65636800e+03  8.40000000e-02  1.61650000e+01
 -3.21805136e+03  3.65636800e+03  8.40000000e-02  1.61650000e+01
 -3.21805136e+03  3.65636800e+03  8.40000000e-02  1.61650000e+01
 -3.21805136e+03  3.65636800e+03  8.40000000e-02  1.61650000e+01
 -3.21805136e+03  3.65636800e+03  8.40000000e-02  1.61650000e+01
 -3.21809977e+03  3.65635700e+03  8.40000000e-02  1.62020000e+01
 -3.21830726e+03  3.65711400e+03  8.40000000e-02  1.62040000e+01
 -3.21830726e+03  3.65711400e+03  8.40000000e-02  1.62040000e+01
 -3.21830726e+03  3.65711400e+03  8.40000000e-02  1.62040000e+01
 -3.21896467e+03  3.65711400e+03  8.40000000e-02  1.62000000e+01
 -3.21896467e+03  3.65711400e+03  8.40000000e-02  1.62000000e+01
 -3.21896467e+03  3.65711400e+03  8.40000000e-02  1.62000000e+01
 -3.21896467e+03  3.65711400e+03  8.40000000e-02  1.62000000e+01
 -3.22395346e+03  3.66010700e+03  8.40000000e-02  1.62090000e+01
 -3.22416085e+03  3.65846400e+03  8.40000000e-02  1.62520000e+01
 -3.22416085e+03  3.65846400e+03  8.40000000e-02  1.62520000e+01
 -3.22519723e+03  3.66011800e+03  8.40000000e-02  1.62480000e+01
 -3.22519723e+03  3.66011800e+03  8.40000000e-02  1.62480000e+01
 -3.22519723e+03  3.66011800e+03  8.40000000e-02  1.62480000e+01
 -3.22519723e+03  3.66011800e+03  8.40000000e-02  1.62480000e+01
 -3.22519723e+03  3.66011800e+03  8.40000000e-02  1.62480000e+01
 -3.22519723e+03  3.66011800e+03  8.40000000e-02  1.62480000e+01
 -3.22519723e+03  3.66011800e+03  8.40000000e-02  1.62480000e+01
 -3.23154721e+03  3.66175000e+03  8.40000000e-02  1.62480000e+01
 -3.23154721e+03  3.66175000e+03  8.40000000e-02  1.62480000e+01