-1.56455120e+03  2.57626700e+03  8.80000000e-02  2.93540000e+01
 -1.56663476e+03  2.57956400e+03  8.80000000e-02  2.92430000e+01
 -1.57176559e+03  2.58473100e+03  8.80000000e-02  2.90690000e+01
 -1.57256825e+03  2.59198300e+03  8.80000000e-02  2.86930000e+01
 -1.57576046e+03  2.59857700e+03  8.80000000e-02  2.84410000e+01
 -1.57680567e+03  2.60111600e+03  8.80000000e-02  2.84780000e+01
 -1.57798239e+03  2.60454200e+03  8.80000000e-02  2.84280000e+01
 -1.57992984e+03  2.60708100e+03  8.80000000e-02  2.84200000e+01
 -1.58062964e+03  2.61028000e+03  8.80000000e-02  2.84320000e+01
 -1.58319609e+03  2.61543600e+03  8.80000000e-02  2.83420000e+01
 -1.58425955e+03  2.61633200e+03  8.80000000e-02  2.83430000e+01
 -1.59609773e+03  2.62028800e+03  8.80000000e-02  2.83060000e+01
 -1.59660134e+03  2.62589800e+03  8.80000000e-02  2.79150000e+01
 -1.59792809e+03  2.63030700e+03  8.80000000e-02  2.78210000e+01
 -1.60993812e+03  2.63658700e+03  8.80000000e-02  2.75070000e+01
 -1.61390468e+03  2.64010000e+03  8.80000000e-02  2.75070000e+01
 -1.61938363e+03  2.64339700e+03  8.80000000e-02  2.74650000e+01
 -1.61971983e+03  2.64757900e+03  8.80000000e-02  2.72660000e+01
 -1.62825005e+03  2.65087600e+03  8.80000000e-02  2.72660000e+01
 -1.63299492e+03  2.65327600e+03  8.80000000e-02  2.72960000e+01
 -1.63324477e+03  2.65613000e+03  8.80000000e-02  2.72390000e+01
 -1.63904651e+03  2.66151300e+03  8.80000000e-02  2.72480000e+01
 -1.64066364e+03  2.66427900e+03  8.80000000e-02  2.72430000e+01
 -1.64267035e+03  2.66681900e+03  8.90000000e-02  2.72460000e+01
 -1.64406512e+03  2.67078500e+03  8.90000000e-02  2.71330000e+01
 -1.64469044e+03  2.67572500e+03  8.90000000e-02  2.69020000e+01
 -1.64558600e+03  2.67759500e+03  8.90000000e-02  2.69170000e+01
 -1.64709544e+03  2.68156100e+03  8.90000000e-02  2.67660000e+01
 -1.64832137e+03  2.68561500e+03  8.90000000e-02  2.67230000e+01
 -1.64865857e+03  2.68882400e+03  8.90000000e-02  2.67040000e+01
 -1.66498647e+03  2.69443400e+03  8.90000000e-02  2.66360000e+01
 -1.66918852e+03  2.69840000e+03  8.90000000e-02  2.66450000e+01
 -1.67052082e+03  2.70565300e+03  8.90000000e-02  2.65580000e+01
 -1.68362455e+03  2.71029000e+03  8.30000000e-02  2.65020000e+01
 -1.68556353e+03  2.71469900e+03  8.30000000e-02  2.63970000e+01
 -1.69808046e+03  2.71933600e+03  8.30000000e-02  2.61570000e+01
 -1.69567241e+03  2.72217900e+03  8.30000000e-02  2.61290000e+01
 -1.70128838e+03  2.72658800e+03  8.30000000e-02  2.61290000e+01
 -1.71168960e+03  2.73317100e+03  8.30000000e-02  2.58970000e+01
 -1.71408876e+03  2.73712700e+03  8.30000000e-02  2.58470000e+01
 -1.71511920e+03  2.74415300e+03  8.30000000e-02  2.55830000e+01
 -1.71579297e+03  2.74690900e+03  8.30000000e-02  2.53940000e+01
 -1.72238004e+03  2.75163200e+03  8.30000000e-02  2.53900000e+01
 -1.72461207e+03  2.75777200e+03  8.30000000e-02  2.53070000e+01
 -1.72728946e+03  2.76271200e+03  8.30000000e-02  2.52520000e+01
 -1.73177017e+03  2.76689400e+03  8.30000000e-02  2.52520000e+01
 -1.74022743e+03  2.76847100e+03  8.30000000e-02  2.52350000e+01
 -1.73938170e+03  2.76967100e+03  8.30000000e-02  2.51930000e+01
 -1.74139978e+03  2.77386500e+03  8.50000000e-02  2.48220000e+01
 -1.74112658e+03  2.77551800e+03  8.50000000e-02  2.46840000e+01
 -1.75219616e+03  2.78014400e+03  8.50000000e-02  2.46270000e+01
 -1.75464945e+03  2.78418700e+03  8.60000000e-02  2.45810000e+01
 -1.75703940e+03  2.78649900e+03  8.60000000e-02  2.45790000e+01
 -1.76189843e+03  2.78993500e+03  8.60000000e-02  2.45770000e+01
 -1.77264914e+03  2.79554500e+03  8.60000000e-02  2.45770000e+01
 -1.77441945e+03  2.79852800e+03  8.60000000e-02  2.45090000e+01
 -1.77474605e+03  2.79941400e+03  8.60000000e-02  2.45090000e+01
 -1.77598800e+03  2.80315300e+03  8.40000000e-02  2.46580000e+01
 -1.77612736e+03  2.80338000e+03  8.40000000e-02  2.46830000e+01
 -1.78409552e+03  2.80547700e+03  8.40000000e-02  2.47140000e+01
 -1.78632801e+03  2.80703200e+03  8.40000000e-02  2.47140000e+01
 -1.79053772e+03  2.81099900e+03  8.30000000e-02  2.46740000e+01
 -1.79070335e+03  2.81408000e+03  8.30000000e-02  2.46070000e+01
 -1.78977211e+03  2.81431700e+03  8.30000000e-02  2.45900000e+01
 -1.79301688e+03  2.81925700e+03  8.30000000e-02  2.45660000e+01
 -1.79636340e+03  2.82225000e+03  8.30000000e-02  2.45620000e+01
 -1.80537081e+03  2.82643300e+03  8.30000000e-02  2.45510000e+01
 -1.80615179e+03  2.83061600e+03  8.30000000e-02  2.44370000e+01
 -1.80639553e+03  2.83083200e+03  8.30000000e-02  2.44440000e+01
 -1.81172701e+03  2.83381400e+03  8.30000000e-02  2.44370000e+01
 -1.81306788e+03  2.83634300e+03  8.30000000e-02  2.44330000e+01
 -1.81368705e+03  2.84075300e+03  8.30000000e-02  2.43750000e+01
 -1.81462826e+03  2.84613600e+03  8.30000000e-02  2.41380000e+01
 -1.81527712e+03  2.84703200e+03  8.30000000e-02  2.41440000e+01
 -1.82268754e+03  2.85152900e+03  8.70000000e-02  2.42050000e+01
 -1.82353262e+03  2.85406800e+03  8.70000000e-02  2.41630000e+01
 -1.82501441e+03  2.85736500e+03  8.70000000e-02  2.41550000e+01
 -1.83158956e+03  2.85624100e+03  8.70000000e-02  2.41210000e+01
 -1.83139811e+03  2.85579800e+03  8.70000000e-02  2.41150000e+01
 -1.83608263e+03  2.85864100e+03  8.70000000e-02  2.41150000e+01
 -1.83822857e+03  2.85967700e+03  8.70000000e-02  2.41760000e+01
 -1.85336096e+03  2.86528700e+03  8.70000000e-02  2.41470000e+01
 -1.85393247e+03  2.86529700e+03  8.70000000e-02  2.42590000e+01
 -1.86171155e+03  2.87450700e+03  8.70000000e-02  2.41850000e+01
 -1.86381193e+03  2.87660400e+03  8.70000000e-02  2.41850000e+01
 -1.86714862e+03  2.88274400e+03  8.70000000e-02  2.41020000e+01
 -1.87243185e+03  2.88416000e+03  8.70000000e-02  2.41020000e+01
 -1.87769903e+03  2.88878600e+03  8.70000000e-02  2.40560000e+01
 -1.87901433e+03  2.88922800e+03  8.70000000e-02  2.40640000e+01
 -1.88760562e+03  2.89079500e+03  8.70000000e-02  2.40220000e+01
 -1.89797392e+03  2.89115000e+03  8.70000000e-02  2.40920000e+01
 -1.90782098e+03  2.89314900e+03  8.60000000e-02  2.40780000e+01
 -1.92088786e+03  2.89755900e+03  8.60000000e-02  2.40780000e+01
 -1.92333386e+03  2.90009800e+03  8.60000000e-02  2.40720000e+01
 -1.91868389e+03  2.90128700e+03  8.60000000e-02  2.40210000e+01
 -1.91971469e+03  2.90436700e+03  8.60000000e-02  2.39980000e+01
 -1.92313738e+03  2.91042000e+03  8.60000000e-02  2.38900000e+01
 -1.92820690e+03  2.91184600e+03  8.60000000e-02  2.38620000e+01
 -1.92934973e+03  2.91328400e+03  8.60000000e-02  2.39320000e+01
 -1.92960510e+03  2.91394300e+03  8.60000000e-02  2.39040000e+01
 -1.92984204e+03  2.92119500e+03  8.50000000e-02  2.36480000e+01
 -1.93751826e+03  2.92275100e+03  8.50000000e-02  2.36980000e+01
 -1.92931017e+03  2.92716100e+03  8.50000000e-02  2.36410000e+01
 -1.93180041e+03  2.93210100e+03  8.50000000e-02  2.35340000e+01
 -1.93222300e+03  2.93441300e+03  8.50000000e-02  2.35370000e+01
 -1.93728154e+03  2.93845600e+03  8.50000000e-02  2.35370000e+01
 -1.94410749e+03  2.94241200e+03  8.50000000e-02  2.35370000e+01
 -1.94459742e+03  2.94308200e+03  8.50000000e-02  2.35310000e+01
 -1.95039234e+03  2.94869100e+03  8.50000000e-02  2.35100000e+01
 -1.95371708e+03  2.95176100e+03  8.50000000e-02  2.34750000e+01
 -1.95371708e+03  2.95176100e+03  8.50000000e-02  2.34750000e+01
 -1.94932242e+03  2.95317800e+03  8.50000000e-02  2.33710000e+01
 -1.96088385e+03  2.95722000e+03  8.60000000e-02  2.33800000e+01
 -1.97226866e+03  2.96149000e+03  8.60000000e-02  2.33800000e+01
 -1.97396787e+03  2.96501400e+03  8.60000000e-02  2.33280000e+01
 -1.97383261e+03  2.96613700e+03  8.60000000e-02  2.33270000e+01
 -1.97116386e+03  2.96680700e+03  8.60000000e-02  2.33310000e+01
 -1.97207565e+03  2.97174700e+03  8.60000000e-02  2.31970000e+01
 -1.97180102e+03  2.97264400e+03  8.60000000e-02  2.32080000e+01
 -1.97938734e+03  2.97825300e+03  8.60000000e-02  2.31810000e+01
 -1.97996459e+03  2.98122500e+03  8.50000000e-02  2.31600000e+01
 -1.98070442e+03  2.98166700e+03  8.60000000e-02  2.31460000e+01
 -1.99811828e+03  2.98870400e+03  8.60000000e-02  2.31100000e+01
 -2.00919241e+03  2.99311400e+03  8.50000000e-02  2.30680000e+01
 -2.01172387e+03  2.99775000e+03  8.50000000e-02  2.30590000e+01
 -2.01935621e+03  3.00171700e+03  8.50000000e-02  2.28980000e+01
 -2.02466633e+03  3.00591100e+03  8.50000000e-02  2.28980000e+01
 -2.02874823e+03  3.00912000e+03  8.60000000e-02  2.28950000e+01
 -2.02907673e+03  3.00957400e+03  8.60000000e-02  2.28950000e+01
 -2.02890160e+03  3.01047100e+03  8.60000000e-02  2.28950000e+01
 -2.01752312e+03  3.01047000e+03  8.60000000e-02  2.29050000e+01
 -2.02498001e+03  3.01518300e+03  8.60000000e-02  2.29050000e+01
 -2.02498001e+03  3.01518300e+03  8.60000000e-02  2.29050000e+01
 -2.02819463e+03  3.01870700e+03  8.60000000e-02  2.28960000e+01
 -2.02718407e+03  3.01982000e+03  8.60000000e-02  2.28960000e+01
 -2.02734272e+03  3.01861900e+03  8.60000000e-02  2.29360000e+01
 -2.02794196e+03  3.02190600e+03  8.60000000e-02  2.29040000e+01
 -2.02805854e+03  3.02190600e+03  8.50000000e-02  2.28900000e+01
 -2.02805854e+03  3.02190600e+03  8.50000000e-02  2.28900000e+01
 -2.03829057e+03  3.02750500e+03  8.50000000e-02  2.27680000e+01
 -2.04807011e+03  3.03169800e+03  8.50000000e-02  2.26630000e+01
 -2.05647059e+03  3.03423800e+03  8.50000000e-02  2.27740000e+01
 -2.05680641e+03  3.03962100e+03  8.60000000e-02  2.25020000e+01
 -2.05652577e+03  3.04029100e+03  8.60000000e-02  2.23480000e+01
 -2.07116832e+03  3.04216000e+03  8.60000000e-02  2.23910000e+01
 -2.07146259e+03  3.04424600e+03  8.60000000e-02  2.23370000e+01
 -2.07210199e+03  3.04820200e+03  8.60000000e-02  2.22960000e+01
 -2.07275795e+03  3.04844000e+03  8.60000000e-02  2.23040000e+01
 -2.07408650e+03  3.05218000e+03  8.60000000e-02  2.21530000e+01
 -2.07277572e+03  3.05329200e+03  8.60000000e-02  2.21020000e+01
 -2.07202069e+03  3.05217900e+03  8.60000000e-02  2.20690000e+01
 -2.07514723e+03  3.05681600e+03  8.60000000e-02  2.20490000e+01
 -2.07583214e+03  3.05838200e+03  8.60000000e-02  2.20370000e+01
 -2.07621185e+03  3.05949500e+03  8.60000000e-02  2.20290000e+01
 -2.07703177e+03  3.06346200e+03  8.60000000e-02  2.18300000e+01
 -2.08569501e+03  3.06653100e+03  8.60000000e-02  2.17840000e+01
 -2.08946785e+03  3.07080100e+03  8.60000000e-02  2.17910000e+01
 -2.09016157e+03  3.07267100e+03  8.60000000e-02  2.17830000e+01
 -2.08985204e+03  3.07476800e+03  8.60000000e-02  2.17830000e+01
 -2.10212413e+03  3.08180500e+03  8.60000000e-02  2.17830000e+01
 -2.10202371e+03  3.08248500e+03  8.60000000e-02  2.17800000e+01
 -2.09694648e+03  3.08038800e+03  8.60000000e-02  2.18630000e+01
 -2.09512330e+03  3.08181400e+03  8.60000000e-02  2.18870000e+01
 -2.09437468e+03  3.08324100e+03  8.50000000e-02  2.18060000e+01
 -2.09493603e+03  3.08556500e+03  8.50000000e-02  2.15120000e+01
 -2.09809815e+03  3.08512200e+03  8.50000000e-02  2.15120000e+01
 -2.09955597e+03  3.08930400e+03  8.40000000e-02  2.13460000e+01
 -2.10078639e+03  3.09117400e+03  8.40000000e-02  2.13460000e+01
 -2.09918022e+03  3.09103400e+03  8.40000000e-02  2.13450000e+01
 -2.09927787e+03  3.09267700e+03  8.40000000e-02  2.12750000e+01
 -2.09936482e+03  3.09401700e+03  8.40000000e-02  2.11830000e+01
 -2.09802657e+03  3.09401700e+03  8.40000000e-02  2.11820000e+01
 -2.09772366e+03  3.09477300e+03  8.40000000e-02  2.10670000e+01
 -2.09772366e+03  3.09477300e+03  8.40000000e-02  2.10670000e+01
 -2.09843986e+03  3.09588600e+03  8.40000000e-02  2.10670000e+01
 -2.09640414e+03  3.09468600e+03  8.40000000e-02  2.10670000e+01
 -2.09868051e+03  3.09918200e+03  8.40000000e-02  2.10320000e+01
 -2.10168307e+03  3.09992900e+03  8.40000000e-02  2.10290000e+01
 -2.10249499e+03  3.10224100e+03  8.40000000e-02  2.10300000e+01
 -2.10332126e+03  3.10477000e+03  8.40000000e-02  2.09870000e+01
 -2.10312267e+03  3.10619700e+03  8.40000000e-02  2.09610000e+01
 -2.10960430e+03  3.10962300e+03  8.40000000e-02  2.09600000e+01
 -2.10687612e+03  3.10565600e+03  8.40000000e-02  2.10120000e+01
 -2.10837547e+03  3.10766500e+03  8.40000000e-02  2.10060000e+01
 -2.11280751e+03  3.10833500e+03  8.40000000e-02  2.10010000e+01
 -2.11280751e+03  3.10833500e+03  8.40000000e-02  2.10010000e+01
 -2.11319695e+03  3.10899400e+03  8.40000000e-02  2.10010000e+01
 -2.11392993e+03  3.11175000e+03  8.40000000e-02  2.09620000e+01
 -2.11324088e+03  3.11196500e+03  8.40000000e-02  2.09530000e+01
 -2.11342507e+03  3.11263500e+03  8.40000000e-02  2.08270000e+01
 -2.11243425e+03  3.11196500e+03  8.40000000e-02  2.08270000e+01
 -2.11425548e+03  3.11660200e+03  8.40000000e-02  2.07940000e+01
 -2.11329857e+03  3.11868800e+03  8.40000000e-02  2.07170000e+01
 -2.11422251e+03  3.12221100e+03  8.40000000e-02  2.06760000e+01
 -2.12715243e+03  3.12288100e+03  8.40000000e-02  2.06760000e+01
 -2.12794987e+03  3.12309700e+03  8.40000000e-02  2.08270000e+01
 -2.13026274e+03  3.12540900e+03  8.40000000e-02  2.08080000e+01
 -2.13847514e+03  3.12683600e+03  8.30000000e-02  2.08690000e+01
 -2.14011490e+03  3.12990600e+03  8.30000000e-02  2.08560000e+01
 -2.14083398e+03  3.12970000e+03  8.30000000e-02  2.08630000e+01
 -2.14951508e+03  3.12984000e+03  8.30000000e-02  2.08630000e+01
 -2.15334470e+03  3.12886600e+03  8.30000000e-02  2.09270000e+01
 -2.15266888e+03  3.12901600e+03  8.30000000e-02  2.09300000e+01
 -2.15274345e+03  3.12691900e+03  8.40000000e-02  2.10430000e+01
 -2.16275377e+03  3.13351300e+03  8.30000000e-02  2.07810000e+01
 -2.16278901e+03  3.13187000e+03  8.40000000e-02  2.07490000e+01
 -2.17180228e+03  3.13065900e+03  8.40000000e-02  2.07870000e+01
 -2.17727363e+03  3.13275500e+03  8.40000000e-02  2.08840000e+01
 -2.17598793e+03  3.13373900e+03  8.40000000e-02  2.09040000e+01
 -2.17735802e+03  3.13769500e+03  8.40000000e-02  2.06790000e+01
 -2.17758334e+03  3.14054800e+03  8.40000000e-02  2.06060000e+01
 -2.17699312e+03  3.14086200e+03  8.40000000e-02  2.06210000e+01
 -2.17771406e+03  3.14317500e+03  8.40000000e-02  2.05710000e+01
 -2.17960342e+03  3.14624500e+03  8.40000000e-02  2.05920000e+01
 -2.18198179e+03  3.14802700e+03  8.40000000e-02  2.05920000e+01
 -2.18547461e+03  3.14816700e+03  8.40000000e-02  2.07510000e+01
 -2.18837203e+03  3.14884700e+03  8.40000000e-02  2.06810000e+01
 -2.19436841e+03  3.14974400e+03  8.40000000e-02  2.06890000e+01
 -2.19450603e+03  3.14997100e+03  8.40000000e-02  2.06890000e+01
 -2.19453790e+03  3.15087800e+03  8.40000000e-02  2.06200000e+01
 -2.19959830e+03  3.15320200e+03  8.40000000e-02  2.06200000e+01
 -2.20228117e+03  3.15427300e+03  8.40000000e-02  2.06130000e+01
 -2.20232791e+03  3.15560200e+03  8.40000000e-02  2.06810000e+01
 -2.20926735e+03  3.16054100e+03  8.40000000e-02  2.05640000e+01
 -2.20962931e+03  3.16076800e+03  8.40000000e-02  2.05230000e+01
 -2.20962931e+03  3.16076800e+03  8.40000000e-02  2.05230000e+01
 -2.21032504e+03  3.16241100e+03  8.40000000e-02  2.05000000e+01
 -2.21362768e+03  3.16606400e+03  8.40000000e-02  2.04900000e+01
 -2.21192439e+03  3.16749000e+03  8.40000000e-02  2.05430000e+01
 -2.21054619e+03  3.16652800e+03  8.40000000e-02  2.05430000e+01
 -2.22657049e+03  3.17432100e+03  8.40000000e-02  2.03900000e+01
 -2.22657049e+03  3.17432100e+03  8.40000000e-02  2.03900000e+01
 -2.22770709e+03  3.17596500e+03  8.40000000e-02  2.03860000e+01
 -2.23107035e+03  3.17662400e+03  8.40000000e-02  2.04880000e+01
 -2.23330148e+03  3.17729300e+03  8.40000000e-02  2.04920000e+01
 -2.23358221e+03  3.17863300e+03  8.40000000e-02  2.04610000e+01
 -2.23358221e+03  3.17863300e+03  8.40000000e-02  2.04610000e+01
 -2.23551700e+03  3.18051300e+03  8.40000000e-02  2.04610000e+01
 -2.25124617e+03  3.18424200e+03  8.40000000e-02  2.04240000e+01
 -2.25388096e+03  3.18535500e+03  8.40000000e-02  2.04200000e+01
 -2.25730785e+03  3.18647900e+03  8.40000000e-02  2.04620000e+01
 -2.25785960e+03  3.18635000e+03  8.40000000e-02  2.04570000e+01
 -2.25785960e+03  3.18635000e+03  8.40000000e-02  2.04570000e+01
 -2.25873909e+03  3.18911600e+03  8.40000000e-02  2.04610000e+01
 -2.25873909e+03  3.18911600e+03  8.40000000e-02  2.04610000e+01
 -2.25873909e+03  3.18911600e+03  8.40000000e-02  2.04610000e+01
 -2.25873909e+03  3.18911600e+03  8.40000000e-02  2.04610000e+01
 -2.26147932e+03  3.19189400e+03  8.40000000e-02  2.03210000e+01
 -2.27494153e+03  3.19914700e+03  8.40000000e-02  2.02740000e+01
 -2.28635884e+03  3.20265900e+03  8.40000000e-02  2.02410000e+01
 -2.28724410e+03  3.20244300e+03  8.40000000e-02  2.02550000e+01
 -2.29007098e+03  3.20641000e+03  8.40000000e-02  2.02550000e+01
 -2.29199180e+03  3.20992300e+03  8.40000000e-02  2.01820000e+01
 -2.29212142e+03  3.20960900e+03  8.40000000e-02  2.01800000e+01
 -2.29352626e+03  3.20960900e+03  8.40000000e-02  2.01800000e+01
 -2.30222927e+03  3.21267800e+03  8.40000000e-02  2.02840000e+01
 -2.30282838e+03  3.21477500e+03  8.40000000e-02  2.02860000e+01
 -2.30282838e+03  3.21477500e+03  8.40000000e-02  2.02860000e+01
 -2.30493029e+03  3.21918500e+03  8.40000000e-02  2.02900000e+01
 -2.30821404e+03  3.22382200e+03  8.40000000e-02  2.01910000e+01
 -2.30821404e+03  3.22382200e+03  8.40000000e-02  2.01910000e+01
 -2.30869075e+03  3.22231800e+03  8.40000000e-02  2.01750000e+01
 -2.31296296e+03  3.22524800e+03  8.40000000e-02  2.01750000e+01
 -2.31101874e+03  3.22643700e+03  8.40000000e-02  2.01940000e+01
 -2.31174825e+03  3.22786400e+03  8.40000000e-02  2.01940000e+01
 -2.31708965e+03  3.22965700e+03  8.40000000e-02  2.01670000e+01
 -2.31889715e+03  3.23384000e+03  8.40000000e-02  2.01630000e+01
 -2.32163583e+03  3.23759100e+03  8.40000000e-02  2.01000000e+01
 -2.32174631e+03  3.23759100e+03  8.40000000e-02  2.01000000e+01
 -2.32174631e+03  3.23759100e+03  8.40000000e-02  2.01000000e+01
 -2.32197064e+03  3.23870300e+03  8.40000000e-02  2.00500000e+01
 -2.32663965e+03  3.24057300e+03  8.40000000e-02  2.00520000e+01
 -2.32644199e+03  3.24133000e+03  8.40000000e-02  1.99340000e+01
 -2.32650476e+03  3.24230300e+03  8.40000000e-02  1.99380000e+01
 -2.32761321e+03  3.24394600e+03  8.40000000e-02  1.99380000e+01
 -2.32761321e+03  3.24394600e+03  8.40000000e-02  1.99380000e+01
 -2.32669217e+03  3.24341600e+03  8.40000000e-02  1.99280000e+01
 -2.32669217e+03  3.24341600e+03  8.40000000e-02  1.99280000e+01
 -2.32596421e+03  3.24342700e+03  8.40000000e-02  1.99140000e+01
 -2.32907700e+03  3.24298300e+03  8.30000000e-02  1.98770000e+01
 -2.33198790e+03  3.24783600e+03  8.30000000e-02  1.98770000e+01
 -2.33291396e+03  3.24851700e+03  8.30000000e-02  1.98340000e+01
 -2.33551164e+03  3.24887300e+03  8.30000000e-02  1.98340000e+01
 -2.34149183e+03  3.25074200e+03  8.30000000e-02  1.99100000e+01
 -2.34694918e+03  3.25523900e+03  8.40000000e-02  1.97750000e+01
 -2.34694918e+03  3.25523900e+03  8.40000000e-02  1.97750000e+01
 -2.34946749e+03  3.25680600e+03  8.40000000e-02  1.96650000e+01
 -2.36065012e+03  3.25583300e+03  8.40000000e-02  1.96710000e+01
 -2.36065012e+03  3.25583300e+03  8.40000000e-02  1.96710000e+01
 -2.36315326e+03  3.25868700e+03  8.40000000e-02  1.96440000e+01
 -2.37774041e+03  3.26101000e+03  8.40000000e-02  1.96110000e+01
 -2.37774041e+03  3.26101000e+03  8.40000000e-02  1.96110000e+01
 -2.38055385e+03  3.26399300e+03  8.40000000e-02  1.96050000e+01
 -2.38420939e+03  3.26982900e+03  8.30000000e-02  1.94380000e+01
 -2.38805078e+03  3.27201300e+03  8.30000000e-02  1.94360000e+01
 -2.38836416e+03  3.27321300e+03  8.30000000e-02  1.94260000e+01
 -2.38903481e+03  3.27806600e+03  8.30000000e-02  1.93380000e+01
 -2.38860266e+03  3.27542800e+03  8.40000000e-02  1.94210000e+01
 -2.38887980e+03  3.27664900e+03  8.30000000e-02  1.94070000e+01
 -2.39323650e+03  3.28040000e+03  8.30000000e-02  1.93840000e+01
 -2.40231755e+03  3.28076600e+03  8.30000000e-02  1.93940000e+01
 -2.40301490e+03  3.28099300e+03  8.30000000e-02  1.93970000e+01
 -2.40296437e+03  3.28143600e+03  8.30000000e-02  1.93960000e+01
 -2.40249200e+03  3.28286300e+03  8.30000000e-02  1.93640000e+01
 -2.40249200e+03  3.28286300e+03  8.30000000e-02  1.93640000e+01
 -2.40352383e+03  3.28660300e+03  8.30000000e-02  1.93180000e+01
 -2.40350006e+03  3.28661300e+03  8.30000000e-02  1.93180000e+01
 -2.40374536e+03  3.28629900e+03  8.30000000e-02  1.92990000e+01
 -2.40356270e+03  3.28137000e+03  8.30000000e-02  1.95240000e+01
 -2.40905417e+03  3.28676300e+03  8.30000000e-02  1.94890000e+01
 -2.40881816e+03  3.28721700e+03  8.30000000e-02  1.94850000e+01
 -2.41033189e+03  3.28998300e+03  8.30000000e-02  1.93930000e+01
 -2.41033189e+03  3.28998300e+03  8.30000000e-02  1.93930000e+01
 -2.41168428e+03  3.29133300e+03  8.30000000e-02  1.93600000e+01
 -2.41686750e+03  3.29387300e+03  8.30000000e-02  1.93580000e+01
 -2.41686750e+03  3.29387300e+03  8.30000000e-02  1.93580000e+01
 -2.41762313e+03  3.29520200e+03  8.30000000e-02  1.93400000e+01
 -2.43395436e+03  3.29795800e+03  8.30000000e-02  1.92800000e+01
 -2.43878161e+03  3.30268100e+03  8.30000000e-02  1.92770000e+01
 -2.43736695e+03  3.29862700e+03  8.30000000e-02  1.93590000e+01
 -2.44216317e+03  3.30028100e+03  8.30000000e-02  1.93600000e+01
 -2.43985992e+03  3.30072400e+03  8.30000000e-02  1.93600000e+01
 -2.44051678e+03  3.30086300e+03  8.30000000e-02  1.95160000e+01
 -2.44058135e+03  3.30206300e+03  8.30000000e-02  1.94190000e+01
 -2.44073542e+03  3.30140400e+03  8.30000000e-02  1.94160000e+01
 -2.45252968e+03  3.30371700e+03  8.30000000e-02  1.94250000e+01
 -2.46377430e+03  3.30601800e+03  8.30000000e-02  1.94250000e+01
 -2.46737567e+03  3.30886100e+03  8.30000000e-02  1.94250000e+01
 -2.46737567e+03  3.30886100e+03  8.30000000e-02  1.94250000e+01
 -2.46863841e+03  3.31153000e+03  8.30000000e-02  1.93700000e+01
 -2.47272300e+03  3.31558400e+03  8.30000000e-02  1.92120000e+01
 -2.48072544e+03  3.31768000e+03  8.30000000e-02  1.92270000e+01
 -2.48286134e+03  3.32098800e+03  8.30000000e-02  1.92200000e+01
 -2.48419362e+03  3.31904200e+03  8.30000000e-02  1.94040000e+01
 -2.49038799e+03  3.31882500e+03  8.30000000e-02  1.94040000e+01
 -2.50734099e+03  3.31762500e+03  8.30000000e-02  1.94290000e+01
 -2.50734099e+03  3.31762500e+03  8.30000000e-02  1.94290000e+01
 -2.50734099e+03  3.31762500e+03  8.30000000e-02  1.94290000e+01
 -2.50734099e+03  3.31762500e+03  8.30000000e-02  1.94290000e+01
 -2.51051401e+03  3.31918100e+03  8.20000000e-02  1.93110000e+01
 -2.52292894e+03  3.31887700e+03  8.30000000e-02  1.93150000e+01
 -2.53997628e+03  3.32044400e+03  8.20000000e-02  1.94500000e+01
 -2.53997628e+03  3.32044400e+03  8.20000000e-02  1.94500000e+01
 -2.54192343e+03  3.32432400e+03  8.20000000e-02  1.92470000e+01
 -2.54192343e+03  3.32432400e+03  8.20000000e-02  1.92470000e+01
 -2.55728706e+03  3.32730700e+03  8.20000000e-02  1.92470000e+01
 -2.55851959e+03  3.33007300e+03  8.20000000e-02  1.90950000e+01
 -2.55851959e+03  3.33007300e+03  8.20000000e-02  1.90950000e+01
 -2.55851959e+03  3.33007300e+03  8.20000000e-02  1.90950000e+01
 -2.56329425e+03  3.33292700e+03  8.20000000e-02  1.90500000e+01
 -2.56260567e+03  3.33217000e+03  8.20000000e-02  1.90500000e+01
 -2.56260567e+03  3.33217000e+03  8.20000000e-02  1.90500000e+01
 -2.56260567e+03  3.33217000e+03  8.20000000e-02  1.90500000e+01
 -2.56260567e+03  3.33217000e+03  8.20000000e-02  1.90500000e+01
 -2.56318474e+03  3.33208200e+03  8.20000000e-02  1.91120000e+01
 -2.57083602e+03  3.32931500e+03  8.20000000e-02  1.93600000e+01
 -2.58038136e+03  3.33296800e+03  8.20000000e-02  1.93310000e+01
 -2.58168801e+03  3.33506500e+03  8.20000000e-02  1.92450000e+01
 -2.58251285e+03  3.33497800e+03  8.20000000e-02  1.92520000e+01
 -2.58292593e+03  3.33587400e+03  8.20000000e-02  1.92440000e+01
 -2.58616300e+03  3.33623000e+03  8.20000000e-02  1.92310000e+01
 -2.58615302e+03  3.33743000e+03  8.20000000e-02  1.92200000e+01
 -2.59632239e+03  3.33841300e+03  8.20000000e-02  1.92510000e+01
 -2.60254292e+03  3.34161200e+03  8.20000000e-02  1.92170000e+01
 -2.60254292e+03  3.34161200e+03  8.20000000e-02  1.92170000e+01
 -2.60367740e+03  3.34459500e+03  8.20000000e-02  1.92100000e+01
 -2.60367740e+03  3.34459500e+03  8.20000000e-02  1.92100000e+01
 -2.60306580e+03  3.34767500e+03  8.20000000e-02  1.90260000e+01
 -2.60411396e+03  3.34910200e+03  8.20000000e-02  1.90290000e+01
 -2.60474372e+03  3.34887500e+03  8.20000000e-02  1.90630000e+01
 -2.60474372e+03  3.34887500e+03  8.20000000e-02  1.90630000e+01
 -2.60660977e+03  3.35284200e+03  8.20000000e-02  1.90600000e+01
 -2.60660977e+03  3.35284200e+03  8.20000000e-02  1.90600000e+01
 -2.61351558e+03  3.35461400e+03  8.20000000e-02  1.90580000e+01
 -2.61453481e+03  3.35836400e+03  8.20000000e-02  1.90350000e+01
 -2.61604050e+03  3.35889400e+03  8.30000000e-02  1.90610000e+01
 -2.61599107e+03  3.35890400e+03  8.30000000e-02  1.90960000e+01
 -2.61603089e+03  3.35881700e+03  8.30000000e-02  1.90920000e+01
 -2.61657640e+03  3.36060000e+03  8.30000000e-02  1.91040000e+01
 -2.61657640e+03  3.36060000e+03  8.30000000e-02  1.91040000e+01
 -2.61663357e+03  3.36367000e+03  8.30000000e-02  1.90330000e+01
 -2.61663357e+03  3.36367000e+03  8.30000000e-02  1.90330000e+01
 -2.61663357e+03  3.36367000e+03  8.30000000e-02  1.90330000e+01
 -2.61715348e+03  3.36611200e+03  8.30000000e-02  1.90330000e+01
 -2.62283798e+03  3.36806900e+03  8.30000000e-02  1.90290000e+01
 -2.62283798e+03  3.36806900e+03  8.30000000e-02  1.90290000e+01
 -2.62283798e+03  3.36806900e+03  8.30000000e-02  1.90290000e+01
 -2.62411970e+03  3.37095300e+03  8.30000000e-02  1.89650000e+01
 -2.62411970e+03  3.37095300e+03  8.30000000e-02  1.89650000e+01
 -2.62440291e+03  3.37305000e+03  8.30000000e-02  1.89100000e+01
 -2.62440291e+03  3.37305000e+03  8.30000000e-02  1.89100000e+01
 -2.62440291e+03  3.37305000e+03  8.30000000e-02  1.89100000e+01
 -2.63907492e+03  3.37710400e+03  8.30000000e-02  1.89090000e+01
 -2.64217659e+03  3.38174000e+03  8.20000000e-02  1.85720000e+01
 -2.64486692e+03  3.38294000e+03  8.30000000e-02  1.85800000e+01
 -2.64486692e+03  3.38294000e+03  8.30000000e-02  1.85800000e+01
 -2.65740062e+03  3.38855000e+03  8.30000000e-02  1.85100000e+01
 -2.65771195e+03  3.39423600e+03  8.30000000e-02  1.81660000e+01
 -2.66871684e+03  3.39700300e+03  8.30000000e-02  1.81280000e+01
 -2.67999383e+03  3.40282900e+03  8.20000000e-02  1.81040000e+01
 -2.67999383e+03  3.40282900e+03  8.20000000e-02  1.81040000e+01
 -2.67999383e+03  3.40282900e+03  8.20000000e-02  1.81040000e+01
 -2.68074733e+03  3.40395200e+03  8.20000000e-02  1.81030000e+01
 -2.68074733e+03  3.40395200e+03  8.20000000e-02  1.81030000e+01
 -2.68074733e+03  3.40395200e+03  8.20000000e-02  1.81030000e+01
 -2.68074733e+03  3.40395200e+03  8.20000000e-02  1.81030000e+01
 -2.68074733e+03  3.40395200e+03  8.20000000e-02  1.81030000e+01
 -2.68074733e+03  3.40395200e+03  8.20000000e-02  1.81030000e+01
 -2.68074733e+03  3.40395200e+03  8.20000000e-02  1.81030000e+01
 -2.68194389e+03  3.40858900e+03  8.20000000e-02  1.79060000e+01
 -2.69099890e+03  3.41014500e+03  8.20000000e-02  1.78560000e+01
 -2.69154225e+03  3.41157100e+03  8.20000000e-02  1.79000000e+01
 -2.69297328e+03  3.41366800e+03  8.20000000e-02  1.78980000e+01
 -2.69266686e+03  3.41455400e+03  8.20000000e-02  1.78840000e+01
 -2.70587094e+03  3.41829400e+03  8.20000000e-02  1.78840000e+01
 -2.70567618e+03  3.41828300e+03  8.20000000e-02  1.78880000e+01
 -2.70567618e+03  3.41828300e+03  8.20000000e-02  1.78880000e+01
 -2.70567618e+03  3.41828300e+03  8.20000000e-02  1.78880000e+01
 -2.72357460e+03  3.42170900e+03  8.20000000e-02  1.78880000e+01
 -2.72872314e+03  3.42522100e+03  8.20000000e-02  1.78360000e+01
 -2.72872314e+03  3.42522100e+03  8.20000000e-02  1.78360000e+01
 -2.72872314e+03  3.42522100e+03  8.20000000e-02  1.78360000e+01
 -2.72872314e+03  3.42522100e+03  8.20000000e-02  1.78360000e+01
 -2.72836831e+03  3.42072400e+03  8.20000000e-02  1.79300000e+01
 -2.74479158e+03  3.42700400e+03  8.20000000e-02  1.78880000e+01
 -2.74498070e+03  3.42744700e+03  8.20000000e-02  1.78660000e+01
 -2.74498070e+03  3.42744700e+03  8.20000000e-02  1.78660000e+01
 -2.74554076e+03  3.42737100e+03  8.20000000e-02  1.78670000e+01
 -2.74554076e+03  3.42737100e+03  8.20000000e-02  1.78670000e+01
 -2.74554076e+03  3.42737100e+03  8.20000000e-02  1.78670000e+01
 -2.74550075e+03  3.43080700e+03  8.20000000e-02  1.77230000e+01
 -2.74584822e+03  3.42863400e+03  8.20000000e-02  1.77500000e+01
 -2.74584822e+03  3.42863400e+03  8.20000000e-02  1.77500000e+01
 -2.74696113e+03  3.42997400e+03  8.20000000e-02  1.76780000e+01
 -2.74696113e+03  3.42997400e+03  8.20000000e-02  1.76780000e+01
 -2.74850287e+03  3.42988600e+03  8.20000000e-02  1.77010000e+01
 -2.74850287e+03  3.42988600e+03  8.20000000e-02  1.77010000e+01
 -2.76568821e+03  3.43098800e+03  8.20000000e-02  1.77010000e+01
 -2.76568821e+03  3.43098800e+03  8.20000000e-02  1.77010000e+01
 -2.76568821e+03  3.43098800e+03  8.20000000e-02  1.77010000e+01
 -2.76568821e+03  3.43098800e+03  8.20000000e-02  1.77010000e+01
 -2.76568821e+03  3.43098800e+03  8.20000000e-02  1.77010000e+01
 -2.77278711e+03  3.42805800e+03  8.20000000e-02  1.78170000e+01
 -2.77501033e+03  3.43037100e+03  8.20000000e-02  1.77370000e+01
 -2.77583586e+03  3.43139600e+03  8.20000000e-02  1.77780000e+01
 -2.77750950e+03  3.43633600e+03  8.20000000e-02  1.75460000e+01
 -2.77750950e+03  3.43633600e+03  8.20000000e-02  1.75460000e+01
 -2.77869213e+03  3.43873600e+03  8.20000000e-02  1.75030000e+01
 -2.77869213e+03  3.43873600e+03  8.20000000e-02  1.75030000e+01
 -2.77849125e+03  3.43806600e+03  8.20000000e-02  1.75130000e+01
 -2.77900338e+03  3.43632500e+03  8.20000000e-02  1.75220000e+01
 -2.77900338e+03  3.43632500e+03  8.20000000e-02  1.75220000e+01
 -2.77900338e+03  3.43632500e+03  8.20000000e-02  1.75220000e+01
 -2.79259987e+03  3.43832400e+03  8.20000000e-02  1.74120000e+01
 -2.79369604e+03  3.43712400e+03  8.20000000e-02  1.74780000e+01
 -2.79484599e+03  3.44086400e+03  8.20000000e-02  1.74360000e+01
 -2.79484599e+03  3.44086400e+03  8.20000000e-02  1.74360000e+01
 -2.79484599e+03  3.44086400e+03  8.20000000e-02  1.74360000e+01
 -2.79484599e+03  3.44086400e+03  8.20000000e-02  1.74360000e+01
 -2.79484599e+03  3.44086400e+03  8.20000000e-02  1.74360000e+01
 -2.79484599e+03  3.44086400e+03  8.20000000e-02  1.74360000e+01
 -2.79484599e+03  3.44086400e+03  8.20000000e-02  1.74360000e+01
 -2.79479708e+03  3.44206400e+03  8.20000000e-02  1.74340000e+01
 -2.79707573e+03  3.44504600e+03  8.20000000e-02  1.74510000e+01
 -2.79707573e+03  3.44504600e+03  8.20000000e-02  1.74510000e+01
 -2.79707573e+03  3.44504600e+03  8.20000000e-02  1.74510000e+01
 -2.80825700e+03  3.44661300e+03  8.30000000e-02  1.75190000e+01
 -2.81395134e+03  3.44849400e+03  8.20000000e-02  1.75160000e+01
 -2.81395134e+03  3.44849400e+03  8.20000000e-02  1.75160000e+01
 -2.81395134e+03  3.44849400e+03  8.20000000e-02  1.75160000e+01
 -2.82839865e+03  3.45200700e+03  8.20000000e-02  1.75320000e+01
 -2.83754257e+03  3.45364900e+03  8.20000000e-02  1.75080000e+01
 -2.84380473e+03  3.45498900e+03  8.20000000e-02  1.74430000e+01
 -2.84429157e+03  3.45609100e+03  8.20000000e-02  1.74450000e+01
 -2.84429157e+03  3.45609100e+03  8.20000000e-02  1.74450000e+01
 -2.84429157e+03  3.45609100e+03  8.20000000e-02  1.74450000e+01
 -2.84529529e+03  3.45623100e+03  8.20000000e-02  1.74510000e+01
 -2.84582211e+03  3.45711700e+03  8.20000000e-02  1.74510000e+01
 -2.84582211e+03  3.45711700e+03  8.20000000e-02  1.74510000e+01
 -2.84582211e+03  3.45711700e+03  8.20000000e-02  1.74510000e+01
 -2.84582211e+03  3.45711700e+03  8.20000000e-02  1.74510000e+01
 -2.84691311e+03  3.45570000e+03  8.20000000e-02  1.75120000e+01
 -2.84793242e+03  3.45921300e+03  8.20000000e-02  1.74510000e+01
 -2.84785192e+03  3.45921300e+03  8.20000000e-02  1.74330000e+01
 -2.84918416e+03  3.46196900e+03  8.20000000e-02  1.74070000e+01
 -2.84918416e+03  3.46196900e+03  8.20000000e-02  1.74070000e+01
 -2.85640136e+03  3.46789300e+03  8.20000000e-02  1.74450000e+01
 -2.86852647e+03  3.46924300e+03  8.20000000e-02  1.74440000e+01
 -2.86852647e+03  3.46924300e+03  8.20000000e-02  1.74440000e+01
 -2.86852647e+03  3.46924300e+03  8.20000000e-02  1.74440000e+01
 -2.86852647e+03  3.46924300e+03  8.20000000e-02  1.74440000e+01
 -2.86912394e+03  3.46760000e+03  8.20000000e-02  1.74300000e+01
 -2.88036638e+03  3.46991300e+03  8.20000000e-02  1.75030000e+01
 -2.88036638e+03  3.46991300e+03  8.20000000e-02  1.75030000e+01
 -2.88476012e+03  3.46871300e+03  8.20000000e-02  1.75370000e+01
 -2.88573257e+03  3.46675600e+03  8.20000000e-02  1.75650000e+01
 -2.88573257e+03  3.46675600e+03  8.20000000e-02  1.75650000e+01
 -2.88593032e+03  3.46742600e+03  8.20000000e-02  1.75660000e+01
 -2.89130864e+03  3.47138200e+03  8.20000000e-02  1.73880000e+01
 -2.89130864e+03  3.47138200e+03  8.20000000e-02  1.73880000e+01
 -2.89130864e+03  3.47138200e+03  8.20000000e-02  1.73880000e+01
 -2.89196335e+03  3.46905800e+03  8.20000000e-02  1.74800000e+01
 -2.89147930e+03  3.46981400e+03  8.20000000e-02  1.74850000e+01
 -2.89147930e+03  3.46981400e+03  8.20000000e-02  1.74850000e+01
 -2.89147930e+03  3.46981400e+03  8.20000000e-02  1.74850000e+01
 -2.89147930e+03  3.46981400e+03  8.20000000e-02  1.74850000e+01
 -2.89147930e+03  3.46981400e+03  8.20000000e-02  1.74850000e+01
 -2.89272435e+03  3.46674400e+03  8.20000000e-02  1.75140000e+01
 -2.89319338e+03  3.46652800e+03  8.20000000e-02  1.75930000e+01
 -2.89347962e+03  3.46577000e+03  8.20000000e-02  1.75870000e+01
 -2.89379671e+03  3.46457000e+03  8.20000000e-02  1.76320000e+01
 -2.89379671e+03  3.46457000e+03  8.20000000e-02  1.76320000e+01
 -2.89379671e+03  3.46457000e+03  8.20000000e-02  1.76320000e+01
 -2.89523392e+03  3.46569400e+03  8.20000000e-02  1.76250000e+01
 -2.89692508e+03  3.46899100e+03  8.20000000e-02  1.75290000e+01
 -2.90339585e+03  3.47129300e+03  8.20000000e-02  1.75280000e+01
 -2.90400576e+03  3.47130300e+03  8.20000000e-02  1.75140000e+01
 -2.91149544e+03  3.47242700e+03  8.20000000e-02  1.75900000e+01
 -2.91248481e+03  3.47309700e+03  8.20000000e-02  1.75980000e+01
 -2.91809236e+03  3.47519400e+03  8.20000000e-02  1.75940000e+01
 -2.92154549e+03  3.47289200e+03  8.20000000e-02  1.76190000e+01
 -2.92154549e+03  3.47289200e+03  8.20000000e-02  1.76190000e+01
 -2.92707949e+03  3.47476200e+03  8.20000000e-02  1.76190000e+01
 -2.92707949e+03  3.47476200e+03  8.20000000e-02  1.76190000e+01
 -2.93411544e+03  3.47775500e+03  8.20000000e-02  1.76030000e+01
 -2.93411544e+03  3.47775500e+03  8.20000000e-02  1.76030000e+01
 -2.94712710e+03  3.47775500e+03  8.20000000e-02  1.76940000e+01
 -2.94712710e+03  3.47775500e+03  8.20000000e-02  1.76940000e+01
 -2.94712710e+03  3.47775500e+03  8.20000000e-02  1.76940000e+01
 -2.94780528e+03  3.47511800e+03  8.20000000e-02  1.78540000e+01
 -2.94780528e+03  3.47511800e+03  8.20000000e-02  1.78540000e+01
 -2.94807483e+03  3.47841500e+03  8.20000000e-02  1.77960000e+01
 -2.95173586e+03  3.47752900e+03  8.20000000e-02  1.78760000e+01
 -2.95211170e+03  3.47863100e+03  8.20000000e-02  1.78670000e+01
 -2.95213317e+03  3.47885700e+03  8.20000000e-02  1.78670000e+01
 -2.95213317e+03  3.47885700e+03  8.20000000e-02  1.78670000e+01
 -2.95337173e+03  3.47997000e+03  8.20000000e-02  1.78630000e+01
 -2.95729369e+03  3.48108300e+03  8.20000000e-02  1.78630000e+01
 -2.95729369e+03  3.48108300e+03  8.20000000e-02  1.78630000e+01
 -2.95729369e+03  3.48108300e+03  8.20000000e-02  1.78630000e+01
 -2.95729369e+03  3.48108300e+03  8.20000000e-02  1.78630000e+01
 -2.95729369e+03  3.48108300e+03  8.20000000e-02  1.78630000e+01
 -2.96191433e+03  3.48064000e+03  8.20000000e-02  1.78790000e+01
 -2.96191433e+03  3.48064000e+03  8.20000000e-02  1.78790000e+01
 -2.96367950e+03  3.48196900e+03  8.20000000e-02  1.78820000e+01
 -2.96367950e+03  3.48196900e+03  8.20000000e-02  1.78820000e+01
 -2.96367950e+03  3.48196900e+03  8.20000000e-02  1.78820000e+01
 -2.96899567e+03  3.48616300e+03  8.20000000e-02  1.78430000e+01
 -2.97173070e+03  3.48487500e+03  8.30000000e-02  1.78600000e+01
 -2.97173070e+03  3.48487500e+03  8.30000000e-02  1.78600000e+01
 -2.97348034e+03  3.48531800e+03  8.30000000e-02  1.78610000e+01
 -2.97348034e+03  3.48531800e+03  8.30000000e-02  1.78610000e+01
 -2.97371713e+03  3.48313400e+03  8.30000000e-02  1.78730000e+01
 -2.97371713e+03  3.48313400e+03  8.30000000e-02  1.78730000e+01
 -2.97638083e+03  3.48598700e+03  8.30000000e-02  1.78690000e+01
 -2.97638083e+03  3.48598700e+03  8.30000000e-02  1.78690000e+01
 -2.97638083e+03  3.48598700e+03  8.30000000e-02  1.78690000e+01
 -2.97748309e+03  3.49061300e+03  8.30000000e-02  1.77200000e+01
 -2.97735195e+03  3.49202900e+03  8.30000000e-02  1.76980000e+01
 -2.97759538e+03  3.49455800e+03  8.30000000e-02  1.76320000e+01
 -2.97811752e+03  3.49588700e+03  8.30000000e-02  1.76180000e+01
 -2.98402595e+03  3.49775700e+03  8.30000000e-02  1.77860000e+01
 -2.98402595e+03  3.49775700e+03  8.30000000e-02  1.77860000e+01
 -2.98501594e+03  3.50015700e+03  8.30000000e-02  1.77550000e+01
 -2.98501594e+03  3.50015700e+03  8.30000000e-02  1.77550000e+01
 -2.98501594e+03  3.50015700e+03  8.30000000e-02  1.77550000e+01
 -2.98501594e+03  3.50015700e+03  8.30000000e-02  1.77550000e+01
 -2.98501594e+03  3.50015700e+03  8.30000000e-02  1.77550000e+01
 -2.98501594e+03  3.50015700e+03  8.30000000e-02  1.77550000e+01
 -2.98501594e+03  3.50015700e+03  8.30000000e-02  1.77550000e+01
 -2.99021868e+03  3.50091400e+03  8.30000000e-02  1.77570000e+01
 -2.99021868e+03  3.50091400e+03  8.30000000e-02  1.77570000e+01
 -2.99167926e+03  3.50211400e+03  8.30000000e-02  1.77490000e+01
 -2.99790779e+03  3.50298900e+03  8.30000000e-02  1.78800000e+01
 -2.99877631e+03  3.50343200e+03  8.30000000e-02  1.79940000e+01
 -2.99877631e+03  3.50343200e+03  8.30000000e-02  1.79940000e+01
 -3.01136362e+03  3.50320500e+03  8.20000000e-02  1.81630000e+01
 -3.01196928e+03  3.50306600e+03  8.20000000e-02  1.81630000e+01
 -3.01196928e+03  3.50306600e+03  8.20000000e-02  1.81630000e+01
 -3.01196928e+03  3.50306600e+03  8.20000000e-02  1.81630000e+01
 -3.01196928e+03  3.50306600e+03  8.20000000e-02  1.81630000e+01
 -3.01353621e+03  3.50186500e+03  8.30000000e-02  1.81650000e+01
 -3.01418328e+03  3.50199400e+03  8.30000000e-02  1.82350000e+01
 -3.01463760e+03  3.49968100e+03  8.30000000e-02  1.82670000e+01
 -3.01463760e+03  3.49968100e+03  8.30000000e-02  1.82670000e+01
 -3.01463760e+03  3.49968100e+03  8.30000000e-02  1.82670000e+01
 -3.01463760e+03  3.49968100e+03  8.30000000e-02  1.82670000e+01
 -3.01603051e+03  3.50252400e+03  8.20000000e-02  1.81930000e+01
 -3.01679292e+03  3.50612400e+03  8.20000000e-02  1.81350000e+01
 -3.01687961e+03  3.50590800e+03  8.20000000e-02  1.80720000e+01
 -3.02728135e+03  3.50889000e+03  8.20000000e-02  1.80630000e+01
 -3.02728135e+03  3.50889000e+03  8.20000000e-02  1.80630000e+01
 -3.02728135e+03  3.50889000e+03  8.20000000e-02  1.80630000e+01
 -3.02750119e+03  3.50934400e+03  8.20000000e-02  1.80520000e+01
 -3.02750119e+03  3.50934400e+03  8.20000000e-02  1.80520000e+01
 -3.02750119e+03  3.50934400e+03  8.20000000e-02  1.80520000e+01
 -3.02972381e+03  3.51077100e+03  8.20000000e-02  1.80830000e+01
 -3.02972381e+03  3.51077100e+03  8.20000000e-02  1.80830000e+01
 -3.03570104e+03  3.50681500e+03  8.20000000e-02  1.81760000e+01
 -3.03570104e+03  3.50681500e+03  8.20000000e-02  1.81760000e+01
 -3.04118986e+03  3.51099800e+03  8.30000000e-02  1.81810000e+01
 -3.04118986e+03  3.51099800e+03  8.30000000e-02  1.81810000e+01
 -3.04468155e+03  3.51384100e+03  8.30000000e-02  1.81030000e+01
 -3.04468155e+03  3.51384100e+03  8.30000000e-02  1.81030000e+01
 -3.04468155e+03  3.51384100e+03  8.30000000e-02  1.81030000e+01
 -3.04702204e+03  3.51548400e+03  8.30000000e-02  1.80920000e+01
 -3.04702204e+03  3.51548400e+03  8.30000000e-02  1.80920000e+01
 -3.04702204e+03  3.51548400e+03  8.30000000e-02  1.80920000e+01
 -3.04698914e+03  3.51472700e+03  8.30000000e-02  1.81150000e+01
 -3.04698914e+03  3.51472700e+03  8.30000000e-02  1.81150000e+01
 -3.05621811e+03  3.51825000e+03  8.30000000e-02  1.80690000e+01
 -3.05621811e+03  3.51825000e+03  8.30000000e-02  1.80690000e+01
 -3.05621811e+03  3.51825000e+03  8.30000000e-02  1.80690000e+01
 -3.05926436e+03  3.52252000e+03  8.20000000e-02  1.80400000e+01
 -3.06369370e+03  3.52317900e+03  8.20000000e-02  1.80400000e+01
 -3.06582615e+03  3.52526500e+03  8.20000000e-02  1.80430000e+01
 -3.06582615e+03  3.52526500e+03  8.20000000e-02  1.80430000e+01
 -3.06582615e+03  3.52526500e+03  8.20000000e-02  1.80430000e+01
 -3.06974568e+03  3.52766500e+03  8.20000000e-02  1.80430000e+01
 -3.06974568e+03  3.52766500e+03  8.20000000e-02  1.80430000e+01
 -3.06995546e+03  3.52406500e+03  8.30000000e-02  1.82180000e+01
 -3.06987644e+03  3.52308100e+03  8.30000000e-02  1.82770000e+01
 -3.07087143e+03  3.52748000e+03  8.30000000e-02  1.82550000e+01
 -3.07084616e+03  3.52793400e+03  8.30000000e-02  1.82400000e+01
 -3.07520502e+03  3.53056100e+03  8.30000000e-02  1.82400000e+01
 -3.07520502e+03  3.53056100e+03  8.30000000e-02  1.82400000e+01
 -3.07520502e+03  3.53056100e+03  8.30000000e-02  1.82400000e+01
 -3.07711587e+03  3.53101400e+03  8.30000000e-02  1.82840000e+01
 -3.07805427e+03  3.53146800e+03  8.30000000e-02  1.82760000e+01
 -3.08083992e+03  3.53178200e+03  8.30000000e-02  1.83090000e+01
 -3.09076862e+03  3.53499100e+03  8.30000000e-02  1.82950000e+01
 -3.09127365e+03  3.53654700e+03  8.30000000e-02  1.81680000e+01
 -3.09127365e+03  3.53654700e+03  8.30000000e-02  1.81680000e+01
 -3.09127365e+03  3.53654700e+03  8.30000000e-02  1.81680000e+01
 -3.09224460e+03  3.53490400e+03  8.30000000e-02  1.82310000e+01
 -3.09224460e+03  3.53490400e+03  8.30000000e-02  1.82310000e+01
 -3.09224460e+03  3.53490400e+03  8.30000000e-02  1.82310000e+01
 -3.09224460e+03  3.53490400e+03  8.30000000e-02  1.82310000e+01
 -3.09247752e+03  3.53423400e+03  8.30000000e-02  1.82990000e+01
 -3.09247752e+03  3.53423400e+03  8.30000000e-02  1.82990000e+01
 -3.09348754e+03  3.53279600e+03  8.30000000e-02  1.83180000e+01
 -3.09348754e+03  3.53279600e+03  8.30000000e-02  1.83180000e+01
 -3.09348754e+03  3.53279600e+03  8.30000000e-02  1.83180000e+01
 -3.09348754e+03  3.53279600e+03  8.30000000e-02  1.83180000e+01
 -3.09348754e+03  3.53279600e+03  8.30000000e-02  1.83180000e+01
 -3.09360214e+03  3.53323900e+03  8.30000000e-02  1.82680000e+01
 -3.09360214e+03  3.53323900e+03  8.30000000e-02  1.82680000e+01
 -3.09360214e+03  3.53323900e+03  8.30000000e-02  1.82680000e+01
 -3.09360214e+03  3.53323900e+03  8.30000000e-02  1.82680000e+01
 -3.09360214e+03  3.53323900e+03  8.30000000e-02  1.82680000e+01
 -3.09573437e+03  3.53577900e+03  8.30000000e-02  1.82150000e+01
 -3.09573437e+03  3.53577900e+03  8.30000000e-02  1.82150000e+01
 -3.09719503e+03  3.53764800e+03  8.30000000e-02  1.82130000e+01
 -3.09940564e+03  3.54109500e+03  8.30000000e-02  1.81720000e+01
 -3.09940564e+03  3.54109500e+03  8.30000000e-02  1.81720000e+01
 -3.09940564e+03  3.54109500e+03  8.30000000e-02  1.81720000e+01
 -3.09973632e+03  3.54483500e+03  8.30000000e-02  1.80230000e+01
 -3.10054757e+03  3.54803400e+03  8.30000000e-02  1.79780000e+01
 -3.10054757e+03  3.54803400e+03  8.30000000e-02  1.79780000e+01
 -3.10101095e+03  3.54706100e+03  8.30000000e-02  1.79780000e+01
 -3.10101095e+03  3.54706100e+03  8.30000000e-02  1.79780000e+01
 -3.10101095e+03  3.54706100e+03  8.30000000e-02  1.79780000e+01
 -3.10103318e+03  3.54870400e+03  8.30000000e-02  1.79420000e+01
 -3.10140506e+03  3.54937400e+03  8.30000000e-02  1.79580000e+01
 -3.10421704e+03  3.55147000e+03  8.30000000e-02  1.79580000e+01
 -3.10743468e+03  3.55535000e+03  8.30000000e-02  1.77610000e+01
 -3.10793276e+03  3.55557600e+03  8.30000000e-02  1.78250000e+01
 -3.10793276e+03  3.55557600e+03  8.30000000e-02  1.78250000e+01
 -3.11122780e+03  3.55967200e+03  8.30000000e-02  1.77120000e+01
 -3.11122780e+03  3.55967200e+03  8.30000000e-02  1.77120000e+01
 -3.11654476e+03  3.55981200e+03  8.30000000e-02  1.77580000e+01
 -3.11654476e+03  3.55981200e+03  8.30000000e-02  1.77580000e+01
 -3.11654476e+03  3.55981200e+03  8.30000000e-02  1.77580000e+01
 -3.12421095e+03  3.55762800e+03  8.30000000e-02  1.77860000e+01
 -3.12421095e+03  3.55762800e+03  8.30000000e-02  1.77860000e+01
 -3.12421095e+03  3.55762800e+03  8.30000000e-02  1.77860000e+01
 -3.13292486e+03  3.55950800e+03  8.30000000e-02  1.77830000e+01
 -3.13357454e+03  3.55809200e+03  8.30000000e-02  1.78120000e+01
 -3.13357454e+03  3.55809200e+03  8.30000000e-02  1.78120000e+01
 -3.13357454e+03  3.55809200e+03  8.30000000e-02  1.78120000e+01
 -3.13665222e+03  3.55974600e+03  8.30000000e-02  1.77930000e+01
 -3.14643001e+03  3.56093500e+03  8.30000000e-02  1.77910000e+01
 -3.14643001e+03  3.56093500e+03  8.30000000e-02  1.77910000e+01
 -3.14644264e+03  3.56093500e+03  8.30000000e-02  1.78530000e+01
 -3.14644264e+03  3.56093500e+03  8.30000000e-02  1.78530000e+01
 -3.15111280e+03  3.56093500e+03  8.30000000e-02  1.78790000e+01
 -3.16003339e+03  3.56601400e+03  8.30000000e-02  1.78790000e+01
 -3.16062577e+03  3.57064000e+03  8.30000000e-02  1.77780000e+01
 -3.16062577e+03  3.57064000e+03  8.30000000e-02  1.77780000e+01
 -3.16062577e+03  3.57064000e+03  8.30000000e-02  1.77780000e+01
 -3.16062577e+03  3.57064000e+03  8.30000000e-02  1.77780000e+01
 -3.16062577e+03  3.57064000e+03  8.30000000e-02  1.77780000e+01
 -3.16312357e+03  3.56822900e+03  8.30000000e-02  1.78970000e+01
 -3.16312357e+03  3.56822900e+03  8.30000000e-02  1.78970000e+01
 -3.16564520e+03  3.56792600e+03  8.30000000e-02  1.79460000e+01
 -3.16589917e+03  3.56771000e+03  8.30000000e-02  1.79700000e+01
 -3.16589917e+03  3.56771000e+03  8.30000000e-02  1.79700000e+01
 -3.16590473e+03  3.56935300e+03  8.20000000e-02  1.78080000e+01
 -3.16930706e+03  3.57144900e+03  8.20000000e-02  1.78480000e+01
 -3.17162008e+03  3.57376300e+03  8.20000000e-02  1.77470000e+01
 -3.17162008e+03  3.57376300e+03  8.20000000e-02  1.77470000e+01
 -3.17199757e+03  3.57321100e+03  8.20000000e-02  1.78180000e+01
 -3.17199757e+03  3.57321100e+03  8.20000000e-02  1.78180000e+01
 -3.17199757e+03  3.57321100e+03  8.20000000e-02  1.78180000e+01
 -3.17561751e+03  3.57366400e+03  8.20000000e-02  1.78960000e+01
 -3.18418161e+03  3.57059400e+03  8.20000000e-02  1.80680000e+01
 -3.18418161e+03  3.57059400e+03  8.20000000e-02  1.80680000e+01
 -3.18418161e+03  3.57059400e+03  8.20000000e-02  1.80680000e+01
 -3.18418161e+03  3.57059400e+03  8.20000000e-02  1.80680000e+01
 -3.18418161e+03  3.57059400e+03  8.20000000e-02  1.80680000e+01
 -3.18418161e+03  3.57059400e+03  8.20000000e-02  1.80680000e+01
 -3.18643082e+03  3.57215000e+03  8.20000000e-02  1.80510000e+01
 -3.19414353e+03  3.57500400e+03  8.20000000e-02  1.80260000e+01
 -3.19549216e+03  3.57587900e+03  8.20000000e-02  1.80260000e+01
 -3.19613451e+03  3.57632200e+03  8.20000000e-02  1.80280000e+01
 -3.19613451e+03  3.57632200e+03  8.20000000e-02  1.80280000e+01
 -3.20668741e+03  3.57929300e+03  8.20000000e-02  1.80230000e+01
 -3.20831352e+03  3.58072000e+03  8.20000000e-02  1.80230000e+01
 -3.20831352e+03  3.58072000e+03  8.20000000e-02  1.80230000e+01
 -3.20831352e+03  3.58072000e+03  8.20000000e-02  1.80230000e+01
 -3.20831352e+03  3.58072000e+03  8.20000000e-02  1.80230000e+01
 -3.20831352e+03  3.58072000e+03  8.20000000e-02  1.80230000e+01
 -3.20831352e+03  3.58072000e+03  8.20000000e-02  1.80230000e+01
 -3.20831352e+03  3.58072000e+03  8.20000000e-02  1.80230000e+01
 -3.20831352e+03  3.58072000e+03  8.20000000e-02  1.80230000e+01
 -3.20831352e+03  3.58072000e+03  8.20000000e-02  1.80230000e+01
 -3.20831352e+03  3.58072000e+03  8.20000000e-02  1.80230000e+01
 -3.20831352e+03  3.58072000e+03  8.20000000e-02  1.80230000e+01
 -3.20868682e+03  3.58026600e+03  8.20000000e-02  1.80520000e+01
 -3.20868682e+03  3.58026600e+03  8.20000000e-02  1.80520000e+01
 -3.20868682e+03  3.58026600e+03  8.20000000e-02  1.80520000e+01
 -3.21050042e+03  3.58080700e+03  8.20000000e-02  1.79940000e+01
 -3.21321646e+03  3.57444000e+03  8.20000000e-02  1.80550000e+01
 -3.21321646e+03  3.57444000e+03  8.20000000e-02  1.80550000e+01
 -3.21321646e+03  3.57444000e+03  8.20000000e-02  1.80550000e+01
 -3.21528453e+03  3.57609400e+03  8.20000000e-02  1.80550000e+01
 -3.21528453e+03  3.57609400e+03  8.20000000e-02  1.80550000e+01
 -3.21631593e+03  3.57369300e+03  8.20000000e-02  1.80520000e+01
 -3.21631593e+03  3.57369300e+03  8.20000000e-02  1.80520000e+01
 -3.21770022e+03  3.57721700e+03  8.20000000e-02  1.80260000e+01
 -3.21770022e+03  3.57721700e+03  8.20000000e-02  1.80260000e+01
 -3.21905550e+03  3.57699000e+03  8.20000000e-02  1.81300000e+01
 -3.21905550e+03  3.57699000e+03  8.20000000e-02  1.81300000e+01
 -3.21905550e+03  3.57699000e+03  8.20000000e-02  1.81300000e+01
 -3.21905550e+03  3.57699000e+03  8.20000000e-02  1.81300000e+01
 -3.21957255e+03  3.57810300e+03  8.20000000e-02  1.81270000e+01
 -3.21957255e+03  3.57810300e+03  8.20000000e-02  1.81270000e+01
 -3.22016929e+03  3.57834100e+03  8.20000000e-02  1.81270000e+01
 -3.22025960e+03  3.58262100e+03  8.20000000e-02  1.78090000e+01
 -3.22025960e+03  3.58262100e+03  8.20000000e-02  1.78090000e+01
 -3.22025960e+03  3.58262100e+03  8.20000000e-02  1.78090000e+01
 -3.22047487e+03  3.58336800e+03  8.20000000e-02  1.78090000e+01
 -3.22069481e+03  3.58292400e+03  8.20000000e-02  1.78370000e+01
 -3.22069481e+03  3.58292400e+03  8.20000000e-02  1.78370000e+01
 -3.22069481e+03  3.58292400e+03  8.20000000e-02  1.78370000e+01
 -3.22069481e+03  3.58292400e+03  8.20000000e-02  1.78370000e+01
 -3.24030302e+03  3.58656600e+03  8.20000000e-02  1.78370000e+01
 -3.24030302e+03  3.58656600e+03  8.20000000e-02  1.78370000e+01
 -3.24030302e+03  3.58656600e+03  8.20000000e-02  1.78370000e+01
 -3.24100954e+03  3.58911600e+03  8.20000000e-02  1.78280000e+01
 -3.24100954e+03  3.58911600e+03  8.20000000e-02  1.78280000e+01
 -3.24100954e+03  3.58911600e+03  8.20000000e-02  1.78280000e+01
 -3.24100954e+03  3.58911600e+03  8.20000000e-02  1.78280000e+01
 -3.25307365e+03  3.59232600e+03  8.20000000e-02  1.77680000e+01
 -3.25307365e+03  3.59232600e+03  8.20000000e-02  1.77680000e+01
 -3.25307365e+03  3.59232600e+03  8.20000000e-02  1.77680000e+01
 -3.25307365e+03  3.59232600e+03  8.20000000e-02  1.77680000e+01
 -3.25307365e+03  3.59232600e+03  8.20000000e-02  1.77680000e+01
 -3.25554263e+03  3.59300700e+03  8.20000000e-02  1.77640000e+01
 -3.26181941e+03  3.59454100e+03  8.20000000e-02  1.77590000e+01
 -3.26181941e+03  3.59454100e+03  8.20000000e-02  1.77590000e+01
 -3.26181941e+03  3.59454100e+03  8.20000000e-02  1.77590000e+01
 -3.26481066e+03  3.59529800e+03  8.20000000e-02  1.78180000e+01
 -3.26481066e+03  3.59529800e+03  8.20000000e-02  1.78180000e+01
 -3.26481066e+03  3.59529800e+03  8.20000000e-02  1.78180000e+01
 -3.26481066e+03  3.59529800e+03  8.20000000e-02  1.78180000e+01
 -3.26479998e+03  3.59628200e+03  8.20000000e-02  1.76710000e+01
 -3.26479998e+03  3.59628200e+03  8.20000000e-02  1.76710000e+01
 -3.26539132e+03  3.59715800e+03  8.20000000e-02  1.76740000e+01
 -3.26605801e+03  3.59783800e+03  8.20000000e-02  1.77370000e+01
 -3.26605801e+03  3.59783800e+03  8.20000000e-02  1.77370000e+01
 -3.26605801e+03  3.59783800e+03  8.20000000e-02  1.77370000e+01
 -3.26605801e+03  3.59783800e+03  8.20000000e-02  1.77370000e+01
 -3.26605801e+03  3.59783800e+03  8.20000000e-02  1.77370000e+01
 -3.26605801e+03  3.59783800e+03  8.20000000e-02  1.77370000e+01
 -3.26693335e+03  3.59992400e+03  8.20000000e-02  1.76680000e+01
 -3.27414088e+03  3.60246400e+03  8.20000000e-02  1.76490000e+01
 -3.27414088e+03  3.60246400e+03  8.20000000e-02  1.76490000e+01
 -3.27711652e+03  3.60642000e+03  8.20000000e-02  1.75810000e+01
 -3.27711652e+03  3.60642000e+03  8.20000000e-02  1.75810000e+01
 -3.27711652e+03  3.60642000e+03  8.20000000e-02  1.75810000e+01
 -3.27711652e+03  3.60642000e+03  8.20000000e-02  1.75810000e+01
 -3.27711652e+03  3.60642000e+03  8.20000000e-02  1.75810000e+01
 -3.27696924e+03  3.60357600e+03  8.20000000e-02  1.77400000e+01
 -3.27963724e+03  3.60588900e+03  8.20000000e-02  1.77360000e+01
 -3.28311688e+03  3.60722900e+03  8.20000000e-02  1.77360000e+01
 -3.28572177e+03  3.61043900e+03  8.30000000e-02  1.76910000e+01
 -3.28572177e+03  3.61043900e+03  8.30000000e-02  1.76910000e+01
 -3.28572177e+03  3.61043900e+03  8.30000000e-02  1.76910000e+01
 -3.28572177e+03  3.61043900e+03  8.30000000e-02  1.76910000e+01
 -3.28572177e+03  3.61043900e+03  8.30000000e-02  1.76910000e+01
 -3.28627396e+03  3.61022300e+03  8.30000000e-02  1.76910000e+01
 -3.28627396e+03  3.61022300e+03  8.30000000e-02  1.76910000e+01
 -3.28696325e+03  3.61209300e+03  8.30000000e-02  1.76830000e+01
 -3.28696325e+03  3.61209300e+03  8.30000000e-02  1.76830000e+01