-1.56455120e+03  2.57626700e+03  8.80000000e-02  2.93540000e+01
 -1.56468519e+03  2.57978000e+03  8.80000000e-02  2.93540000e+01
 -1.56825315e+03  2.58703200e+03  8.80000000e-02  2.92780000e+01
 -1.57235099e+03  2.59130200e+03  8.80000000e-02  2.92780000e+01
 -1.57256182e+03  2.59361500e+03  8.80000000e-02  2.92640000e+01
 -1.57262051e+03  2.59525800e+03  8.80000000e-02  2.92390000e+01
 -1.57786777e+03  2.60273700e+03  8.80000000e-02  2.90730000e+01
 -1.58650857e+03  2.60901700e+03  8.80000000e-02  2.90730000e+01
 -1.59068570e+03  2.61351400e+03  8.80000000e-02  2.90240000e+01
 -1.59160265e+03  2.61956600e+03  8.80000000e-02  2.88580000e+01
 -1.59316286e+03  2.62540300e+03  8.80000000e-02  2.88270000e+01
 -1.59329981e+03  2.62795400e+03  8.80000000e-02  2.87680000e+01
 -1.59841966e+03  2.62929300e+03  8.80000000e-02  2.87660000e+01
 -1.60151926e+03  2.63227600e+03  8.80000000e-02  2.87590000e+01
 -1.60360954e+03  2.63668500e+03  8.80000000e-02  2.86650000e+01
 -1.59815000e+03  2.63592800e+03  8.80000000e-02  2.86670000e+01
 -1.59965746e+03  2.64206700e+03  8.80000000e-02  2.85120000e+01
 -1.60291583e+03  2.64799100e+03  8.80000000e-02  2.84520000e+01
 -1.61558234e+03  2.65284400e+03  8.80000000e-02  2.83600000e+01
 -1.63487723e+03  2.65965300e+03  8.80000000e-02  2.82690000e+01
 -1.64589963e+03  2.66504700e+03  8.80000000e-02  2.82110000e+01
 -1.65069622e+03  2.66953300e+03  8.80000000e-02  2.81040000e+01
 -1.65393941e+03  2.67348800e+03  8.80000000e-02  2.81040000e+01
 -1.65661535e+03  2.67829900e+03  8.80000000e-02  2.80780000e+01
 -1.66305668e+03  2.68159600e+03  8.80000000e-02  2.80780000e+01
 -1.66226974e+03  2.68271900e+03  8.80000000e-02  2.80070000e+01
 -1.66303090e+03  2.68404800e+03  8.80000000e-02  2.80070000e+01
 -1.66350111e+03  2.68725700e+03  8.80000000e-02  2.79530000e+01
 -1.66659440e+03  2.69197000e+03  8.80000000e-02  2.79010000e+01
 -1.66473096e+03  2.69375300e+03  8.80000000e-02  2.77320000e+01
 -1.66768321e+03  2.69870300e+03  8.80000000e-02  2.76450000e+01
 -1.66753896e+03  2.70013000e+03  8.80000000e-02  2.76450000e+01
 -1.66993597e+03  2.70333900e+03  8.80000000e-02  2.76410000e+01
 -1.67247527e+03  2.70610600e+03  8.80000000e-02  2.76450000e+01
 -1.68469269e+03  2.71081800e+03  8.80000000e-02  2.75110000e+01
 -1.68627630e+03  2.71292600e+03  8.80000000e-02  2.74940000e+01
 -1.69176523e+03  2.71777900e+03  8.80000000e-02  2.74880000e+01
 -1.69283679e+03  2.72031800e+03  8.80000000e-02  2.73740000e+01
 -1.69448269e+03  2.72142000e+03  8.80000000e-02  2.73920000e+01
 -1.69932148e+03  2.72441300e+03  8.80000000e-02  2.73910000e+01
 -1.70138892e+03  2.72783900e+03  8.80000000e-02  2.73930000e+01
 -1.71532869e+03  2.73127500e+03  8.80000000e-02  2.73680000e+01
 -1.71991659e+03  2.73764100e+03  8.80000000e-02  2.71830000e+01
 -1.72048969e+03  2.73986700e+03  8.80000000e-02  2.71750000e+01
 -1.72459307e+03  2.74307600e+03  8.90000000e-02  2.69150000e+01
 -1.73649856e+03  2.75286900e+03  8.90000000e-02  2.66790000e+01
 -1.73789712e+03  2.75429600e+03  9.00000000e-02  2.66930000e+01
 -1.74612475e+03  2.76156000e+03  9.00000000e-02  2.66310000e+01
 -1.75511399e+03  2.76222900e+03  9.00000000e-02  2.66310000e+01
 -1.75944898e+03  2.76476900e+03  9.00000000e-02  2.64620000e+01
 -1.76018221e+03  2.76993600e+03  9.00000000e-02  2.63950000e+01
 -1.76468087e+03  2.77180600e+03  9.00000000e-02  2.62540000e+01
 -1.76480340e+03  2.77336100e+03  9.00000000e-02  2.62460000e+01
 -1.76420176e+03  2.77283100e+03  9.00000000e-02  2.61630000e+01
 -1.77162840e+03  2.77844000e+03  9.00000000e-02  2.61020000e+01
 -1.77807959e+03  2.78293700e+03  9.00000000e-02  2.61020000e+01
 -1.78016284e+03  2.78556400e+03  9.00000000e-02  2.61020000e+01
 -1.78058481e+03  2.78677500e+03  9.00000000e-02  2.61130000e+01
 -1.78361805e+03  2.79074100e+03  9.00000000e-02  2.60930000e+01
 -1.78679753e+03  2.79373500e+03  9.00000000e-02  2.59540000e+01
 -1.79311253e+03  2.79463100e+03  9.00000000e-02  2.59400000e+01
 -1.79408250e+03  2.79762500e+03  9.00000000e-02  2.57940000e+01
 -1.78970035e+03  2.80046800e+03  9.00000000e-02  2.57410000e+01
 -1.79494297e+03  2.80299600e+03  9.00000000e-02  2.57410000e+01
 -1.79649988e+03  2.80575200e+03  9.00000000e-02  2.57420000e+01
 -1.79682663e+03  2.80948100e+03  9.20000000e-02  2.57220000e+01
 -1.79625847e+03  2.81157700e+03  9.20000000e-02  2.55990000e+01
 -1.80431398e+03  2.81816000e+03  9.20000000e-02  2.55990000e+01
 -1.80845157e+03  2.81972600e+03  9.20000000e-02  2.55850000e+01
 -1.80665185e+03  2.82158500e+03  9.30000000e-02  2.55900000e+01
 -1.81453381e+03  2.82786500e+03  9.30000000e-02  2.55470000e+01
 -1.82064499e+03  2.83116200e+03  9.30000000e-02  2.55470000e+01
 -1.82064499e+03  2.83116200e+03  9.30000000e-02  2.55470000e+01
 -1.82627625e+03  2.83444800e+03  9.20000000e-02  2.52980000e+01
 -1.82915794e+03  2.83885700e+03  9.20000000e-02  2.52090000e+01
 -1.82943371e+03  2.84117000e+03  9.20000000e-02  2.51590000e+01
 -1.85322576e+03  2.84646500e+03  9.20000000e-02  2.50010000e+01
 -1.85555464e+03  2.84878900e+03  9.20000000e-02  2.49490000e+01
 -1.86075708e+03  2.85342500e+03  9.20000000e-02  2.48940000e+01
 -1.86882183e+03  2.85747900e+03  9.20000000e-02  2.48950000e+01
 -1.87023052e+03  2.86099200e+03  9.20000000e-02  2.48950000e+01
 -1.87336193e+03  2.86615900e+03  9.20000000e-02  2.46450000e+01
 -1.87347593e+03  2.86855900e+03  9.20000000e-02  2.45650000e+01
 -1.87751602e+03  2.86901200e+03  9.20000000e-02  2.45600000e+01
 -1.87582650e+03  2.86945500e+03  9.20000000e-02  2.45450000e+01
 -1.88877221e+03  2.87220000e+03  9.20000000e-02  2.45330000e+01
 -1.88904968e+03  2.87407000e+03  9.20000000e-02  2.44570000e+01
 -1.88853940e+03  2.87319500e+03  8.90000000e-02  2.44610000e+01
 -1.89330668e+03  2.87902100e+03  8.90000000e-02  2.44310000e+01
 -1.89785102e+03  2.88221900e+03  8.90000000e-02  2.43700000e+01
 -1.89885212e+03  2.88386200e+03  8.90000000e-02  2.42860000e+01
 -1.90327356e+03  2.88586100e+03  8.90000000e-02  2.42860000e+01
 -1.91311015e+03  2.89027000e+03  8.90000000e-02  2.42290000e+01
 -1.91301094e+03  2.89204200e+03  8.90000000e-02  2.42180000e+01
 -1.91888486e+03  2.89600800e+03  8.90000000e-02  2.41520000e+01
 -1.92062251e+03  2.90019100e+03  9.00000000e-02  2.39030000e+01
 -1.92385059e+03  2.90184400e+03  9.00000000e-02  2.39030000e+01
 -1.92506876e+03  2.90448200e+03  9.00000000e-02  2.38650000e+01
 -1.93458453e+03  2.90853500e+03  9.00000000e-02  2.38480000e+01
 -1.93097736e+03  2.90284900e+03  9.00000000e-02  2.39430000e+01
 -1.93841321e+03  2.90734600e+03  9.00000000e-02  2.40130000e+01
 -1.94455120e+03  2.91099800e+03  9.00000000e-02  2.40150000e+01
 -1.94770509e+03  2.91332200e+03  9.00000000e-02  2.40140000e+01
 -1.96060706e+03  2.91706200e+03  9.00000000e-02  2.40140000e+01
 -1.96637474e+03  2.91773100e+03  9.00000000e-02  2.40430000e+01
 -1.96637474e+03  2.91773100e+03  9.00000000e-02  2.40430000e+01
 -1.96776915e+03  2.92013100e+03  9.00000000e-02  2.40490000e+01
 -1.97510237e+03  2.92311400e+03  9.00000000e-02  2.40170000e+01
 -1.97286180e+03  2.92476700e+03  9.00000000e-02  2.40170000e+01
 -1.97349168e+03  2.92872300e+03  9.00000000e-02  2.39690000e+01
 -1.97671571e+03  2.93133900e+03  9.00000000e-02  2.39270000e+01
 -1.99091996e+03  2.93169500e+03  9.00000000e-02  2.39840000e+01
 -1.99983701e+03  2.93005200e+03  9.00000000e-02  2.40360000e+01
 -1.99999736e+03  2.93313200e+03  9.00000000e-02  2.39070000e+01
 -2.00541126e+03  2.93762900e+03  9.40000000e-02  2.38870000e+01
 -2.00869161e+03  2.94039500e+03  9.40000000e-02  2.38870000e+01
 -2.00405302e+03  2.94293500e+03  9.40000000e-02  2.39420000e+01
 -2.01037977e+03  2.94809100e+03  9.40000000e-02  2.39070000e+01
 -2.01197270e+03  2.95228400e+03  9.40000000e-02  2.38630000e+01
 -2.01199623e+03  2.95415400e+03  9.40000000e-02  2.38360000e+01
 -2.01257471e+03  2.95571000e+03  9.40000000e-02  2.37330000e+01
 -2.01293259e+03  2.95869300e+03  9.40000000e-02  2.36270000e+01
 -1.99979151e+03  2.95375200e+03  9.40000000e-02  2.37400000e+01
 -2.00117054e+03  2.95464900e+03  9.40000000e-02  2.37370000e+01
 -2.01076498e+03  2.96332900e+03  9.40000000e-02  2.35460000e+01
 -2.00949798e+03  2.96311200e+03  9.40000000e-02  2.35360000e+01
 -2.00978606e+03  2.96475500e+03  9.40000000e-02  2.35290000e+01
 -2.00978606e+03  2.96475500e+03  9.40000000e-02  2.35290000e+01
 -2.01132671e+03  2.96662500e+03  9.40000000e-02  2.35310000e+01
 -2.01428867e+03  2.96982400e+03  9.40000000e-02  2.35300000e+01
 -2.04123473e+03  2.97476400e+03  9.40000000e-02  2.35360000e+01
 -2.04262091e+03  2.97792100e+03  9.40000000e-02  2.35250000e+01
 -2.04367108e+03  2.98277300e+03  9.40000000e-02  2.33700000e+01
 -2.04537529e+03  2.98696700e+03  9.40000000e-02  2.33550000e+01
 -2.04835536e+03  2.99235000e+03  9.40000000e-02  2.32510000e+01
 -2.04880003e+03  2.99313800e+03  9.40000000e-02  2.33060000e+01
 -2.04977158e+03  2.99630500e+03  9.40000000e-02  2.31400000e+01
 -2.04945889e+03  2.99653200e+03  9.40000000e-02  2.31310000e+01
 -2.05085536e+03  3.00161200e+03  9.40000000e-02  2.30580000e+01
 -2.05224480e+03  3.00108200e+03  9.40000000e-02  2.30930000e+01
 -2.06944092e+03  3.00700600e+03  9.40000000e-02  2.30490000e+01
 -2.06754415e+03  3.00851900e+03  9.40000000e-02  2.29500000e+01
 -2.07818534e+03  3.01224800e+03  9.40000000e-02  2.28440000e+01
 -2.07699559e+03  3.00962100e+03  9.40000000e-02  2.29320000e+01
 -2.08820731e+03  3.01149100e+03  9.40000000e-02  2.29920000e+01
 -2.09644611e+03  3.01403000e+03  9.40000000e-02  2.29920000e+01
 -2.10159756e+03  3.01777000e+03  9.40000000e-02  2.29110000e+01
 -2.10875054e+03  3.02262300e+03  9.40000000e-02  2.28830000e+01
 -2.11863085e+03  3.02635100e+03  9.40000000e-02  2.28740000e+01
 -2.11874759e+03  3.02657800e+03  9.40000000e-02  2.28680000e+01
 -2.12870075e+03  3.02978800e+03  9.40000000e-02  2.28560000e+01
 -2.12870075e+03  3.02978800e+03  9.40000000e-02  2.28560000e+01
 -2.13067410e+03  3.03321300e+03  9.40000000e-02  2.27340000e+01
 -2.13067410e+03  3.03321300e+03  9.40000000e-02  2.27340000e+01
 -2.13240285e+03  3.03584000e+03  9.40000000e-02  2.27120000e+01
 -2.13829610e+03  3.04025000e+03  9.40000000e-02  2.25760000e+01
 -2.14166356e+03  3.04233600e+03  9.40000000e-02  2.25760000e+01
 -2.14114675e+03  3.04166600e+03  9.40000000e-02  2.25980000e+01
 -2.14981069e+03  3.04189300e+03  9.40000000e-02  2.28400000e+01
 -2.15398005e+03  3.04400000e+03  9.40000000e-02  2.27850000e+01
 -2.15449777e+03  3.04507100e+03  9.40000000e-02  2.27590000e+01
 -2.15610101e+03  3.04858300e+03  9.40000000e-02  2.27520000e+01
 -2.15979036e+03  3.04934000e+03  9.40000000e-02  2.27520000e+01
 -2.15554022e+03  3.04747000e+03  9.40000000e-02  2.27680000e+01
 -2.16687624e+03  3.05277700e+03  9.40000000e-02  2.26860000e+01
 -2.16725880e+03  3.05607300e+03  9.40000000e-02  2.25840000e+01
 -2.16793846e+03  3.05817000e+03  9.40000000e-02  2.25040000e+01
 -2.16793846e+03  3.05817000e+03  9.40000000e-02  2.25040000e+01
 -2.17302364e+03  3.06235300e+03  9.40000000e-02  2.24390000e+01
 -2.17314572e+03  3.06466600e+03  9.40000000e-02  2.23630000e+01
 -2.17314572e+03  3.06466600e+03  9.40000000e-02  2.23630000e+01
 -2.17314572e+03  3.06466600e+03  9.40000000e-02  2.23630000e+01
 -2.17330458e+03  3.06773500e+03  9.40000000e-02  2.22500000e+01
 -2.17241424e+03  3.06883700e+03  9.40000000e-02  2.22380000e+01
 -2.17472086e+03  3.06883700e+03  9.40000000e-02  2.22380000e+01
 -2.19313565e+03  3.07137700e+03  9.40000000e-02  2.22380000e+01
 -2.19423755e+03  3.07250000e+03  9.40000000e-02  2.22340000e+01
 -2.20338120e+03  3.07557000e+03  9.40000000e-02  2.22340000e+01
 -2.20469268e+03  3.07601300e+03  9.40000000e-02  2.22860000e+01
 -2.21904729e+03  3.08086600e+03  9.40000000e-02  2.22960000e+01
 -2.21528896e+03  3.08009800e+03  9.40000000e-02  2.22600000e+01
 -2.21543494e+03  3.08032400e+03  9.40000000e-02  2.23830000e+01
 -2.21327040e+03  3.08122100e+03  9.40000000e-02  2.23640000e+01
 -2.21327040e+03  3.08122100e+03  9.40000000e-02  2.23640000e+01
 -2.22238040e+03  3.08607300e+03  9.40000000e-02  2.22600000e+01
 -2.22088167e+03  3.08607300e+03  9.40000000e-02  2.21830000e+01
 -2.22116153e+03  3.08697000e+03  9.40000000e-02  2.21300000e+01
 -2.22562159e+03  3.09146700e+03  9.40000000e-02  2.19230000e+01
 -2.22519741e+03  3.09146700e+03  9.40000000e-02  2.18730000e+01
 -2.24138369e+03  3.09796200e+03  8.50000000e-02  2.18680000e+01
 -2.25432452e+03  3.10325800e+03  8.50000000e-02  2.17210000e+01
 -2.25441288e+03  3.10392800e+03  8.50000000e-02  2.17050000e+01
 -2.25555170e+03  3.10811100e+03  8.50000000e-02  2.15670000e+01
 -2.26491186e+03  3.10922300e+03  8.50000000e-02  2.15600000e+01
 -2.26247989e+03  3.10922300e+03  8.50000000e-02  2.15600000e+01
 -2.27395657e+03  3.11296300e+03  8.50000000e-02  2.15750000e+01
 -2.28424925e+03  3.11878800e+03  8.50000000e-02  2.15270000e+01
 -2.28424925e+03  3.11878800e+03  8.50000000e-02  2.15270000e+01
 -2.28659676e+03  3.12230100e+03  8.50000000e-02  2.15270000e+01
 -2.29473487e+03  3.12506800e+03  8.40000000e-02  2.15270000e+01
 -2.29986847e+03  3.12858100e+03  8.40000000e-02  2.15270000e+01
 -2.30057409e+03  3.13053700e+03  8.40000000e-02  2.14730000e+01
 -2.30582589e+03  3.12911000e+03  8.40000000e-02  2.15050000e+01
 -2.30582589e+03  3.12911000e+03  8.40000000e-02  2.15050000e+01
 -2.31347502e+03  3.13276300e+03  8.40000000e-02  2.14720000e+01
 -2.31347502e+03  3.13276300e+03  8.40000000e-02  2.14720000e+01
 -2.31469760e+03  3.13507600e+03  8.40000000e-02  2.14580000e+01
 -2.32207296e+03  3.13770200e+03  8.40000000e-02  2.14460000e+01
 -2.31875971e+03  3.13538900e+03  8.40000000e-02  2.14460000e+01
 -2.31875971e+03  3.13538900e+03  8.40000000e-02  2.14460000e+01
 -2.32051659e+03  3.13725900e+03  8.40000000e-02  2.14260000e+01
 -2.32085518e+03  3.13815500e+03  8.40000000e-02  2.14220000e+01
 -2.32723820e+03  3.14159200e+03  8.40000000e-02  2.14180000e+01
 -2.32532530e+03  3.14083500e+03  8.40000000e-02  2.14220000e+01
 -2.32081445e+03  3.13776500e+03  8.40000000e-02  2.14460000e+01
 -2.32077845e+03  3.13820800e+03  8.40000000e-02  2.14230000e+01
 -2.32099979e+03  3.13701800e+03  8.40000000e-02  2.14510000e+01
 -2.32099979e+03  3.13701800e+03  8.40000000e-02  2.14510000e+01
 -2.31911219e+03  3.13658600e+03  8.50000000e-02  2.14170000e+01
 -2.31951155e+03  3.13672500e+03  8.40000000e-02  2.14340000e+01
 -2.31933819e+03  3.13791400e+03  8.40000000e-02  2.14210000e+01
 -2.32530106e+03  3.13581700e+03  8.50000000e-02  2.14910000e+01
 -2.32544106e+03  3.13800100e+03  8.50000000e-02  2.14760000e+01
 -2.32336833e+03  3.13746000e+03  8.50000000e-02  2.14780000e+01
 -2.32742919e+03  3.14066900e+03  8.40000000e-02  2.14070000e+01
 -2.33435872e+03  3.14080900e+03  8.50000000e-02  2.14890000e+01
 -2.33710411e+03  3.14696000e+03  8.50000000e-02  2.14280000e+01
 -2.34006538e+03  3.15145700e+03  8.40000000e-02  2.14240000e+01
 -2.34028091e+03  3.15355300e+03  8.40000000e-02  2.13410000e+01
 -2.34043322e+03  3.15512000e+03  8.40000000e-02  2.13270000e+01
 -2.36182950e+03  3.16161600e+03  8.40000000e-02  2.12880000e+01
 -2.36279353e+03  3.16548400e+03  8.40000000e-02  2.12680000e+01
 -2.36401821e+03  3.16922400e+03  8.40000000e-02  2.11290000e+01
 -2.36401821e+03  3.16922400e+03  8.40000000e-02  2.11290000e+01
 -2.36458695e+03  3.17019700e+03  8.40000000e-02  2.10360000e+01
 -2.36702797e+03  3.17558000e+03  8.40000000e-02  2.08320000e+01
 -2.37256150e+03  3.18207500e+03  8.40000000e-02  2.08240000e+01
 -2.37442458e+03  3.18625800e+03  8.40000000e-02  2.07040000e+01
 -2.37442458e+03  3.18625800e+03  8.40000000e-02  2.07040000e+01
 -2.37574410e+03  3.19044100e+03  8.40000000e-02  2.05500000e+01
 -2.38627664e+03  3.19537000e+03  8.40000000e-02  2.04990000e+01
 -2.38897244e+03  3.19738000e+03  8.40000000e-02  2.04470000e+01
 -2.38714879e+03  3.19858000e+03  8.40000000e-02  2.04410000e+01
 -2.38736718e+03  3.19856900e+03  8.40000000e-02  2.05300000e+01
 -2.39698587e+03  3.20133600e+03  8.30000000e-02  2.05030000e+01
 -2.39715059e+03  3.20431900e+03  8.30000000e-02  2.04090000e+01
 -2.39940748e+03  3.20717300e+03  8.30000000e-02  2.04090000e+01
 -2.40675373e+03  3.21254400e+03  8.30000000e-02  2.04170000e+01
 -2.41307734e+03  3.21561400e+03  8.30000000e-02  2.04170000e+01
 -2.41015055e+03  3.21365700e+03  8.30000000e-02  2.04170000e+01
 -2.41015055e+03  3.21365700e+03  8.30000000e-02  2.04170000e+01
 -2.41342792e+03  3.21761300e+03  8.30000000e-02  2.02460000e+01
 -2.43287488e+03  3.22442300e+03  8.30000000e-02  2.01000000e+01
 -2.43287488e+03  3.22442300e+03  8.30000000e-02  2.01000000e+01
 -2.43674283e+03  3.22927600e+03  8.30000000e-02  2.01140000e+01
 -2.43692437e+03  3.22993500e+03  8.30000000e-02  2.01120000e+01
 -2.43692437e+03  3.22993500e+03  8.30000000e-02  2.01120000e+01
 -2.43683516e+03  3.23060500e+03  8.30000000e-02  2.01120000e+01
 -2.43703381e+03  3.23002200e+03  8.30000000e-02  2.01090000e+01
 -2.43745205e+03  3.23113500e+03  8.30000000e-02  2.01040000e+01
 -2.43908644e+03  3.23202100e+03  8.30000000e-02  2.00790000e+01
 -2.43958577e+03  3.23500300e+03  8.30000000e-02  2.00270000e+01
 -2.43921748e+03  3.23304600e+03  8.30000000e-02  2.01230000e+01
 -2.45497914e+03  3.23535900e+03  8.30000000e-02  2.01790000e+01
 -2.45497914e+03  3.23535900e+03  8.30000000e-02  2.01790000e+01
 -2.45400001e+03  3.23745600e+03  8.30000000e-02  2.01600000e+01
 -2.45844390e+03  3.24229800e+03  8.30000000e-02  2.00270000e+01
 -2.45844390e+03  3.24229800e+03  8.30000000e-02  2.00270000e+01
 -2.45745786e+03  3.24349800e+03  8.30000000e-02  1.99820000e+01
 -2.45730277e+03  3.24162800e+03  8.30000000e-02  2.00860000e+01
 -2.45992656e+03  3.24319400e+03  8.30000000e-02  2.00830000e+01
 -2.45961357e+03  3.24276200e+03  8.30000000e-02  2.00830000e+01
 -2.45979223e+03  3.24343200e+03  8.30000000e-02  2.00660000e+01
 -2.46323396e+03  3.24770100e+03  8.30000000e-02  2.00540000e+01
 -2.46460104e+03  3.24979800e+03  8.30000000e-02  1.99920000e+01
 -2.46324327e+03  3.24904100e+03  8.30000000e-02  1.99850000e+01
 -2.46709960e+03  3.25136500e+03  8.30000000e-02  1.99850000e+01
 -2.46943881e+03  3.25180800e+03  8.30000000e-02  2.00520000e+01
 -2.46904637e+03  3.25105000e+03  8.30000000e-02  2.00560000e+01
 -2.47064841e+03  3.25380600e+03  8.30000000e-02  2.00380000e+01
 -2.47064841e+03  3.25380600e+03  8.30000000e-02  2.00380000e+01
 -2.47204296e+03  3.25798900e+03  8.30000000e-02  1.99350000e+01
 -2.47385146e+03  3.25998800e+03  8.30000000e-02  1.99350000e+01
 -2.46851832e+03  3.25988900e+03  8.30000000e-02  1.99120000e+01
 -2.46919244e+03  3.25990000e+03  8.30000000e-02  1.99120000e+01
 -2.47099758e+03  3.26212600e+03  8.30000000e-02  1.99070000e+01
 -2.47668469e+03  3.26422300e+03  8.30000000e-02  1.98500000e+01
 -2.47668469e+03  3.26422300e+03  8.30000000e-02  1.98500000e+01
 -2.47998199e+03  3.26961600e+03  8.30000000e-02  1.96430000e+01
 -2.48706526e+03  3.27247000e+03  8.30000000e-02  1.96430000e+01
 -2.48597415e+03  3.27171300e+03  8.30000000e-02  1.96390000e+01
 -2.48675338e+03  3.27305200e+03  8.30000000e-02  1.95810000e+01
 -2.48782353e+03  3.27350600e+03  8.30000000e-02  1.95180000e+01
 -2.49186012e+03  3.27813200e+03  8.30000000e-02  1.94910000e+01
 -2.49473597e+03  3.28187200e+03  8.30000000e-02  1.94430000e+01
 -2.49534768e+03  3.28417400e+03  8.30000000e-02  1.93840000e+01
 -2.50043580e+03  3.28768600e+03  8.30000000e-02  1.93700000e+01
 -2.50043580e+03  3.28768600e+03  8.30000000e-02  1.93700000e+01
 -2.50651399e+03  3.29395500e+03  8.30000000e-02  1.93580000e+01
 -2.50603061e+03  3.29529500e+03  8.30000000e-02  1.93580000e+01
 -2.50750907e+03  3.29872000e+03  8.30000000e-02  1.93160000e+01
 -2.50946374e+03  3.30191900e+03  8.40000000e-02  1.92960000e+01
 -2.50946374e+03  3.30191900e+03  8.40000000e-02  1.92960000e+01
 -2.51059471e+03  3.30057900e+03  8.40000000e-02  1.94550000e+01
 -2.51473612e+03  3.30290300e+03  8.40000000e-02  1.94570000e+01
 -2.51763638e+03  3.30641600e+03  8.40000000e-02  1.94340000e+01
 -2.51763638e+03  3.30641600e+03  8.40000000e-02  1.94340000e+01
 -2.52215700e+03  3.30633900e+03  8.30000000e-02  1.94960000e+01
 -2.52549465e+03  3.30820900e+03  8.30000000e-02  1.94960000e+01
 -2.52549465e+03  3.30820900e+03  8.30000000e-02  1.94960000e+01
 -2.53261345e+03  3.30723600e+03  8.30000000e-02  1.95560000e+01
 -2.53261345e+03  3.30723600e+03  8.30000000e-02  1.95560000e+01
 -2.53817195e+03  3.30746200e+03  8.30000000e-02  1.95560000e+01
 -2.53817195e+03  3.30746200e+03  8.30000000e-02  1.95560000e+01
 -2.53891401e+03  3.30977500e+03  8.30000000e-02  1.95380000e+01
 -2.53829337e+03  3.31140800e+03  8.30000000e-02  1.95300000e+01
 -2.53995805e+03  3.31433800e+03  8.30000000e-02  1.95300000e+01
 -2.53895070e+03  3.31799000e+03  8.30000000e-02  1.93010000e+01
 -2.53895070e+03  3.31799000e+03  8.30000000e-02  1.93010000e+01
 -2.53895210e+03  3.31799000e+03  8.30000000e-02  1.93000000e+01
 -2.53910936e+03  3.32127700e+03  8.30000000e-02  1.92380000e+01
 -2.53944559e+03  3.32480000e+03  8.30000000e-02  1.89120000e+01
 -2.53944559e+03  3.32480000e+03  8.30000000e-02  1.89120000e+01
 -2.55002695e+03  3.32778300e+03  8.30000000e-02  1.89120000e+01
 -2.55679046e+03  3.33076500e+03  8.30000000e-02  1.89090000e+01
 -2.57090338e+03  3.33547800e+03  8.30000000e-02  1.88740000e+01
 -2.57177583e+03  3.33733700e+03  8.30000000e-02  1.88630000e+01
 -2.57254147e+03  3.33956300e+03  8.30000000e-02  1.88420000e+01
 -2.57725356e+03  3.34253500e+03  8.30000000e-02  1.88100000e+01
 -2.58178435e+03  3.34485800e+03  8.30000000e-02  1.88130000e+01
 -2.58857168e+03  3.34771200e+03  8.30000000e-02  1.87930000e+01
 -2.58733310e+03  3.34890100e+03  8.30000000e-02  1.87760000e+01
 -2.58783783e+03  3.34934400e+03  8.30000000e-02  1.87770000e+01
 -2.59142427e+03  3.35486700e+03  8.30000000e-02  1.86770000e+01
 -2.59153966e+03  3.35553600e+03  8.30000000e-02  1.86970000e+01
 -2.59358672e+03  3.35597900e+03  8.30000000e-02  1.86960000e+01
 -2.59356907e+03  3.35851900e+03  8.30000000e-02  1.86550000e+01
 -2.59696904e+03  3.35755600e+03  8.30000000e-02  1.86710000e+01
 -2.60368592e+03  3.35801000e+03  8.30000000e-02  1.85670000e+01
 -2.60387912e+03  3.35966400e+03  8.30000000e-02  1.85600000e+01
 -2.60463195e+03  3.36054900e+03  8.30000000e-02  1.85600000e+01
 -2.60463195e+03  3.36054900e+03  8.30000000e-02  1.85600000e+01
 -2.60595737e+03  3.36219200e+03  8.30000000e-02  1.85600000e+01
 -2.60595737e+03  3.36219200e+03  8.30000000e-02  1.85600000e+01
 -2.60744570e+03  3.36594300e+03  8.30000000e-02  1.85540000e+01
 -2.60744570e+03  3.36594300e+03  8.30000000e-02  1.85540000e+01
 -2.60744570e+03  3.36594300e+03  8.30000000e-02  1.85540000e+01
 -2.61284862e+03  3.36759700e+03  8.30000000e-02  1.85210000e+01
 -2.61396519e+03  3.36475300e+03  8.30000000e-02  1.86000000e+01
 -2.61475128e+03  3.36630900e+03  8.30000000e-02  1.86060000e+01
 -2.61433593e+03  3.36653600e+03  8.30000000e-02  1.86060000e+01
 -2.61433593e+03  3.36653600e+03  8.30000000e-02  1.86060000e+01
 -2.61152525e+03  3.36466500e+03  8.30000000e-02  1.86060000e+01
 -2.61148486e+03  3.36557300e+03  8.30000000e-02  1.86910000e+01
 -2.61153570e+03  3.36655700e+03  8.30000000e-02  1.87100000e+01
 -2.61422870e+03  3.36699900e+03  8.40000000e-02  1.86180000e+01
 -2.61422870e+03  3.36699900e+03  8.40000000e-02  1.86180000e+01
 -2.61847776e+03  3.36699900e+03  8.40000000e-02  1.86960000e+01
 -2.61847776e+03  3.36699900e+03  8.40000000e-02  1.86960000e+01
 -2.61953287e+03  3.37096600e+03  8.40000000e-02  1.84740000e+01
 -2.61947028e+03  3.37043600e+03  8.40000000e-02  1.84490000e+01
 -2.61947028e+03  3.37043600e+03  8.40000000e-02  1.84490000e+01
 -2.62653394e+03  3.37297600e+03  8.30000000e-02  1.85010000e+01
 -2.62465259e+03  3.37133200e+03  8.30000000e-02  1.85230000e+01
 -2.62588165e+03  3.37364500e+03  8.30000000e-02  1.85110000e+01
 -2.63898955e+03  3.37364500e+03  8.30000000e-02  1.85870000e+01
 -2.64938148e+03  3.37453100e+03  8.30000000e-02  1.85630000e+01
 -2.65047255e+03  3.37550400e+03  8.30000000e-02  1.85490000e+01
 -2.65171309e+03  3.38013000e+03  8.30000000e-02  1.83790000e+01
 -2.65211624e+03  3.38102600e+03  8.30000000e-02  1.83750000e+01
 -2.66541328e+03  3.38686300e+03  8.30000000e-02  1.83710000e+01
 -2.67527917e+03  3.39061300e+03  8.30000000e-02  1.83610000e+01
 -2.68785026e+03  3.39336800e+03  8.30000000e-02  1.84350000e+01
 -2.68791505e+03  3.39252400e+03  8.30000000e-02  1.85210000e+01
 -2.68791505e+03  3.39252400e+03  8.30000000e-02  1.85210000e+01
 -2.69016728e+03  3.39452300e+03  8.30000000e-02  1.85210000e+01
 -2.69016728e+03  3.39452300e+03  8.30000000e-02  1.85210000e+01
 -2.69156525e+03  3.39550700e+03  8.30000000e-02  1.85490000e+01
 -2.69158187e+03  3.39529000e+03  8.30000000e-02  1.85700000e+01
 -2.69158187e+03  3.39529000e+03  8.30000000e-02  1.85700000e+01
 -2.69383629e+03  3.40058600e+03  8.30000000e-02  1.83310000e+01
 -2.69393150e+03  3.39783000e+03  8.30000000e-02  1.83800000e+01
 -2.69832974e+03  3.40067400e+03  8.30000000e-02  1.83670000e+01
 -2.69986610e+03  3.40165800e+03  8.30000000e-02  1.83710000e+01
 -2.69995208e+03  3.40209000e+03  8.30000000e-02  1.83700000e+01
 -2.70113498e+03  3.40364600e+03  8.30000000e-02  1.83630000e+01
 -2.70406140e+03  3.40430500e+03  8.40000000e-02  1.82950000e+01
 -2.71080089e+03  3.40640100e+03  8.40000000e-02  1.82800000e+01
 -2.71377119e+03  3.40915700e+03  8.40000000e-02  1.82420000e+01
 -2.71079296e+03  3.40937300e+03  8.40000000e-02  1.82430000e+01
 -2.71079296e+03  3.40937300e+03  8.40000000e-02  1.82430000e+01
 -2.71257609e+03  3.41222700e+03  8.40000000e-02  1.82020000e+01
 -2.71779518e+03  3.41519900e+03  8.40000000e-02  1.82030000e+01
 -2.71890797e+03  3.41364300e+03  8.40000000e-02  1.82540000e+01
 -2.71958575e+03  3.41431300e+03  8.40000000e-02  1.82600000e+01
 -2.71958575e+03  3.41431300e+03  8.40000000e-02  1.82600000e+01
 -2.71958575e+03  3.41431300e+03  8.40000000e-02  1.82600000e+01
 -2.72094661e+03  3.41476700e+03  8.40000000e-02  1.82600000e+01
 -2.72094661e+03  3.41476700e+03  8.40000000e-02  1.82600000e+01
 -2.72934419e+03  3.41686400e+03  8.40000000e-02  1.81830000e+01
 -2.72936072e+03  3.41827900e+03  8.40000000e-02  1.81800000e+01
 -2.73088435e+03  3.41961900e+03  8.40000000e-02  1.81470000e+01
 -2.73295225e+03  3.42402900e+03  8.30000000e-02  1.79190000e+01
 -2.73299085e+03  3.42381300e+03  8.30000000e-02  1.79150000e+01
 -2.73505536e+03  3.42764000e+03  8.30000000e-02  1.78730000e+01
 -2.73687543e+03  3.42995200e+03  8.30000000e-02  1.78730000e+01
 -2.73840599e+03  3.43630900e+03  8.30000000e-02  1.77560000e+01
 -2.74426721e+03  3.43720500e+03  8.30000000e-02  1.78580000e+01
 -2.74426721e+03  3.43720500e+03  8.30000000e-02  1.78580000e+01
 -2.74426721e+03  3.43720500e+03  8.30000000e-02  1.78580000e+01
 -2.74426721e+03  3.43720500e+03  8.30000000e-02  1.78580000e+01
 -2.74470526e+03  3.43533500e+03  8.30000000e-02  1.79320000e+01
 -2.75518136e+03  3.43315100e+03  8.30000000e-02  1.79590000e+01
 -2.75593676e+03  3.43360400e+03  8.30000000e-02  1.79600000e+01
 -2.75844322e+03  3.43966800e+03  8.30000000e-02  1.78370000e+01
 -2.75844322e+03  3.43966800e+03  8.30000000e-02  1.78370000e+01
 -2.75844322e+03  3.43966800e+03  8.30000000e-02  1.78370000e+01
 -2.76296173e+03  3.43891100e+03  8.30000000e-02  1.78370000e+01
 -2.76581490e+03  3.44220800e+03  8.30000000e-02  1.77820000e+01
 -2.76671765e+03  3.44274800e+03  8.30000000e-02  1.78320000e+01
 -2.76861130e+03  3.44320200e+03  8.30000000e-02  1.78260000e+01
 -2.76889655e+03  3.44289900e+03  8.30000000e-02  1.78130000e+01
 -2.77062382e+03  3.44545000e+03  8.30000000e-02  1.77540000e+01
 -2.77785837e+03  3.44700600e+03  8.30000000e-02  1.77100000e+01
 -2.77876510e+03  3.44998800e+03  8.30000000e-02  1.77030000e+01
 -2.77878543e+03  3.45066900e+03  8.30000000e-02  1.76230000e+01
 -2.77878543e+03  3.45066900e+03  8.30000000e-02  1.76230000e+01
 -2.77878543e+03  3.45066900e+03  8.30000000e-02  1.76230000e+01
 -2.78240417e+03  3.45320900e+03  8.30000000e-02  1.76610000e+01
 -2.78240417e+03  3.45320900e+03  8.30000000e-02  1.76610000e+01
 -2.78238748e+03  3.45542300e+03  8.30000000e-02  1.76420000e+01
 -2.78288612e+03  3.45706600e+03  8.30000000e-02  1.76410000e+01
 -2.78338888e+03  3.45840600e+03  8.30000000e-02  1.74770000e+01
 -2.78466085e+03  3.45974500e+03  8.30000000e-02  1.74400000e+01
 -2.78577452e+03  3.45974500e+03  8.30000000e-02  1.74460000e+01
 -2.78989705e+03  3.46295500e+03  8.30000000e-02  1.74410000e+01
 -2.79178998e+03  3.46550600e+03  8.30000000e-02  1.73860000e+01
 -2.79214178e+03  3.46662900e+03  8.30000000e-02  1.73840000e+01
 -2.79214178e+03  3.46662900e+03  8.30000000e-02  1.73840000e+01
 -2.79214178e+03  3.46662900e+03  8.30000000e-02  1.73840000e+01
 -2.79214178e+03  3.46662900e+03  8.30000000e-02  1.73840000e+01
 -2.79236505e+03  3.46796900e+03  8.30000000e-02  1.73070000e+01
 -2.79236505e+03  3.46796900e+03  8.30000000e-02  1.73070000e+01
 -2.79305522e+03  3.46819600e+03  8.40000000e-02  1.72360000e+01
 -2.79305522e+03  3.46819600e+03  8.40000000e-02  1.72360000e+01
 -2.79406003e+03  3.46983900e+03  8.40000000e-02  1.70580000e+01
 -2.79816439e+03  3.47236800e+03  8.40000000e-02  1.70400000e+01
 -2.79816439e+03  3.47236800e+03  8.40000000e-02  1.70400000e+01
 -2.79816439e+03  3.47236800e+03  8.40000000e-02  1.70400000e+01
 -2.79815123e+03  3.47193600e+03  8.40000000e-02  1.70410000e+01
 -2.79773135e+03  3.47203300e+03  8.40000000e-02  1.70010000e+01
 -2.79773135e+03  3.47203300e+03  8.40000000e-02  1.70010000e+01
 -2.79773135e+03  3.47203300e+03  8.40000000e-02  1.70010000e+01
 -2.79773135e+03  3.47203300e+03  8.40000000e-02  1.70010000e+01
 -2.79773135e+03  3.47203300e+03  8.40000000e-02  1.70010000e+01
 -2.80873406e+03  3.47261600e+03  8.40000000e-02  1.70090000e+01
 -2.80999171e+03  3.47447600e+03  8.40000000e-02  1.69420000e+01
 -2.81001048e+03  3.47239000e+03  8.40000000e-02  1.69380000e+01
 -2.81001048e+03  3.47239000e+03  8.40000000e-02  1.69380000e+01
 -2.81001048e+03  3.47239000e+03  8.40000000e-02  1.69380000e+01
 -2.81001048e+03  3.47239000e+03  8.40000000e-02  1.69380000e+01
 -2.81001048e+03  3.47239000e+03  8.40000000e-02  1.69380000e+01
 -2.81001048e+03  3.47239000e+03  8.40000000e-02  1.69380000e+01
 -2.81001048e+03  3.47239000e+03  8.40000000e-02  1.69380000e+01
 -2.81160528e+03  3.47559900e+03  8.40000000e-02  1.69290000e+01
 -2.81785628e+03  3.47815000e+03  8.40000000e-02  1.69310000e+01
 -2.81758856e+03  3.47882000e+03  8.40000000e-02  1.68830000e+01
 -2.81758856e+03  3.47882000e+03  8.40000000e-02  1.68830000e+01
 -2.81781988e+03  3.48068900e+03  8.30000000e-02  1.68580000e+01
 -2.81781988e+03  3.48068900e+03  8.30000000e-02  1.68580000e+01
 -2.81781988e+03  3.48068900e+03  8.30000000e-02  1.68580000e+01
 -2.81939945e+03  3.48015900e+03  8.30000000e-02  1.68620000e+01
 -2.81939945e+03  3.48015900e+03  8.30000000e-02  1.68620000e+01
 -2.81974240e+03  3.48016900e+03  8.30000000e-02  1.68640000e+01
 -2.81974240e+03  3.48016900e+03  8.30000000e-02  1.68640000e+01
 -2.81974240e+03  3.48016900e+03  8.30000000e-02  1.68640000e+01
 -2.81987290e+03  3.47918500e+03  8.30000000e-02  1.68950000e+01
 -2.82348243e+03  3.47842800e+03  8.30000000e-02  1.69070000e+01
 -2.82740967e+03  3.47843900e+03  8.30000000e-02  1.69650000e+01
 -2.82752754e+03  3.48043800e+03  8.30000000e-02  1.69350000e+01
 -2.82845443e+03  3.48515100e+03  8.30000000e-02  1.66690000e+01
 -2.82887218e+03  3.48844800e+03  8.30000000e-02  1.65050000e+01
 -2.82887218e+03  3.48844800e+03  8.30000000e-02  1.65050000e+01
 -2.82887218e+03  3.48844800e+03  8.30000000e-02  1.65050000e+01
 -2.83012401e+03  3.48985300e+03  8.30000000e-02  1.65080000e+01
 -2.83012401e+03  3.48985300e+03  8.30000000e-02  1.65080000e+01
 -2.82990301e+03  3.48985300e+03  8.30000000e-02  1.65080000e+01
 -2.83077877e+03  3.48851300e+03  8.30000000e-02  1.65210000e+01
 -2.83085036e+03  3.48939900e+03  8.30000000e-02  1.65220000e+01
 -2.83447298e+03  3.48886800e+03  8.30000000e-02  1.65220000e+01
 -2.83620371e+03  3.49029500e+03  8.30000000e-02  1.65210000e+01
 -2.83620371e+03  3.49029500e+03  8.30000000e-02  1.65210000e+01
 -2.83620371e+03  3.49029500e+03  8.30000000e-02  1.65210000e+01
 -2.83631289e+03  3.49052200e+03  8.30000000e-02  1.65650000e+01
 -2.83713333e+03  3.49194900e+03  8.30000000e-02  1.65600000e+01
 -2.83713333e+03  3.49194900e+03  8.30000000e-02  1.65600000e+01
 -2.85190253e+03  3.49613100e+03  8.30000000e-02  1.65600000e+01
 -2.85120245e+03  3.49536300e+03  8.30000000e-02  1.65710000e+01
 -2.85122409e+03  3.49580600e+03  8.30000000e-02  1.65670000e+01
 -2.86443876e+03  3.49647600e+03  8.30000000e-02  1.65770000e+01
 -2.86443876e+03  3.49647600e+03  8.30000000e-02  1.65770000e+01
 -2.86647955e+03  3.50164300e+03  8.30000000e-02  1.63780000e+01
 -2.87488790e+03  3.50319800e+03  8.30000000e-02  1.63750000e+01
 -2.88269673e+03  3.50319800e+03  8.30000000e-02  1.64040000e+01
 -2.88481317e+03  3.50484100e+03  8.30000000e-02  1.64010000e+01
 -2.88588877e+03  3.50133900e+03  8.30000000e-02  1.64310000e+01
 -2.88633506e+03  3.50551100e+03  8.30000000e-02  1.63860000e+01
 -2.88633506e+03  3.50551100e+03  8.30000000e-02  1.63860000e+01
 -2.88950218e+03  3.50813800e+03  8.30000000e-02  1.64370000e+01
 -2.88953103e+03  3.50912200e+03  8.30000000e-02  1.63350000e+01
 -2.90317500e+03  3.51143500e+03  8.30000000e-02  1.63350000e+01
 -2.90515651e+03  3.51473200e+03  8.30000000e-02  1.63350000e+01
 -2.90515651e+03  3.51473200e+03  8.30000000e-02  1.63350000e+01
 -2.91534123e+03  3.51780200e+03  8.30000000e-02  1.63440000e+01
 -2.91534123e+03  3.51780200e+03  8.30000000e-02  1.63440000e+01
 -2.91621858e+03  3.52102200e+03  8.30000000e-02  1.63200000e+01
 -2.91621858e+03  3.52102200e+03  8.30000000e-02  1.63200000e+01
 -2.91907703e+03  3.52223300e+03  8.30000000e-02  1.63370000e+01
 -2.91907703e+03  3.52223300e+03  8.30000000e-02  1.63370000e+01
 -2.92594776e+03  3.52244900e+03  8.30000000e-02  1.63360000e+01
 -2.92698657e+03  3.52333500e+03  8.30000000e-02  1.64750000e+01
 -2.94555410e+03  3.52521500e+03  8.30000000e-02  1.65310000e+01
 -2.94555410e+03  3.52521500e+03  8.30000000e-02  1.65310000e+01
 -2.94555410e+03  3.52521500e+03  8.30000000e-02  1.65310000e+01
 -2.94555410e+03  3.52521500e+03  8.30000000e-02  1.65310000e+01
 -2.94797900e+03  3.52557100e+03  8.30000000e-02  1.65320000e+01
 -2.94797900e+03  3.52557100e+03  8.30000000e-02  1.65320000e+01
 -2.94797900e+03  3.52557100e+03  8.30000000e-02  1.65320000e+01
 -2.94797900e+03  3.52557100e+03  8.30000000e-02  1.65320000e+01
 -2.94797900e+03  3.52557100e+03  8.30000000e-02  1.65320000e+01
 -2.94797900e+03  3.52557100e+03  8.30000000e-02  1.65320000e+01
 -2.94878581e+03  3.52788400e+03  8.30000000e-02  1.64990000e+01
 -2.94920772e+03  3.52907300e+03  8.30000000e-02  1.65860000e+01
 -2.95384482e+03  3.53018600e+03  8.30000000e-02  1.65790000e+01
 -2.95895266e+03  3.53459600e+03  8.30000000e-02  1.65390000e+01
 -2.96332756e+03  3.53317900e+03  8.30000000e-02  1.66210000e+01
 -2.96332756e+03  3.53317900e+03  8.30000000e-02  1.66210000e+01
 -2.96332756e+03  3.53317900e+03  8.30000000e-02  1.66210000e+01
 -2.97147346e+03  3.53340600e+03  8.30000000e-02  1.66140000e+01
 -2.97147346e+03  3.53340600e+03  8.30000000e-02  1.66140000e+01
 -2.97292295e+03  3.53363200e+03  8.30000000e-02  1.66140000e+01
 -2.97283603e+03  3.53483200e+03  8.30000000e-02  1.65800000e+01
 -2.97501725e+03  3.53603200e+03  8.30000000e-02  1.66640000e+01
 -2.97501725e+03  3.53603200e+03  8.30000000e-02  1.66640000e+01
 -2.97593292e+03  3.53856100e+03  8.30000000e-02  1.66390000e+01
 -2.98619621e+03  3.54087400e+03  8.30000000e-02  1.66570000e+01
 -2.98619621e+03  3.54087400e+03  8.30000000e-02  1.66570000e+01
 -2.98619621e+03  3.54087400e+03  8.30000000e-02  1.66570000e+01
 -2.98651592e+03  3.54230100e+03  8.30000000e-02  1.65470000e+01
 -2.98832834e+03  3.54484000e+03  8.30000000e-02  1.65120000e+01
 -2.98832834e+03  3.54484000e+03  8.30000000e-02  1.65120000e+01
 -2.98832834e+03  3.54484000e+03  8.30000000e-02  1.65120000e+01
 -2.98832834e+03  3.54484000e+03  8.30000000e-02  1.65120000e+01
 -2.98832834e+03  3.54484000e+03  8.30000000e-02  1.65120000e+01
 -2.98832834e+03  3.54484000e+03  8.30000000e-02  1.65120000e+01
 -2.98926052e+03  3.54559700e+03  8.30000000e-02  1.64720000e+01
 -2.98926052e+03  3.54559700e+03  8.30000000e-02  1.64720000e+01
 -2.98926052e+03  3.54559700e+03  8.30000000e-02  1.64720000e+01
 -2.98926052e+03  3.54559700e+03  8.30000000e-02  1.64720000e+01
 -2.99715846e+03  3.54649400e+03  8.30000000e-02  1.64830000e+01
 -2.99715846e+03  3.54649400e+03  8.30000000e-02  1.64830000e+01
 -3.01127190e+03  3.54889400e+03  8.30000000e-02  1.65110000e+01
 -3.01127190e+03  3.54889400e+03  8.30000000e-02  1.65110000e+01
 -3.01127190e+03  3.54889400e+03  8.30000000e-02  1.65110000e+01
 -3.01480664e+03  3.54823500e+03  8.30000000e-02  1.65960000e+01
 -3.01480664e+03  3.54823500e+03  8.30000000e-02  1.65960000e+01
 -3.01998316e+03  3.54757600e+03  8.30000000e-02  1.65960000e+01
 -3.02071150e+03  3.54681800e+03  8.30000000e-02  1.66290000e+01
 -3.02372788e+03  3.54936900e+03  8.30000000e-02  1.66310000e+01
 -3.02372788e+03  3.54936900e+03  8.30000000e-02  1.66310000e+01
 -3.02404325e+03  3.55190900e+03  8.30000000e-02  1.65310000e+01
 -3.02404325e+03  3.55190900e+03  8.30000000e-02  1.65310000e+01
 -3.02404325e+03  3.55190900e+03  8.30000000e-02  1.65310000e+01
 -3.03249458e+03  3.55511800e+03  8.30000000e-02  1.65330000e+01
 -3.03249458e+03  3.55511800e+03  8.30000000e-02  1.65330000e+01
 -3.03277895e+03  3.55479300e+03  8.30000000e-02  1.65610000e+01
 -3.03277895e+03  3.55479300e+03  8.30000000e-02  1.65610000e+01
 -3.03277895e+03  3.55479300e+03  8.30000000e-02  1.65610000e+01
 -3.03277895e+03  3.55479300e+03  8.30000000e-02  1.65610000e+01
 -3.03277895e+03  3.55479300e+03  8.30000000e-02  1.65610000e+01
 -3.03304040e+03  3.55728000e+03  8.30000000e-02  1.65560000e+01
 -3.03373096e+03  3.56079300e+03  8.30000000e-02  1.65050000e+01
 -3.03571993e+03  3.56354900e+03  8.30000000e-02  1.64760000e+01
 -3.03571993e+03  3.56354900e+03  8.30000000e-02  1.64760000e+01
 -3.03571993e+03  3.56354900e+03  8.30000000e-02  1.64760000e+01
 -3.03571993e+03  3.56354900e+03  8.30000000e-02  1.64760000e+01
 -3.03571993e+03  3.56354900e+03  8.30000000e-02  1.64760000e+01
 -3.03571993e+03  3.56354900e+03  8.30000000e-02  1.64760000e+01
 -3.03571993e+03  3.56354900e+03  8.30000000e-02  1.64760000e+01
 -3.03674009e+03  3.56563500e+03  8.30000000e-02  1.64410000e+01
 -3.05521895e+03  3.57003400e+03  8.30000000e-02  1.65140000e+01
 -3.05521895e+03  3.57003400e+03  8.30000000e-02  1.65140000e+01
 -3.05615783e+03  3.57017300e+03  8.30000000e-02  1.65120000e+01
 -3.05615783e+03  3.57017300e+03  8.30000000e-02  1.65120000e+01
 -3.05615783e+03  3.57017300e+03  8.30000000e-02  1.65120000e+01
 -3.05615783e+03  3.57017300e+03  8.30000000e-02  1.65120000e+01
 -3.05623176e+03  3.56950300e+03  8.30000000e-02  1.65690000e+01
 -3.05730101e+03  3.56920000e+03  8.30000000e-02  1.66180000e+01
 -3.05800468e+03  3.56874600e+03  8.30000000e-02  1.66190000e+01
 -3.05842053e+03  3.57061600e+03  8.30000000e-02  1.66020000e+01
 -3.05842053e+03  3.57061600e+03  8.30000000e-02  1.66020000e+01
 -3.05842053e+03  3.57061600e+03  8.30000000e-02  1.66020000e+01
 -3.05842053e+03  3.57061600e+03  8.30000000e-02  1.66020000e+01
 -3.05893789e+03  3.57083200e+03  8.30000000e-02  1.66160000e+01
 -3.05893789e+03  3.57083200e+03  8.30000000e-02  1.66160000e+01
 -3.05893789e+03  3.57083200e+03  8.30000000e-02  1.66160000e+01
 -3.05951053e+03  3.56985800e+03  8.30000000e-02  1.66840000e+01
 -3.06220821e+03  3.57315500e+03  8.30000000e-02  1.66020000e+01
 -3.06549995e+03  3.57240900e+03  8.30000000e-02  1.66220000e+01
 -3.06549995e+03  3.57240900e+03  8.30000000e-02  1.66220000e+01
 -3.07586244e+03  3.57285200e+03  8.30000000e-02  1.66260000e+01
 -3.07586244e+03  3.57262500e+03  8.30000000e-02  1.66260000e+01
 -3.07586244e+03  3.57262500e+03  8.30000000e-02  1.66260000e+01
 -3.07586244e+03  3.57262500e+03  8.30000000e-02  1.66260000e+01
 -3.07586244e+03  3.57262500e+03  8.30000000e-02  1.66260000e+01
 -3.07586244e+03  3.57262500e+03  8.30000000e-02  1.66260000e+01
 -3.07669191e+03  3.57270100e+03  8.30000000e-02  1.66960000e+01
 -3.07669191e+03  3.57270100e+03  8.30000000e-02  1.66960000e+01
 -3.07660976e+03  3.57030100e+03  8.30000000e-02  1.68030000e+01
 -3.07762760e+03  3.57291800e+03  8.30000000e-02  1.67650000e+01
 -3.07762760e+03  3.57291800e+03  8.30000000e-02  1.67650000e+01
 -3.07870015e+03  3.57291700e+03  8.30000000e-02  1.68240000e+01
 -3.08078606e+03  3.57500300e+03  8.30000000e-02  1.68230000e+01
 -3.08329333e+03  3.57590000e+03  8.30000000e-02  1.68540000e+01
 -3.08329333e+03  3.57590000e+03  8.30000000e-02  1.68540000e+01
 -3.08329333e+03  3.57590000e+03  8.30000000e-02  1.68540000e+01
 -3.08329333e+03  3.57590000e+03  8.30000000e-02  1.68540000e+01
 -3.08376014e+03  3.57648200e+03  8.30000000e-02  1.68460000e+01
 -3.08376014e+03  3.57648200e+03  8.30000000e-02  1.68460000e+01
 -3.08376014e+03  3.57648200e+03  8.30000000e-02  1.68460000e+01
 -3.08376014e+03  3.57648200e+03  8.30000000e-02  1.68460000e+01
 -3.08599694e+03  3.57879500e+03  8.30000000e-02  1.67910000e+01
 -3.08637786e+03  3.57803800e+03  8.30000000e-02  1.68300000e+01
 -3.08639828e+03  3.57706500e+03  8.30000000e-02  1.68000000e+01
 -3.08639828e+03  3.57706500e+03  8.30000000e-02  1.68000000e+01
 -3.08718868e+03  3.57751900e+03  8.30000000e-02  1.67980000e+01
 -3.08718868e+03  3.57751900e+03  8.30000000e-02  1.67980000e+01
 -3.08718868e+03  3.57751900e+03  8.30000000e-02  1.67980000e+01
 -3.09215545e+03  3.58387500e+03  8.30000000e-02  1.66400000e+01
 -3.09215545e+03  3.58387500e+03  8.30000000e-02  1.66400000e+01
 -3.09215545e+03  3.58387500e+03  8.30000000e-02  1.66400000e+01
 -3.09500859e+03  3.58814400e+03  8.30000000e-02  1.65290000e+01
 -3.09500859e+03  3.58814400e+03  8.30000000e-02  1.65290000e+01
 -3.09500859e+03  3.58814400e+03  8.30000000e-02  1.65290000e+01
 -3.09593903e+03  3.58845800e+03  8.30000000e-02  1.64680000e+01
 -3.09593903e+03  3.58845800e+03  8.30000000e-02  1.64680000e+01
 -3.10310054e+03  3.59153800e+03  8.30000000e-02  1.63750000e+01
 -3.10310054e+03  3.59153800e+03  8.30000000e-02  1.63750000e+01
 -3.10327356e+03  3.59132200e+03  8.30000000e-02  1.64200000e+01
 -3.10327356e+03  3.59132200e+03  8.30000000e-02  1.64200000e+01
 -3.10327356e+03  3.59132200e+03  8.30000000e-02  1.64200000e+01
 -3.10583855e+03  3.59341900e+03  8.30000000e-02  1.64130000e+01
 -3.10978590e+03  3.59364600e+03  8.30000000e-02  1.64220000e+01
 -3.10978590e+03  3.59364600e+03  8.30000000e-02  1.64220000e+01
 -3.10978590e+03  3.59364600e+03  8.30000000e-02  1.64220000e+01
 -3.10978590e+03  3.59364600e+03  8.30000000e-02  1.64220000e+01
 -3.10978590e+03  3.59364600e+03  8.30000000e-02  1.64220000e+01
 -3.10978590e+03  3.59364600e+03  8.30000000e-02  1.64220000e+01
 -3.11376015e+03  3.59595900e+03  8.30000000e-02  1.63940000e+01
 -3.11376015e+03  3.59595900e+03  8.30000000e-02  1.63940000e+01
 -3.11376015e+03  3.59595900e+03  8.30000000e-02  1.63940000e+01
 -3.11640062e+03  3.59639000e+03  8.30000000e-02  1.63950000e+01
 -3.11640062e+03  3.59639000e+03  8.30000000e-02  1.63950000e+01
 -3.11961271e+03  3.59879000e+03  8.30000000e-02  1.63910000e+01
 -3.12014144e+03  3.59902800e+03  8.30000000e-02  1.63290000e+01
 -3.12014144e+03  3.59902800e+03  8.30000000e-02  1.63290000e+01
 -3.12138576e+03  3.60067100e+03  8.30000000e-02  1.62120000e+01
 -3.12437621e+03  3.60321100e+03  8.20000000e-02  1.61960000e+01
 -3.12665605e+03  3.60201100e+03  8.20000000e-02  1.61930000e+01
 -3.12665605e+03  3.60201100e+03  8.20000000e-02  1.61930000e+01
 -3.12665605e+03  3.60201100e+03  8.20000000e-02  1.61930000e+01
 -3.12665605e+03  3.60201100e+03  8.20000000e-02  1.61930000e+01
 -3.12665605e+03  3.60201100e+03  8.20000000e-02  1.61930000e+01
 -3.12665605e+03  3.60201100e+03  8.20000000e-02  1.61930000e+01
 -3.13461148e+03  3.60464800e+03  8.20000000e-02  1.61430000e+01
 -3.13461148e+03  3.60464800e+03  8.20000000e-02  1.61430000e+01
 -3.13461148e+03  3.60464800e+03  8.20000000e-02  1.61430000e+01
 -3.13927286e+03  3.60478800e+03  8.20000000e-02  1.61430000e+01
 -3.15007140e+03  3.60554500e+03  8.20000000e-02  1.63620000e+01
 -3.15154586e+03  3.60666800e+03  8.20000000e-02  1.63600000e+01
 -3.15154586e+03  3.60666800e+03  8.20000000e-02  1.63600000e+01
 -3.15181401e+03  3.60898100e+03  8.20000000e-02  1.63380000e+01
 -3.15181401e+03  3.60898100e+03  8.20000000e-02  1.63380000e+01
 -3.15181401e+03  3.60898100e+03  8.20000000e-02  1.63380000e+01
 -3.15210333e+03  3.60965100e+03  8.20000000e-02  1.62980000e+01
 -3.15347841e+03  3.61152100e+03  8.20000000e-02  1.62740000e+01
 -3.15464323e+03  3.60876500e+03  8.20000000e-02  1.63470000e+01
 -3.15464323e+03  3.60876500e+03  8.20000000e-02  1.63470000e+01
 -3.15582106e+03  3.61183500e+03  8.20000000e-02  1.63270000e+01
 -3.15582106e+03  3.61183500e+03  8.20000000e-02  1.63270000e+01
 -3.16081129e+03  3.61250500e+03  8.20000000e-02  1.63520000e+01
 -3.16261526e+03  3.61383400e+03  8.20000000e-02  1.63480000e+01
 -3.16261526e+03  3.61383400e+03  8.20000000e-02  1.63480000e+01
 -3.16261526e+03  3.61383400e+03  8.20000000e-02  1.63480000e+01
 -3.16265306e+03  3.61429800e+03  8.20000000e-02  1.62990000e+01
 -3.16265306e+03  3.61429800e+03  8.20000000e-02  1.62990000e+01
 -3.16265306e+03  3.61429800e+03  8.20000000e-02  1.62990000e+01
 -3.16438598e+03  3.61795100e+03  8.20000000e-02  1.62420000e+01
 -3.16438598e+03  3.61795100e+03  8.20000000e-02  1.62420000e+01
 -3.16460144e+03  3.61772400e+03  8.20000000e-02  1.63020000e+01
 -3.16631599e+03  3.61465400e+03  8.20000000e-02  1.63040000e+01
 -3.16643369e+03  3.61478200e+03  8.20000000e-02  1.63040000e+01
 -3.17587353e+03  3.61522500e+03  8.20000000e-02  1.63040000e+01
 -3.17595806e+03  3.61567900e+03  8.20000000e-02  1.62930000e+01
 -3.17595806e+03  3.61567900e+03  8.20000000e-02  1.62930000e+01
 -3.17595806e+03  3.61567900e+03  8.20000000e-02  1.62930000e+01
 -3.17595806e+03  3.61567900e+03  8.20000000e-02  1.62930000e+01
 -3.17595806e+03  3.61567900e+03  8.20000000e-02  1.62930000e+01
 -3.17595806e+03  3.61567900e+03  8.20000000e-02  1.62930000e+01
 -3.17707577e+03  3.61657600e+03  8.20000000e-02  1.62730000e+01
 -3.17707577e+03  3.61657600e+03  8.20000000e-02  1.62730000e+01
 -3.17806426e+03  3.61845600e+03  8.20000000e-02  1.62370000e+01
 -3.17806426e+03  3.61845600e+03  8.20000000e-02  1.62370000e+01
 -3.17806426e+03  3.61845600e+03  8.20000000e-02  1.62370000e+01
 -3.18000337e+03  3.62099600e+03  8.20000000e-02  1.61600000e+01
 -3.18000337e+03  3.62099600e+03  8.20000000e-02  1.61600000e+01
 -3.18573354e+03  3.62307100e+03  8.20000000e-02  1.61520000e+01
 -3.18573354e+03  3.62307100e+03  8.20000000e-02  1.61520000e+01
 -3.18755848e+03  3.62441100e+03  8.20000000e-02  1.61300000e+01
 -3.19017569e+03  3.62089800e+03  8.20000000e-02  1.61930000e+01
 -3.19017569e+03  3.62089800e+03  8.20000000e-02  1.61930000e+01
 -3.19076516e+03  3.62539500e+03  8.20000000e-02  1.59540000e+01
 -3.19185520e+03  3.62584900e+03  8.20000000e-02  1.59520000e+01
 -3.19185520e+03  3.62584900e+03  8.20000000e-02  1.59520000e+01
 -3.19185520e+03  3.62584900e+03  8.20000000e-02  1.59520000e+01
 -3.19238353e+03  3.62674600e+03  8.20000000e-02  1.59170000e+01
 -3.19238353e+03  3.62674600e+03  8.20000000e-02  1.59170000e+01
 -3.19745558e+03  3.62839900e+03  8.20000000e-02  1.59170000e+01
 -3.19812698e+03  3.62884200e+03  8.20000000e-02  1.59140000e+01
 -3.20166563e+03  3.62929600e+03  8.20000000e-02  1.58900000e+01
 -3.20166563e+03  3.62929600e+03  8.20000000e-02  1.58900000e+01
 -3.20166563e+03  3.62929600e+03  8.20000000e-02  1.58900000e+01
 -3.20166563e+03  3.62929600e+03  8.20000000e-02  1.58900000e+01
 -3.20248924e+03  3.63107900e+03  8.20000000e-02  1.58380000e+01
 -3.20295610e+03  3.63077600e+03  8.20000000e-02  1.58270000e+01
 -3.20295610e+03  3.63077600e+03  8.20000000e-02  1.58270000e+01
 -3.20295610e+03  3.63077600e+03  8.20000000e-02  1.58270000e+01
 -3.20491638e+03  3.63001900e+03  8.20000000e-02  1.58280000e+01
 -3.20545521e+03  3.63210500e+03  8.20000000e-02  1.58100000e+01
 -3.20574655e+03  3.63389900e+03  8.20000000e-02  1.57880000e+01
 -3.20574655e+03  3.63389900e+03  8.20000000e-02  1.57880000e+01
 -3.20574655e+03  3.63389900e+03  8.20000000e-02  1.57880000e+01
 -3.20574655e+03  3.63389900e+03  8.20000000e-02  1.57880000e+01
 -3.21791381e+03  3.63657800e+03  8.20000000e-02  1.57860000e+01
 -3.21791381e+03  3.63657800e+03  8.20000000e-02  1.57860000e+01
 -3.21791381e+03  3.63657800e+03  8.20000000e-02  1.57860000e+01
 -3.21791381e+03  3.63657800e+03  8.20000000e-02  1.57860000e+01
 -3.21791381e+03  3.63657800e+03  8.20000000e-02  1.57860000e+01
 -3.21791381e+03  3.63657800e+03  8.20000000e-02  1.57860000e+01
 -3.21791381e+03  3.63657800e+03  8.20000000e-02  1.57860000e+01
 -3.21882077e+03  3.63756200e+03  8.20000000e-02  1.58080000e+01
 -3.21948573e+03  3.63823200e+03  8.20000000e-02  1.58170000e+01
 -3.21948573e+03  3.63823200e+03  8.20000000e-02  1.58170000e+01
 -3.22041115e+03  3.63800500e+03  8.20000000e-02  1.59600000e+01
 -3.22041115e+03  3.63800500e+03  8.20000000e-02  1.59600000e+01
 -3.22068784e+03  3.63778800e+03  8.20000000e-02  1.59600000e+01
 -3.22068784e+03  3.63778800e+03  8.20000000e-02  1.59600000e+01
 -3.22068784e+03  3.63778800e+03  8.20000000e-02  1.59600000e+01
 -3.22499057e+03  3.63867400e+03  8.20000000e-02  1.59590000e+01
 -3.22543715e+03  3.64000300e+03  8.20000000e-02  1.59620000e+01
 -3.22966669e+03  3.63977600e+03  8.20000000e-02  1.59560000e+01
 -3.22966669e+03  3.63977600e+03  8.20000000e-02  1.59560000e+01
 -3.22966669e+03  3.63977600e+03  8.20000000e-02  1.59560000e+01
 -3.23125528e+03  3.63857600e+03  8.20000000e-02  1.59560000e+01
 -3.23114443e+03  3.63692200e+03  8.20000000e-02  1.60100000e+01
 -3.23114443e+03  3.63692200e+03  8.20000000e-02  1.60100000e+01
 -3.23196764e+03  3.63691100e+03  8.20000000e-02  1.60090000e+01
 -3.23196764e+03  3.63691100e+03  8.20000000e-02  1.60090000e+01
 -3.23196764e+03  3.63691100e+03  8.20000000e-02  1.60090000e+01
 -3.23242903e+03  3.63758100e+03  8.20000000e-02  1.61350000e+01
 -3.23242903e+03  3.63758100e+03  8.20000000e-02  1.61350000e+01
 -3.23258182e+03  3.63571100e+03  8.20000000e-02  1.61730000e+01
 -3.23588370e+03  3.63705100e+03  8.20000000e-02  1.61600000e+01
 -3.23589183e+03  3.63684500e+03  8.20000000e-02  1.61580000e+01
 -3.23589183e+03  3.63684500e+03  8.20000000e-02  1.61580000e+01
 -3.23601696e+03  3.63894200e+03  8.20000000e-02  1.60950000e+01
 -3.23601696e+03  3.63894200e+03  8.20000000e-02  1.60950000e+01
 -3.23601696e+03  3.63894200e+03  8.20000000e-02  1.60950000e+01
 -3.23601696e+03  3.63894200e+03  8.20000000e-02  1.60950000e+01
 -3.23601696e+03  3.63894200e+03  8.20000000e-02  1.60950000e+01
 -3.23603651e+03  3.64334100e+03  8.20000000e-02  1.59830000e+01
 -3.23603651e+03  3.64334100e+03  8.20000000e-02  1.59830000e+01
 -3.23603651e+03  3.64334100e+03  8.20000000e-02  1.59830000e+01
 -3.23702615e+03  3.64654000e+03  8.20000000e-02  1.59210000e+01
 -3.24129307e+03  3.64728600e+03  8.20000000e-02  1.59210000e+01
 -3.24129307e+03  3.64728600e+03  8.20000000e-02  1.59210000e+01
 -3.24589117e+03  3.64871300e+03  8.20000000e-02  1.59210000e+01
 -3.24765363e+03  3.65191200e+03  8.20000000e-02  1.59230000e+01
 -3.24765363e+03  3.65191200e+03  8.20000000e-02  1.59230000e+01
 -3.24765363e+03  3.65191200e+03  8.20000000e-02  1.59230000e+01
 -3.25113213e+03  3.65025800e+03  8.20000000e-02  1.59360000e+01
 -3.25113213e+03  3.65025800e+03  8.20000000e-02  1.59360000e+01
 -3.25146909e+03  3.64874400e+03  8.20000000e-02  1.59370000e+01
 -3.25146909e+03  3.64874400e+03  8.20000000e-02  1.59370000e+01
 -3.25146909e+03  3.64874400e+03  8.20000000e-02  1.59370000e+01
 -3.25146909e+03  3.64874400e+03  8.20000000e-02  1.59370000e+01
 -3.25298535e+03  3.64821400e+03  8.20000000e-02  1.59460000e+01
 -3.25298535e+03  3.64821400e+03  8.20000000e-02  1.59460000e+01
 -3.25298535e+03  3.64821400e+03  8.20000000e-02  1.59460000e+01
 -3.25298535e+03  3.64821400e+03  8.20000000e-02  1.59460000e+01
 -3.25371870e+03  3.64844100e+03  8.20000000e-02  1.59480000e+01
 -3.25371870e+03  3.64844100e+03  8.20000000e-02  1.59480000e+01
 -3.25371870e+03  3.64844100e+03  8.20000000e-02  1.59480000e+01
 -3.25510147e+03  3.65009400e+03  8.20000000e-02  1.59480000e+01
 -3.25510147e+03  3.65009400e+03  8.20000000e-02  1.59480000e+01
 -3.25634135e+03  3.65293800e+03  8.20000000e-02  1.59070000e+01
 -3.25695897e+03  3.65383400e+03  8.20000000e-02  1.59200000e+01
 -3.25695897e+03  3.65383400e+03  8.20000000e-02  1.59200000e+01
 -3.25744507e+03  3.65628600e+03  8.20000000e-02  1.58900000e+01
 -3.26197826e+03  3.65553000e+03  8.20000000e-02  1.58970000e+01
 -3.26962372e+03  3.65588500e+03  8.20000000e-02  1.58970000e+01
 -3.27128852e+03  3.65752900e+03  8.20000000e-02  1.59860000e+01
 -3.27128852e+03  3.65752900e+03  8.20000000e-02  1.59860000e+01
 -3.27128852e+03  3.65752900e+03  8.20000000e-02  1.59860000e+01
 -3.27178204e+03  3.65843600e+03  8.20000000e-02  1.59720000e+01
 -3.27182626e+03  3.65887900e+03  8.20000000e-02  1.59780000e+01
 -3.27182626e+03  3.65887900e+03  8.20000000e-02  1.59780000e+01
 -3.27182626e+03  3.65887900e+03  8.20000000e-02  1.59780000e+01
 -3.27182626e+03  3.65887900e+03  8.20000000e-02  1.59780000e+01
 -3.27182626e+03  3.65887900e+03  8.20000000e-02  1.59780000e+01
 -3.27182626e+03  3.65887900e+03  8.20000000e-02  1.59780000e+01
 -3.27182626e+03  3.65887900e+03  8.20000000e-02  1.59780000e+01
 -3.27182626e+03  3.65887900e+03  8.20000000e-02  1.59780000e+01
 -3.27182626e+03  3.65887900e+03  8.20000000e-02  1.59780000e+01
 -3.27227324e+03  3.65812200e+03  8.20000000e-02  1.60260000e+01
 -3.27227324e+03  3.65812200e+03  8.20000000e-02  1.60260000e+01
 -3.28332527e+03  3.65594800e+03  8.20000000e-02  1.62460000e+01
 -3.28332527e+03  3.65594800e+03  8.20000000e-02  1.62460000e+01
 -3.28427487e+03  3.65766800e+03  8.20000000e-02  1.62530000e+01
 -3.28490653e+03  3.65790600e+03  8.20000000e-02  1.62340000e+01
 -3.28490653e+03  3.65790600e+03  8.20000000e-02  1.62340000e+01
 -3.28491647e+03  3.65776600e+03  8.20000000e-02  1.62960000e+01
 -3.28512974e+03  3.66030600e+03  8.20000000e-02  1.62610000e+01
 -3.28512974e+03  3.66030600e+03  8.20000000e-02  1.62610000e+01
 -3.28787564e+03  3.66164600e+03  8.20000000e-02  1.62340000e+01
 -3.28803882e+03  3.66164600e+03  8.20000000e-02  1.62340000e+01
 -3.28803882e+03  3.66164600e+03  8.20000000e-02  1.62340000e+01
 -3.28803882e+03  3.66164600e+03  8.20000000e-02  1.62340000e+01
 -3.29028450e+03  3.66515900e+03  8.20000000e-02  1.61960000e+01
 -3.29028450e+03  3.66515900e+03  8.20000000e-02  1.61960000e+01
 -3.29028450e+03  3.66515900e+03  8.20000000e-02  1.61960000e+01
 -3.29028450e+03  3.66515900e+03  8.20000000e-02  1.61960000e+01
 -3.29223418e+03  3.66395800e+03  8.20000000e-02  1.61980000e+01
 -3.29525424e+03  3.66320100e+03  8.20000000e-02  1.62020000e+01
 -3.29525424e+03  3.66320100e+03  8.20000000e-02  1.62020000e+01
 -3.29525424e+03  3.66320100e+03  8.20000000e-02  1.62020000e+01
 -3.29525424e+03  3.66320100e+03  8.20000000e-02  1.62020000e+01
 -3.29525424e+03  3.66320100e+03  8.20000000e-02  1.62020000e+01
 -3.29525424e+03  3.66320100e+03  8.20000000e-02  1.62020000e+01
 -3.29525424e+03  3.66320100e+03  8.20000000e-02  1.62020000e+01
 -3.29525424e+03  3.66320100e+03  8.20000000e-02  1.62020000e+01
 -3.29667426e+03  3.66320100e+03  8.20000000e-02  1.62360000e+01
 -3.29667426e+03  3.66320100e+03  8.20000000e-02  1.62360000e+01
 -3.29687786e+03  3.66231500e+03  8.20000000e-02  1.62460000e+01
 -3.29687786e+03  3.66231500e+03  8.20000000e-02  1.62460000e+01
 -3.29752190e+03  3.66075900e+03  8.20000000e-02  1.62700000e+01
 -3.29752190e+03  3.66075900e+03  8.20000000e-02  1.62700000e+01
 -3.29752190e+03  3.66075900e+03  8.20000000e-02  1.62700000e+01
 -3.30024378e+03  3.66142900e+03  8.20000000e-02  1.62700000e+01
 -3.30024378e+03  3.66142900e+03  8.20000000e-02  1.62700000e+01
 -3.30024378e+03  3.66142900e+03  8.20000000e-02  1.62700000e+01
 -3.30024378e+03  3.66142900e+03  8.20000000e-02  1.62700000e+01
 -3.30109579e+03  3.66285600e+03  8.20000000e-02  1.63350000e+01
 -3.30109579e+03  3.66285600e+03  8.20000000e-02  1.63350000e+01
 -3.30109579e+03  3.66285600e+03  8.20000000e-02  1.63350000e+01
 -3.31056559e+03  3.66638000e+03  8.20000000e-02  1.62560000e+01
 -3.31434824e+03  3.66847600e+03  8.20000000e-02  1.62270000e+01
 -3.31434824e+03  3.66847600e+03  8.20000000e-02  1.62270000e+01
 -3.31434824e+03  3.66847600e+03  8.20000000e-02  1.62270000e+01
 -3.31519022e+03  3.66870300e+03  8.20000000e-02  1.62490000e+01
 -3.31519022e+03  3.66870300e+03  8.20000000e-02  1.62490000e+01
 -3.31880938e+03  3.66915700e+03  8.20000000e-02  1.62450000e+01
 -3.31880938e+03  3.66915700e+03  8.20000000e-02  1.62450000e+01
 -3.31880938e+03  3.66915700e+03  8.20000000e-02  1.62450000e+01
 -3.31880938e+03  3.66915700e+03  8.20000000e-02  1.62450000e+01
 -3.31880938e+03  3.66915700e+03  8.20000000e-02  1.62450000e+01
 -3.31880938e+03  3.66915700e+03  8.20000000e-02  1.62450000e+01
 -3.32091368e+03  3.66840000e+03  8.20000000e-02  1.63570000e+01
 -3.32091368e+03  3.66840000e+03  8.20000000e-02  1.63570000e+01
 -3.32091368e+03  3.66840000e+03  8.20000000e-02  1.63570000e+01
 -3.32091368e+03  3.66840000e+03  8.20000000e-02  1.63570000e+01