-1.56455120e+03  2.57626700e+03  8.80000000e-02  2.93540000e+01
 -1.57760862e+03  2.57881700e+03  8.80000000e-02  2.92790000e+01
 -1.58050238e+03  2.58367000e+03  9.60000000e-02  2.92060000e+01
 -1.59090473e+03  2.58763700e+03  9.60000000e-02  2.92060000e+01
 -1.59773581e+03  2.59248900e+03  9.60000000e-02  2.91590000e+01
 -1.60188298e+03  2.60071500e+03  9.60000000e-02  2.90430000e+01
 -1.62514372e+03  2.60654100e+03  9.60000000e-02  2.89400000e+01
 -1.62708132e+03  2.61134100e+03  9.60000000e-02  2.88160000e+01
 -1.63855475e+03  2.61748100e+03  9.60000000e-02  2.88160000e+01
 -1.64001592e+03  2.62309000e+03  9.60000000e-02  2.86140000e+01
 -1.64008944e+03  2.62900300e+03  9.60000000e-02  2.83680000e+01
 -1.64457762e+03  2.63131600e+03  9.60000000e-02  2.82990000e+01
 -1.64477497e+03  2.63341200e+03  9.60000000e-02  2.81840000e+01
 -1.64681184e+03  2.63977900e+03  9.50000000e-02  2.81430000e+01
 -1.65376076e+03  2.64951900e+03  9.50000000e-02  2.79270000e+01
 -1.66344355e+03  2.65557100e+03  9.50000000e-02  2.78030000e+01
 -1.66479034e+03  2.65699800e+03  9.50000000e-02  2.78300000e+01
 -1.66739130e+03  2.65984100e+03  9.50000000e-02  2.77830000e+01
 -1.66742077e+03  2.66193700e+03  9.40000000e-02  2.77480000e+01
 -1.67164879e+03  2.67017400e+03  9.40000000e-02  2.76470000e+01
 -1.67191248e+03  2.67458400e+03  9.40000000e-02  2.74610000e+01
 -1.67739406e+03  2.67668000e+03  9.40000000e-02  2.74470000e+01
 -1.68300809e+03  2.68042000e+03  9.40000000e-02  2.74260000e+01
 -1.68661519e+03  2.68611700e+03  9.30000000e-02  2.73380000e+01
 -1.68717051e+03  2.69017000e+03  9.30000000e-02  2.72540000e+01
 -1.69994661e+03  2.69218000e+03  9.30000000e-02  2.72480000e+01
 -1.70129325e+03  2.69832000e+03  9.30000000e-02  2.71470000e+01
 -1.70540675e+03  2.70513000e+03  9.40000000e-02  2.70150000e+01
 -1.70538511e+03  2.70842600e+03  9.40000000e-02  2.68920000e+01
 -1.71671870e+03  2.70909600e+03  9.50000000e-02  2.70710000e+01
 -1.72067391e+03  2.71239300e+03  9.50000000e-02  2.70710000e+01
 -1.72068342e+03  2.71381900e+03  9.50000000e-02  2.70520000e+01
 -1.72390336e+03  2.71822900e+03  9.40000000e-02  2.68930000e+01
 -1.72896180e+03  2.72077900e+03  9.40000000e-02  2.68940000e+01
 -1.73560792e+03  2.72377300e+03  9.40000000e-02  2.68880000e+01
 -1.73708586e+03  2.73067000e+03  9.40000000e-02  2.67270000e+01
 -1.73816239e+03  2.73222500e+03  9.40000000e-02  2.67210000e+01
 -1.74433448e+03  2.73693800e+03  9.40000000e-02  2.66240000e+01
 -1.75896566e+03  2.74233200e+03  9.40000000e-02  2.64700000e+01
 -1.76516385e+03  2.74607100e+03  9.40000000e-02  2.64600000e+01
 -1.76818830e+03  2.75115100e+03  9.40000000e-02  2.64600000e+01
 -1.76820051e+03  2.75083700e+03  9.40000000e-02  2.64530000e+01
 -1.77035451e+03  2.75436000e+03  9.50000000e-02  2.64140000e+01
 -1.77291712e+03  2.75810000e+03  9.50000000e-02  2.64140000e+01
 -1.77747062e+03  2.75922300e+03  9.50000000e-02  2.64140000e+01
 -1.79409740e+03  2.76384900e+03  9.50000000e-02  2.63920000e+01
 -1.79430810e+03  2.76737300e+03  9.50000000e-02  2.62400000e+01
 -1.79547606e+03  2.76976200e+03  9.50000000e-02  2.62400000e+01
 -1.79432901e+03  2.77163100e+03  9.40000000e-02  2.61810000e+01
 -1.79492478e+03  2.77439800e+03  9.40000000e-02  2.60870000e+01
 -1.79627062e+03  2.77746800e+03  9.40000000e-02  2.60800000e+01
 -1.80517956e+03  2.78022300e+03  9.50000000e-02  2.60650000e+01
 -1.81750705e+03  2.78671900e+03  9.50000000e-02  2.60650000e+01
 -1.82287006e+03  2.79001600e+03  9.50000000e-02  2.59810000e+01
 -1.83041594e+03  2.79541000e+03  9.70000000e-02  2.59750000e+01
 -1.83054959e+03  2.79673800e+03  9.70000000e-02  2.58940000e+01
 -1.83435325e+03  2.79896400e+03  9.70000000e-02  2.59040000e+01
 -1.84452015e+03  2.80523300e+03  9.70000000e-02  2.58150000e+01
 -1.84486778e+03  2.80777300e+03  9.70000000e-02  2.55790000e+01
 -1.84904195e+03  2.81479800e+03  9.60000000e-02  2.53700000e+01
 -1.85154337e+03  2.81831100e+03  9.60000000e-02  2.53780000e+01
 -1.85806525e+03  2.82677500e+03  9.60000000e-02  2.51530000e+01
 -1.86000261e+03  2.83074200e+03  9.60000000e-02  2.51250000e+01
 -1.86183780e+03  2.83589700e+03  9.60000000e-02  2.49840000e+01
 -1.86661575e+03  2.84128000e+03  9.60000000e-02  2.49090000e+01
 -1.87319477e+03  2.84884700e+03  9.60000000e-02  2.46420000e+01
 -1.87752312e+03  2.85348400e+03  9.60000000e-02  2.46260000e+01
 -1.88043423e+03  2.85953700e+03  9.60000000e-02  2.45180000e+01
 -1.88350288e+03  2.85976300e+03  9.60000000e-02  2.43870000e+01
 -1.88063436e+03  2.86296200e+03  9.60000000e-02  2.43750000e+01
 -1.88125168e+03  2.86430200e+03  9.60000000e-02  2.43680000e+01
 -1.88222692e+03  2.86587900e+03  9.60000000e-02  2.43630000e+01
 -1.88232383e+03  2.86886100e+03  9.60000000e-02  2.41870000e+01
 -1.88284075e+03  2.87019000e+03  9.60000000e-02  2.41900000e+01
 -1.88537802e+03  2.87281700e+03  9.60000000e-02  2.41490000e+01
 -1.88689165e+03  2.87634100e+03  9.60000000e-02  2.41490000e+01
 -1.89401564e+03  2.87843700e+03  9.60000000e-02  2.41490000e+01
 -1.89891549e+03  2.87910700e+03  9.60000000e-02  2.41490000e+01
 -1.90555872e+03  2.87910700e+03  9.60000000e-02  2.41500000e+01
 -1.90893908e+03  2.88285700e+03  9.60000000e-02  2.40600000e+01
 -1.90980498e+03  2.88593700e+03  9.60000000e-02  2.40070000e+01
 -1.91069642e+03  2.88856400e+03  9.60000000e-02  2.39730000e+01
 -1.92086414e+03  2.89079000e+03  9.60000000e-02  2.39560000e+01
 -1.93168122e+03  2.89474500e+03  9.60000000e-02  2.38690000e+01
 -1.93761612e+03  2.89737200e+03  9.60000000e-02  2.38120000e+01
 -1.93812869e+03  2.90088500e+03  9.50000000e-02  2.35580000e+01
 -1.93924495e+03  2.90662300e+03  9.50000000e-02  2.34430000e+01
 -1.93930672e+03  2.90993100e+03  9.50000000e-02  2.33860000e+01
 -1.94027308e+03  2.91224300e+03  9.50000000e-02  2.33800000e+01
 -1.94979391e+03  2.91642600e+03  9.50000000e-02  2.33780000e+01
 -1.95209005e+03  2.91829600e+03  9.50000000e-02  2.33680000e+01
 -1.95769591e+03  2.92226200e+03  9.50000000e-02  2.33680000e+01
 -1.95999095e+03  2.92653200e+03  9.50000000e-02  2.33380000e+01
 -1.97179845e+03  2.92795900e+03  9.50000000e-02  2.32390000e+01
 -1.97042990e+03  2.92915900e+03  9.50000000e-02  2.31020000e+01
 -1.97367136e+03  2.92982800e+03  9.50000000e-02  2.30930000e+01
 -1.97421684e+03  2.93215200e+03  9.50000000e-02  2.30750000e+01
 -1.97363867e+03  2.92975100e+03  9.50000000e-02  2.32610000e+01
 -1.97309107e+03  2.93073500e+03  9.30000000e-02  2.32510000e+01
 -1.97139513e+03  2.92998800e+03  9.30000000e-02  2.32100000e+01
 -1.97249039e+03  2.93034400e+03  9.30000000e-02  2.32980000e+01
 -1.97303566e+03  2.93385600e+03  9.30000000e-02  2.33000000e+01
 -1.97492636e+03  2.93452600e+03  9.30000000e-02  2.33080000e+01
 -1.97456110e+03  2.93653500e+03  9.30000000e-02  2.32610000e+01
 -1.98245569e+03  2.93951800e+03  9.30000000e-02  2.33270000e+01
 -1.99131492e+03  2.93987400e+03  9.30000000e-02  2.33600000e+01
 -2.00413272e+03  2.94339700e+03  9.30000000e-02  2.33610000e+01
 -2.00869955e+03  2.94758000e+03  9.30000000e-02  2.33610000e+01
 -2.00854173e+03  2.94735300e+03  9.30000000e-02  2.33760000e+01
 -2.00999826e+03  2.95132000e+03  9.30000000e-02  2.32610000e+01
 -2.01175677e+03  2.95288600e+03  9.30000000e-02  2.32380000e+01
 -2.01345560e+03  2.95542600e+03  9.30000000e-02  2.32460000e+01
 -2.02061223e+03  2.96200900e+03  9.30000000e-02  2.30600000e+01
 -2.02491853e+03  2.96344600e+03  9.30000000e-02  2.30130000e+01
 -2.02508502e+03  2.96314300e+03  9.30000000e-02  2.29500000e+01
 -2.02601189e+03  2.96434300e+03  9.30000000e-02  2.29500000e+01
 -2.02610084e+03  2.96665600e+03  9.30000000e-02  2.28560000e+01
 -2.01135093e+03  2.96708800e+03  9.30000000e-02  2.27970000e+01
 -2.01403847e+03  2.97029800e+03  9.30000000e-02  2.27260000e+01
 -2.02083013e+03  2.97493400e+03  9.30000000e-02  2.27260000e+01
 -2.03663345e+03  2.97920400e+03  9.30000000e-02  2.26350000e+01
 -2.03652655e+03  2.98030600e+03  9.30000000e-02  2.26450000e+01
 -2.03767786e+03  2.98328800e+03  9.30000000e-02  2.26230000e+01
 -2.03934100e+03  2.98627100e+03  9.30000000e-02  2.25760000e+01
 -2.03990075e+03  2.98605500e+03  9.30000000e-02  2.26170000e+01
 -2.04963021e+03  2.99406500e+03  9.30000000e-02  2.24890000e+01
 -2.05166889e+03  2.99937200e+03  9.30000000e-02  2.22300000e+01
 -2.05210596e+03  3.00191100e+03  9.50000000e-02  2.21790000e+01
 -2.05717405e+03  3.00520800e+03  9.50000000e-02  2.21790000e+01
 -2.06266617e+03  3.01193100e+03  9.50000000e-02  2.20940000e+01
 -2.06167477e+03  3.01380000e+03  9.50000000e-02  2.20090000e+01
 -2.06605042e+03  3.01535600e+03  9.50000000e-02  2.19980000e+01
 -2.06605042e+03  3.01535600e+03  9.50000000e-02  2.19980000e+01
 -2.06653644e+03  3.01909600e+03  9.90000000e-02  2.18710000e+01
 -2.07436734e+03  3.02139800e+03  9.90000000e-02  2.17870000e+01
 -2.07436734e+03  3.02139800e+03  9.90000000e-02  2.17870000e+01
 -2.07593253e+03  3.02139800e+03  9.90000000e-02  2.17870000e+01
 -2.08001109e+03  3.02281400e+03  9.90000000e-02  2.17760000e+01
 -2.08129493e+03  3.02565700e+03  9.90000000e-02  2.16510000e+01
 -2.08270430e+03  3.02842300e+03  9.90000000e-02  2.16130000e+01
 -2.08698476e+03  3.03073600e+03  9.90000000e-02  2.16510000e+01
 -2.07285393e+03  3.02908100e+03  9.90000000e-02  2.16450000e+01
 -2.07555659e+03  3.03103800e+03  9.90000000e-02  2.15930000e+01
 -2.07587583e+03  3.03246500e+03  9.90000000e-02  2.16020000e+01
 -2.07706850e+03  3.03388100e+03  9.90000000e-02  2.16060000e+01
 -2.07937368e+03  3.03343800e+03  9.90000000e-02  2.16460000e+01
 -2.07966817e+03  3.03576200e+03  9.90000000e-02  2.14340000e+01
 -2.08797984e+03  3.04145900e+03  9.90000000e-02  2.15080000e+01
 -2.08656840e+03  3.04191200e+03  9.90000000e-02  2.15110000e+01
 -2.09244019e+03  3.04827900e+03  9.90000000e-02  2.14900000e+01
 -2.10156618e+03  3.04970600e+03  9.90000000e-02  2.14470000e+01
 -2.10975883e+03  3.05434200e+03  9.90000000e-02  2.14400000e+01
 -2.10975883e+03  3.05434200e+03  9.90000000e-02  2.14400000e+01
 -2.11362229e+03  3.05875200e+03  9.90000000e-02  2.13290000e+01
 -2.11382982e+03  3.06040600e+03  9.90000000e-02  2.13130000e+01
 -2.11456889e+03  3.06316100e+03  9.90000000e-02  2.12870000e+01
 -2.11618225e+03  3.06757100e+03  9.90000000e-02  2.11060000e+01
 -2.11684349e+03  3.07197000e+03  9.90000000e-02  2.10710000e+01
 -2.11712011e+03  3.07241300e+03  9.80000000e-02  2.10850000e+01
 -2.11712011e+03  3.07241300e+03  9.80000000e-02  2.10850000e+01
 -2.11615158e+03  3.07024000e+03  9.90000000e-02  2.11100000e+01
 -2.11639764e+03  3.07233600e+03  9.90000000e-02  2.11090000e+01
 -2.11839354e+03  3.07749200e+03  9.90000000e-02  2.09420000e+01
 -2.12281633e+03  3.08078800e+03  9.90000000e-02  2.09390000e+01
 -2.12699974e+03  3.08124200e+03  9.80000000e-02  2.09450000e+01
 -2.12699974e+03  3.08124200e+03  9.80000000e-02  2.09450000e+01
 -2.12450989e+03  3.07751200e+03  9.80000000e-02  2.10240000e+01
 -2.12916445e+03  3.07915500e+03  9.80000000e-02  2.11850000e+01
 -2.14172854e+03  3.08236400e+03  9.80000000e-02  2.11820000e+01
 -2.14437134e+03  3.08304500e+03  9.80000000e-02  2.11730000e+01
 -2.15032635e+03  3.08843800e+03  9.80000000e-02  2.10420000e+01
 -2.15042089e+03  3.08910800e+03  9.80000000e-02  2.10370000e+01
 -2.15063899e+03  3.09043700e+03  9.90000000e-02  2.10060000e+01
 -2.15719907e+03  3.09409000e+03  9.90000000e-02  2.09480000e+01
 -2.16126524e+03  3.09685600e+03  9.90000000e-02  2.09200000e+01
 -2.16828408e+03  3.10433600e+03  9.90000000e-02  2.07150000e+01
 -2.16988077e+03  3.10665900e+03  9.90000000e-02  2.06960000e+01
 -2.16988077e+03  3.10665900e+03  9.90000000e-02  2.06960000e+01
 -2.17344612e+03  3.11368500e+03  9.90000000e-02  2.05680000e+01
 -2.17334849e+03  3.11719800e+03  9.90000000e-02  2.05460000e+01
 -2.17285428e+03  3.11136100e+03  9.90000000e-02  2.06230000e+01
 -2.17355923e+03  3.11301500e+03  9.90000000e-02  2.05380000e+01
 -2.17140401e+03  3.11113400e+03  9.90000000e-02  2.05380000e+01
 -2.17590103e+03  3.11771700e+03  9.90000000e-02  2.04160000e+01
 -2.17713718e+03  3.11660400e+03  9.90000000e-02  2.04630000e+01
 -2.17696408e+03  3.11773800e+03  9.90000000e-02  2.04620000e+01
 -2.17992895e+03  3.11841800e+03  9.90000000e-02  2.04810000e+01
 -2.18107607e+03  3.12207000e+03  9.90000000e-02  2.03940000e+01
 -2.18107607e+03  3.12207000e+03  9.90000000e-02  2.03940000e+01
 -2.18107607e+03  3.12207000e+03  9.90000000e-02  2.03940000e+01
 -2.18698614e+03  3.12176700e+03  9.90000000e-02  2.03850000e+01
 -2.19208992e+03  3.12386300e+03  9.90000000e-02  2.03730000e+01
 -2.19282746e+03  3.12573300e+03  9.90000000e-02  2.03730000e+01
 -2.19778680e+03  3.12991600e+03  9.90000000e-02  2.03190000e+01
 -2.19809093e+03  3.13124500e+03  9.90000000e-02  2.02750000e+01
 -2.19972097e+03  3.13378500e+03  9.90000000e-02  2.02750000e+01
 -2.19072600e+03  3.13618500e+03  9.90000000e-02  2.02750000e+01
 -2.19889752e+03  3.13939400e+03  9.90000000e-02  2.02830000e+01
 -2.20146390e+03  3.14269100e+03  9.90000000e-02  2.01300000e+01
 -2.20732347e+03  3.14621400e+03  9.90000000e-02  2.01220000e+01
 -2.21290633e+03  3.15062400e+03  9.90000000e-02  1.99420000e+01
 -2.21237242e+03  3.14951100e+03  9.90000000e-02  2.00200000e+01
 -2.20831248e+03  3.14756500e+03  9.90000000e-02  1.99210000e+01
 -2.21317652e+03  3.14979000e+03  9.90000000e-02  1.98820000e+01
 -2.22201191e+03  3.15330300e+03  9.90000000e-02  1.98610000e+01
 -2.22723156e+03  3.15847000e+03  9.90000000e-02  1.98110000e+01
 -2.22758237e+03  3.16034000e+03  9.90000000e-02  1.98110000e+01
 -2.22990335e+03  3.16252400e+03  9.90000000e-02  1.97440000e+01
 -2.23430171e+03  3.16723700e+03  1.00000000e-01  1.97300000e+01
 -2.23461102e+03  3.16985200e+03  1.00000000e-01  1.97270000e+01
 -2.23861635e+03  3.17140800e+03  9.90000000e-02  1.97750000e+01
 -2.23468700e+03  3.17327800e+03  9.80000000e-02  1.97230000e+01
 -2.23395591e+03  3.17327800e+03  9.80000000e-02  1.97260000e+01
 -2.23395591e+03  3.17327800e+03  9.80000000e-02  1.97260000e+01
 -2.23272016e+03  3.17492100e+03  9.80000000e-02  1.95590000e+01
 -2.23142307e+03  3.17745000e+03  9.80000000e-02  1.93420000e+01
 -2.23439759e+03  3.18043200e+03  9.80000000e-02  1.93210000e+01
 -2.23466228e+03  3.18296100e+03  1.00000000e-01  1.91290000e+01
 -2.23786247e+03  3.18572800e+03  1.01000000e-01  1.90640000e+01
 -2.24461183e+03  3.18991000e+03  1.01000000e-01  1.90050000e+01
 -2.24521910e+03  3.19147700e+03  1.01000000e-01  1.89950000e+01
 -2.24894559e+03  3.19753000e+03  1.00000000e-01  1.89020000e+01
 -2.24731241e+03  3.19633000e+03  1.00000000e-01  1.88970000e+01
 -2.25649055e+03  3.19887000e+03  1.00000000e-01  1.88270000e+01
 -2.25409482e+03  3.19841600e+03  1.00000000e-01  1.88190000e+01
 -2.25707942e+03  3.19998200e+03  1.00000000e-01  1.88190000e+01
 -2.25707942e+03  3.19998200e+03  1.00000000e-01  1.88190000e+01
 -2.25707942e+03  3.19998200e+03  1.00000000e-01  1.88190000e+01
 -2.26189018e+03  3.20336600e+03  1.00000000e-01  1.87810000e+01
 -2.26500306e+03  3.20327900e+03  1.00000000e-01  1.87710000e+01
 -2.26585383e+03  3.20634900e+03  1.00000000e-01  1.87530000e+01
 -2.26963474e+03  3.21151500e+03  1.00000000e-01  1.85540000e+01
 -2.26963474e+03  3.21151500e+03  1.00000000e-01  1.85540000e+01
 -2.27893567e+03  3.21241200e+03  1.00000000e-01  1.85480000e+01
 -2.28173688e+03  3.21712500e+03  1.01000000e-01  1.85420000e+01
 -2.28128901e+03  3.21756700e+03  1.01000000e-01  1.87210000e+01
 -2.28128901e+03  3.21756700e+03  1.01000000e-01  1.87210000e+01
 -2.28439925e+03  3.22407400e+03  1.01000000e-01  1.86130000e+01
 -2.28495271e+03  3.22661400e+03  1.01000000e-01  1.84350000e+01
 -2.28979409e+03  3.22765000e+03  1.01000000e-01  1.84090000e+01
 -2.29078611e+03  3.22667700e+03  1.01000000e-01  1.84040000e+01
 -2.29322459e+03  3.22908700e+03  1.01000000e-01  1.83500000e+01
 -2.29159240e+03  3.22944300e+03  1.01000000e-01  1.83320000e+01
 -2.29234936e+03  3.23042700e+03  1.01000000e-01  1.83320000e+01
 -2.29197377e+03  3.22945400e+03  1.00000000e-01  1.83270000e+01
 -2.29837306e+03  3.23283800e+03  1.00000000e-01  1.83270000e+01
 -2.29846778e+03  3.23373400e+03  1.00000000e-01  1.83220000e+01
 -2.29845164e+03  3.23583100e+03  1.00000000e-01  1.83060000e+01
 -2.31151665e+03  3.23858700e+03  9.60000000e-02  1.82990000e+01
 -2.31972990e+03  3.23858700e+03  9.70000000e-02  1.81700000e+01
 -2.32527624e+03  3.24156900e+03  9.70000000e-02  1.81510000e+01
 -2.32553108e+03  3.24246600e+03  9.60000000e-02  1.81350000e+01
 -2.32851140e+03  3.24524300e+03  9.60000000e-02  1.81260000e+01
 -2.33058145e+03  3.24928600e+03  9.60000000e-02  1.81230000e+01
 -2.33465423e+03  3.24898300e+03  9.60000000e-02  1.81250000e+01
 -2.33490098e+03  3.25405200e+03  9.60000000e-02  1.79280000e+01
 -2.33462215e+03  3.24956500e+03  9.80000000e-02  1.80810000e+01
 -2.34053815e+03  3.25308900e+03  9.70000000e-02  1.80740000e+01
 -2.35036619e+03  3.26154200e+03  9.70000000e-02  1.79210000e+01
 -2.35021859e+03  3.26131500e+03  9.70000000e-02  1.79140000e+01
 -2.35021859e+03  3.26131500e+03  9.70000000e-02  1.79140000e+01
 -2.35137648e+03  3.25934700e+03  9.70000000e-02  1.79600000e+01
 -2.35468679e+03  3.26077400e+03  9.70000000e-02  1.79600000e+01
 -2.35815275e+03  3.26122700e+03  9.20000000e-02  1.79750000e+01
 -2.35815275e+03  3.26122700e+03  9.20000000e-02  1.79750000e+01
 -2.35772742e+03  3.26168100e+03  9.20000000e-02  1.79750000e+01
 -2.35772742e+03  3.26168100e+03  9.20000000e-02  1.79750000e+01
 -2.35772742e+03  3.26168100e+03  9.20000000e-02  1.79750000e+01
 -2.36280026e+03  3.26707400e+03  9.20000000e-02  1.79800000e+01
 -2.36343801e+03  3.27111700e+03  9.10000000e-02  1.79280000e+01
 -2.36279472e+03  3.27298700e+03  9.00000000e-02  1.76820000e+01
 -2.36963969e+03  3.27455400e+03  9.00000000e-02  1.76270000e+01
 -2.37873806e+03  3.27321400e+03  9.00000000e-02  1.76840000e+01
 -2.38303824e+03  3.27463000e+03  9.00000000e-02  1.76840000e+01
 -2.38686976e+03  3.27298600e+03  9.00000000e-02  1.78030000e+01
 -2.38686976e+03  3.27298600e+03  9.00000000e-02  1.78030000e+01
 -2.39601773e+03  3.27486700e+03  9.00000000e-02  1.78110000e+01
 -2.40770091e+03  3.28003400e+03  8.60000000e-02  1.77060000e+01
 -2.40662984e+03  3.28093100e+03  8.60000000e-02  1.75640000e+01
 -2.40665758e+03  3.28138500e+03  8.60000000e-02  1.75610000e+01
 -2.40665758e+03  3.28138500e+03  8.60000000e-02  1.75610000e+01
 -2.40716452e+03  3.28063800e+03  8.60000000e-02  1.75790000e+01
 -2.40769615e+03  3.28295100e+03  8.60000000e-02  1.74680000e+01
 -2.41005554e+03  3.28317800e+03  8.60000000e-02  1.76520000e+01
 -2.41542096e+03  3.28256100e+03  8.60000000e-02  1.77620000e+01
 -2.41542096e+03  3.28256100e+03  8.60000000e-02  1.77620000e+01
 -2.41545057e+03  3.28344700e+03  8.50000000e-02  1.77650000e+01
 -2.41713246e+03  3.28927200e+03  8.50000000e-02  1.77020000e+01
 -2.41841447e+03  3.29091500e+03  8.50000000e-02  1.77210000e+01
 -2.42258779e+03  3.29061200e+03  8.50000000e-02  1.77210000e+01
 -2.42483984e+03  3.29479500e+03  8.50000000e-02  1.76780000e+01
 -2.42554373e+03  3.29336800e+03  8.60000000e-02  1.78020000e+01
 -2.42391585e+03  3.29329100e+03  8.60000000e-02  1.77980000e+01
 -2.42459396e+03  3.29254400e+03  8.60000000e-02  1.78750000e+01
 -2.42480344e+03  3.29485700e+03  8.60000000e-02  1.78920000e+01
 -2.42480344e+03  3.29485700e+03  8.60000000e-02  1.78920000e+01
 -2.42436596e+03  3.29695400e+03  8.60000000e-02  1.78730000e+01
 -2.43083693e+03  3.30159000e+03  8.60000000e-02  1.78610000e+01
 -2.44213544e+03  3.30554600e+03  8.60000000e-02  1.78270000e+01
 -2.44346623e+03  3.30500500e+03  8.60000000e-02  1.79930000e+01
 -2.45184415e+03  3.30710200e+03  8.60000000e-02  1.79920000e+01
 -2.45368570e+03  3.30586000e+03  8.60000000e-02  1.80290000e+01
 -2.45342227e+03  3.30705900e+03  8.70000000e-02  1.80800000e+01
 -2.45394331e+03  3.30794500e+03  8.70000000e-02  1.81790000e+01
 -2.46260362e+03  3.31115500e+03  8.70000000e-02  1.82350000e+01
 -2.46260362e+03  3.31115500e+03  8.70000000e-02  1.82350000e+01
 -2.46273128e+03  3.30996600e+03  8.70000000e-02  1.82940000e+01
 -2.46345251e+03  3.30756600e+03  8.70000000e-02  1.82480000e+01
 -2.46846482e+03  3.31042000e+03  8.70000000e-02  1.82490000e+01
 -2.46846482e+03  3.31042000e+03  8.70000000e-02  1.82490000e+01
 -2.46846482e+03  3.31042000e+03  8.70000000e-02  1.82490000e+01
 -2.47072065e+03  3.31407200e+03  8.60000000e-02  1.81780000e+01
 -2.48260507e+03  3.31661200e+03  8.60000000e-02  1.81740000e+01
 -2.47886313e+03  3.31398400e+03  8.60000000e-02  1.82360000e+01
 -2.48119318e+03  3.31795100e+03  8.60000000e-02  1.82180000e+01
 -2.48119318e+03  3.31795100e+03  8.60000000e-02  1.82180000e+01
 -2.48241974e+03  3.32026400e+03  8.60000000e-02  1.82060000e+01
 -2.48241974e+03  3.32026400e+03  8.60000000e-02  1.82060000e+01
 -2.48488092e+03  3.32026400e+03  8.60000000e-02  1.82060000e+01
 -2.48453755e+03  3.32160400e+03  8.60000000e-02  1.81680000e+01
 -2.48978451e+03  3.32063100e+03  8.60000000e-02  1.81610000e+01
 -2.49171718e+03  3.32415500e+03  8.60000000e-02  1.80980000e+01
 -2.49242392e+03  3.32579800e+03  8.60000000e-02  1.81010000e+01
 -2.49242392e+03  3.32579800e+03  8.60000000e-02  1.81010000e+01
 -2.49338090e+03  3.32474800e+03  8.70000000e-02  1.81210000e+01
 -2.49338090e+03  3.32474800e+03  8.70000000e-02  1.81210000e+01
 -2.49338090e+03  3.32474800e+03  8.70000000e-02  1.81210000e+01
 -2.49916402e+03  3.32750400e+03  8.70000000e-02  1.81210000e+01
 -2.49927617e+03  3.32981700e+03  8.70000000e-02  1.80820000e+01
 -2.49933183e+03  3.33018300e+03  8.70000000e-02  1.80890000e+01
 -2.49933183e+03  3.33018300e+03  8.70000000e-02  1.80890000e+01
 -2.49933183e+03  3.33018300e+03  8.70000000e-02  1.80890000e+01
 -2.49933183e+03  3.33018300e+03  8.70000000e-02  1.80890000e+01
 -2.49933183e+03  3.33018300e+03  8.70000000e-02  1.80890000e+01
 -2.49974241e+03  3.33085300e+03  8.70000000e-02  1.80890000e+01
 -2.50024863e+03  3.33130700e+03  8.70000000e-02  1.80900000e+01
 -2.50151715e+03  3.33085300e+03  8.70000000e-02  1.81290000e+01
 -2.50892047e+03  3.33008500e+03  8.70000000e-02  1.81300000e+01
 -2.51338967e+03  3.32955400e+03  8.80000000e-02  1.81570000e+01
 -2.51964828e+03  3.33209400e+03  8.80000000e-02  1.81570000e+01
 -2.52076191e+03  3.33440600e+03  8.80000000e-02  1.81570000e+01
 -2.52108609e+03  3.33618900e+03  8.80000000e-02  1.81480000e+01
 -2.52245892e+03  3.33498900e+03  8.80000000e-02  1.83010000e+01
 -2.52274630e+03  3.33707400e+03  8.80000000e-02  1.82590000e+01
 -2.53152188e+03  3.33730100e+03  8.80000000e-02  1.82590000e+01
 -2.53152188e+03  3.33730100e+03  8.80000000e-02  1.82590000e+01
 -2.53231357e+03  3.33641500e+03  8.80000000e-02  1.82990000e+01
 -2.53328953e+03  3.33864100e+03  8.80000000e-02  1.82320000e+01
 -2.53316193e+03  3.33766700e+03  8.80000000e-02  1.81770000e+01
 -2.53645105e+03  3.33976400e+03  8.80000000e-02  1.81980000e+01
 -2.53645105e+03  3.33976400e+03  8.80000000e-02  1.81980000e+01
 -2.53635622e+03  3.33910500e+03  8.70000000e-02  1.82460000e+01
 -2.53739924e+03  3.34000200e+03  8.70000000e-02  1.82460000e+01
 -2.53739924e+03  3.34000200e+03  8.70000000e-02  1.82460000e+01
 -2.54004008e+03  3.34097500e+03  8.70000000e-02  1.82490000e+01
 -2.54108354e+03  3.34164500e+03  8.70000000e-02  1.82490000e+01
 -2.54108354e+03  3.34164500e+03  8.70000000e-02  1.82490000e+01
 -2.54233022e+03  3.34342800e+03  8.70000000e-02  1.81830000e+01
 -2.55522753e+03  3.34836700e+03  8.70000000e-02  1.82070000e+01
 -2.55522753e+03  3.34836700e+03  8.70000000e-02  1.82070000e+01
 -2.55522753e+03  3.34836700e+03  8.70000000e-02  1.82070000e+01
 -2.55522753e+03  3.34836700e+03  8.70000000e-02  1.82070000e+01
 -2.56467880e+03  3.34925300e+03  8.70000000e-02  1.82290000e+01
 -2.56467880e+03  3.34925300e+03  8.70000000e-02  1.82290000e+01
 -2.56467880e+03  3.34925300e+03  8.70000000e-02  1.82290000e+01
 -2.56596217e+03  3.35111200e+03  8.70000000e-02  1.82330000e+01
 -2.56997510e+03  3.34991100e+03  8.70000000e-02  1.83680000e+01
 -2.57897776e+03  3.35147800e+03  8.70000000e-02  1.83680000e+01
 -2.58602323e+03  3.35333700e+03  8.70000000e-02  1.83680000e+01
 -2.58671505e+03  3.35177000e+03  8.70000000e-02  1.85510000e+01
 -2.58765235e+03  3.35212600e+03  8.70000000e-02  1.85510000e+01
 -2.58765235e+03  3.35212600e+03  8.70000000e-02  1.85510000e+01
 -2.58800602e+03  3.35398500e+03  8.70000000e-02  1.85260000e+01
 -2.58837850e+03  3.35442800e+03  8.70000000e-02  1.85060000e+01
 -2.58917030e+03  3.35772500e+03  8.60000000e-02  1.84130000e+01
 -2.58917030e+03  3.35772500e+03  8.60000000e-02  1.84130000e+01
 -2.59388472e+03  3.36004900e+03  8.60000000e-02  1.84040000e+01
 -2.59328821e+03  3.35729200e+03  8.60000000e-02  1.84490000e+01
 -2.60035095e+03  3.35831800e+03  8.60000000e-02  1.84600000e+01
 -2.60035095e+03  3.35831800e+03  8.60000000e-02  1.84600000e+01
 -2.60039551e+03  3.35996100e+03  8.60000000e-02  1.83990000e+01
 -2.60342462e+03  3.36534400e+03  8.60000000e-02  1.83210000e+01
 -2.60359030e+03  3.36414400e+03  8.60000000e-02  1.83360000e+01
 -2.60539025e+03  3.36227300e+03  8.60000000e-02  1.83830000e+01
 -2.60772470e+03  3.36250000e+03  8.60000000e-02  1.84050000e+01
 -2.60870417e+03  3.36451000e+03  8.60000000e-02  1.83960000e+01
 -2.60870417e+03  3.36451000e+03  8.60000000e-02  1.83960000e+01
 -2.61309097e+03  3.36825000e+03  8.60000000e-02  1.82350000e+01
 -2.61309097e+03  3.36825000e+03  8.60000000e-02  1.82350000e+01
 -2.61290527e+03  3.36892000e+03  8.60000000e-02  1.81700000e+01
 -2.61532025e+03  3.36840000e+03  8.60000000e-02  1.81690000e+01
 -2.62077979e+03  3.36861600e+03  8.60000000e-02  1.81950000e+01
 -2.62077979e+03  3.36861600e+03  8.60000000e-02  1.81950000e+01
 -2.62077979e+03  3.36861600e+03  8.60000000e-02  1.81950000e+01
 -2.62077979e+03  3.36861600e+03  8.60000000e-02  1.81950000e+01
 -2.62077979e+03  3.36861600e+03  8.60000000e-02  1.81950000e+01
 -2.62511044e+03  3.36928600e+03  8.60000000e-02  1.81880000e+01
 -2.62511044e+03  3.36928600e+03  8.60000000e-02  1.81880000e+01
 -2.62507418e+03  3.36951300e+03  8.60000000e-02  1.81880000e+01
 -2.62507418e+03  3.36951300e+03  8.60000000e-02  1.81880000e+01
 -2.62507418e+03  3.36951300e+03  8.60000000e-02  1.81880000e+01
 -2.62507418e+03  3.36951300e+03  8.60000000e-02  1.81880000e+01
 -2.62576968e+03  3.37017200e+03  8.60000000e-02  1.81880000e+01
 -2.62576968e+03  3.37017200e+03  8.60000000e-02  1.81880000e+01
 -2.62666068e+03  3.37271100e+03  8.60000000e-02  1.81880000e+01
 -2.62880292e+03  3.37556500e+03  8.60000000e-02  1.81840000e+01
 -2.62994432e+03  3.37788900e+03  8.60000000e-02  1.81400000e+01
 -2.63206443e+03  3.38086000e+03  8.60000000e-02  1.80860000e+01
 -2.63274574e+03  3.38460000e+03  8.70000000e-02  1.80600000e+01
 -2.63375314e+03  3.38931300e+03  8.70000000e-02  1.78630000e+01
 -2.63441843e+03  3.39252200e+03  8.70000000e-02  1.78190000e+01
 -2.63441843e+03  3.39252200e+03  8.70000000e-02  1.78190000e+01
 -2.63440872e+03  3.39253300e+03  8.70000000e-02  1.78120000e+01
 -2.63433333e+03  3.39253300e+03  8.70000000e-02  1.79520000e+01
 -2.63456733e+03  3.39088900e+03  8.70000000e-02  1.80130000e+01
 -2.63469180e+03  3.39298600e+03  8.70000000e-02  1.79440000e+01
 -2.63469180e+03  3.39298600e+03  8.70000000e-02  1.79440000e+01
 -2.63469180e+03  3.39298600e+03  8.70000000e-02  1.79440000e+01
 -2.63469180e+03  3.39298600e+03  8.70000000e-02  1.79440000e+01
 -2.63558281e+03  3.39149400e+03  8.70000000e-02  1.79510000e+01
 -2.63558281e+03  3.39149400e+03  8.70000000e-02  1.79510000e+01
 -2.64176891e+03  3.39433700e+03  8.70000000e-02  1.80100000e+01
 -2.64504139e+03  3.39717900e+03  8.70000000e-02  1.80100000e+01
 -2.64577039e+03  3.39597900e+03  8.70000000e-02  1.81300000e+01
 -2.64577039e+03  3.39597900e+03  8.70000000e-02  1.81300000e+01
 -2.64989942e+03  3.39455200e+03  8.70000000e-02  1.81300000e+01
 -2.65042529e+03  3.39544900e+03  8.70000000e-02  1.81300000e+01
 -2.66274093e+03  3.39655100e+03  8.70000000e-02  1.81300000e+01
 -2.66551274e+03  3.40184700e+03  8.60000000e-02  1.81020000e+01
 -2.66551274e+03  3.40184700e+03  8.60000000e-02  1.81020000e+01
 -2.66551274e+03  3.40184700e+03  8.60000000e-02  1.81020000e+01
 -2.67457741e+03  3.40295900e+03  8.60000000e-02  1.80980000e+01
 -2.67452489e+03  3.40131600e+03  8.60000000e-02  1.80980000e+01
 -2.67452489e+03  3.40131600e+03  8.60000000e-02  1.80980000e+01
 -2.67514466e+03  3.40648200e+03  8.60000000e-02  1.79240000e+01
 -2.67514466e+03  3.40648200e+03  8.60000000e-02  1.79240000e+01
 -2.67514466e+03  3.40648200e+03  8.60000000e-02  1.79240000e+01
 -2.68412593e+03  3.40528200e+03  8.60000000e-02  1.79760000e+01
 -2.68629910e+03  3.40781100e+03  8.60000000e-02  1.79650000e+01
 -2.69038766e+03  3.41208100e+03  8.60000000e-02  1.79330000e+01
 -2.69038766e+03  3.41208100e+03  8.60000000e-02  1.79330000e+01
 -2.69038766e+03  3.41208100e+03  8.60000000e-02  1.79330000e+01
 -2.69038766e+03  3.41208100e+03  8.60000000e-02  1.79330000e+01
 -2.69071130e+03  3.41253400e+03  8.60000000e-02  1.79290000e+01
 -2.69071130e+03  3.41253400e+03  8.60000000e-02  1.79290000e+01
 -2.69274507e+03  3.41386300e+03  8.60000000e-02  1.79280000e+01
 -2.69325549e+03  3.41519200e+03  8.60000000e-02  1.79140000e+01
 -2.69340194e+03  3.41749400e+03  8.60000000e-02  1.78860000e+01
 -2.69340194e+03  3.41749400e+03  8.60000000e-02  1.78860000e+01
 -2.69340194e+03  3.41749400e+03  8.60000000e-02  1.78860000e+01
 -2.69340194e+03  3.41749400e+03  8.60000000e-02  1.78860000e+01
 -2.69318693e+03  3.41912700e+03  8.60000000e-02  1.77070000e+01
 -2.69777865e+03  3.41866200e+03  8.60000000e-02  1.77290000e+01
 -2.69829844e+03  3.41843500e+03  8.60000000e-02  1.77360000e+01
 -2.70748472e+03  3.42163400e+03  8.60000000e-02  1.77350000e+01
 -2.70748472e+03  3.42163400e+03  8.60000000e-02  1.77350000e+01
 -2.70873424e+03  3.42350400e+03  8.60000000e-02  1.77260000e+01
 -2.70873424e+03  3.42350400e+03  8.60000000e-02  1.77260000e+01
 -2.71130191e+03  3.42618300e+03  8.60000000e-02  1.77030000e+01
 -2.71130191e+03  3.42618300e+03  8.60000000e-02  1.77030000e+01
 -2.71130191e+03  3.42618300e+03  8.60000000e-02  1.77030000e+01
 -2.71130191e+03  3.42618300e+03  8.60000000e-02  1.77030000e+01
 -2.71137236e+03  3.42542600e+03  8.60000000e-02  1.77790000e+01
 -2.71424877e+03  3.42392200e+03  8.60000000e-02  1.78010000e+01
 -2.71507891e+03  3.42437600e+03  8.60000000e-02  1.78410000e+01
 -2.73487199e+03  3.43095900e+03  8.60000000e-02  1.78300000e+01
 -2.73487199e+03  3.43095900e+03  8.60000000e-02  1.78300000e+01
 -2.73487199e+03  3.43095900e+03  8.60000000e-02  1.78300000e+01
 -2.73531642e+03  3.43186600e+03  8.60000000e-02  1.78360000e+01
 -2.73547574e+03  3.43186600e+03  8.60000000e-02  1.78750000e+01
 -2.73547574e+03  3.43186600e+03  8.60000000e-02  1.78750000e+01
 -2.73547574e+03  3.43186600e+03  8.60000000e-02  1.78750000e+01
 -2.74383256e+03  3.43372500e+03  8.60000000e-02  1.78750000e+01
 -2.74383256e+03  3.43372500e+03  8.60000000e-02  1.78750000e+01
 -2.74426272e+03  3.43492500e+03  8.60000000e-02  1.78200000e+01
 -2.74426272e+03  3.43492500e+03  8.60000000e-02  1.78200000e+01
 -2.75617444e+03  3.43425500e+03  8.60000000e-02  1.78450000e+01
 -2.75747324e+03  3.43812400e+03  8.60000000e-02  1.77680000e+01
 -2.75783860e+03  3.43670800e+03  8.60000000e-02  1.77740000e+01
 -2.75794266e+03  3.43670800e+03  8.60000000e-02  1.77690000e+01
 -2.75794266e+03  3.43716100e+03  8.60000000e-02  1.77690000e+01
 -2.75849687e+03  3.44014400e+03  8.60000000e-02  1.75980000e+01
 -2.75905250e+03  3.44125700e+03  8.60000000e-02  1.75980000e+01
 -2.76107101e+03  3.44477000e+03  8.60000000e-02  1.75790000e+01
 -2.76733848e+03  3.44663900e+03  8.60000000e-02  1.75680000e+01
 -2.76733848e+03  3.44663900e+03  8.60000000e-02  1.75680000e+01
 -2.76733848e+03  3.44663900e+03  8.60000000e-02  1.75680000e+01
 -2.76733848e+03  3.44663900e+03  8.60000000e-02  1.75680000e+01
 -2.77095050e+03  3.44663900e+03  8.60000000e-02  1.75690000e+01
 -2.77815450e+03  3.44633600e+03  8.60000000e-02  1.76320000e+01
 -2.78035429e+03  3.44834600e+03  8.50000000e-02  1.75890000e+01
 -2.78035429e+03  3.44834600e+03  8.50000000e-02  1.75890000e+01
 -2.78035429e+03  3.44834600e+03  8.50000000e-02  1.75890000e+01
 -2.78035429e+03  3.44834600e+03  8.50000000e-02  1.75890000e+01
 -2.78187414e+03  3.44967500e+03  8.50000000e-02  1.75940000e+01
 -2.78830748e+03  3.44450800e+03  8.50000000e-02  1.76430000e+01
 -2.78859790e+03  3.44429200e+03  8.50000000e-02  1.77080000e+01
 -2.78825654e+03  3.44451900e+03  8.50000000e-02  1.76540000e+01
 -2.78852354e+03  3.44519900e+03  8.50000000e-02  1.76500000e+01
 -2.78852354e+03  3.44519900e+03  8.50000000e-02  1.76500000e+01
 -2.78900677e+03  3.44848500e+03  8.50000000e-02  1.75170000e+01
 -2.78900677e+03  3.44848500e+03  8.50000000e-02  1.75170000e+01
 -2.79034294e+03  3.44750100e+03  8.50000000e-02  1.75240000e+01
 -2.79230411e+03  3.44696000e+03  8.50000000e-02  1.76240000e+01
 -2.79230411e+03  3.44696000e+03  8.50000000e-02  1.76240000e+01
 -2.79230411e+03  3.44696000e+03  8.50000000e-02  1.76240000e+01
 -2.79234781e+03  3.44785700e+03  8.50000000e-02  1.75640000e+01
 -2.79258669e+03  3.44762900e+03  8.50000000e-02  1.75640000e+01
 -2.79512401e+03  3.44544500e+03  8.50000000e-02  1.75890000e+01
 -2.79842295e+03  3.44424500e+03  8.50000000e-02  1.75890000e+01
 -2.79889145e+03  3.44708800e+03  8.50000000e-02  1.75450000e+01
 -2.79889145e+03  3.44708800e+03  8.50000000e-02  1.75450000e+01
 -2.80310186e+03  3.44844900e+03  8.50000000e-02  1.75320000e+01
 -2.80365363e+03  3.45031900e+03  8.50000000e-02  1.74930000e+01
 -2.80365363e+03  3.45031900e+03  8.50000000e-02  1.74930000e+01
 -2.80480249e+03  3.45098900e+03  8.50000000e-02  1.74270000e+01
 -2.80746352e+03  3.45307500e+03  8.50000000e-02  1.74200000e+01
 -2.80740509e+03  3.45441400e+03  8.50000000e-02  1.74160000e+01
 -2.80740509e+03  3.45441400e+03  8.50000000e-02  1.74160000e+01
 -2.80775068e+03  3.45321400e+03  8.50000000e-02  1.75420000e+01
 -2.80775068e+03  3.45321400e+03  8.50000000e-02  1.75420000e+01
 -2.80775068e+03  3.45321400e+03  8.50000000e-02  1.75420000e+01
 -2.80775068e+03  3.45321400e+03  8.50000000e-02  1.75420000e+01
 -2.80775068e+03  3.45321400e+03  8.50000000e-02  1.75420000e+01
 -2.80988032e+03  3.45442500e+03  8.50000000e-02  1.75470000e+01
 -2.81130475e+03  3.45906100e+03  8.40000000e-02  1.75060000e+01
 -2.81269724e+03  3.46249800e+03  8.40000000e-02  1.73510000e+01
 -2.81269724e+03  3.46249800e+03  8.40000000e-02  1.73510000e+01
 -2.81269724e+03  3.46249800e+03  8.40000000e-02  1.73510000e+01
 -2.81365757e+03  3.46458400e+03  8.40000000e-02  1.73400000e+01
 -2.81497739e+03  3.46502700e+03  8.40000000e-02  1.73400000e+01
 -2.81497739e+03  3.46502700e+03  8.40000000e-02  1.73400000e+01
 -2.81497739e+03  3.46502700e+03  8.40000000e-02  1.73400000e+01
 -2.81497739e+03  3.46502700e+03  8.40000000e-02  1.73400000e+01
 -2.81497739e+03  3.46502700e+03  8.40000000e-02  1.73400000e+01
 -2.81957530e+03  3.46601100e+03  8.40000000e-02  1.73660000e+01
 -2.82656328e+03  3.46591300e+03  8.40000000e-02  1.73660000e+01
 -2.82829188e+03  3.46831300e+03  8.40000000e-02  1.73520000e+01
 -2.83958412e+03  3.46809700e+03  8.40000000e-02  1.73520000e+01
 -2.84066453e+03  3.46690700e+03  8.40000000e-02  1.74180000e+01
 -2.84066453e+03  3.46690700e+03  8.40000000e-02  1.74180000e+01
 -2.84066453e+03  3.46690700e+03  8.40000000e-02  1.74180000e+01
 -2.84311986e+03  3.46833400e+03  8.40000000e-02  1.74200000e+01
 -2.84408920e+03  3.46877700e+03  8.30000000e-02  1.74230000e+01
 -2.84408920e+03  3.46877700e+03  8.30000000e-02  1.74230000e+01
 -2.84408920e+03  3.46877700e+03  8.30000000e-02  1.74230000e+01
 -2.85594414e+03  3.47130600e+03  8.30000000e-02  1.74240000e+01
 -2.85594414e+03  3.47130600e+03  8.30000000e-02  1.74240000e+01
 -2.85690359e+03  3.47197600e+03  8.30000000e-02  1.74670000e+01
 -2.85731793e+03  3.47406200e+03  8.70000000e-02  1.74120000e+01
 -2.86405142e+03  3.47794100e+03  8.70000000e-02  1.74010000e+01
 -2.86405142e+03  3.47794100e+03  8.70000000e-02  1.74010000e+01
 -2.86734420e+03  3.48167000e+03  8.70000000e-02  1.73770000e+01
 -2.87995247e+03  3.48122700e+03  8.80000000e-02  1.74130000e+01
 -2.88268153e+03  3.48422100e+03  8.80000000e-02  1.72950000e+01
 -2.88891748e+03  3.48720400e+03  8.80000000e-02  1.72950000e+01
 -2.89325999e+03  3.49304100e+03  8.80000000e-02  1.72790000e+01
 -2.89724369e+03  3.49566700e+03  8.80000000e-02  1.72810000e+01
 -2.89724369e+03  3.49566700e+03  8.80000000e-02  1.72810000e+01
 -2.89802540e+03  3.50030400e+03  8.70000000e-02  1.72640000e+01
 -2.89802540e+03  3.50030400e+03  8.70000000e-02  1.72640000e+01
 -2.89802540e+03  3.50030400e+03  8.70000000e-02  1.72640000e+01
 -2.89804147e+03  3.50007700e+03  8.70000000e-02  1.73490000e+01
 -2.90243097e+03  3.50038000e+03  8.70000000e-02  1.73680000e+01
 -2.90286874e+03  3.50314600e+03  8.70000000e-02  1.72130000e+01
 -2.90286874e+03  3.50314600e+03  8.70000000e-02  1.72130000e+01
 -2.90286874e+03  3.50314600e+03  8.70000000e-02  1.72130000e+01
 -2.90372465e+03  3.50337300e+03  8.70000000e-02  1.72130000e+01
 -2.90372465e+03  3.50337300e+03  8.70000000e-02  1.72130000e+01
 -2.90436683e+03  3.50381600e+03  8.70000000e-02  1.72620000e+01
 -2.90448156e+03  3.50657200e+03  8.70000000e-02  1.72080000e+01
 -2.90448156e+03  3.50657200e+03  8.70000000e-02  1.72080000e+01
 -2.90587292e+03  3.50933900e+03  8.70000000e-02  1.71340000e+01
 -2.90587292e+03  3.50933900e+03  8.70000000e-02  1.71340000e+01
 -2.90587292e+03  3.50933900e+03  8.70000000e-02  1.71340000e+01
 -2.90587292e+03  3.50933900e+03  8.70000000e-02  1.71340000e+01
 -2.90587292e+03  3.50933900e+03  8.70000000e-02  1.71340000e+01
 -2.90670972e+03  3.50879800e+03  8.70000000e-02  1.71870000e+01
 -2.90670972e+03  3.50879800e+03  8.70000000e-02  1.71870000e+01
 -2.90704086e+03  3.50969400e+03  8.70000000e-02  1.71880000e+01
 -2.91743910e+03  3.51081800e+03  8.80000000e-02  1.72640000e+01
 -2.91976264e+03  3.51366000e+03  8.80000000e-02  1.72250000e+01
 -2.91976264e+03  3.51366000e+03  8.80000000e-02  1.72250000e+01
 -2.91976264e+03  3.51366000e+03  8.80000000e-02  1.72250000e+01
 -2.93642552e+03  3.51431900e+03  8.80000000e-02  1.72250000e+01
 -2.93642552e+03  3.51431900e+03  8.80000000e-02  1.72250000e+01
 -2.93766077e+03  3.51632900e+03  8.80000000e-02  1.71810000e+01
 -2.94428434e+03  3.51632900e+03  8.80000000e-02  1.71820000e+01
 -2.94560910e+03  3.52029500e+03  8.80000000e-02  1.71570000e+01
 -2.95397512e+03  3.51939800e+03  8.80000000e-02  1.73370000e+01
 -2.95571871e+03  3.52139700e+03  8.70000000e-02  1.73170000e+01
 -2.95571871e+03  3.52139700e+03  8.70000000e-02  1.73170000e+01
 -2.95571871e+03  3.52139700e+03  8.70000000e-02  1.73170000e+01
 -2.95571871e+03  3.52139700e+03  8.70000000e-02  1.73170000e+01
 -2.95571871e+03  3.52139700e+03  8.70000000e-02  1.73170000e+01
 -2.96004952e+03  3.52162400e+03  8.70000000e-02  1.73020000e+01
 -2.96004952e+03  3.52162400e+03  8.70000000e-02  1.73020000e+01
 -2.97085412e+03  3.52350500e+03  8.70000000e-02  1.72970000e+01
 -2.97085412e+03  3.52350500e+03  8.70000000e-02  1.72970000e+01
 -2.97207969e+03  3.52604400e+03  8.70000000e-02  1.72930000e+01
 -2.97207969e+03  3.52604400e+03  8.70000000e-02  1.72930000e+01
 -2.97207782e+03  3.52725500e+03  8.60000000e-02  1.71210000e+01
 -2.97207782e+03  3.52725500e+03  8.60000000e-02  1.71210000e+01
 -2.97207782e+03  3.52725500e+03  8.60000000e-02  1.71210000e+01
 -2.98010428e+03  3.52814100e+03  8.60000000e-02  1.72020000e+01
 -2.98010428e+03  3.52814100e+03  8.60000000e-02  1.72020000e+01
 -2.98071985e+03  3.52881100e+03  8.60000000e-02  1.71810000e+01
 -2.98079292e+03  3.53000100e+03  8.60000000e-02  1.72030000e+01
 -2.98079292e+03  3.53000100e+03  8.60000000e-02  1.72030000e+01
 -2.98079292e+03  3.53000100e+03  8.60000000e-02  1.72030000e+01
 -2.98079292e+03  3.53000100e+03  8.60000000e-02  1.72030000e+01
 -2.98689066e+03  3.52737300e+03  8.60000000e-02  1.72360000e+01
 -2.98689066e+03  3.52737300e+03  8.60000000e-02  1.72360000e+01
 -2.98689066e+03  3.52737300e+03  8.60000000e-02  1.72360000e+01
 -2.98689066e+03  3.52737300e+03  8.60000000e-02  1.72360000e+01
 -2.98689066e+03  3.52737300e+03  8.60000000e-02  1.72360000e+01
 -2.98899816e+03  3.52780600e+03  8.60000000e-02  1.73910000e+01
 -2.99904207e+03  3.52936100e+03  8.60000000e-02  1.73890000e+01
 -3.00327218e+03  3.53057200e+03  8.60000000e-02  1.73900000e+01
 -3.00327218e+03  3.53057200e+03  8.60000000e-02  1.73900000e+01
 -3.00461917e+03  3.53124200e+03  8.60000000e-02  1.74130000e+01
 -3.00475150e+03  3.53288500e+03  8.60000000e-02  1.74020000e+01
 -3.00799234e+03  3.53364200e+03  8.50000000e-02  1.73960000e+01
 -3.00799234e+03  3.53364200e+03  8.50000000e-02  1.73960000e+01
 -3.00799234e+03  3.53364200e+03  8.50000000e-02  1.73960000e+01
 -3.00799234e+03  3.53364200e+03  8.50000000e-02  1.73960000e+01
 -3.01553608e+03  3.53485200e+03  8.50000000e-02  1.74720000e+01
 -3.01654796e+03  3.53992100e+03  8.50000000e-02  1.74300000e+01
 -3.03389510e+03  3.54193000e+03  8.50000000e-02  1.73470000e+01
 -3.03389510e+03  3.54193000e+03  8.50000000e-02  1.73470000e+01
 -3.03389510e+03  3.54193000e+03  8.50000000e-02  1.73470000e+01
 -3.03389510e+03  3.54193000e+03  8.50000000e-02  1.73470000e+01
 -3.03389510e+03  3.54193000e+03  8.50000000e-02  1.73470000e+01
 -3.03389510e+03  3.54193000e+03  8.50000000e-02  1.73470000e+01
 -3.05163636e+03  3.54281600e+03  8.50000000e-02  1.74220000e+01
 -3.05163636e+03  3.54281600e+03  8.50000000e-02  1.74220000e+01
 -3.05163636e+03  3.54281600e+03  8.50000000e-02  1.74220000e+01
 -3.05276591e+03  3.54400500e+03  8.50000000e-02  1.74450000e+01
 -3.05276591e+03  3.54400500e+03  8.50000000e-02  1.74450000e+01
 -3.05276591e+03  3.54400500e+03  8.50000000e-02  1.74450000e+01
 -3.05272252e+03  3.54280500e+03  8.60000000e-02  1.75320000e+01
 -3.05777169e+03  3.54443700e+03  8.60000000e-02  1.75680000e+01
 -3.05848500e+03  3.54719300e+03  8.50000000e-02  1.74420000e+01
 -3.05848500e+03  3.54719300e+03  8.50000000e-02  1.74420000e+01
 -3.05880053e+03  3.54742000e+03  8.50000000e-02  1.74330000e+01
 -3.05880053e+03  3.54742000e+03  8.50000000e-02  1.74330000e+01
 -3.05880053e+03  3.54742000e+03  8.50000000e-02  1.74330000e+01
 -3.06804868e+03  3.54994900e+03  8.50000000e-02  1.73490000e+01
 -3.06804868e+03  3.54994900e+03  8.50000000e-02  1.73490000e+01
 -3.06804868e+03  3.54994900e+03  8.50000000e-02  1.73490000e+01
 -3.07204053e+03  3.55127800e+03  8.50000000e-02  1.73510000e+01
 -3.07204053e+03  3.55127800e+03  8.50000000e-02  1.73510000e+01
 -3.08349465e+03  3.55336300e+03  8.50000000e-02  1.73310000e+01
 -3.08541328e+03  3.55897300e+03  8.40000000e-02  1.71490000e+01
 -3.08541328e+03  3.55897300e+03  8.40000000e-02  1.71490000e+01
 -3.08608230e+03  3.56017300e+03  8.40000000e-02  1.70740000e+01
 -3.08687780e+03  3.56205400e+03  8.40000000e-02  1.70710000e+01
 -3.08702502e+03  3.56338300e+03  8.40000000e-02  1.70600000e+01
 -3.08702502e+03  3.56338300e+03  8.40000000e-02  1.70600000e+01
 -3.08702502e+03  3.56338300e+03  8.40000000e-02  1.70600000e+01
 -3.08702502e+03  3.56338300e+03  8.40000000e-02  1.70600000e+01
 -3.09247200e+03  3.56405300e+03  8.40000000e-02  1.70900000e+01
 -3.10028914e+03  3.56779300e+03  8.40000000e-02  1.70290000e+01
 -3.10174582e+03  3.56704600e+03  8.40000000e-02  1.71000000e+01
 -3.10174582e+03  3.56704600e+03  8.40000000e-02  1.71000000e+01
 -3.10174582e+03  3.56704600e+03  8.40000000e-02  1.71000000e+01
 -3.10219476e+03  3.56980200e+03  8.40000000e-02  1.70960000e+01
 -3.10651068e+03  3.57025600e+03  8.40000000e-02  1.70960000e+01
 -3.10651068e+03  3.57025600e+03  8.40000000e-02  1.70960000e+01
 -3.10651068e+03  3.57025600e+03  8.40000000e-02  1.70960000e+01
 -3.10651068e+03  3.57025600e+03  8.40000000e-02  1.70960000e+01
 -3.10651068e+03  3.57025600e+03  8.40000000e-02  1.70960000e+01
 -3.10651068e+03  3.57025600e+03  8.40000000e-02  1.70960000e+01
 -3.10651068e+03  3.57025600e+03  8.40000000e-02  1.70960000e+01
 -3.10689632e+03  3.57212600e+03  8.40000000e-02  1.70510000e+01
 -3.10689632e+03  3.57212600e+03  8.40000000e-02  1.70510000e+01
 -3.10689632e+03  3.57212600e+03  8.40000000e-02  1.70510000e+01
 -3.10689632e+03  3.57212600e+03  8.40000000e-02  1.70510000e+01
 -3.10689632e+03  3.57212600e+03  8.40000000e-02  1.70510000e+01
 -3.10698482e+03  3.57266600e+03  8.50000000e-02  1.70890000e+01
 -3.10739119e+03  3.57159500e+03  8.50000000e-02  1.71640000e+01
 -3.10739119e+03  3.57159500e+03  8.50000000e-02  1.71640000e+01
 -3.10947290e+03  3.57502100e+03  8.50000000e-02  1.71400000e+01
 -3.12259474e+03  3.57757200e+03  8.50000000e-02  1.70620000e+01
 -3.12259474e+03  3.57757200e+03  8.50000000e-02  1.70620000e+01
 -3.12292268e+03  3.57899900e+03  8.50000000e-02  1.70320000e+01
 -3.12292268e+03  3.57899900e+03  8.50000000e-02  1.70320000e+01
 -3.12292268e+03  3.57899900e+03  8.50000000e-02  1.70320000e+01
 -3.12292268e+03  3.57899900e+03  8.50000000e-02  1.70320000e+01
 -3.12292268e+03  3.57899900e+03  8.50000000e-02  1.70320000e+01
 -3.12292268e+03  3.57899900e+03  8.50000000e-02  1.70320000e+01
 -3.12621017e+03  3.58032800e+03  8.50000000e-02  1.70480000e+01
 -3.12707247e+03  3.58309400e+03  8.50000000e-02  1.69070000e+01
 -3.12707247e+03  3.58309400e+03  8.50000000e-02  1.69070000e+01
 -3.12707247e+03  3.58309400e+03  8.50000000e-02  1.69070000e+01
 -3.12707247e+03  3.58309400e+03  8.50000000e-02  1.69070000e+01
 -3.12707247e+03  3.58309400e+03  8.50000000e-02  1.69070000e+01
 -3.12707247e+03  3.58309400e+03  8.50000000e-02  1.69070000e+01
 -3.12707247e+03  3.58309400e+03  8.50000000e-02  1.69070000e+01
 -3.12707247e+03  3.58309400e+03  8.50000000e-02  1.69070000e+01
 -3.13916282e+03  3.58803400e+03  8.50000000e-02  1.69010000e+01
 -3.13916282e+03  3.58803400e+03  8.50000000e-02  1.69010000e+01
 -3.13916282e+03  3.58803400e+03  8.50000000e-02  1.69010000e+01
 -3.13916282e+03  3.58803400e+03  8.50000000e-02  1.69010000e+01
 -3.13916282e+03  3.58803400e+03  8.50000000e-02  1.69010000e+01
 -3.13916282e+03  3.58803400e+03  8.50000000e-02  1.69010000e+01
 -3.13916282e+03  3.58803400e+03  8.50000000e-02  1.69010000e+01
 -3.14013466e+03  3.59012000e+03  8.50000000e-02  1.68930000e+01
 -3.14013466e+03  3.59012000e+03  8.50000000e-02  1.68930000e+01
 -3.14013466e+03  3.59012000e+03  8.50000000e-02  1.68930000e+01
 -3.14013466e+03  3.59012000e+03  8.50000000e-02  1.68930000e+01
 -3.14013466e+03  3.59012000e+03  8.50000000e-02  1.68930000e+01
 -3.14013466e+03  3.59012000e+03  8.50000000e-02  1.68930000e+01
 -3.14013466e+03  3.59012000e+03  8.50000000e-02  1.68930000e+01
 -3.14013466e+03  3.59012000e+03  8.50000000e-02  1.68930000e+01
 -3.14042817e+03  3.59079000e+03  8.50000000e-02  1.68870000e+01
 -3.14042817e+03  3.59079000e+03  8.50000000e-02  1.68870000e+01
 -3.14042817e+03  3.59079000e+03  8.50000000e-02  1.68870000e+01
 -3.14042817e+03  3.59079000e+03  8.50000000e-02  1.68870000e+01
 -3.14042817e+03  3.59079000e+03  8.50000000e-02  1.68870000e+01
 -3.14174415e+03  3.59256200e+03  8.50000000e-02  1.68270000e+01
 -3.14174415e+03  3.59256200e+03  8.50000000e-02  1.68270000e+01
 -3.14174415e+03  3.59256200e+03  8.50000000e-02  1.68270000e+01
 -3.14174415e+03  3.59256200e+03  8.50000000e-02  1.68270000e+01
 -3.14245827e+03  3.59330800e+03  8.50000000e-02  1.68270000e+01
 -3.14438412e+03  3.59748000e+03  8.50000000e-02  1.68210000e+01
 -3.14438412e+03  3.59748000e+03  8.50000000e-02  1.68210000e+01
 -3.14438412e+03  3.59748000e+03  8.50000000e-02  1.68210000e+01
 -3.14438412e+03  3.59748000e+03  8.50000000e-02  1.68210000e+01
 -3.14454691e+03  3.59628000e+03  8.50000000e-02  1.68730000e+01
 -3.14454691e+03  3.59628000e+03  8.50000000e-02  1.68730000e+01
 -3.14454691e+03  3.59628000e+03  8.50000000e-02  1.68730000e+01
 -3.14454691e+03  3.59628000e+03  8.50000000e-02  1.68730000e+01
 -3.14472531e+03  3.59815000e+03  8.50000000e-02  1.68710000e+01
 -3.14472531e+03  3.59815000e+03  8.50000000e-02  1.68710000e+01
 -3.14565862e+03  3.59882000e+03  8.50000000e-02  1.68710000e+01
 -3.14584957e+03  3.60023600e+03  8.50000000e-02  1.68580000e+01
 -3.14584957e+03  3.60023600e+03  8.50000000e-02  1.68580000e+01
 -3.14650751e+03  3.60165200e+03  8.40000000e-02  1.67580000e+01
 -3.14908972e+03  3.59999800e+03  8.40000000e-02  1.67640000e+01
 -3.14908972e+03  3.59999800e+03  8.40000000e-02  1.67640000e+01
 -3.14908972e+03  3.59999800e+03  8.40000000e-02  1.67640000e+01
 -3.15810410e+03  3.59945600e+03  8.40000000e-02  1.67630000e+01
 -3.15810410e+03  3.59945600e+03  8.40000000e-02  1.67630000e+01
 -3.15810410e+03  3.59945600e+03  8.40000000e-02  1.67630000e+01
 -3.15810410e+03  3.59945600e+03  8.40000000e-02  1.67630000e+01
 -3.15810410e+03  3.59945600e+03  8.40000000e-02  1.67630000e+01
 -3.16262462e+03  3.60056900e+03  8.40000000e-02  1.67420000e+01
 -3.16490781e+03  3.60221300e+03  8.40000000e-02  1.67380000e+01
 -3.16490781e+03  3.60221300e+03  8.40000000e-02  1.67380000e+01
 -3.16490781e+03  3.60221300e+03  8.40000000e-02  1.67380000e+01
 -3.16656851e+03  3.60408300e+03  8.40000000e-02  1.67320000e+01
 -3.17062322e+03  3.60684900e+03  8.40000000e-02  1.67320000e+01
 -3.17062322e+03  3.60684900e+03  8.40000000e-02  1.67320000e+01
 -3.17779986e+03  3.60609200e+03  8.40000000e-02  1.67450000e+01
 -3.17779986e+03  3.60609200e+03  8.40000000e-02  1.67450000e+01
 -3.17779986e+03  3.60609200e+03  8.40000000e-02  1.67450000e+01
 -3.17903585e+03  3.60653500e+03  8.40000000e-02  1.67440000e+01
 -3.17903585e+03  3.60653500e+03  8.40000000e-02  1.67440000e+01
 -3.17903585e+03  3.60653500e+03  8.40000000e-02  1.67440000e+01
 -3.18168934e+03  3.60570200e+03  8.40000000e-02  1.68050000e+01
 -3.18168934e+03  3.60570200e+03  8.40000000e-02  1.68050000e+01
 -3.18168934e+03  3.60570200e+03  8.40000000e-02  1.68050000e+01
 -3.18247270e+03  3.60845700e+03  8.40000000e-02  1.67200000e+01
 -3.18278735e+03  3.60934400e+03  8.40000000e-02  1.67360000e+01
 -3.18423641e+03  3.60770000e+03  8.40000000e-02  1.67360000e+01
 -3.18423641e+03  3.60770000e+03  8.40000000e-02  1.67360000e+01
 -3.18465173e+03  3.60837000e+03  8.40000000e-02  1.67360000e+01
 -3.18681802e+03  3.60868400e+03  8.40000000e-02  1.67370000e+01
 -3.18681802e+03  3.60868400e+03  8.40000000e-02  1.67370000e+01
 -3.18681802e+03  3.60868400e+03  8.40000000e-02  1.67370000e+01
 -3.18908405e+03  3.60748400e+03  8.40000000e-02  1.68640000e+01
 -3.18909996e+03  3.60604600e+03  8.40000000e-02  1.67610000e+01
 -3.18943507e+03  3.60695400e+03  8.40000000e-02  1.67400000e+01
 -3.18943507e+03  3.60695400e+03  8.40000000e-02  1.67400000e+01
 -3.18960691e+03  3.60673800e+03  8.40000000e-02  1.67610000e+01
 -3.18993443e+03  3.60576400e+03  8.40000000e-02  1.67660000e+01
 -3.18993443e+03  3.60576400e+03  8.40000000e-02  1.67660000e+01
 -3.19040681e+03  3.60762400e+03  8.40000000e-02  1.67460000e+01
 -3.19125057e+03  3.60785000e+03  8.40000000e-02  1.67450000e+01
 -3.19125057e+03  3.60785000e+03  8.40000000e-02  1.67450000e+01
 -3.19125057e+03  3.60785000e+03  8.40000000e-02  1.67450000e+01
 -3.19125057e+03  3.60785000e+03  8.40000000e-02  1.67450000e+01
 -3.19125057e+03  3.60785000e+03  8.40000000e-02  1.67450000e+01
 -3.19125057e+03  3.60785000e+03  8.40000000e-02  1.67450000e+01
 -3.19171050e+03  3.60874700e+03  8.50000000e-02  1.67470000e+01
 -3.19171050e+03  3.60874700e+03  8.50000000e-02  1.67470000e+01
 -3.19171050e+03  3.60874700e+03  8.50000000e-02  1.67470000e+01
 -3.19374030e+03  3.61127600e+03  8.50000000e-02  1.67440000e+01
 -3.19415826e+03  3.61051900e+03  8.50000000e-02  1.67510000e+01
 -3.19415826e+03  3.61051900e+03  8.50000000e-02  1.67510000e+01
 -3.19415826e+03  3.61051900e+03  8.50000000e-02  1.67510000e+01
 -3.19618647e+03  3.61238900e+03  8.50000000e-02  1.67510000e+01
 -3.19618647e+03  3.61238900e+03  8.50000000e-02  1.67510000e+01
 -3.19618647e+03  3.61238900e+03  8.50000000e-02  1.67510000e+01
 -3.19618647e+03  3.61238900e+03  8.50000000e-02  1.67510000e+01
 -3.19653032e+03  3.61524300e+03  8.50000000e-02  1.66800000e+01
 -3.19670381e+03  3.61481100e+03  8.50000000e-02  1.66690000e+01
 -3.19670381e+03  3.61481100e+03  8.50000000e-02  1.66690000e+01
 -3.19786932e+03  3.61690800e+03  8.50000000e-02  1.66720000e+01
 -3.19786932e+03  3.61690800e+03  8.50000000e-02  1.66720000e+01
 -3.19786932e+03  3.61690800e+03  8.50000000e-02  1.66720000e+01
 -3.19786932e+03  3.61690800e+03  8.50000000e-02  1.66720000e+01
 -3.19995692e+03  3.61713400e+03  8.50000000e-02  1.66810000e+01
 -3.19995692e+03  3.61713400e+03  8.50000000e-02  1.66810000e+01
 -3.19995692e+03  3.61713400e+03  8.50000000e-02  1.66810000e+01
 -3.20370260e+03  3.61847400e+03  8.50000000e-02  1.66810000e+01
 -3.20370260e+03  3.61847400e+03  8.50000000e-02  1.66810000e+01
 -3.20977125e+03  3.61958700e+03  8.50000000e-02  1.67080000e+01
 -3.21710617e+03  3.62145700e+03  8.50000000e-02  1.66220000e+01
 -3.21735857e+03  3.62191000e+03  8.50000000e-02  1.66110000e+01
 -3.21735857e+03  3.62191000e+03  8.50000000e-02  1.66110000e+01
 -3.23144956e+03  3.62743300e+03  8.50000000e-02  1.66100000e+01
 -3.23163978e+03  3.62646000e+03  8.50000000e-02  1.66810000e+01
 -3.23163978e+03  3.62646000e+03  8.50000000e-02  1.66810000e+01
 -3.23163978e+03  3.62646000e+03  8.50000000e-02  1.66810000e+01
 -3.23163978e+03  3.62646000e+03  8.50000000e-02  1.66810000e+01
 -3.23163978e+03  3.62646000e+03  8.50000000e-02  1.66810000e+01
 -3.23163978e+03  3.62646000e+03  8.50000000e-02  1.66810000e+01
 -3.23163978e+03  3.62646000e+03  8.50000000e-02  1.66810000e+01
 -3.23193976e+03  3.62644900e+03  8.50000000e-02  1.66160000e+01
 -3.23193976e+03  3.62644900e+03  8.50000000e-02  1.66160000e+01
 -3.23460105e+03  3.62943200e+03  8.50000000e-02  1.66090000e+01
 -3.23460105e+03  3.62943200e+03  8.50000000e-02  1.66090000e+01
 -3.23460105e+03  3.62943200e+03  8.50000000e-02  1.66090000e+01
 -3.23460105e+03  3.62943200e+03  8.50000000e-02  1.66090000e+01
 -3.23462153e+03  3.63085900e+03  8.50000000e-02  1.65830000e+01
 -3.23462153e+03  3.63085900e+03  8.50000000e-02  1.65830000e+01
 -3.23670958e+03  3.63459900e+03  8.50000000e-02  1.65790000e+01
 -3.23805756e+03  3.63415600e+03  8.50000000e-02  1.65780000e+01
 -3.23805756e+03  3.63415600e+03  8.50000000e-02  1.65780000e+01
 -3.23805756e+03  3.63415600e+03  8.50000000e-02  1.65780000e+01
 -3.23805756e+03  3.63415600e+03  8.50000000e-02  1.65780000e+01
 -3.23805756e+03  3.63415600e+03  8.50000000e-02  1.65780000e+01
 -3.24744875e+03  3.63571100e+03  8.50000000e-02  1.65750000e+01
 -3.24744875e+03  3.63571100e+03  8.50000000e-02  1.65750000e+01
 -3.24744875e+03  3.63571100e+03  8.50000000e-02  1.65750000e+01
 -3.24744875e+03  3.63571100e+03  8.50000000e-02  1.65750000e+01
 -3.25119731e+03  3.63758100e+03  8.50000000e-02  1.65120000e+01
 -3.25256170e+03  3.63847800e+03  8.50000000e-02  1.65370000e+01
 -3.25256170e+03  3.63847800e+03  8.50000000e-02  1.65370000e+01
 -3.25286381e+03  3.63870600e+03  8.40000000e-02  1.65260000e+01
 -3.25286381e+03  3.63870600e+03  8.40000000e-02  1.65260000e+01
 -3.25286381e+03  3.63870600e+03  8.40000000e-02  1.65260000e+01
 -3.25286381e+03  3.63870600e+03  8.40000000e-02  1.65260000e+01
 -3.25286381e+03  3.63870600e+03  8.40000000e-02  1.65260000e+01
 -3.25286381e+03  3.63870600e+03  8.40000000e-02  1.65260000e+01
 -3.25712430e+03  3.64026100e+03  8.40000000e-02  1.64290000e+01
 -3.25712430e+03  3.64026100e+03  8.40000000e-02  1.64290000e+01
 -3.25712430e+03  3.64026100e+03  8.40000000e-02  1.64290000e+01
 -3.26072367e+03  3.63763400e+03  8.40000000e-02  1.64320000e+01
 -3.26158680e+03  3.64070400e+03  8.40000000e-02  1.63860000e+01
 -3.26158680e+03  3.64070400e+03  8.40000000e-02  1.63860000e+01
 -3.26577693e+03  3.64302800e+03  8.40000000e-02  1.62890000e+01
 -3.26655482e+03  3.64160100e+03  8.40000000e-02  1.63680000e+01
 -3.26835825e+03  3.64391400e+03  8.50000000e-02  1.63540000e+01
 -3.26967884e+03  3.64698400e+03  8.50000000e-02  1.64170000e+01
 -3.26976795e+03  3.64555700e+03  8.50000000e-02  1.64770000e+01
 -3.26976795e+03  3.64555700e+03  8.50000000e-02  1.64770000e+01
 -3.26976795e+03  3.64555700e+03  8.50000000e-02  1.64770000e+01
 -3.27220085e+03  3.64601000e+03  8.50000000e-02  1.64700000e+01
 -3.27220085e+03  3.64601000e+03  8.50000000e-02  1.64700000e+01
 -3.27220085e+03  3.64601000e+03  8.50000000e-02  1.64700000e+01
 -3.27235501e+03  3.64436700e+03  8.50000000e-02  1.65470000e+01
 -3.27992734e+03  3.64766400e+03  8.50000000e-02  1.65390000e+01
 -3.27992734e+03  3.64766400e+03  8.50000000e-02  1.65390000e+01
 -3.28043026e+03  3.64811800e+03  8.50000000e-02  1.65390000e+01
 -3.28448664e+03  3.64998800e+03  8.50000000e-02  1.65330000e+01
 -3.28448664e+03  3.64998800e+03  8.50000000e-02  1.65330000e+01
 -3.28448664e+03  3.64998800e+03  8.50000000e-02  1.65330000e+01
 -3.28448664e+03  3.64998800e+03  8.50000000e-02  1.65330000e+01
 -3.28448664e+03  3.64998800e+03  8.50000000e-02  1.65330000e+01
 -3.28489805e+03  3.65229000e+03  8.50000000e-02  1.65220000e+01
 -3.28489805e+03  3.65229000e+03  8.50000000e-02  1.65220000e+01
 -3.28634785e+03  3.65260300e+03  8.50000000e-02  1.66220000e+01
 -3.29155965e+03  3.65341300e+03  8.50000000e-02  1.66150000e+01
 -3.29155965e+03  3.65341300e+03  8.50000000e-02  1.66150000e+01
 -3.29155965e+03  3.65341300e+03  8.50000000e-02  1.66150000e+01
 -3.29155965e+03  3.65341300e+03  8.50000000e-02  1.66150000e+01
 -3.29155965e+03  3.65341300e+03  8.50000000e-02  1.66150000e+01
 -3.29155965e+03  3.65341300e+03  8.50000000e-02  1.66150000e+01
 -3.29155965e+03  3.65341300e+03  8.50000000e-02  1.66150000e+01
 -3.29265612e+03  3.65385600e+03  8.50000000e-02  1.66190000e+01
 -3.29265612e+03  3.65385600e+03  8.50000000e-02  1.66190000e+01
 -3.29496226e+03  3.65639600e+03  8.50000000e-02  1.66190000e+01
 -3.29496226e+03  3.65639600e+03  8.50000000e-02  1.66190000e+01
 -3.29496226e+03  3.65639600e+03  8.50000000e-02  1.66190000e+01
 -3.29496226e+03  3.65639600e+03  8.50000000e-02  1.66190000e+01