-1.56455120e+03  2.57626700e+03  8.80000000e-02  2.93540000e+01
 -1.57632549e+03  2.58240700e+03  8.80000000e-02  2.92040000e+01
 -1.57958216e+03  2.58667700e+03  8.80000000e-02  2.91260000e+01
 -1.57997306e+03  2.58930400e+03  8.80000000e-02  2.90780000e+01
 -1.58883260e+03  2.59063200e+03  8.80000000e-02  2.90660000e+01
 -1.58935997e+03  2.59228600e+03  8.80000000e-02  2.90470000e+01
 -1.59292672e+03  2.59736500e+03  8.80000000e-02  2.90350000e+01
 -1.60594052e+03  2.60373200e+03  8.80000000e-02  2.90100000e+01
 -1.60689459e+03  2.60800200e+03  8.80000000e-02  2.89490000e+01
 -1.60706915e+03  2.60911500e+03  8.80000000e-02  2.89390000e+01
 -1.60706915e+03  2.60911500e+03  8.80000000e-02  2.89390000e+01
 -1.61004322e+03  2.61645500e+03  8.80000000e-02  2.88150000e+01
 -1.61067026e+03  2.62042100e+03  8.80000000e-02  2.87540000e+01
 -1.61290020e+03  2.62437700e+03  8.80000000e-02  2.87030000e+01
 -1.61304978e+03  2.62767400e+03  8.80000000e-02  2.84500000e+01
 -1.61594747e+03  2.63261400e+03  8.80000000e-02  2.83770000e+01
 -1.61684179e+03  2.63665700e+03  8.80000000e-02  2.82410000e+01
 -1.61644692e+03  2.63995300e+03  8.80000000e-02  2.80570000e+01
 -1.61707592e+03  2.64413600e+03  8.80000000e-02  2.79140000e+01
 -1.62075208e+03  2.65005900e+03  8.80000000e-02  2.79020000e+01
 -1.62356335e+03  2.65281500e+03  8.80000000e-02  2.78580000e+01
 -1.62688571e+03  2.65872800e+03  8.80000000e-02  2.76860000e+01
 -1.62878275e+03  2.66464100e+03  8.80000000e-02  2.76190000e+01
 -1.63072820e+03  2.67180600e+03  8.80000000e-02  2.74090000e+01
 -1.63593715e+03  2.67531900e+03  8.80000000e-02  2.72910000e+01
 -1.64327538e+03  2.67732800e+03  8.80000000e-02  2.72930000e+01
 -1.64841306e+03  2.68137100e+03  8.80000000e-02  2.72450000e+01
 -1.65556425e+03  2.68422500e+03  8.80000000e-02  2.72450000e+01
 -1.65771900e+03  2.68720700e+03  8.80000000e-02  2.72460000e+01
 -1.65840701e+03  2.69027700e+03  8.80000000e-02  2.72020000e+01
 -1.66040543e+03  2.69170400e+03  8.80000000e-02  2.71830000e+01
 -1.66034895e+03  2.69268800e+03  8.80000000e-02  2.71760000e+01
 -1.67005614e+03  2.69732400e+03  9.30000000e-02  2.69690000e+01
 -1.67149271e+03  2.70182100e+03  9.30000000e-02  2.68670000e+01
 -1.67390576e+03  2.70391700e+03  9.30000000e-02  2.69080000e+01
 -1.68297950e+03  2.70735400e+03  9.30000000e-02  2.66650000e+01
 -1.68747824e+03  2.71527700e+03  9.30000000e-02  2.63430000e+01
 -1.68761252e+03  2.71834700e+03  9.30000000e-02  2.62240000e+01
 -1.68968320e+03  2.72119000e+03  9.30000000e-02  2.61970000e+01
 -1.68978534e+03  2.72328600e+03  9.30000000e-02  2.61970000e+01
 -1.69508288e+03  2.72591300e+03  9.30000000e-02  2.61970000e+01
 -1.70083465e+03  2.72809700e+03  9.30000000e-02  2.62230000e+01
 -1.71583729e+03  2.73580400e+03  9.30000000e-02  2.61680000e+01
 -1.71693489e+03  2.74074300e+03  9.30000000e-02  2.60320000e+01
 -1.72085590e+03  2.74688300e+03  9.30000000e-02  2.59710000e+01
 -1.72716478e+03  2.74852600e+03  9.30000000e-02  2.60050000e+01
 -1.73009164e+03  2.75151900e+03  9.30000000e-02  2.59300000e+01
 -1.73234755e+03  2.75450200e+03  9.30000000e-02  2.59260000e+01
 -1.73251313e+03  2.75485700e+03  9.30000000e-02  2.59370000e+01
 -1.73275543e+03  2.75763500e+03  9.30000000e-02  2.58410000e+01
 -1.73352184e+03  2.75950400e+03  9.30000000e-02  2.58120000e+01
 -1.73360658e+03  2.75995800e+03  9.30000000e-02  2.58210000e+01
 -1.73421912e+03  2.76085500e+03  9.30000000e-02  2.56900000e+01
 -1.73633433e+03  2.76481000e+03  9.70000000e-02  2.56720000e+01
 -1.75151225e+03  2.76855000e+03  9.70000000e-02  2.57260000e+01
 -1.75504439e+03  2.77438700e+03  9.60000000e-02  2.56360000e+01
 -1.76032692e+03  2.78022300e+03  9.70000000e-02  2.55150000e+01
 -1.76086458e+03  2.78343300e+03  9.70000000e-02  2.55050000e+01
 -1.76440555e+03  2.78858900e+03  9.70000000e-02  2.55180000e+01
 -1.76489437e+03  2.79001600e+03  9.70000000e-02  2.55180000e+01
 -1.76595825e+03  2.79407000e+03  9.60000000e-02  2.54070000e+01
 -1.76828216e+03  2.79946300e+03  9.60000000e-02  2.52990000e+01
 -1.76986196e+03  2.80297600e+03  9.60000000e-02  2.52770000e+01
 -1.76707869e+03  2.80671600e+03  9.60000000e-02  2.51580000e+01
 -1.76880478e+03  2.80904000e+03  9.60000000e-02  2.51480000e+01
 -1.76930458e+03  2.81300700e+03  9.60000000e-02  2.50790000e+01
 -1.77024224e+03  2.81683300e+03  9.60000000e-02  2.50480000e+01
 -1.77203595e+03  2.81960000e+03  9.60000000e-02  2.50290000e+01
 -1.77036019e+03  2.81488700e+03  9.50000000e-02  2.51090000e+01
 -1.77165965e+03  2.81773000e+03  9.50000000e-02  2.50520000e+01
 -1.79345906e+03  2.82115500e+03  9.50000000e-02  2.49800000e+01
 -1.79184182e+03  2.82445200e+03  9.50000000e-02  2.47340000e+01
 -1.79270492e+03  2.82872200e+03  9.50000000e-02  2.45180000e+01
 -1.79402861e+03  2.83313100e+03  9.50000000e-02  2.45000000e+01
 -1.80127408e+03  2.83695800e+03  9.50000000e-02  2.44750000e+01
 -1.80846307e+03  2.84212500e+03  9.50000000e-02  2.44360000e+01
 -1.80944618e+03  2.84376800e+03  9.50000000e-02  2.44360000e+01
 -1.81668233e+03  2.84639500e+03  9.50000000e-02  2.44360000e+01
 -1.82628077e+03  2.85066400e+03  9.50000000e-02  2.44200000e+01
 -1.82760679e+03  2.85365800e+03  9.50000000e-02  2.44200000e+01
 -1.83374339e+03  2.85785100e+03  9.50000000e-02  2.43900000e+01
 -1.83555790e+03  2.86114800e+03  9.50000000e-02  2.43850000e+01
 -1.83614054e+03  2.86474800e+03  9.50000000e-02  2.43760000e+01
 -1.83518121e+03  2.86707100e+03  9.40000000e-02  2.43340000e+01
 -1.83539939e+03  2.86894100e+03  9.40000000e-02  2.42810000e+01
 -1.84123706e+03  2.86939500e+03  9.40000000e-02  2.42770000e+01
 -1.84208962e+03  2.87216200e+03  9.40000000e-02  2.40760000e+01
 -1.84490143e+03  2.87558700e+03  9.40000000e-02  2.40840000e+01
 -1.84580476e+03  2.87954300e+03  9.40000000e-02  2.38840000e+01
 -1.84592926e+03  2.88119700e+03  9.40000000e-02  2.38170000e+01
 -1.84787518e+03  2.88350900e+03  9.40000000e-02  2.38120000e+01
 -1.85496643e+03  2.88657900e+03  9.40000000e-02  2.38120000e+01
 -1.85295780e+03  2.88606000e+03  9.40000000e-02  2.38090000e+01
 -1.85433516e+03  2.88673000e+03  9.40000000e-02  2.38090000e+01
 -1.85676920e+03  2.88913000e+03  9.40000000e-02  2.37570000e+01
 -1.86489343e+03  2.89188500e+03  9.40000000e-02  2.36920000e+01
 -1.86360424e+03  2.89307500e+03  9.40000000e-02  2.36920000e+01
 -1.86410232e+03  2.89417700e+03  9.40000000e-02  2.36850000e+01
 -1.86410232e+03  2.89417700e+03  9.40000000e-02  2.36850000e+01
 -1.87282651e+03  2.89867300e+03  9.40000000e-02  2.36710000e+01
 -1.87838774e+03  2.90262900e+03  9.40000000e-02  2.36660000e+01
 -1.87880014e+03  2.90165600e+03  9.40000000e-02  2.36660000e+01
 -1.87810881e+03  2.90135200e+03  9.40000000e-02  2.36670000e+01
 -1.88720968e+03  2.90419500e+03  9.40000000e-02  2.36100000e+01
 -1.89800834e+03  2.90628100e+03  9.40000000e-02  2.36920000e+01
 -1.89928662e+03  2.90904800e+03  9.40000000e-02  2.36900000e+01
 -1.90081869e+03  2.91128400e+03  9.40000000e-02  2.35800000e+01
 -1.90067699e+03  2.91271100e+03  9.40000000e-02  2.34500000e+01
 -1.90502610e+03  2.92005100e+03  9.40000000e-02  2.34190000e+01
 -1.91299525e+03  2.92783400e+03  9.40000000e-02  2.33460000e+01
 -1.91734244e+03  2.93015800e+03  9.40000000e-02  2.33460000e+01
 -1.91896798e+03  2.93157400e+03  9.40000000e-02  2.34740000e+01
 -1.91971849e+03  2.93388700e+03  9.40000000e-02  2.34560000e+01
 -1.92126709e+03  2.93852300e+03  9.50000000e-02  2.34320000e+01
 -1.92652003e+03  2.94369000e+03  9.50000000e-02  2.33850000e+01
 -1.93344591e+03  2.94698700e+03  9.50000000e-02  2.33850000e+01
 -1.93875941e+03  2.94952700e+03  9.50000000e-02  2.33850000e+01
 -1.94405062e+03  2.95589300e+03  9.50000000e-02  2.32510000e+01
 -1.94544662e+03  2.95844400e+03  9.50000000e-02  2.32510000e+01
 -1.94855415e+03  2.96142600e+03  9.50000000e-02  2.32510000e+01
 -1.94995768e+03  2.96485200e+03  9.50000000e-02  2.31560000e+01
 -1.95028379e+03  2.96761900e+03  9.50000000e-02  2.31120000e+01
 -1.94675256e+03  2.96566100e+03  9.50000000e-02  2.31110000e+01
 -1.94644508e+03  2.96677400e+03  9.30000000e-02  2.30650000e+01
 -1.95061360e+03  2.97051400e+03  9.30000000e-02  2.30300000e+01
 -1.95139336e+03  2.97021000e+03  9.30000000e-02  2.30820000e+01
 -1.95288979e+03  2.97395000e+03  9.30000000e-02  2.29480000e+01
 -1.95365181e+03  2.97671700e+03  9.30000000e-02  2.29140000e+01
 -1.96042463e+03  2.98091000e+03  9.30000000e-02  2.28510000e+01
 -1.96234455e+03  2.98486600e+03  9.30000000e-02  2.27000000e+01
 -1.97822084e+03  2.98950300e+03  9.30000000e-02  2.27020000e+01
 -1.98780001e+03  2.99413900e+03  9.30000000e-02  2.26240000e+01
 -1.98820863e+03  2.99482000e+03  9.30000000e-02  2.26270000e+01
 -1.98962062e+03  2.99690500e+03  9.30000000e-02  2.26190000e+01
 -1.98760603e+03  2.99757500e+03  9.30000000e-02  2.25950000e+01
 -1.98815638e+03  2.99890400e+03  9.30000000e-02  2.25820000e+01
 -1.99113083e+03  3.00317400e+03  9.30000000e-02  2.25770000e+01
 -2.00500301e+03  3.00669700e+03  9.30000000e-02  2.25770000e+01
 -2.00584395e+03  3.00990700e+03  9.30000000e-02  2.25770000e+01
 -2.01491932e+03  3.01079300e+03  9.30000000e-02  2.25770000e+01
 -2.02360233e+03  3.01475900e+03  9.30000000e-02  2.24880000e+01
 -2.02348892e+03  3.01467200e+03  9.30000000e-02  2.24750000e+01
 -2.02545026e+03  3.01654200e+03  9.30000000e-02  2.24750000e+01
 -2.02651186e+03  3.01885500e+03  9.80000000e-02  2.24550000e+01
 -2.02832611e+03  3.02162100e+03  9.80000000e-02  2.24550000e+01
 -2.03238731e+03  3.02558800e+03  9.80000000e-02  2.24180000e+01
 -2.03324892e+03  3.02790100e+03  9.80000000e-02  2.22500000e+01
 -2.03314885e+03  3.02594300e+03  9.80000000e-02  2.23760000e+01
 -2.03494538e+03  3.02594300e+03  9.80000000e-02  2.22720000e+01
 -2.03619313e+03  3.02825600e+03  9.80000000e-02  2.22220000e+01
 -2.04440455e+03  3.03212400e+03  9.80000000e-02  2.20090000e+01
 -2.05193973e+03  3.03496800e+03  9.80000000e-02  2.21280000e+01
 -2.05622402e+03  3.03408100e+03  9.80000000e-02  2.21510000e+01
 -2.05903039e+03  3.04076200e+03  9.80000000e-02  2.20920000e+01
 -2.08618031e+03  3.04374500e+03  9.80000000e-02  2.20920000e+01
 -2.08930645e+03  3.04605700e+03  9.80000000e-02  2.20920000e+01
 -2.09847251e+03  3.04925600e+03  9.70000000e-02  2.20140000e+01
 -2.09997369e+03  3.05135300e+03  9.70000000e-02  2.20180000e+01
 -2.09996441e+03  3.05226000e+03  9.70000000e-02  2.20180000e+01
 -2.09537320e+03  3.05106000e+03  9.70000000e-02  2.20130000e+01
 -2.09580531e+03  3.05390200e+03  9.70000000e-02  2.19330000e+01
 -2.09679805e+03  3.05502600e+03  9.70000000e-02  2.19750000e+01
 -2.11902012e+03  3.05658100e+03  9.70000000e-02  2.20710000e+01
 -2.11969302e+03  3.05912100e+03  9.60000000e-02  2.20160000e+01
 -2.12851035e+03  3.05858000e+03  9.60000000e-02  2.20550000e+01
 -2.12893244e+03  3.05858000e+03  9.60000000e-02  2.22740000e+01
 -2.12893244e+03  3.05858000e+03  9.60000000e-02  2.22740000e+01
 -2.13432355e+03  3.06110900e+03  9.60000000e-02  2.22880000e+01
 -2.13628143e+03  3.06476100e+03  9.70000000e-02  2.22780000e+01
 -2.13830160e+03  3.06925800e+03  9.60000000e-02  2.21890000e+01
 -2.13692264e+03  3.06770200e+03  9.70000000e-02  2.22190000e+01
 -2.13549969e+03  3.06703100e+03  9.60000000e-02  2.21680000e+01
 -2.13974051e+03  3.06978700e+03  9.60000000e-02  2.21680000e+01
 -2.14868427e+03  3.07419700e+03  9.60000000e-02  2.21300000e+01
 -2.15242826e+03  3.08047600e+03  9.60000000e-02  2.18170000e+01
 -2.15390210e+03  3.08609700e+03  9.40000000e-02  2.15680000e+01
 -2.15269998e+03  3.08685300e+03  9.40000000e-02  2.15440000e+01
 -2.15496056e+03  3.08655000e+03  9.40000000e-02  2.15030000e+01
 -2.15645483e+03  3.09050600e+03  9.40000000e-02  2.13740000e+01
 -2.16016526e+03  3.09469900e+03  9.40000000e-02  2.13530000e+01
 -2.15778062e+03  3.09252600e+03  9.40000000e-02  2.14670000e+01
 -2.15949014e+03  3.09319600e+03  9.40000000e-02  2.14620000e+01
 -2.15853095e+03  3.09716200e+03  9.40000000e-02  2.13930000e+01
 -2.15885757e+03  3.09760500e+03  9.40000000e-02  2.13930000e+01
 -2.15482948e+03  3.10091300e+03  9.40000000e-02  2.13660000e+01
 -2.15482948e+03  3.10091300e+03  9.40000000e-02  2.13660000e+01
 -2.15482948e+03  3.10091300e+03  9.40000000e-02  2.13660000e+01
 -2.15516250e+03  3.10210200e+03  9.40000000e-02  2.13160000e+01
 -2.15538615e+03  3.10187500e+03  9.40000000e-02  2.13430000e+01
 -2.15731810e+03  3.10485700e+03  9.40000000e-02  2.13430000e+01
 -2.16315975e+03  3.10552700e+03  9.40000000e-02  2.12880000e+01
 -2.16433774e+03  3.10993700e+03  9.40000000e-02  2.11340000e+01
 -2.16947576e+03  3.11172000e+03  9.40000000e-02  2.11380000e+01
 -2.17121010e+03  3.11367700e+03  9.40000000e-02  2.10930000e+01
 -2.17274462e+03  3.11510400e+03  9.40000000e-02  2.10900000e+01
 -2.17478736e+03  3.12048700e+03  9.40000000e-02  2.10460000e+01
 -2.17506060e+03  3.12117800e+03  9.40000000e-02  2.10470000e+01
 -2.17506886e+03  3.12139400e+03  9.40000000e-02  2.10250000e+01
 -2.17674149e+03  3.12227900e+03  9.40000000e-02  2.10250000e+01
 -2.17519706e+03  3.12152200e+03  9.40000000e-02  2.10260000e+01
 -2.18490512e+03  3.12406200e+03  9.40000000e-02  2.10170000e+01
 -2.19043768e+03  3.12705500e+03  9.40000000e-02  2.10690000e+01
 -2.18973904e+03  3.12607100e+03  1.03000000e-01  2.11160000e+01
 -2.20090226e+03  3.13069700e+03  1.03000000e-01  2.10730000e+01
 -2.20179514e+03  3.13160400e+03  1.03000000e-01  2.10730000e+01
 -2.19641817e+03  3.13281500e+03  1.02000000e-01  2.09810000e+01
 -2.19794660e+03  3.13610100e+03  1.02000000e-01  2.09660000e+01
 -2.19794660e+03  3.13610100e+03  1.02000000e-01  2.09660000e+01
 -2.20173581e+03  3.13818700e+03  1.02000000e-01  2.09750000e+01
 -2.20237519e+03  3.14116900e+03  1.02000000e-01  2.09350000e+01
 -2.20256960e+03  3.14468200e+03  1.02000000e-01  2.08620000e+01
 -2.20287177e+03  3.14752500e+03  1.01000000e-01  2.08240000e+01
 -2.20534572e+03  3.14961100e+03  1.01000000e-01  2.08180000e+01
 -2.20692083e+03  3.14961100e+03  1.01000000e-01  2.08180000e+01
 -2.20594592e+03  3.14938400e+03  1.01000000e-01  2.07870000e+01
 -2.21501448e+03  3.15303600e+03  1.02000000e-01  2.07390000e+01
 -2.21494045e+03  3.15580300e+03  1.02000000e-01  2.06460000e+01
 -2.21691473e+03  3.15998600e+03  1.02000000e-01  2.04990000e+01
 -2.21767182e+03  3.16074300e+03  1.02000000e-01  2.05550000e+01
 -2.21767182e+03  3.16074300e+03  1.02000000e-01  2.05550000e+01
 -2.21857084e+03  3.16283900e+03  1.01000000e-01  2.05500000e+01
 -2.21834394e+03  3.16425500e+03  1.02000000e-01  2.03890000e+01
 -2.22151616e+03  3.16238500e+03  1.02000000e-01  2.06060000e+01
 -2.22218150e+03  3.16314200e+03  1.02000000e-01  2.07060000e+01
 -2.22288015e+03  3.16696900e+03  1.02000000e-01  2.05500000e+01
 -2.22390835e+03  3.16830900e+03  1.02000000e-01  2.05260000e+01
 -2.22390835e+03  3.16830900e+03  1.02000000e-01  2.05260000e+01
 -2.22758805e+03  3.16943300e+03  1.02000000e-01  2.04130000e+01
 -2.22758805e+03  3.16943300e+03  1.02000000e-01  2.04130000e+01
 -2.22849929e+03  3.17010200e+03  1.02000000e-01  2.04130000e+01
 -2.24112705e+03  3.17286900e+03  1.00000000e-01  2.04130000e+01
 -2.24921329e+03  3.17749500e+03  1.02000000e-01  2.03760000e+01
 -2.25038107e+03  3.17839100e+03  1.02000000e-01  2.03690000e+01
 -2.25038107e+03  3.17839100e+03  1.02000000e-01  2.03690000e+01
 -2.25403344e+03  3.18333100e+03  1.02000000e-01  2.02510000e+01
 -2.26227464e+03  3.18819500e+03  8.60000000e-02  2.02650000e+01
 -2.26214083e+03  3.18789200e+03  8.60000000e-02  2.02710000e+01
 -2.26416448e+03  3.19043200e+03  8.60000000e-02  2.02610000e+01
 -2.26416448e+03  3.19043200e+03  8.60000000e-02  2.02610000e+01
 -2.26558711e+03  3.19484100e+03  8.60000000e-02  2.02530000e+01
 -2.26593220e+03  3.19528400e+03  8.60000000e-02  2.02530000e+01
 -2.28241308e+03  3.19991000e+03  8.60000000e-02  2.02530000e+01
 -2.28212761e+03  3.19871000e+03  8.60000000e-02  2.02920000e+01
 -2.28462790e+03  3.19840600e+03  8.60000000e-02  2.04020000e+01
 -2.29136876e+03  3.20062100e+03  8.60000000e-02  2.04020000e+01
 -2.29244686e+03  3.20317200e+03  8.60000000e-02  2.04050000e+01
 -2.29549936e+03  3.20393900e+03  8.60000000e-02  2.04060000e+01
 -2.29549936e+03  3.20393900e+03  8.60000000e-02  2.04060000e+01
 -2.29503489e+03  3.20416700e+03  8.60000000e-02  2.04060000e+01
 -2.29907323e+03  3.20790600e+03  8.60000000e-02  2.03350000e+01
 -2.29907323e+03  3.20790600e+03  8.60000000e-02  2.03350000e+01
 -2.30059179e+03  3.20834900e+03  8.60000000e-02  2.03310000e+01
 -2.30960099e+03  3.21230500e+03  8.60000000e-02  2.01510000e+01
 -2.31124400e+03  3.21484500e+03  8.60000000e-02  2.02420000e+01
 -2.31077443e+03  3.21769900e+03  8.60000000e-02  2.01960000e+01
 -2.31027394e+03  3.21537500e+03  8.60000000e-02  2.03470000e+01
 -2.31454465e+03  3.21483400e+03  8.60000000e-02  2.04270000e+01
 -2.31879131e+03  3.21723400e+03  8.60000000e-02  2.03860000e+01
 -2.31879131e+03  3.21723400e+03  8.60000000e-02  2.03860000e+01
 -2.31987070e+03  3.21626000e+03  8.60000000e-02  2.04600000e+01
 -2.33578362e+03  3.21782700e+03  8.50000000e-02  2.04690000e+01
 -2.33702947e+03  3.21782700e+03  8.50000000e-02  2.05440000e+01
 -2.33944605e+03  3.21991200e+03  8.50000000e-02  2.05310000e+01
 -2.33961786e+03  3.22342500e+03  8.50000000e-02  2.02740000e+01
 -2.33894344e+03  3.22372800e+03  8.50000000e-02  2.02370000e+01
 -2.33959668e+03  3.22746800e+03  8.50000000e-02  1.99730000e+01
 -2.33820584e+03  3.22955400e+03  8.50000000e-02  1.97520000e+01
 -2.33820584e+03  3.22955400e+03  8.50000000e-02  1.97520000e+01
 -2.33587138e+03  3.23051600e+03  8.50000000e-02  1.97230000e+01
 -2.33583029e+03  3.22954300e+03  8.50000000e-02  1.97710000e+01
 -2.33583029e+03  3.22954300e+03  8.50000000e-02  1.97710000e+01
 -2.33593574e+03  3.23011500e+03  8.50000000e-02  1.97650000e+01
 -2.33593574e+03  3.23011500e+03  8.50000000e-02  1.97650000e+01
 -2.33552174e+03  3.22780100e+03  8.30000000e-02  1.97810000e+01
 -2.33560437e+03  3.23034100e+03  8.30000000e-02  1.97100000e+01
 -2.34451225e+03  3.23475100e+03  8.30000000e-02  1.96420000e+01
 -2.34463833e+03  3.23676100e+03  8.30000000e-02  1.95010000e+01
 -2.34683461e+03  3.24161300e+03  8.30000000e-02  1.94120000e+01
 -2.34683461e+03  3.24161300e+03  8.30000000e-02  1.94120000e+01
 -2.34872925e+03  3.24108300e+03  8.30000000e-02  1.95000000e+01
 -2.35881335e+03  3.24228300e+03  8.30000000e-02  1.95000000e+01
 -2.35881335e+03  3.24228300e+03  8.30000000e-02  1.95000000e+01
 -2.35798877e+03  3.24558000e+03  8.30000000e-02  1.94670000e+01
 -2.35853795e+03  3.24677900e+03  8.30000000e-02  1.93930000e+01
 -2.35813848e+03  3.24647600e+03  8.30000000e-02  1.93880000e+01
 -2.36575571e+03  3.24415200e+03  8.30000000e-02  1.94220000e+01
 -2.36883146e+03  3.24700600e+03  8.30000000e-02  1.93760000e+01
 -2.37260534e+03  3.24700600e+03  8.30000000e-02  1.93740000e+01
 -2.37627413e+03  3.25127500e+03  8.30000000e-02  1.93680000e+01
 -2.38168080e+03  3.25336100e+03  8.30000000e-02  1.94110000e+01
 -2.39963564e+03  3.25544700e+03  8.30000000e-02  1.94990000e+01
 -2.40056438e+03  3.25710100e+03  8.30000000e-02  1.94950000e+01
 -2.40905054e+03  3.26052700e+03  8.30000000e-02  1.94970000e+01
 -2.41043185e+03  3.26239700e+03  8.40000000e-02  1.93520000e+01
 -2.41045125e+03  3.25962900e+03  8.40000000e-02  1.95830000e+01
 -2.41043475e+03  3.25798600e+03  8.50000000e-02  1.97120000e+01
 -2.41300809e+03  3.26029900e+03  8.40000000e-02  1.97060000e+01
 -2.41307296e+03  3.26118500e+03  8.50000000e-02  1.97000000e+01
 -2.42348363e+03  3.26514100e+03  8.40000000e-02  1.96180000e+01
 -2.42348363e+03  3.26514100e+03  8.40000000e-02  1.96180000e+01
 -2.44147077e+03  3.26888000e+03  8.40000000e-02  1.96200000e+01
 -2.44147077e+03  3.26888000e+03  8.40000000e-02  1.96200000e+01
 -2.44163880e+03  3.26857700e+03  8.40000000e-02  1.96270000e+01
 -2.44782542e+03  3.26693400e+03  8.40000000e-02  1.96270000e+01
 -2.44782542e+03  3.26693400e+03  8.40000000e-02  1.96270000e+01
 -2.45634485e+03  3.26363700e+03  8.40000000e-02  1.96810000e+01
 -2.45745596e+03  3.26760400e+03  8.40000000e-02  1.96050000e+01
 -2.45758568e+03  3.26916000e+03  8.40000000e-02  1.95990000e+01
 -2.45758568e+03  3.26916000e+03  8.40000000e-02  1.95990000e+01
 -2.46371416e+03  3.27476900e+03  8.50000000e-02  1.95720000e+01
 -2.46590459e+03  3.27215300e+03  8.50000000e-02  1.96470000e+01
 -2.46590459e+03  3.27215300e+03  8.50000000e-02  1.96470000e+01
 -2.46753676e+03  3.27312600e+03  8.50000000e-02  1.96670000e+01
 -2.46838818e+03  3.27500600e+03  8.50000000e-02  1.96610000e+01
 -2.47909936e+03  3.27918900e+03  8.50000000e-02  1.96430000e+01
 -2.48066832e+03  3.28292900e+03  8.50000000e-02  1.96430000e+01
 -2.47908563e+03  3.28471200e+03  8.50000000e-02  1.95580000e+01
 -2.47661691e+03  3.28314500e+03  8.50000000e-02  1.96280000e+01
 -2.47725635e+03  3.28247500e+03  8.50000000e-02  1.96180000e+01
 -2.47630241e+03  3.28270200e+03  8.50000000e-02  1.95750000e+01
 -2.47981689e+03  3.28458200e+03  8.50000000e-02  1.95700000e+01
 -2.48151782e+03  3.28600900e+03  8.50000000e-02  1.95780000e+01
 -2.48215029e+03  3.28600900e+03  8.50000000e-02  1.96140000e+01
 -2.48174266e+03  3.28468000e+03  8.60000000e-02  1.96620000e+01
 -2.48419161e+03  3.28766200e+03  8.60000000e-02  1.96560000e+01
 -2.48419161e+03  3.28766200e+03  8.60000000e-02  1.96560000e+01
 -2.48740404e+03  3.29064500e+03  8.60000000e-02  1.96580000e+01
 -2.48740404e+03  3.29064500e+03  8.60000000e-02  1.96580000e+01
 -2.48743266e+03  3.29108800e+03  8.60000000e-02  1.96640000e+01
 -2.49466212e+03  3.29625500e+03  8.60000000e-02  1.96070000e+01
 -2.49466212e+03  3.29625500e+03  8.60000000e-02  1.96070000e+01
 -2.49466212e+03  3.29625500e+03  8.60000000e-02  1.96070000e+01
 -2.49132164e+03  3.29639500e+03  8.50000000e-02  1.93510000e+01
 -2.48985642e+03  3.29759400e+03  8.50000000e-02  1.93510000e+01
 -2.49013470e+03  3.29923800e+03  8.50000000e-02  1.93080000e+01
 -2.49013470e+03  3.29923800e+03  8.50000000e-02  1.93080000e+01
 -2.49012064e+03  3.29519400e+03  8.50000000e-02  1.93120000e+01
 -2.49487217e+03  3.30080400e+03  8.50000000e-02  1.91570000e+01
 -2.49487217e+03  3.30080400e+03  8.50000000e-02  1.91570000e+01
 -2.49487217e+03  3.30080400e+03  8.50000000e-02  1.91570000e+01
 -2.49495723e+03  3.30103100e+03  8.50000000e-02  1.91600000e+01
 -2.49395537e+03  3.30049000e+03  8.50000000e-02  1.92700000e+01
 -2.49463272e+03  3.30093200e+03  8.50000000e-02  1.92940000e+01
 -2.49592029e+03  3.30235900e+03  8.50000000e-02  1.93010000e+01
 -2.49643365e+03  3.30192700e+03  8.50000000e-02  1.93010000e+01
 -2.49719442e+03  3.30379700e+03  8.50000000e-02  1.93010000e+01
 -2.50077890e+03  3.30609900e+03  8.50000000e-02  1.92930000e+01
 -2.50094763e+03  3.30788100e+03  8.50000000e-02  1.92940000e+01
 -2.50937128e+03  3.30756700e+03  8.50000000e-02  1.94120000e+01
 -2.50995084e+03  3.30913400e+03  8.50000000e-02  1.93530000e+01
 -2.50959487e+03  3.30771800e+03  8.50000000e-02  1.93560000e+01
 -2.51412116e+03  3.31003000e+03  8.50000000e-02  1.93670000e+01
 -2.51412116e+03  3.31003000e+03  8.50000000e-02  1.93670000e+01
 -2.51638770e+03  3.31368300e+03  8.50000000e-02  1.92750000e+01
 -2.53038519e+03  3.31830900e+03  8.50000000e-02  1.92550000e+01
 -2.53080214e+03  3.31852500e+03  8.60000000e-02  1.92310000e+01
 -2.53469947e+03  3.32106400e+03  8.60000000e-02  1.92360000e+01
 -2.53469947e+03  3.32106400e+03  8.60000000e-02  1.92360000e+01
 -2.53873601e+03  3.32150700e+03  8.60000000e-02  1.92190000e+01
 -2.54060525e+03  3.32106400e+03  8.70000000e-02  1.93080000e+01
 -2.54649320e+03  3.32383100e+03  8.70000000e-02  1.93040000e+01
 -2.54649320e+03  3.32383100e+03  8.70000000e-02  1.93040000e+01
 -2.54921623e+03  3.32539800e+03  8.70000000e-02  1.92600000e+01
 -2.54921623e+03  3.32539800e+03  8.70000000e-02  1.92600000e+01
 -2.55195334e+03  3.32518100e+03  8.70000000e-02  1.92600000e+01
 -2.56242077e+03  3.32672600e+03  8.70000000e-02  1.92560000e+01
 -2.56197339e+03  3.32838000e+03  8.70000000e-02  1.92360000e+01
 -2.56406979e+03  3.33190300e+03  8.60000000e-02  1.92270000e+01
 -2.57001400e+03  3.33453000e+03  8.60000000e-02  1.92060000e+01
 -2.57053677e+03  3.33790300e+03  8.90000000e-02  1.90980000e+01
 -2.57034181e+03  3.33880000e+03  8.90000000e-02  1.91100000e+01
 -2.57210711e+03  3.33946900e+03  8.90000000e-02  1.91100000e+01
 -2.57210711e+03  3.33946900e+03  8.90000000e-02  1.91100000e+01
 -2.57210711e+03  3.33946900e+03  8.90000000e-02  1.91100000e+01
 -2.57116815e+03  3.33939300e+03  8.90000000e-02  1.91000000e+01
 -2.57448778e+03  3.33916600e+03  8.60000000e-02  1.90900000e+01
 -2.57466109e+03  3.33960900e+03  8.60000000e-02  1.90900000e+01
 -2.57788643e+03  3.34125200e+03  8.60000000e-02  1.90900000e+01
 -2.57788643e+03  3.34125200e+03  8.60000000e-02  1.90900000e+01
 -2.58657997e+03  3.34454900e+03  8.60000000e-02  1.90310000e+01
 -2.58657997e+03  3.34454900e+03  8.60000000e-02  1.90310000e+01
 -2.58657997e+03  3.34454900e+03  8.60000000e-02  1.90310000e+01
 -2.58676807e+03  3.34567200e+03  8.60000000e-02  1.90360000e+01
 -2.59407363e+03  3.34687200e+03  8.60000000e-02  1.91190000e+01
 -2.59914550e+03  3.34919600e+03  8.60000000e-02  1.91190000e+01
 -2.59940757e+03  3.35076200e+03  8.50000000e-02  1.90880000e+01
 -2.59940757e+03  3.35076200e+03  8.50000000e-02  1.90880000e+01
 -2.59944461e+03  3.34857800e+03  9.10000000e-02  1.90950000e+01
 -2.59944461e+03  3.34857800e+03  9.10000000e-02  1.90950000e+01
 -2.60138493e+03  3.34769200e+03  9.10000000e-02  1.91680000e+01
 -2.60079223e+03  3.34693500e+03  9.10000000e-02  1.91630000e+01
 -2.60590368e+03  3.34716100e+03  9.10000000e-02  1.91590000e+01
 -2.60590368e+03  3.34716100e+03  9.10000000e-02  1.91590000e+01
 -2.60956211e+03  3.34815600e+03  9.10000000e-02  1.90930000e+01
 -2.61876406e+03  3.34950600e+03  9.10000000e-02  1.90930000e+01
 -2.62042423e+03  3.35183000e+03  9.10000000e-02  1.90680000e+01
 -2.62284905e+03  3.35370000e+03  9.10000000e-02  1.90680000e+01
 -2.62369802e+03  3.35712500e+03  9.10000000e-02  1.90180000e+01
 -2.62369802e+03  3.35712500e+03  9.10000000e-02  1.90180000e+01
 -2.62342334e+03  3.36086500e+03  9.10000000e-02  1.89530000e+01
 -2.62495406e+03  3.36406400e+03  9.10000000e-02  1.88660000e+01
 -2.62495406e+03  3.36406400e+03  9.10000000e-02  1.88660000e+01
 -2.62502537e+03  3.36503700e+03  9.10000000e-02  1.88530000e+01
 -2.62502537e+03  3.36503700e+03  9.10000000e-02  1.88530000e+01
 -2.62695841e+03  3.36339400e+03  9.30000000e-02  1.90150000e+01
 -2.62695841e+03  3.36339400e+03  9.30000000e-02  1.90150000e+01
 -2.62713923e+03  3.36459400e+03  9.20000000e-02  1.89490000e+01
 -2.62713923e+03  3.36459400e+03  9.20000000e-02  1.89490000e+01
 -2.63275897e+03  3.36713400e+03  9.20000000e-02  1.88140000e+01
 -2.63275897e+03  3.36713400e+03  9.20000000e-02  1.88140000e+01
 -2.63275897e+03  3.36713400e+03  9.20000000e-02  1.88140000e+01
 -2.63279042e+03  3.36780300e+03  9.20000000e-02  1.88110000e+01
 -2.63279042e+03  3.36780300e+03  9.20000000e-02  1.88110000e+01
 -2.64300120e+03  3.36982400e+03  9.20000000e-02  1.87920000e+01
 -2.64300120e+03  3.36982400e+03  9.20000000e-02  1.87920000e+01
 -2.64301626e+03  3.36952000e+03  9.20000000e-02  1.87870000e+01
 -2.64255087e+03  3.36997400e+03  9.30000000e-02  1.88780000e+01
 -2.64366572e+03  3.37094700e+03  9.30000000e-02  1.90470000e+01
 -2.64504319e+03  3.37460000e+03  9.30000000e-02  1.89360000e+01
 -2.64504319e+03  3.37460000e+03  9.30000000e-02  1.89360000e+01
 -2.64504319e+03  3.37460000e+03  9.30000000e-02  1.89360000e+01
 -2.64759002e+03  3.37647000e+03  9.30000000e-02  1.89170000e+01
 -2.64759002e+03  3.37647000e+03  9.30000000e-02  1.89170000e+01
 -2.64759002e+03  3.37647000e+03  9.30000000e-02  1.89170000e+01
 -2.65030927e+03  3.37899900e+03  9.30000000e-02  1.89140000e+01
 -2.65076521e+03  3.38056600e+03  9.30000000e-02  1.88370000e+01
 -2.65107344e+03  3.38176600e+03  9.30000000e-02  1.88110000e+01
 -2.65183609e+03  3.38252200e+03  9.20000000e-02  1.87920000e+01
 -2.65183609e+03  3.38252200e+03  9.20000000e-02  1.87920000e+01
 -2.65183609e+03  3.38252200e+03  9.20000000e-02  1.87920000e+01
 -2.65295913e+03  3.38252200e+03  9.20000000e-02  1.88010000e+01
 -2.66218763e+03  3.38296500e+03  9.20000000e-02  1.89470000e+01
 -2.66218763e+03  3.38296500e+03  9.20000000e-02  1.89470000e+01
 -2.66255744e+03  3.38056500e+03  9.20000000e-02  1.89780000e+01
 -2.66367944e+03  3.38221900e+03  9.20000000e-02  1.89780000e+01
 -2.66367944e+03  3.38221900e+03  9.20000000e-02  1.89780000e+01
 -2.66367944e+03  3.38221900e+03  9.20000000e-02  1.89780000e+01
 -2.66760541e+03  3.38004500e+03  9.20000000e-02  1.91350000e+01
 -2.67006849e+03  3.38205500e+03  9.20000000e-02  1.91350000e+01
 -2.68184383e+03  3.38646500e+03  9.50000000e-02  1.91190000e+01
 -2.68184383e+03  3.38646500e+03  9.50000000e-02  1.91190000e+01
 -2.68184383e+03  3.38646500e+03  9.50000000e-02  1.91190000e+01
 -2.68184383e+03  3.38646500e+03  9.50000000e-02  1.91190000e+01
 -2.68184383e+03  3.38646500e+03  9.50000000e-02  1.91190000e+01
 -2.68201649e+03  3.38810800e+03  9.50000000e-02  1.91430000e+01
 -2.68201649e+03  3.38810800e+03  9.50000000e-02  1.91430000e+01
 -2.68201649e+03  3.38810800e+03  9.50000000e-02  1.91430000e+01
 -2.68218504e+03  3.38899400e+03  9.50000000e-02  1.91210000e+01
 -2.69138775e+03  3.39250600e+03  9.50000000e-02  1.91210000e+01
 -2.69138775e+03  3.39250600e+03  9.50000000e-02  1.91210000e+01
 -2.69138775e+03  3.39250600e+03  9.50000000e-02  1.91210000e+01
 -2.69189413e+03  3.39241900e+03  9.40000000e-02  1.91210000e+01
 -2.69192809e+03  3.39374800e+03  9.40000000e-02  1.90350000e+01
 -2.69158638e+03  3.39156400e+03  9.40000000e-02  1.90790000e+01
 -2.69867409e+03  3.39103400e+03  9.40000000e-02  1.90790000e+01
 -2.69867409e+03  3.39103400e+03  9.40000000e-02  1.90790000e+01
 -2.69923087e+03  3.39499000e+03  9.40000000e-02  1.89710000e+01
 -2.69923087e+03  3.39499000e+03  9.40000000e-02  1.89710000e+01
 -2.70240721e+03  3.39917300e+03  9.40000000e-02  1.89610000e+01
 -2.70240721e+03  3.39917300e+03  9.40000000e-02  1.89610000e+01
 -2.70307965e+03  3.39984200e+03  9.40000000e-02  1.89600000e+01
 -2.70378889e+03  3.40402500e+03  9.40000000e-02  1.88190000e+01
 -2.70378889e+03  3.40402500e+03  9.40000000e-02  1.88190000e+01
 -2.70380091e+03  3.40259800e+03  9.40000000e-02  1.88380000e+01
 -2.70386570e+03  3.40349500e+03  9.40000000e-02  1.87800000e+01
 -2.70386570e+03  3.40349500e+03  9.40000000e-02  1.87800000e+01
 -2.70830951e+03  3.40843500e+03  9.40000000e-02  1.87080000e+01
 -2.71300908e+03  3.41074800e+03  9.40000000e-02  1.87080000e+01
 -2.71660348e+03  3.41381800e+03  9.40000000e-02  1.87290000e+01
 -2.72046375e+03  3.41351500e+03  9.40000000e-02  1.87320000e+01
 -2.72181177e+03  3.41463800e+03  9.40000000e-02  1.87570000e+01
 -2.72281743e+03  3.41509200e+03  9.40000000e-02  1.87570000e+01
 -2.72281743e+03  3.41509200e+03  9.40000000e-02  1.87570000e+01
 -2.72575989e+03  3.41784800e+03  9.00000000e-02  1.88390000e+01
 -2.72575989e+03  3.41784800e+03  9.00000000e-02  1.88390000e+01
 -2.73475509e+03  3.41851800e+03  9.10000000e-02  1.88740000e+01
 -2.73549445e+03  3.41755500e+03  9.10000000e-02  1.89070000e+01
 -2.73549445e+03  3.41755500e+03  9.10000000e-02  1.89070000e+01
 -2.73573448e+03  3.41800800e+03  9.10000000e-02  1.89070000e+01
 -2.74346863e+03  3.41724100e+03  9.10000000e-02  1.89100000e+01
 -2.74493759e+03  3.41724100e+03  9.10000000e-02  1.89400000e+01
 -2.74571818e+03  3.41745600e+03  9.10000000e-02  1.89680000e+01
 -2.75520593e+03  3.41940200e+03  9.10000000e-02  1.89700000e+01
 -2.76029614e+03  3.42193100e+03  9.20000000e-02  1.90210000e+01
 -2.76067147e+03  3.42236400e+03  9.20000000e-02  1.90850000e+01
 -2.76658287e+03  3.42370300e+03  9.20000000e-02  1.90690000e+01
 -2.76689429e+03  3.42317300e+03  9.20000000e-02  1.90690000e+01
 -2.76689429e+03  3.42317300e+03  9.20000000e-02  1.90690000e+01
 -2.77120254e+03  3.42384300e+03  9.20000000e-02  1.90690000e+01
 -2.77120254e+03  3.42384300e+03  9.20000000e-02  1.90690000e+01
 -2.77120254e+03  3.42384300e+03  9.20000000e-02  1.90690000e+01
 -2.77538027e+03  3.42474000e+03  9.20000000e-02  1.90630000e+01
 -2.77964065e+03  3.42683600e+03  9.10000000e-02  1.89370000e+01
 -2.78198169e+03  3.42797100e+03  9.10000000e-02  1.89380000e+01
 -2.78198169e+03  3.42797100e+03  9.10000000e-02  1.89380000e+01
 -2.78198169e+03  3.42797100e+03  9.10000000e-02  1.89380000e+01
 -2.79076021e+03  3.42962400e+03  9.10000000e-02  1.89430000e+01
 -2.79498686e+03  3.42953700e+03  9.10000000e-02  1.89620000e+01
 -2.79830261e+03  3.42909400e+03  9.40000000e-02  1.89740000e+01
 -2.80001245e+03  3.43119000e+03  9.40000000e-02  1.89700000e+01
 -2.80001245e+03  3.43119000e+03  9.40000000e-02  1.89700000e+01
 -2.80001245e+03  3.43119000e+03  9.40000000e-02  1.89700000e+01
 -2.80001245e+03  3.43119000e+03  9.40000000e-02  1.89700000e+01
 -2.80080162e+03  3.43360100e+03  9.30000000e-02  1.88970000e+01
 -2.80080162e+03  3.43360100e+03  9.30000000e-02  1.88970000e+01
 -2.80080162e+03  3.43360100e+03  9.30000000e-02  1.88970000e+01
 -2.80492250e+03  3.43450900e+03  9.30000000e-02  1.88830000e+01
 -2.80494955e+03  3.43264900e+03  9.30000000e-02  1.88990000e+01
 -2.80560384e+03  3.43122200e+03  9.30000000e-02  1.89310000e+01
 -2.81035627e+03  3.43331900e+03  9.30000000e-02  1.89310000e+01
 -2.81500460e+03  3.44044300e+03  9.30000000e-02  1.88880000e+01
 -2.81500460e+03  3.44044300e+03  9.30000000e-02  1.88880000e+01
 -2.81831149e+03  3.43978300e+03  9.30000000e-02  1.88880000e+01
 -2.81831149e+03  3.43978300e+03  9.30000000e-02  1.88880000e+01
 -2.81837616e+03  3.44045300e+03  9.30000000e-02  1.88840000e+01
 -2.81837616e+03  3.44045300e+03  9.30000000e-02  1.88840000e+01
 -2.81837616e+03  3.44045300e+03  9.30000000e-02  1.88840000e+01
 -2.81837616e+03  3.44045300e+03  9.30000000e-02  1.88840000e+01
 -2.83175545e+03  3.44202000e+03  9.30000000e-02  1.88660000e+01
 -2.83604572e+03  3.44501300e+03  9.30000000e-02  1.88530000e+01
 -2.83604572e+03  3.44501300e+03  9.30000000e-02  1.88530000e+01
 -2.83604572e+03  3.44501300e+03  9.30000000e-02  1.88530000e+01
 -2.83604572e+03  3.44501300e+03  9.30000000e-02  1.88530000e+01
 -2.84582902e+03  3.44613700e+03  9.30000000e-02  1.88720000e+01
 -2.84582902e+03  3.44613700e+03  9.30000000e-02  1.88720000e+01
 -2.84582902e+03  3.44613700e+03  9.30000000e-02  1.88720000e+01
 -2.85517830e+03  3.44801700e+03  9.30000000e-02  1.88800000e+01
 -2.86012304e+03  3.44847100e+03  9.30000000e-02  1.88840000e+01
 -2.86080457e+03  3.45310800e+03  9.10000000e-02  1.87880000e+01
 -2.86215303e+03  3.45279300e+03  9.10000000e-02  1.87890000e+01
 -2.86215303e+03  3.45279300e+03  9.10000000e-02  1.87890000e+01
 -2.86215303e+03  3.45279300e+03  9.10000000e-02  1.87890000e+01
 -2.86504513e+03  3.45025300e+03  9.00000000e-02  1.88100000e+01
 -2.86532787e+03  3.45113900e+03  9.00000000e-02  1.88440000e+01
 -2.86532787e+03  3.45113900e+03  9.00000000e-02  1.88440000e+01
 -2.86569339e+03  3.45510600e+03  9.00000000e-02  1.85360000e+01
 -2.86569339e+03  3.45510600e+03  9.00000000e-02  1.85360000e+01
 -2.86937962e+03  3.45688900e+03  8.50000000e-02  1.85210000e+01
 -2.86937962e+03  3.45688900e+03  8.50000000e-02  1.85210000e+01
 -2.86937962e+03  3.45688900e+03  8.50000000e-02  1.85210000e+01
 -2.86937962e+03  3.45688900e+03  8.50000000e-02  1.85210000e+01
 -2.86937962e+03  3.45688900e+03  8.50000000e-02  1.85210000e+01
 -2.87285937e+03  3.45792600e+03  8.50000000e-02  1.84760000e+01
 -2.87285937e+03  3.45792600e+03  8.50000000e-02  1.84760000e+01
 -2.88603356e+03  3.46090800e+03  8.50000000e-02  1.84760000e+01
 -2.88603356e+03  3.46090800e+03  8.50000000e-02  1.84760000e+01
 -2.88798548e+03  3.46530700e+03  8.50000000e-02  1.83300000e+01
 -2.89931314e+03  3.46343700e+03  8.50000000e-02  1.85220000e+01
 -2.90375389e+03  3.46830100e+03  8.50000000e-02  1.84680000e+01
 -2.90361328e+03  3.47137100e+03  8.50000000e-02  1.83330000e+01
 -2.90454919e+03  3.47391000e+03  8.40000000e-02  1.82570000e+01
 -2.90454919e+03  3.47391000e+03  8.40000000e-02  1.82570000e+01
 -2.90497024e+03  3.47546600e+03  8.40000000e-02  1.82420000e+01
 -2.90683275e+03  3.47732500e+03  8.40000000e-02  1.82420000e+01
 -2.90683275e+03  3.47732500e+03  8.40000000e-02  1.82420000e+01
 -2.90714552e+03  3.47756300e+03  8.40000000e-02  1.82460000e+01
 -2.90714552e+03  3.47756300e+03  8.40000000e-02  1.82460000e+01
 -2.90714552e+03  3.47756300e+03  8.40000000e-02  1.82460000e+01
 -2.91039839e+03  3.48272900e+03  8.40000000e-02  1.81770000e+01
 -2.91039839e+03  3.48272900e+03  8.40000000e-02  1.81770000e+01
 -2.91063060e+03  3.48274000e+03  8.40000000e-02  1.81810000e+01
 -2.91063060e+03  3.48274000e+03  8.40000000e-02  1.81810000e+01
 -2.91959052e+03  3.48594900e+03  8.40000000e-02  1.81810000e+01
 -2.91959052e+03  3.48594900e+03  8.40000000e-02  1.81810000e+01
 -2.91959052e+03  3.48594900e+03  8.40000000e-02  1.81810000e+01
 -2.91959052e+03  3.48594900e+03  8.40000000e-02  1.81810000e+01
 -2.91973169e+03  3.48803600e+03  8.40000000e-02  1.81120000e+01
 -2.92161199e+03  3.48847800e+03  8.30000000e-02  1.81020000e+01
 -2.92161199e+03  3.48847800e+03  8.30000000e-02  1.81020000e+01
 -2.92161199e+03  3.48847800e+03  8.30000000e-02  1.81020000e+01
 -2.92161199e+03  3.48847800e+03  8.30000000e-02  1.81020000e+01
 -2.93150408e+03  3.48967800e+03  8.30000000e-02  1.81070000e+01
 -2.93150408e+03  3.48967800e+03  8.30000000e-02  1.81070000e+01
 -2.93206627e+03  3.49439100e+03  8.30000000e-02  1.80190000e+01
 -2.93206627e+03  3.49439100e+03  8.30000000e-02  1.80190000e+01
 -2.93362846e+03  3.49617400e+03  8.30000000e-02  1.80090000e+01
 -2.93362846e+03  3.49617400e+03  8.30000000e-02  1.80090000e+01
 -2.93423873e+03  3.49596900e+03  8.30000000e-02  1.80020000e+01
 -2.93598601e+03  3.50060500e+03  8.30000000e-02  1.79020000e+01
 -2.93598601e+03  3.50060500e+03  8.30000000e-02  1.79020000e+01
 -2.93598601e+03  3.50060500e+03  8.30000000e-02  1.79020000e+01
 -2.93598601e+03  3.50060500e+03  8.30000000e-02  1.79020000e+01
 -2.93703335e+03  3.50202100e+03  8.30000000e-02  1.79140000e+01
 -2.93703335e+03  3.50202100e+03  8.30000000e-02  1.79140000e+01
 -2.93703335e+03  3.50202100e+03  8.30000000e-02  1.79140000e+01
 -2.93703335e+03  3.50202100e+03  8.30000000e-02  1.79140000e+01
 -2.93703335e+03  3.50202100e+03  8.30000000e-02  1.79140000e+01
 -2.93703335e+03  3.50202100e+03  8.30000000e-02  1.79140000e+01
 -2.93700085e+03  3.50255100e+03  8.30000000e-02  1.79030000e+01
 -2.93700085e+03  3.50255100e+03  8.30000000e-02  1.79030000e+01
 -2.93700085e+03  3.50255100e+03  8.30000000e-02  1.79030000e+01
 -2.93700085e+03  3.50255100e+03  8.30000000e-02  1.79030000e+01
 -2.93700085e+03  3.50255100e+03  8.30000000e-02  1.79030000e+01
 -2.93884810e+03  3.50420500e+03  8.30000000e-02  1.79070000e+01
 -2.93884810e+03  3.50420500e+03  8.30000000e-02  1.79070000e+01
 -2.94083753e+03  3.50210800e+03  8.30000000e-02  1.79740000e+01
 -2.94154943e+03  3.50277800e+03  8.30000000e-02  1.79740000e+01
 -2.94154943e+03  3.50277800e+03  8.30000000e-02  1.79740000e+01
 -2.94154943e+03  3.50277800e+03  8.30000000e-02  1.79740000e+01
 -2.94154943e+03  3.50277800e+03  8.30000000e-02  1.79740000e+01
 -2.94412258e+03  3.50343700e+03  8.30000000e-02  1.79730000e+01
 -2.95012090e+03  3.50270200e+03  8.30000000e-02  1.79930000e+01
 -2.95412136e+03  3.50741400e+03  8.30000000e-02  1.78990000e+01
 -2.95633712e+03  3.50995400e+03  8.30000000e-02  1.78420000e+01
 -2.95633712e+03  3.50995400e+03  8.30000000e-02  1.78420000e+01
 -2.95650947e+03  3.51181300e+03  8.30000000e-02  1.78250000e+01
 -2.95650947e+03  3.51181300e+03  8.30000000e-02  1.78250000e+01
 -2.95650947e+03  3.51181300e+03  8.30000000e-02  1.78250000e+01
 -2.95797585e+03  3.50763000e+03  8.30000000e-02  1.78250000e+01
 -2.95825455e+03  3.50830000e+03  8.30000000e-02  1.78250000e+01
 -2.95825455e+03  3.50830000e+03  8.30000000e-02  1.78250000e+01
 -2.95875916e+03  3.51137000e+03  8.30000000e-02  1.77460000e+01
 -2.95875916e+03  3.51137000e+03  8.30000000e-02  1.77460000e+01
 -2.95875916e+03  3.51137000e+03  8.30000000e-02  1.77460000e+01
 -2.95893961e+03  3.51071000e+03  8.30000000e-02  1.77900000e+01
 -2.95893961e+03  3.51071000e+03  8.30000000e-02  1.77900000e+01
 -2.95893961e+03  3.51071000e+03  8.30000000e-02  1.77900000e+01
 -2.96706617e+03  3.51071000e+03  8.30000000e-02  1.78750000e+01
 -2.96706617e+03  3.51071000e+03  8.30000000e-02  1.78750000e+01
 -2.96801098e+03  3.51137900e+03  8.30000000e-02  1.78750000e+01
 -2.97032917e+03  3.51458900e+03  8.40000000e-02  1.78630000e+01
 -2.97112775e+03  3.51592900e+03  8.40000000e-02  1.78600000e+01
 -2.97798974e+03  3.51547500e+03  8.40000000e-02  1.78600000e+01
 -2.97798974e+03  3.51547500e+03  8.40000000e-02  1.78600000e+01
 -2.97798974e+03  3.51547500e+03  8.40000000e-02  1.78600000e+01
 -2.97798974e+03  3.51547500e+03  8.40000000e-02  1.78600000e+01
 -2.97798974e+03  3.51547500e+03  8.40000000e-02  1.78600000e+01
 -2.97798974e+03  3.51547500e+03  8.40000000e-02  1.78600000e+01
 -2.97798974e+03  3.51547500e+03  8.40000000e-02  1.78600000e+01
 -2.97798974e+03  3.51547500e+03  8.40000000e-02  1.78600000e+01
 -2.97798974e+03  3.51547500e+03  8.40000000e-02  1.78600000e+01
 -2.97798974e+03  3.51547500e+03  8.40000000e-02  1.78600000e+01
 -2.97798974e+03  3.51547500e+03  8.40000000e-02  1.78600000e+01
 -2.97858837e+03  3.51523700e+03  8.40000000e-02  1.78590000e+01
 -2.97989462e+03  3.51687000e+03  8.40000000e-02  1.78630000e+01
 -2.97989462e+03  3.51687000e+03  8.40000000e-02  1.78630000e+01
 -2.98231907e+03  3.51822000e+03  8.40000000e-02  1.79140000e+01
 -2.98240243e+03  3.51911700e+03  8.40000000e-02  1.79110000e+01
 -2.98248978e+03  3.52098700e+03  8.40000000e-02  1.78570000e+01
 -2.98248978e+03  3.52098700e+03  8.40000000e-02  1.78570000e+01
 -2.98248978e+03  3.52098700e+03  8.40000000e-02  1.78570000e+01
 -2.98248978e+03  3.52098700e+03  8.40000000e-02  1.78570000e+01
 -2.98248978e+03  3.52098700e+03  8.40000000e-02  1.78570000e+01
 -2.98394677e+03  3.52481300e+03  8.40000000e-02  1.78310000e+01
 -2.98394677e+03  3.52481300e+03  8.40000000e-02  1.78310000e+01
 -2.98394677e+03  3.52481300e+03  8.40000000e-02  1.78310000e+01
 -2.98783969e+03  3.52659600e+03  8.40000000e-02  1.78620000e+01
 -2.98813431e+03  3.52837900e+03  8.40000000e-02  1.78360000e+01
 -2.98933389e+03  3.52927500e+03  8.40000000e-02  1.78360000e+01
 -2.98933389e+03  3.52927500e+03  8.40000000e-02  1.78360000e+01
 -2.98930351e+03  3.52949100e+03  8.40000000e-02  1.78360000e+01
 -2.98930351e+03  3.52949100e+03  8.40000000e-02  1.78360000e+01
 -2.99187179e+03  3.52949100e+03  8.40000000e-02  1.79210000e+01
 -2.99187179e+03  3.52949100e+03  8.40000000e-02  1.79210000e+01
 -2.99187179e+03  3.52949100e+03  8.40000000e-02  1.79210000e+01
 -2.99462780e+03  3.52903700e+03  8.40000000e-02  1.79510000e+01
 -2.99589720e+03  3.52993400e+03  8.40000000e-02  1.80220000e+01
 -2.99589720e+03  3.52993400e+03  8.40000000e-02  1.80220000e+01
 -2.99589720e+03  3.52993400e+03  8.40000000e-02  1.80220000e+01
 -2.99589720e+03  3.52993400e+03  8.40000000e-02  1.80220000e+01
 -2.99589720e+03  3.52993400e+03  8.40000000e-02  1.80220000e+01
 -3.00098798e+03  3.52849600e+03  8.40000000e-02  1.80220000e+01
 -3.00115758e+03  3.52839800e+03  8.30000000e-02  1.80630000e+01
 -3.00115758e+03  3.52839800e+03  8.30000000e-02  1.80630000e+01
 -3.01624006e+03  3.52786800e+03  8.40000000e-02  1.81030000e+01
 -3.01793573e+03  3.52876500e+03  8.40000000e-02  1.81700000e+01
 -3.03499725e+03  3.53549900e+03  8.40000000e-02  1.80840000e+01
 -3.04006803e+03  3.54035100e+03  8.40000000e-02  1.80080000e+01
 -3.04006803e+03  3.54035100e+03  8.40000000e-02  1.80080000e+01
 -3.04006803e+03  3.54035100e+03  8.40000000e-02  1.80080000e+01
 -3.04044437e+03  3.53774600e+03  8.40000000e-02  1.81020000e+01
 -3.04067084e+03  3.53796200e+03  8.40000000e-02  1.80950000e+01
 -3.04067084e+03  3.53796200e+03  8.40000000e-02  1.80950000e+01
 -3.04067084e+03  3.53796200e+03  8.40000000e-02  1.80950000e+01
 -3.04255725e+03  3.53863200e+03  8.40000000e-02  1.80930000e+01
 -3.04255725e+03  3.53863200e+03  8.40000000e-02  1.80930000e+01
 -3.04255725e+03  3.53863200e+03  8.40000000e-02  1.80930000e+01
 -3.04255725e+03  3.53863200e+03  8.40000000e-02  1.80930000e+01
 -3.04263905e+03  3.53953900e+03  8.40000000e-02  1.80370000e+01
 -3.04670653e+03  3.53998200e+03  8.30000000e-02  1.80320000e+01
 -3.04670653e+03  3.53998200e+03  8.30000000e-02  1.80320000e+01
 -3.04670653e+03  3.53998200e+03  8.30000000e-02  1.80320000e+01
 -3.04933203e+03  3.54186300e+03  8.30000000e-02  1.80100000e+01
 -3.05300617e+03  3.54231700e+03  8.30000000e-02  1.80100000e+01
 -3.05300617e+03  3.54231700e+03  8.30000000e-02  1.80100000e+01
 -3.05300617e+03  3.54231700e+03  8.30000000e-02  1.80100000e+01
 -3.05300617e+03  3.54231700e+03  8.30000000e-02  1.80100000e+01
 -3.05300617e+03  3.54231700e+03  8.30000000e-02  1.80100000e+01
 -3.05300617e+03  3.54231700e+03  8.30000000e-02  1.80100000e+01
 -3.05300617e+03  3.54231700e+03  8.30000000e-02  1.80100000e+01
 -3.05300617e+03  3.54231700e+03  8.30000000e-02  1.80100000e+01
 -3.05325019e+03  3.54320300e+03  8.30000000e-02  1.79960000e+01
 -3.05325019e+03  3.54320300e+03  8.30000000e-02  1.79960000e+01
 -3.05434433e+03  3.54454200e+03  8.30000000e-02  1.79940000e+01
 -3.05508475e+03  3.54640100e+03  8.30000000e-02  1.79400000e+01
 -3.05508475e+03  3.54640100e+03  8.30000000e-02  1.79400000e+01
 -3.05508475e+03  3.54640100e+03  8.30000000e-02  1.79400000e+01
 -3.05508475e+03  3.54640100e+03  8.30000000e-02  1.79400000e+01
 -3.05747402e+03  3.54497500e+03  8.30000000e-02  1.79540000e+01
 -3.05755506e+03  3.54640100e+03  8.30000000e-02  1.79540000e+01
 -3.05809262e+03  3.54736300e+03  8.30000000e-02  1.79850000e+01
 -3.05844575e+03  3.54682200e+03  8.30000000e-02  1.79790000e+01
 -3.05844575e+03  3.54682200e+03  8.30000000e-02  1.79790000e+01
 -3.05844575e+03  3.54682200e+03  8.30000000e-02  1.79790000e+01
 -3.05844575e+03  3.54682200e+03  8.30000000e-02  1.79790000e+01
 -3.05844575e+03  3.54682200e+03  8.30000000e-02  1.79790000e+01
 -3.05844575e+03  3.54682200e+03  8.30000000e-02  1.79790000e+01
 -3.06326084e+03  3.54793500e+03  8.30000000e-02  1.79720000e+01
 -3.06642278e+03  3.55024800e+03  8.30000000e-02  1.79470000e+01
 -3.06642278e+03  3.55024800e+03  8.30000000e-02  1.79470000e+01
 -3.06665986e+03  3.54970700e+03  8.30000000e-02  1.79760000e+01
 -3.06709095e+03  3.55060300e+03  8.30000000e-02  1.79760000e+01
 -3.06709095e+03  3.55060300e+03  8.30000000e-02  1.79760000e+01
 -3.06709095e+03  3.55060300e+03  8.30000000e-02  1.79760000e+01
 -3.06759832e+03  3.55225700e+03  8.30000000e-02  1.79770000e+01
 -3.06847415e+03  3.55292700e+03  8.30000000e-02  1.79780000e+01
 -3.06847415e+03  3.55292700e+03  8.30000000e-02  1.79780000e+01
 -3.06847415e+03  3.55292700e+03  8.30000000e-02  1.79780000e+01
 -3.06938543e+03  3.55389900e+03  8.30000000e-02  1.79410000e+01
 -3.06938543e+03  3.55389900e+03  8.30000000e-02  1.79410000e+01
 -3.07007429e+03  3.55368300e+03  8.30000000e-02  1.80140000e+01
 -3.07007429e+03  3.55368300e+03  8.30000000e-02  1.80140000e+01
 -3.07007429e+03  3.55368300e+03  8.30000000e-02  1.80140000e+01
 -3.07007429e+03  3.55368300e+03  8.30000000e-02  1.80140000e+01
 -3.07175922e+03  3.55719600e+03  8.30000000e-02  1.80120000e+01
 -3.07175922e+03  3.55719600e+03  8.30000000e-02  1.80120000e+01
 -3.07175922e+03  3.55719600e+03  8.30000000e-02  1.80120000e+01
 -3.07225750e+03  3.55869900e+03  8.20000000e-02  1.79490000e+01
 -3.07225750e+03  3.55869900e+03  8.20000000e-02  1.79490000e+01
 -3.07225750e+03  3.55869900e+03  8.20000000e-02  1.79490000e+01
 -3.07225750e+03  3.55869900e+03  8.20000000e-02  1.79490000e+01
 -3.07670882e+03  3.56079600e+03  8.20000000e-02  1.79130000e+01
 -3.08094777e+03  3.56670900e+03  8.20000000e-02  1.77680000e+01
 -3.08645279e+03  3.56528200e+03  8.20000000e-02  1.77890000e+01
 -3.08645279e+03  3.56528200e+03  8.20000000e-02  1.77890000e+01
 -3.09058432e+03  3.56888200e+03  8.20000000e-02  1.77820000e+01
 -3.09794369e+03  3.57096800e+03  8.20000000e-02  1.77870000e+01
 -3.10205696e+03  3.57403800e+03  8.20000000e-02  1.77490000e+01
 -3.10205696e+03  3.57403800e+03  8.20000000e-02  1.77490000e+01
 -3.10205696e+03  3.57403800e+03  8.20000000e-02  1.77490000e+01
 -3.10205696e+03  3.57403800e+03  8.20000000e-02  1.77490000e+01
 -3.11134269e+03  3.57516100e+03  8.20000000e-02  1.77460000e+01
 -3.11409756e+03  3.57724700e+03  8.20000000e-02  1.77460000e+01
 -3.11409756e+03  3.57724700e+03  8.20000000e-02  1.77460000e+01
 -3.11754570e+03  3.58045700e+03  8.20000000e-02  1.77230000e+01
 -3.11754570e+03  3.58045700e+03  8.20000000e-02  1.77230000e+01
 -3.11754570e+03  3.58045700e+03  8.20000000e-02  1.77230000e+01
 -3.11822319e+03  3.57977600e+03  8.20000000e-02  1.77780000e+01
 -3.12121196e+03  3.57910600e+03  8.20000000e-02  1.77730000e+01
 -3.12150711e+03  3.58000200e+03  8.20000000e-02  1.76920000e+01
 -3.12167165e+03  3.58208900e+03  8.20000000e-02  1.76920000e+01
 -3.12230726e+03  3.58538500e+03  8.20000000e-02  1.76000000e+01
 -3.12276653e+03  3.58979500e+03  8.20000000e-02  1.75720000e+01
 -3.12297826e+03  3.58859500e+03  8.20000000e-02  1.75970000e+01
 -3.12297826e+03  3.58859500e+03  8.20000000e-02  1.75970000e+01
 -3.12561545e+03  3.58926500e+03  8.20000000e-02  1.75970000e+01
 -3.12680848e+03  3.59135100e+03  8.20000000e-02  1.75970000e+01
 -3.12680848e+03  3.59135100e+03  8.20000000e-02  1.75970000e+01
 -3.12753321e+03  3.59201000e+03  8.20000000e-02  1.76040000e+01
 -3.12753321e+03  3.59201000e+03  8.20000000e-02  1.76040000e+01
 -3.12753321e+03  3.59201000e+03  8.20000000e-02  1.76040000e+01
 -3.12753321e+03  3.59201000e+03  8.20000000e-02  1.76040000e+01
 -3.12753321e+03  3.59201000e+03  8.20000000e-02  1.76040000e+01
 -3.12753321e+03  3.59201000e+03  8.20000000e-02  1.76040000e+01
 -3.12753321e+03  3.59201000e+03  8.20000000e-02  1.76040000e+01
 -3.12753321e+03  3.59201000e+03  8.20000000e-02  1.76040000e+01
 -3.12999102e+03  3.59015100e+03  8.20000000e-02  1.76620000e+01
 -3.12999102e+03  3.59015100e+03  8.20000000e-02  1.76620000e+01
 -3.13738169e+03  3.59103600e+03  8.20000000e-02  1.76540000e+01
 -3.14365099e+03  3.59290600e+03  8.20000000e-02  1.75770000e+01
 -3.14365099e+03  3.59290600e+03  8.20000000e-02  1.75770000e+01
 -3.14365099e+03  3.59290600e+03  8.20000000e-02  1.75770000e+01
 -3.14481985e+03  3.59454900e+03  8.20000000e-02  1.75800000e+01
 -3.14481985e+03  3.59454900e+03  8.20000000e-02  1.75800000e+01
 -3.14481985e+03  3.59454900e+03  8.20000000e-02  1.75800000e+01
 -3.14506886e+03  3.59807300e+03  8.10000000e-02  1.74280000e+01
 -3.15242440e+03  3.60181300e+03  8.10000000e-02  1.73630000e+01
 -3.15242440e+03  3.60181300e+03  8.10000000e-02  1.73630000e+01
 -3.15242440e+03  3.60181300e+03  8.10000000e-02  1.73630000e+01
 -3.15284101e+03  3.60094800e+03  8.10000000e-02  1.73770000e+01
 -3.15284101e+03  3.60094800e+03  8.10000000e-02  1.73770000e+01
 -3.16317919e+03  3.60193200e+03  8.10000000e-02  1.73770000e+01
 -3.16317919e+03  3.60193200e+03  8.10000000e-02  1.73770000e+01
 -3.16317919e+03  3.60193200e+03  8.10000000e-02  1.73770000e+01
 -3.16565439e+03  3.60193200e+03  8.10000000e-02  1.73770000e+01
 -3.16584543e+03  3.60094800e+03  8.10000000e-02  1.74010000e+01
 -3.16584543e+03  3.60094800e+03  8.10000000e-02  1.74010000e+01
 -3.16809846e+03  3.60017900e+03  8.10000000e-02  1.75860000e+01
 -3.16809846e+03  3.60017900e+03  8.10000000e-02  1.75860000e+01
 -3.16864905e+03  3.59883900e+03  8.20000000e-02  1.76780000e+01
 -3.16883746e+03  3.60115200e+03  8.20000000e-02  1.76060000e+01
 -3.16898715e+03  3.59874100e+03  8.20000000e-02  1.76680000e+01
 -3.16898715e+03  3.59874100e+03  8.20000000e-02  1.76680000e+01
 -3.16898715e+03  3.59874100e+03  8.20000000e-02  1.76680000e+01
 -3.16898715e+03  3.59874100e+03  8.20000000e-02  1.76680000e+01
 -3.17007044e+03  3.60016800e+03  8.20000000e-02  1.76650000e+01
 -3.17019546e+03  3.60151900e+03  8.20000000e-02  1.76550000e+01
 -3.17372091e+03  3.60382000e+03  8.20000000e-02  1.76480000e+01
 -3.17670865e+03  3.60604600e+03  8.20000000e-02  1.76490000e+01
 -3.18071140e+03  3.60606700e+03  8.20000000e-02  1.76960000e+01
 -3.18071140e+03  3.60606700e+03  8.20000000e-02  1.76960000e+01
 -3.18757614e+03  3.60860700e+03  8.20000000e-02  1.76880000e+01
 -3.18757614e+03  3.60860700e+03  8.20000000e-02  1.76880000e+01
 -3.19366103e+03  3.60696400e+03  8.20000000e-02  1.76950000e+01
 -3.19366103e+03  3.60696400e+03  8.20000000e-02  1.76950000e+01
 -3.19366103e+03  3.60696400e+03  8.20000000e-02  1.76950000e+01
 -3.19366103e+03  3.60696400e+03  8.20000000e-02  1.76950000e+01
 -3.19387612e+03  3.60696400e+03  8.20000000e-02  1.76180000e+01
 -3.19854900e+03  3.60659600e+03  8.20000000e-02  1.76860000e+01
 -3.19868564e+03  3.60802400e+03  8.20000000e-02  1.76860000e+01
 -3.19946066e+03  3.60638000e+03  8.30000000e-02  1.77920000e+01
 -3.19946066e+03  3.60638000e+03  8.30000000e-02  1.77920000e+01
 -3.20004688e+03  3.60789400e+03  8.30000000e-02  1.78270000e+01
 -3.20004688e+03  3.60789400e+03  8.30000000e-02  1.78270000e+01
 -3.20004688e+03  3.60789400e+03  8.30000000e-02  1.78270000e+01
 -3.20395865e+03  3.60647800e+03  8.30000000e-02  1.78610000e+01
 -3.20395865e+03  3.60647800e+03  8.30000000e-02  1.78610000e+01
 -3.20395865e+03  3.60647800e+03  8.30000000e-02  1.78610000e+01
 -3.21174217e+03  3.60938400e+03  8.30000000e-02  1.78180000e+01
 -3.21174217e+03  3.60938400e+03  8.30000000e-02  1.78180000e+01
 -3.21585688e+03  3.61072400e+03  8.30000000e-02  1.77760000e+01
 -3.21585688e+03  3.61072400e+03  8.30000000e-02  1.77760000e+01
 -3.21585688e+03  3.61072400e+03  8.30000000e-02  1.77760000e+01
 -3.21641197e+03  3.61162100e+03  8.30000000e-02  1.77720000e+01
 -3.22133961e+03  3.61491700e+03  8.30000000e-02  1.76090000e+01
 -3.22133961e+03  3.61491700e+03  8.30000000e-02  1.76090000e+01
 -3.22246651e+03  3.61447400e+03  8.30000000e-02  1.76490000e+01
 -3.22288081e+03  3.61611800e+03  8.30000000e-02  1.76110000e+01
 -3.22362639e+03  3.61710200e+03  8.30000000e-02  1.76110000e+01
 -3.22411744e+03  3.61896100e+03  8.30000000e-02  1.75830000e+01
 -3.22411744e+03  3.61896100e+03  8.30000000e-02  1.75830000e+01
 -3.22411744e+03  3.61896100e+03  8.30000000e-02  1.75830000e+01
 -3.22411744e+03  3.61896100e+03  8.30000000e-02  1.75830000e+01
 -3.22411744e+03  3.61896100e+03  8.30000000e-02  1.75830000e+01
 -3.22411744e+03  3.61896100e+03  8.30000000e-02  1.75830000e+01
 -3.22546128e+03  3.61732800e+03  8.20000000e-02  1.75610000e+01
 -3.22546128e+03  3.61732800e+03  8.20000000e-02  1.75610000e+01
 -3.22546128e+03  3.61732800e+03  8.20000000e-02  1.75610000e+01
 -3.22546128e+03  3.61732800e+03  8.20000000e-02  1.75610000e+01
 -3.22641049e+03  3.61933800e+03  8.20000000e-02  1.75370000e+01
 -3.22641049e+03  3.61933800e+03  8.20000000e-02  1.75370000e+01
 -3.22641049e+03  3.61933800e+03  8.20000000e-02  1.75370000e+01
 -3.22641049e+03  3.61933800e+03  8.20000000e-02  1.75370000e+01
 -3.22641049e+03  3.61933800e+03  8.20000000e-02  1.75370000e+01
 -3.22641049e+03  3.61933800e+03  8.20000000e-02  1.75370000e+01
 -3.22735583e+03  3.61725200e+03  8.30000000e-02  1.76450000e+01
 -3.23101041e+03  3.61902400e+03  8.30000000e-02  1.76650000e+01
 -3.23104108e+03  3.62224400e+03  8.20000000e-02  1.75390000e+01
 -3.23384927e+03  3.62368100e+03  8.20000000e-02  1.75390000e+01
 -3.23408624e+03  3.62456800e+03  8.20000000e-02  1.73890000e+01
 -3.23408624e+03  3.62456800e+03  8.20000000e-02  1.73890000e+01
 -3.23408624e+03  3.62456800e+03  8.20000000e-02  1.73890000e+01
 -3.23542131e+03  3.62644800e+03  8.20000000e-02  1.73910000e+01
 -3.23579561e+03  3.62787500e+03  8.20000000e-02  1.73550000e+01
 -3.23579561e+03  3.62787500e+03  8.20000000e-02  1.73550000e+01
 -3.23770288e+03  3.62877200e+03  8.20000000e-02  1.73540000e+01
 -3.23797900e+03  3.62997200e+03  8.20000000e-02  1.73460000e+01
 -3.23831754e+03  3.63295400e+03  8.20000000e-02  1.72420000e+01
 -3.23831754e+03  3.63295400e+03  8.20000000e-02  1.72420000e+01
 -3.23831754e+03  3.63295400e+03  8.20000000e-02  1.72420000e+01
 -3.23831754e+03  3.63295400e+03  8.20000000e-02  1.72420000e+01
 -3.23831754e+03  3.63295400e+03  8.20000000e-02  1.72420000e+01
 -3.23831754e+03  3.63295400e+03  8.20000000e-02  1.72420000e+01
 -3.23831754e+03  3.63295400e+03  8.20000000e-02  1.72420000e+01
 -3.23831754e+03  3.63295400e+03  8.20000000e-02  1.72420000e+01
 -3.23831754e+03  3.63295400e+03  8.20000000e-02  1.72420000e+01
 -3.23831754e+03  3.63295400e+03  8.20000000e-02  1.72420000e+01
 -3.23831754e+03  3.63295400e+03  8.20000000e-02  1.72420000e+01
 -3.23831754e+03  3.63295400e+03  8.20000000e-02  1.72420000e+01
 -3.23831754e+03  3.63295400e+03  8.20000000e-02  1.72420000e+01
 -3.23831754e+03  3.63295400e+03  8.20000000e-02  1.72420000e+01
 -3.23946379e+03  3.63429400e+03  8.20000000e-02  1.72420000e+01
 -3.23946379e+03  3.63429400e+03  8.20000000e-02  1.72420000e+01
 -3.23946379e+03  3.63429400e+03  8.20000000e-02  1.72420000e+01
 -3.23994446e+03  3.63615300e+03  8.20000000e-02  1.71650000e+01
 -3.23994446e+03  3.63615300e+03  8.20000000e-02  1.71650000e+01
 -3.24126194e+03  3.63945000e+03  8.20000000e-02  1.70060000e+01
 -3.25000014e+03  3.63913600e+03  8.20000000e-02  1.70150000e+01
 -3.25000014e+03  3.63913600e+03  8.20000000e-02  1.70150000e+01
 -3.25049309e+03  3.64003300e+03  8.20000000e-02  1.70180000e+01
 -3.25121631e+03  3.63980500e+03  8.20000000e-02  1.70460000e+01
 -3.25121631e+03  3.63980500e+03  8.20000000e-02  1.70460000e+01
 -3.25276029e+03  3.64024800e+03  8.20000000e-02  1.70460000e+01
 -3.25515145e+03  3.64278800e+03  8.20000000e-02  1.70340000e+01
 -3.26047974e+03  3.64234500e+03  8.20000000e-02  1.70490000e+01