-1.56455120e+03  2.57626700e+03  8.80000000e-02  2.93540000e+01
 -1.56528079e+03  2.58173700e+03  8.80000000e-02  2.91950000e+01
 -1.56639745e+03  2.58636200e+03  8.80000000e-02  2.91800000e+01
 -1.57133431e+03  2.59152900e+03  8.80000000e-02  2.90440000e+01
 -1.57711712e+03  2.59878200e+03  8.80000000e-02  2.88940000e+01
 -1.58774254e+03  2.60386100e+03  8.80000000e-02  2.88940000e+01
 -1.59176078e+03  2.60835800e+03  8.80000000e-02  2.88850000e+01
 -1.59652401e+03  2.61045400e+03  8.80000000e-02  2.88650000e+01
 -1.59628148e+03  2.61343700e+03  8.80000000e-02  2.86110000e+01
 -1.59768178e+03  2.61575000e+03  8.80000000e-02  2.86540000e+01
 -1.59917991e+03  2.61860300e+03  8.80000000e-02  2.86540000e+01
 -1.60253420e+03  2.62332700e+03  8.80000000e-02  2.86190000e+01
 -1.60730872e+03  2.62565100e+03  8.80000000e-02  2.85130000e+01
 -1.61686573e+03  2.62872100e+03  8.80000000e-02  2.84490000e+01
 -1.61821779e+03  2.63124900e+03  8.80000000e-02  2.84220000e+01
 -1.61846695e+03  2.63401600e+03  8.80000000e-02  2.83800000e+01
 -1.62012529e+03  2.63611200e+03  8.80000000e-02  2.83680000e+01
 -1.62412746e+03  2.64172200e+03  8.80000000e-02  2.83740000e+01
 -1.62569026e+03  2.64710500e+03  8.80000000e-02  2.82490000e+01
 -1.62851867e+03  2.65248700e+03  8.80000000e-02  2.82060000e+01
 -1.63011519e+03  2.65622700e+03  8.80000000e-02  2.82060000e+01
 -1.62655431e+03  2.65908000e+03  8.80000000e-02  2.80980000e+01
 -1.62674226e+03  2.66236600e+03  8.80000000e-02  2.80140000e+01
 -1.62728727e+03  2.66476600e+03  8.80000000e-02  2.79480000e+01
 -1.62850377e+03  2.66783600e+03  8.80000000e-02  2.79500000e+01
 -1.63567118e+03  2.66970500e+03  8.80000000e-02  2.79180000e+01
 -1.63598231e+03  2.67300200e+03  8.80000000e-02  2.78540000e+01
 -1.63622037e+03  2.67368300e+03  8.80000000e-02  2.78390000e+01
 -1.63944341e+03  2.68004900e+03  8.80000000e-02  2.76600000e+01
 -1.64126340e+03  2.68280500e+03  8.80000000e-02  2.75800000e+01
 -1.64214637e+03  2.68698800e+03  8.90000000e-02  2.75330000e+01
 -1.64290843e+03  2.69027400e+03  8.80000000e-02  2.74370000e+01
 -1.65339828e+03  2.69468300e+03  8.80000000e-02  2.73810000e+01
 -1.65908241e+03  2.70105000e+03  8.80000000e-02  2.72810000e+01
 -1.66416244e+03  2.70425900e+03  8.90000000e-02  2.72810000e+01
 -1.68117684e+03  2.71196600e+03  8.90000000e-02  2.72810000e+01
 -1.68632627e+03  2.71397500e+03  8.90000000e-02  2.72750000e+01
 -1.68703319e+03  2.71540200e+03  8.90000000e-02  2.71620000e+01
 -1.69667165e+03  2.71741200e+03  8.90000000e-02  2.71080000e+01
 -1.69724000e+03  2.72016700e+03  9.00000000e-02  2.69670000e+01
 -1.70209300e+03  2.72412300e+03  9.00000000e-02  2.68500000e+01
 -1.71255870e+03  2.72740900e+03  9.00000000e-02  2.68290000e+01
 -1.71488790e+03  2.72852200e+03  9.00000000e-02  2.68290000e+01
 -1.71764296e+03  2.73382800e+03  9.00000000e-02  2.67880000e+01
 -1.72281900e+03  2.73689800e+03  9.00000000e-02  2.67810000e+01
 -1.72988170e+03  2.74063700e+03  9.00000000e-02  2.67690000e+01
 -1.73166512e+03  2.74460400e+03  9.00000000e-02  2.66450000e+01
 -1.73479868e+03  2.75030000e+03  9.00000000e-02  2.64630000e+01
 -1.73547934e+03  2.75186700e+03  9.00000000e-02  2.64450000e+01
 -1.73930680e+03  2.75471000e+03  9.00000000e-02  2.63820000e+01
 -1.74470723e+03  2.75778000e+03  9.00000000e-02  2.63720000e+01
 -1.75031917e+03  2.76414600e+03  8.90000000e-02  2.62540000e+01
 -1.75956570e+03  2.76548600e+03  8.90000000e-02  2.62570000e+01
 -1.76769526e+03  2.76966800e+03  8.90000000e-02  2.62450000e+01
 -1.77140112e+03  2.77446800e+03  8.90000000e-02  2.62370000e+01
 -1.77551075e+03  2.77679200e+03  8.90000000e-02  2.62370000e+01
 -1.77758568e+03  2.77910400e+03  9.20000000e-02  2.61320000e+01
 -1.78896791e+03  2.78537300e+03  9.20000000e-02  2.59050000e+01
 -1.79055055e+03  2.78911300e+03  9.20000000e-02  2.58820000e+01
 -1.79299834e+03  2.79329500e+03  9.20000000e-02  2.58660000e+01
 -1.79326814e+03  2.79298100e+03  9.20000000e-02  2.58610000e+01
 -1.79699839e+03  2.79530400e+03  9.20000000e-02  2.57990000e+01
 -1.81164309e+03  2.80145500e+03  9.20000000e-02  2.57990000e+01
 -1.81444401e+03  2.80542200e+03  9.20000000e-02  2.57040000e+01
 -1.81864848e+03  2.80707500e+03  9.20000000e-02  2.57000000e+01
 -1.82412220e+03  2.81553900e+03  9.20000000e-02  2.54370000e+01
 -1.82377612e+03  2.81673900e+03  9.20000000e-02  2.54120000e+01
 -1.82365193e+03  2.81949500e+03  9.10000000e-02  2.53480000e+01
 -1.82803682e+03  2.82324500e+03  9.10000000e-02  2.51250000e+01
 -1.83034428e+03  2.82832400e+03  9.10000000e-02  2.50270000e+01
 -1.82881430e+03  2.83064800e+03  9.10000000e-02  2.47820000e+01
 -1.83127740e+03  2.83648500e+03  9.10000000e-02  2.46100000e+01
 -1.84173329e+03  2.83812800e+03  9.60000000e-02  2.45230000e+01
 -1.86956675e+03  2.84725100e+03  9.60000000e-02  2.44600000e+01
 -1.87368516e+03  2.84836300e+03  9.50000000e-02  2.43660000e+01
 -1.87619307e+03  2.84903300e+03  9.50000000e-02  2.43690000e+01
 -1.87927020e+03  2.85277300e+03  9.50000000e-02  2.43410000e+01
 -1.88973530e+03  2.85432800e+03  9.50000000e-02  2.43370000e+01
 -1.90358784e+03  2.85708400e+03  9.50000000e-02  2.43030000e+01
 -1.90451812e+03  2.85940700e+03  9.50000000e-02  2.42540000e+01
 -1.91923982e+03  2.86283300e+03  9.50000000e-02  2.42220000e+01
 -1.92262124e+03  2.86724200e+03  9.50000000e-02  2.40820000e+01
 -1.92217772e+03  2.86964200e+03  9.50000000e-02  2.40260000e+01
 -1.92745023e+03  2.87690600e+03  9.50000000e-02  2.40200000e+01
 -1.92735240e+03  2.87877500e+03  9.50000000e-02  2.39540000e+01
 -1.92883851e+03  2.88041800e+03  9.50000000e-02  2.39540000e+01
 -1.93077014e+03  2.88602800e+03  9.50000000e-02  2.39530000e+01
 -1.93439946e+03  2.89142100e+03  9.50000000e-02  2.39640000e+01
 -1.93510503e+03  2.89298700e+03  9.50000000e-02  2.39530000e+01
 -1.94306658e+03  2.89397100e+03  9.50000000e-02  2.39310000e+01
 -1.94503962e+03  2.89869500e+03  9.50000000e-02  2.37970000e+01
 -1.94744480e+03  2.90056500e+03  9.50000000e-02  2.38000000e+01
 -1.94806917e+03  2.90333100e+03  9.50000000e-02  2.37100000e+01
 -1.95808826e+03  2.90632400e+03  9.70000000e-02  2.37100000e+01
 -1.97738452e+03  2.90654000e+03  9.70000000e-02  2.37920000e+01
 -2.00006688e+03  2.91544700e+03  9.70000000e-02  2.37920000e+01
 -2.00025165e+03  2.91776000e+03  9.70000000e-02  2.37560000e+01
 -2.00148867e+03  2.92390000e+03  9.70000000e-02  2.35860000e+01
 -2.00173649e+03  2.92630000e+03  9.60000000e-02  2.35430000e+01
 -2.00615796e+03  2.92830900e+03  9.60000000e-02  2.35330000e+01
 -2.00599520e+03  2.92876200e+03  9.60000000e-02  2.35080000e+01
 -2.00234827e+03  2.92854600e+03  9.60000000e-02  2.35080000e+01
 -2.00710801e+03  2.93108500e+03  9.40000000e-02  2.34980000e+01
 -2.00766594e+03  2.93571100e+03  9.40000000e-02  2.34480000e+01
 -2.00540410e+03  2.93451100e+03  9.40000000e-02  2.34480000e+01
 -2.00738594e+03  2.93570000e+03  9.40000000e-02  2.34480000e+01
 -2.00830043e+03  2.93705000e+03  9.40000000e-02  2.34500000e+01
 -2.00949738e+03  2.93892000e+03  9.40000000e-02  2.34470000e+01
 -2.00921009e+03  2.94145900e+03  9.40000000e-02  2.34250000e+01
 -2.00911909e+03  2.94191300e+03  9.40000000e-02  2.34340000e+01
 -2.01016866e+03  2.94334000e+03  9.40000000e-02  2.34340000e+01
 -2.01041106e+03  2.94280900e+03  9.90000000e-02  2.34520000e+01
 -2.01114834e+03  2.94796500e+03  9.80000000e-02  2.33740000e+01
 -2.01105382e+03  2.94819200e+03  9.80000000e-02  2.32970000e+01
 -2.01495721e+03  2.95140100e+03  9.80000000e-02  2.32970000e+01
 -2.01541918e+03  2.95326000e+03  9.80000000e-02  2.33040000e+01
 -2.01873468e+03  2.96118300e+03  9.70000000e-02  2.30810000e+01
 -2.01866527e+03  2.96261000e+03  9.70000000e-02  2.30780000e+01
 -2.01866527e+03  2.96261000e+03  9.70000000e-02  2.30780000e+01
 -2.01972087e+03  2.96636000e+03  9.70000000e-02  2.30540000e+01
 -2.04089956e+03  2.97218600e+03  9.70000000e-02  2.30540000e+01
 -2.04448749e+03  2.97689900e+03  9.70000000e-02  2.29800000e+01
 -2.04689102e+03  2.98019600e+03  9.70000000e-02  2.29870000e+01
 -2.04661748e+03  2.98118000e+03  9.70000000e-02  2.28780000e+01
 -2.04627715e+03  2.98162300e+03  9.70000000e-02  2.28700000e+01
 -2.04934323e+03  2.98446500e+03  9.50000000e-02  2.28670000e+01
 -2.05909831e+03  2.99051800e+03  9.50000000e-02  2.27860000e+01
 -2.06492611e+03  2.99493900e+03  9.50000000e-02  2.27300000e+01
 -2.06874770e+03  2.99801900e+03  9.50000000e-02  2.27300000e+01
 -2.07594971e+03  2.99748900e+03  9.50000000e-02  2.27450000e+01
 -2.07594971e+03  2.99748900e+03  9.50000000e-02  2.27450000e+01
 -2.07858977e+03  2.99890500e+03  9.50000000e-02  2.27400000e+01
 -2.07873333e+03  3.00273100e+03  9.50000000e-02  2.26540000e+01
 -2.08898190e+03  3.00856800e+03  9.50000000e-02  2.25830000e+01
 -2.09074846e+03  3.00923700e+03  9.50000000e-02  2.26330000e+01
 -2.09091667e+03  3.00803700e+03  9.50000000e-02  2.26370000e+01
 -2.09136690e+03  3.01221900e+03  9.50000000e-02  2.24780000e+01
 -2.10889283e+03  3.01377500e+03  9.50000000e-02  2.24780000e+01
 -2.10889283e+03  3.01377500e+03  9.50000000e-02  2.24780000e+01
 -2.11598641e+03  3.01774200e+03  9.50000000e-02  2.24110000e+01
 -2.11937197e+03  3.02028100e+03  9.60000000e-02  2.23990000e+01
 -2.12501001e+03  3.02290800e+03  9.60000000e-02  2.23990000e+01
 -2.12520441e+03  3.02446400e+03  9.60000000e-02  2.23680000e+01
 -2.12922151e+03  3.02566400e+03  9.60000000e-02  2.23690000e+01
 -2.12996221e+03  3.03016000e+03  9.60000000e-02  2.23270000e+01
 -2.12664707e+03  3.02873300e+03  9.60000000e-02  2.23200000e+01
 -2.12894333e+03  3.03016000e+03  9.60000000e-02  2.24370000e+01
 -2.13647497e+03  3.03247300e+03  9.60000000e-02  2.24330000e+01
 -2.14087782e+03  3.03719700e+03  9.60000000e-02  2.24330000e+01
 -2.14205872e+03  3.03928300e+03  9.60000000e-02  2.24360000e+01
 -2.14783511e+03  3.04422200e+03  9.60000000e-02  2.23940000e+01
 -2.15276384e+03  3.04644800e+03  9.60000000e-02  2.23990000e+01
 -2.15370095e+03  3.04929100e+03  9.60000000e-02  2.23750000e+01
 -2.15652980e+03  3.05467400e+03  9.50000000e-02  2.23120000e+01
 -2.15882210e+03  3.06215400e+03  9.40000000e-02  2.21000000e+01
 -2.16035717e+03  3.06446700e+03  9.40000000e-02  2.20980000e+01
 -2.16290041e+03  3.07039100e+03  9.40000000e-02  2.20520000e+01
 -2.16248726e+03  3.07293000e+03  9.40000000e-02  2.19210000e+01
 -2.17467519e+03  3.07754500e+03  9.40000000e-02  2.18580000e+01
 -2.17479978e+03  3.08031200e+03  9.40000000e-02  2.18050000e+01
 -2.17564149e+03  3.08195400e+03  9.40000000e-02  2.17620000e+01
 -2.17687649e+03  3.08239700e+03  9.40000000e-02  2.17830000e+01
 -2.17671851e+03  3.08142400e+03  9.40000000e-02  2.18090000e+01
 -2.18469424e+03  3.08560700e+03  9.40000000e-02  2.18020000e+01
 -2.18297729e+03  3.08814700e+03  9.40000000e-02  2.17770000e+01
 -2.18297729e+03  3.08814700e+03  9.40000000e-02  2.17770000e+01
 -2.18460699e+03  3.09046000e+03  9.40000000e-02  2.17560000e+01
 -2.19389294e+03  3.09223100e+03  9.40000000e-02  2.18010000e+01
 -2.19413402e+03  3.09133400e+03  9.40000000e-02  2.18010000e+01
 -2.19649891e+03  3.09388500e+03  9.40000000e-02  2.17860000e+01
 -2.19649891e+03  3.09388500e+03  9.40000000e-02  2.17860000e+01
 -2.19884304e+03  3.09785200e+03  9.40000000e-02  2.16980000e+01
 -2.20331522e+03  3.10113800e+03  9.40000000e-02  2.17110000e+01
 -2.20408659e+03  3.10630500e+03  9.40000000e-02  2.15910000e+01
 -2.20206629e+03  3.10653100e+03  9.40000000e-02  2.14980000e+01
 -2.20133985e+03  3.10533100e+03  9.40000000e-02  2.16420000e+01
 -2.20180193e+03  3.10721100e+03  9.40000000e-02  2.16270000e+01
 -2.20300398e+03  3.10711300e+03  9.40000000e-02  2.16660000e+01
 -2.20312816e+03  3.10846300e+03  9.40000000e-02  2.16460000e+01
 -2.20076688e+03  3.10890600e+03  9.40000000e-02  2.16150000e+01
 -2.20105351e+03  3.11076500e+03  9.40000000e-02  2.14680000e+01
 -2.20173125e+03  3.11121900e+03  9.40000000e-02  2.14680000e+01
 -2.20138468e+03  3.11189900e+03  9.40000000e-02  2.14630000e+01
 -2.20138468e+03  3.11189900e+03  9.40000000e-02  2.14630000e+01
 -2.20138468e+03  3.11189900e+03  9.40000000e-02  2.14630000e+01
 -2.20180238e+03  3.11311000e+03  9.40000000e-02  2.14590000e+01
 -2.20902967e+03  3.11849300e+03  9.40000000e-02  2.13870000e+01
 -2.20537982e+03  3.11893500e+03  9.40000000e-02  2.13830000e+01
 -2.21306993e+03  3.12004800e+03  9.40000000e-02  2.13830000e+01
 -2.21321945e+03  3.12057800e+03  9.40000000e-02  2.13770000e+01
 -2.22462103e+03  3.12805800e+03  9.40000000e-02  2.11120000e+01
 -2.22553158e+03  3.13081300e+03  9.40000000e-02  2.11080000e+01
 -2.22846797e+03  3.13202400e+03  9.40000000e-02  2.11310000e+01
 -2.23106489e+03  3.13465100e+03  9.40000000e-02  2.11920000e+01
 -2.23052084e+03  3.13740600e+03  9.40000000e-02  2.11450000e+01
 -2.23607242e+03  3.13950300e+03  9.40000000e-02  2.11390000e+01
 -2.23387508e+03  3.13981700e+03  9.40000000e-02  2.10760000e+01
 -2.23622659e+03  3.14422700e+03  9.40000000e-02  2.10660000e+01
 -2.25007074e+03  3.14884200e+03  9.40000000e-02  2.10550000e+01
 -2.25604780e+03  3.15159700e+03  9.40000000e-02  2.10550000e+01
 -2.25361940e+03  3.14899200e+03  9.40000000e-02  2.10490000e+01
 -2.28283074e+03  3.15286100e+03  9.40000000e-02  2.10470000e+01
 -2.29240586e+03  3.15441600e+03  9.40000000e-02  2.10360000e+01
 -2.29401355e+03  3.15561600e+03  9.40000000e-02  2.10280000e+01
 -2.29708361e+03  3.15495600e+03  9.40000000e-02  2.10700000e+01
 -2.30674258e+03  3.15518300e+03  9.40000000e-02  2.10270000e+01
 -2.30674258e+03  3.15518300e+03  9.40000000e-02  2.10270000e+01
 -2.30491637e+03  3.15322600e+03  9.40000000e-02  2.10420000e+01
 -2.30346019e+03  3.15323700e+03  9.40000000e-02  2.10410000e+01
 -2.32217944e+03  3.15599200e+03  9.40000000e-02  2.10410000e+01
 -2.32305953e+03  3.15750600e+03  9.40000000e-02  2.10240000e+01
 -2.32402091e+03  3.15847900e+03  9.40000000e-02  2.10900000e+01
 -2.32514310e+03  3.16013300e+03  9.40000000e-02  2.09740000e+01
 -2.33252508e+03  3.16409900e+03  9.40000000e-02  2.08260000e+01
 -2.33798049e+03  3.16619600e+03  9.40000000e-02  2.08140000e+01
 -2.33798049e+03  3.16619600e+03  9.40000000e-02  2.08140000e+01
 -2.33798049e+03  3.16619600e+03  9.40000000e-02  2.08140000e+01
 -2.34463772e+03  3.17224900e+03  9.40000000e-02  2.06990000e+01
 -2.34462420e+03  3.17389200e+03  9.40000000e-02  2.06750000e+01
 -2.34653249e+03  3.17785800e+03  9.40000000e-02  2.06580000e+01
 -2.35587284e+03  3.18182500e+03  9.40000000e-02  2.06280000e+01
 -2.35587284e+03  3.18182500e+03  9.40000000e-02  2.06280000e+01
 -2.36821910e+03  3.18459200e+03  9.40000000e-02  2.06280000e+01
 -2.36658334e+03  3.18614800e+03  9.40000000e-02  2.05760000e+01
 -2.36925563e+03  3.19033000e+03  9.40000000e-02  2.05420000e+01
 -2.36944654e+03  3.19383200e+03  9.40000000e-02  2.04520000e+01
 -2.36944654e+03  3.19383200e+03  9.40000000e-02  2.04520000e+01
 -2.36575372e+03  3.19524800e+03  9.40000000e-02  2.03200000e+01
 -2.36629209e+03  3.19471800e+03  9.40000000e-02  2.03140000e+01
 -2.36713769e+03  3.19538800e+03  9.40000000e-02  2.03080000e+01
 -2.36712528e+03  3.19859700e+03  9.40000000e-02  2.02180000e+01
 -2.36805460e+03  3.19904000e+03  9.40000000e-02  2.02440000e+01
 -2.37456842e+03  3.20323300e+03  9.40000000e-02  2.02130000e+01
 -2.37493370e+03  3.20367600e+03  9.40000000e-02  2.01760000e+01
 -2.37493370e+03  3.20367600e+03  9.40000000e-02  2.01760000e+01
 -2.37609587e+03  3.20808600e+03  9.40000000e-02  2.01420000e+01
 -2.37415067e+03  3.20688600e+03  9.40000000e-02  2.01480000e+01
 -2.38172967e+03  3.21316600e+03  9.40000000e-02  2.01110000e+01
 -2.38336576e+03  3.21450600e+03  9.40000000e-02  2.01110000e+01
 -2.39230519e+03  3.21770500e+03  9.40000000e-02  2.01070000e+01
 -2.39626590e+03  3.22099100e+03  9.40000000e-02  2.01070000e+01
 -2.39555665e+03  3.22278400e+03  9.40000000e-02  2.00520000e+01
 -2.39896919e+03  3.22585400e+03  9.40000000e-02  2.00440000e+01
 -2.40122052e+03  3.22915100e+03  9.40000000e-02  2.00440000e+01
 -2.40211230e+03  3.23110800e+03  9.40000000e-02  1.99390000e+01
 -2.40325265e+03  3.22870800e+03  9.30000000e-02  2.00450000e+01
 -2.40294561e+03  3.22862100e+03  9.30000000e-02  2.00600000e+01
 -2.40899945e+03  3.23311700e+03  9.50000000e-02  2.00540000e+01
 -2.41406616e+03  3.23476000e+03  9.50000000e-02  2.00360000e+01
 -2.41512674e+03  3.23805700e+03  9.50000000e-02  1.99540000e+01
 -2.41521946e+03  3.24081300e+03  9.50000000e-02  1.98380000e+01
 -2.41637856e+03  3.24433700e+03  9.50000000e-02  1.96150000e+01
 -2.41637856e+03  3.24433700e+03  9.50000000e-02  1.96150000e+01
 -2.41670967e+03  3.24149300e+03  9.50000000e-02  1.97320000e+01
 -2.41752301e+03  3.24380600e+03  9.50000000e-02  1.96780000e+01
 -2.41752301e+03  3.24380600e+03  9.50000000e-02  1.96780000e+01
 -2.42436092e+03  3.24349200e+03  9.40000000e-02  1.96300000e+01
 -2.42549114e+03  3.24437800e+03  9.40000000e-02  1.96220000e+01
 -2.42493419e+03  3.24384800e+03  9.50000000e-02  1.96750000e+01
 -2.42529263e+03  3.24550100e+03  9.50000000e-02  1.96540000e+01
 -2.42529263e+03  3.24550100e+03  9.50000000e-02  1.96540000e+01
 -2.42461262e+03  3.24476600e+03  9.50000000e-02  1.96570000e+01
 -2.42461262e+03  3.24476600e+03  9.50000000e-02  1.96570000e+01
 -2.43155460e+03  3.24649600e+03  9.50000000e-02  1.96660000e+01
 -2.43076916e+03  3.24477700e+03  9.50000000e-02  1.95990000e+01
 -2.43133441e+03  3.24874400e+03  9.50000000e-02  1.95100000e+01
 -2.42709436e+03  3.24711100e+03  9.50000000e-02  1.95020000e+01
 -2.43144401e+03  3.25152100e+03  9.50000000e-02  1.94710000e+01
 -2.43187436e+03  3.25009400e+03  9.50000000e-02  1.95490000e+01
 -2.43226492e+03  3.25217900e+03  9.50000000e-02  1.95490000e+01
 -2.43793071e+03  3.25337900e+03  9.50000000e-02  1.95590000e+01
 -2.44247176e+03  3.25350800e+03  9.50000000e-02  1.94440000e+01
 -2.44283293e+03  3.25791800e+03  9.50000000e-02  1.93830000e+01
 -2.44386386e+03  3.26211100e+03  9.50000000e-02  1.92950000e+01
 -2.44310087e+03  3.26121400e+03  9.50000000e-02  1.93100000e+01
 -2.45616692e+03  3.26264100e+03  9.50000000e-02  1.93390000e+01
 -2.45913546e+03  3.26811100e+03  9.50000000e-02  1.92880000e+01
 -2.45958878e+03  3.26758100e+03  9.50000000e-02  1.92890000e+01
 -2.46224906e+03  3.27020800e+03  9.50000000e-02  1.91040000e+01
 -2.46224906e+03  3.27020800e+03  9.50000000e-02  1.91040000e+01
 -2.46425217e+03  3.27021800e+03  9.50000000e-02  1.91040000e+01
 -2.46666328e+03  3.27321200e+03  9.50000000e-02  1.91000000e+01
 -2.46850236e+03  3.27201100e+03  9.50000000e-02  1.91740000e+01
 -2.46850236e+03  3.27201100e+03  9.50000000e-02  1.91740000e+01
 -2.47870698e+03  3.27476700e+03  9.50000000e-02  1.90750000e+01
 -2.47868892e+03  3.27335100e+03  9.50000000e-02  1.90770000e+01
 -2.48172466e+03  3.27553500e+03  9.50000000e-02  1.91570000e+01
 -2.48022472e+03  3.27562200e+03  9.50000000e-02  1.91040000e+01
 -2.47880150e+03  3.27332000e+03  9.50000000e-02  1.91460000e+01
 -2.48346079e+03  3.27750200e+03  9.50000000e-02  1.91390000e+01
 -2.48597791e+03  3.27937200e+03  9.50000000e-02  1.91390000e+01
 -2.48823199e+03  3.28319900e+03  9.50000000e-02  1.90940000e+01
 -2.49080334e+03  3.28484200e+03  9.50000000e-02  1.91830000e+01
 -2.49080334e+03  3.28484200e+03  9.50000000e-02  1.91830000e+01
 -2.49527449e+03  3.28461500e+03  9.50000000e-02  1.92120000e+01
 -2.49527449e+03  3.28461500e+03  9.50000000e-02  1.92120000e+01
 -2.49528834e+03  3.28701500e+03  9.50000000e-02  1.91730000e+01
 -2.49880759e+03  3.28977100e+03  9.50000000e-02  1.91570000e+01
 -2.49879919e+03  3.28955400e+03  9.50000000e-02  1.91560000e+01
 -2.50862812e+03  3.29218100e+03  9.50000000e-02  1.91480000e+01
 -2.51167000e+03  3.29240800e+03  9.50000000e-02  1.91720000e+01
 -2.51223732e+03  3.29667800e+03  9.50000000e-02  1.91140000e+01
 -2.52114770e+03  3.30094800e+03  9.50000000e-02  1.90910000e+01
 -2.52084804e+03  3.30005100e+03  9.50000000e-02  1.91070000e+01
 -2.52447162e+03  3.30272000e+03  9.50000000e-02  1.90220000e+01
 -2.53938903e+03  3.30570300e+03  9.50000000e-02  1.90220000e+01
 -2.53949722e+03  3.30801500e+03  9.50000000e-02  1.90170000e+01
 -2.53861864e+03  3.30801500e+03  9.50000000e-02  1.89990000e+01
 -2.53762414e+03  3.30815500e+03  9.50000000e-02  1.90000000e+01
 -2.53806282e+03  3.30972200e+03  9.50000000e-02  1.89040000e+01
 -2.53817378e+03  3.31082400e+03  9.50000000e-02  1.89020000e+01
 -2.54032972e+03  3.31192500e+03  9.50000000e-02  1.90330000e+01
 -2.54032972e+03  3.31192500e+03  9.50000000e-02  1.90330000e+01
 -2.54936270e+03  3.31446500e+03  9.50000000e-02  1.90090000e+01
 -2.55455535e+03  3.31327600e+03  9.50000000e-02  1.90680000e+01
 -2.55463706e+03  3.31491800e+03  9.50000000e-02  1.90600000e+01
 -2.55485003e+03  3.31743600e+03  9.50000000e-02  1.89800000e+01
 -2.55579852e+03  3.31787900e+03  9.50000000e-02  1.89800000e+01
 -2.55634239e+03  3.31952200e+03  9.50000000e-02  1.88580000e+01
 -2.55975391e+03  3.32237600e+03  9.50000000e-02  1.88580000e+01
 -2.55931507e+03  3.32461300e+03  9.50000000e-02  1.87920000e+01
 -2.55754945e+03  3.32341300e+03  9.50000000e-02  1.87320000e+01
 -2.55754945e+03  3.32341300e+03  9.50000000e-02  1.87320000e+01
 -2.55754945e+03  3.32341300e+03  9.50000000e-02  1.87320000e+01
 -2.55754945e+03  3.32341300e+03  9.50000000e-02  1.87320000e+01
 -2.55841661e+03  3.33022300e+03  9.50000000e-02  1.85670000e+01
 -2.56533114e+03  3.33142300e+03  9.50000000e-02  1.85770000e+01
 -2.56782031e+03  3.33373600e+03  9.50000000e-02  1.85770000e+01
 -2.56895580e+03  3.33649200e+03  9.50000000e-02  1.84990000e+01
 -2.56903980e+03  3.33737700e+03  9.50000000e-02  1.84990000e+01
 -2.56903980e+03  3.33737700e+03  9.50000000e-02  1.84990000e+01
 -2.57428372e+03  3.33933400e+03  9.50000000e-02  1.84290000e+01
 -2.57428372e+03  3.33933400e+03  9.50000000e-02  1.84290000e+01
 -2.57570955e+03  3.34075000e+03  9.50000000e-02  1.84240000e+01
 -2.57570955e+03  3.34075000e+03  9.50000000e-02  1.84240000e+01
 -2.57570955e+03  3.34075000e+03  9.50000000e-02  1.84240000e+01
 -2.57673493e+03  3.34298700e+03  9.50000000e-02  1.84160000e+01
 -2.58464466e+03  3.34232800e+03  9.50000000e-02  1.84510000e+01
 -2.58464466e+03  3.34232800e+03  9.50000000e-02  1.84510000e+01
 -2.58464466e+03  3.34232800e+03  9.50000000e-02  1.84510000e+01
 -2.58464466e+03  3.34232800e+03  9.50000000e-02  1.84510000e+01
 -2.58509161e+03  3.34485600e+03  9.50000000e-02  1.84420000e+01
 -2.58637611e+03  3.34529900e+03  9.50000000e-02  1.82800000e+01
 -2.58666646e+03  3.34859600e+03  9.50000000e-02  1.81410000e+01
 -2.59154543e+03  3.35189300e+03  9.50000000e-02  1.79910000e+01
 -2.59321830e+03  3.35122300e+03  9.50000000e-02  1.80340000e+01
 -2.59517761e+03  3.35323200e+03  9.50000000e-02  1.80350000e+01
 -2.59837428e+03  3.35345900e+03  9.50000000e-02  1.80350000e+01
 -2.60149644e+03  3.35478800e+03  9.50000000e-02  1.80320000e+01
 -2.62060306e+03  3.36048500e+03  9.50000000e-02  1.80320000e+01
 -2.62392636e+03  3.36115500e+03  9.50000000e-02  1.80320000e+01
 -2.62658101e+03  3.36405100e+03  9.50000000e-02  1.80070000e+01
 -2.62658101e+03  3.36405100e+03  9.50000000e-02  1.80070000e+01
 -2.62701582e+03  3.36494700e+03  9.50000000e-02  1.79610000e+01
 -2.62701582e+03  3.36494700e+03  9.50000000e-02  1.79610000e+01
 -2.62715076e+03  3.36495800e+03  9.50000000e-02  1.79630000e+01
 -2.62771226e+03  3.36628700e+03  9.50000000e-02  1.79710000e+01
 -2.62771226e+03  3.36628700e+03  9.50000000e-02  1.79710000e+01
 -2.62818170e+03  3.36771400e+03  9.50000000e-02  1.80320000e+01
 -2.62951006e+03  3.37100000e+03  9.50000000e-02  1.79540000e+01
 -2.63129465e+03  3.37274100e+03  9.50000000e-02  1.80040000e+01
 -2.63590053e+03  3.37549700e+03  9.50000000e-02  1.80250000e+01
 -2.64013925e+03  3.37848000e+03  9.50000000e-02  1.79840000e+01
 -2.64968037e+03  3.37749500e+03  9.50000000e-02  1.82180000e+01
 -2.65037098e+03  3.37673900e+03  9.50000000e-02  1.82490000e+01
 -2.65447868e+03  3.37828300e+03  9.50000000e-02  1.83350000e+01
 -2.65661785e+03  3.38103900e+03  9.50000000e-02  1.83340000e+01
 -2.65836923e+03  3.38192500e+03  9.50000000e-02  1.84280000e+01
 -2.65836923e+03  3.38192500e+03  9.50000000e-02  1.84280000e+01
 -2.65900783e+03  3.38348100e+03  9.50000000e-02  1.83980000e+01
 -2.66426785e+03  3.38438800e+03  9.50000000e-02  1.84380000e+01
 -2.67265957e+03  3.38264700e+03  9.50000000e-02  1.84750000e+01
 -2.67265957e+03  3.38264700e+03  9.50000000e-02  1.84750000e+01
 -2.67438058e+03  3.38407400e+03  9.50000000e-02  1.85040000e+01
 -2.67421926e+03  3.38638700e+03  9.50000000e-02  1.83500000e+01
 -2.68094286e+03  3.38518700e+03  9.50000000e-02  1.82950000e+01
 -2.68118397e+03  3.38652700e+03  9.50000000e-02  1.82300000e+01
 -2.68118397e+03  3.38652700e+03  9.50000000e-02  1.82300000e+01
 -2.68150549e+03  3.38487300e+03  9.50000000e-02  1.83070000e+01
 -2.68406041e+03  3.38847300e+03  9.50000000e-02  1.83070000e+01
 -2.68607021e+03  3.38959600e+03  9.50000000e-02  1.83120000e+01
 -2.68835498e+03  3.39192000e+03  9.50000000e-02  1.83120000e+01
 -2.68847800e+03  3.39160600e+03  9.50000000e-02  1.83180000e+01
 -2.69047749e+03  3.39369200e+03  9.50000000e-02  1.82940000e+01
 -2.69047749e+03  3.39369200e+03  9.50000000e-02  1.82940000e+01
 -2.69047749e+03  3.39369200e+03  9.50000000e-02  1.82940000e+01
 -2.69420911e+03  3.39512900e+03  9.50000000e-02  1.83110000e+01
 -2.70264274e+03  3.39766900e+03  9.50000000e-02  1.82880000e+01
 -2.70803802e+03  3.40030700e+03  9.50000000e-02  1.82820000e+01
 -2.70844245e+03  3.40022000e+03  9.50000000e-02  1.82820000e+01
 -2.70844245e+03  3.40022000e+03  9.50000000e-02  1.82820000e+01
 -2.70913954e+03  3.40373200e+03  9.50000000e-02  1.82500000e+01
 -2.70931908e+03  3.39976600e+03  9.50000000e-02  1.84540000e+01
 -2.71252830e+03  3.39966800e+03  9.50000000e-02  1.84410000e+01
 -2.71505805e+03  3.40123400e+03  9.50000000e-02  1.84670000e+01
 -2.71523798e+03  3.40258400e+03  9.50000000e-02  1.84660000e+01
 -2.71523798e+03  3.40258400e+03  9.50000000e-02  1.84660000e+01
 -2.71523798e+03  3.40258400e+03  9.50000000e-02  1.84660000e+01
 -2.71523798e+03  3.40258400e+03  9.50000000e-02  1.84660000e+01
 -2.71523798e+03  3.40258400e+03  9.50000000e-02  1.84660000e+01
 -2.71448406e+03  3.40071500e+03  9.50000000e-02  1.84890000e+01
 -2.71443629e+03  3.39982800e+03  9.50000000e-02  1.84100000e+01
 -2.71443629e+03  3.39982800e+03  9.50000000e-02  1.84100000e+01
 -2.72377434e+03  3.40027100e+03  9.50000000e-02  1.85990000e+01
 -2.72672712e+03  3.40282100e+03  9.50000000e-02  1.85970000e+01
 -2.72664938e+03  3.40447500e+03  9.50000000e-02  1.85230000e+01
 -2.73141494e+03  3.40798800e+03  9.50000000e-02  1.84600000e+01
 -2.73141494e+03  3.40798800e+03  9.50000000e-02  1.84600000e+01
 -2.73297775e+03  3.40888400e+03  9.50000000e-02  1.84740000e+01
 -2.73350716e+03  3.40865700e+03  9.50000000e-02  1.85220000e+01
 -2.73350716e+03  3.40865700e+03  9.50000000e-02  1.85220000e+01
 -2.73350716e+03  3.40865700e+03  9.50000000e-02  1.85220000e+01
 -2.73826004e+03  3.41021300e+03  9.50000000e-02  1.85680000e+01
 -2.73837139e+03  3.41079600e+03  9.50000000e-02  1.85680000e+01
 -2.73837139e+03  3.41079600e+03  9.50000000e-02  1.85680000e+01
 -2.74171941e+03  3.41258900e+03  9.50000000e-02  1.85670000e+01
 -2.75089862e+03  3.41647900e+03  9.50000000e-02  1.84040000e+01
 -2.75181913e+03  3.41826200e+03  9.50000000e-02  1.84300000e+01
 -2.75541679e+03  3.42267200e+03  9.50000000e-02  1.83810000e+01
 -2.76628129e+03  3.42761200e+03  9.50000000e-02  1.83320000e+01
 -2.76969938e+03  3.42881200e+03  9.50000000e-02  1.83550000e+01
 -2.77793522e+03  3.43277800e+03  9.60000000e-02  1.83550000e+01
 -2.78952104e+03  3.43322100e+03  9.60000000e-02  1.83690000e+01
 -2.78939426e+03  3.43576100e+03  9.60000000e-02  1.83480000e+01
 -2.78939426e+03  3.43576100e+03  9.60000000e-02  1.83480000e+01
 -2.78939426e+03  3.43576100e+03  9.60000000e-02  1.83480000e+01
 -2.78940702e+03  3.43785800e+03  9.60000000e-02  1.83070000e+01
 -2.78917438e+03  3.44105700e+03  9.60000000e-02  1.82590000e+01
 -2.78917438e+03  3.44105700e+03  9.60000000e-02  1.82590000e+01
 -2.80326780e+03  3.44239600e+03  9.60000000e-02  1.82450000e+01
 -2.80341831e+03  3.44276300e+03  9.60000000e-02  1.82180000e+01
 -2.80370931e+03  3.44230900e+03  9.60000000e-02  1.82250000e+01
 -2.80421298e+03  3.44483800e+03  9.60000000e-02  1.82250000e+01
 -2.80421298e+03  3.44483800e+03  9.60000000e-02  1.82250000e+01
 -2.80642493e+03  3.44483800e+03  9.60000000e-02  1.82600000e+01
 -2.80642493e+03  3.44483800e+03  9.60000000e-02  1.82600000e+01
 -2.80811975e+03  3.44649100e+03  9.60000000e-02  1.82640000e+01
 -2.80861456e+03  3.44626400e+03  9.60000000e-02  1.82940000e+01
 -2.80861456e+03  3.44626400e+03  9.60000000e-02  1.82940000e+01
 -2.81754022e+03  3.44692300e+03  9.50000000e-02  1.82900000e+01
 -2.81744638e+03  3.45012200e+03  9.50000000e-02  1.82450000e+01
 -2.81744638e+03  3.45012200e+03  9.50000000e-02  1.82450000e+01
 -2.82205997e+03  3.45474800e+03  9.50000000e-02  1.82380000e+01
 -2.82205997e+03  3.45474800e+03  9.50000000e-02  1.82380000e+01
 -2.82205997e+03  3.45474800e+03  9.50000000e-02  1.82380000e+01
 -2.82546418e+03  3.45421800e+03  9.50000000e-02  1.82380000e+01
 -2.82546418e+03  3.45421800e+03  9.50000000e-02  1.82380000e+01
 -2.82689372e+03  3.45564500e+03  9.50000000e-02  1.81900000e+01
 -2.82735785e+03  3.45840000e+03  9.50000000e-02  1.81650000e+01
 -2.82719775e+03  3.45893000e+03  9.50000000e-02  1.81330000e+01
 -2.83160707e+03  3.46116700e+03  9.50000000e-02  1.81050000e+01
 -2.83199920e+03  3.46401000e+03  9.60000000e-02  1.80960000e+01
 -2.83414420e+03  3.46413900e+03  9.60000000e-02  1.81730000e+01
 -2.83844715e+03  3.46339200e+03  9.60000000e-02  1.81740000e+01
 -2.83844715e+03  3.46339200e+03  9.60000000e-02  1.81740000e+01
 -2.83998570e+03  3.46624600e+03  9.60000000e-02  1.80230000e+01
 -2.84212489e+03  3.46877500e+03  9.60000000e-02  1.80230000e+01
 -2.84380474e+03  3.47140200e+03  9.60000000e-02  1.80640000e+01
 -2.84380474e+03  3.47140200e+03  9.60000000e-02  1.80640000e+01
 -2.84380474e+03  3.47140200e+03  9.60000000e-02  1.80640000e+01
 -2.84380474e+03  3.47140200e+03  9.60000000e-02  1.80640000e+01
 -2.84410668e+03  3.46989800e+03  9.60000000e-02  1.81720000e+01
 -2.84604401e+03  3.47108800e+03  9.60000000e-02  1.82440000e+01
 -2.84604401e+03  3.47108800e+03  9.60000000e-02  1.82440000e+01
 -2.84722304e+03  3.47242700e+03  9.60000000e-02  1.81830000e+01
 -2.84722304e+03  3.47242700e+03  9.60000000e-02  1.81830000e+01
 -2.85740482e+03  3.47682600e+03  9.60000000e-02  1.81350000e+01
 -2.85744458e+03  3.47726900e+03  9.60000000e-02  1.81370000e+01
 -2.85744458e+03  3.47726900e+03  9.60000000e-02  1.81370000e+01
 -2.85849821e+03  3.47913900e+03  9.60000000e-02  1.81570000e+01
 -2.85849821e+03  3.47913900e+03  9.60000000e-02  1.81570000e+01
 -2.86069737e+03  3.48274900e+03  9.60000000e-02  1.80840000e+01
 -2.86609123e+03  3.48020900e+03  9.60000000e-02  1.80840000e+01
 -2.86950624e+03  3.47947400e+03  9.60000000e-02  1.80800000e+01
 -2.87357228e+03  3.48508400e+03  9.60000000e-02  1.80090000e+01
 -2.87357228e+03  3.48508400e+03  9.60000000e-02  1.80090000e+01
 -2.87357228e+03  3.48508400e+03  9.60000000e-02  1.80090000e+01
 -2.88428914e+03  3.48784000e+03  9.60000000e-02  1.79830000e+01
 -2.89459081e+03  3.49135300e+03  9.60000000e-02  1.79730000e+01
 -2.89459081e+03  3.49135300e+03  9.60000000e-02  1.79730000e+01
 -2.89678812e+03  3.49201200e+03  9.60000000e-02  1.79880000e+01
 -2.89678812e+03  3.49201200e+03  9.60000000e-02  1.79880000e+01
 -2.89678812e+03  3.49201200e+03  9.60000000e-02  1.79880000e+01
 -2.89678812e+03  3.49201200e+03  9.60000000e-02  1.79880000e+01
 -2.89678812e+03  3.49201200e+03  9.60000000e-02  1.79880000e+01
 -2.90187393e+03  3.49269300e+03  9.60000000e-02  1.79880000e+01
 -2.90187393e+03  3.49269300e+03  9.60000000e-02  1.79880000e+01
 -2.90187393e+03  3.49269300e+03  9.60000000e-02  1.79880000e+01
 -2.90706837e+03  3.49621600e+03  9.60000000e-02  1.79710000e+01
 -2.91095504e+03  3.49765400e+03  9.60000000e-02  1.79310000e+01
 -2.91518939e+03  3.49909100e+03  9.60000000e-02  1.78460000e+01
 -2.91588559e+03  3.50043100e+03  9.60000000e-02  1.78470000e+01
 -2.91588559e+03  3.50043100e+03  9.60000000e-02  1.78470000e+01
 -2.92384895e+03  3.49990000e+03  9.60000000e-02  1.78690000e+01
 -2.92384895e+03  3.49990000e+03  9.60000000e-02  1.78690000e+01
 -2.92384895e+03  3.49990000e+03  9.60000000e-02  1.78690000e+01
 -2.93040841e+03  3.50333700e+03  9.60000000e-02  1.78640000e+01
 -2.93358417e+03  3.50633000e+03  9.60000000e-02  1.78270000e+01
 -2.93370619e+03  3.50821100e+03  9.60000000e-02  1.77570000e+01
 -2.94244464e+03  3.50624200e+03  9.60000000e-02  1.78940000e+01
 -2.94244464e+03  3.50624200e+03  9.60000000e-02  1.78940000e+01
 -2.94244464e+03  3.50624200e+03  9.60000000e-02  1.78940000e+01
 -2.95065098e+03  3.50713900e+03  9.60000000e-02  1.79020000e+01
 -2.95110308e+03  3.50946300e+03  9.60000000e-02  1.78700000e+01
 -2.95751090e+03  3.51208900e+03  9.60000000e-02  1.78700000e+01
 -2.95926279e+03  3.51374300e+03  9.60000000e-02  1.78700000e+01
 -2.96644005e+03  3.51912600e+03  9.60000000e-02  1.77990000e+01
 -2.96639674e+03  3.51911500e+03  9.70000000e-02  1.78700000e+01
 -2.96703441e+03  3.52142900e+03  9.70000000e-02  1.78540000e+01
 -2.96703441e+03  3.52142900e+03  9.70000000e-02  1.78540000e+01
 -2.96703441e+03  3.52142900e+03  9.70000000e-02  1.78540000e+01
 -2.96703441e+03  3.52142900e+03  9.70000000e-02  1.78540000e+01
 -2.96795583e+03  3.52075900e+03  9.70000000e-02  1.78620000e+01
 -2.96799217e+03  3.52097500e+03  9.70000000e-02  1.78640000e+01
 -2.96799217e+03  3.52097500e+03  9.70000000e-02  1.78640000e+01
 -2.97664675e+03  3.52141800e+03  9.70000000e-02  1.78640000e+01
 -2.97741711e+03  3.52274700e+03  9.70000000e-02  1.78480000e+01
 -2.97741711e+03  3.52274700e+03  9.70000000e-02  1.78480000e+01
 -2.97840166e+03  3.52627000e+03  9.60000000e-02  1.77350000e+01
 -2.97858946e+03  3.52649700e+03  9.10000000e-02  1.77490000e+01
 -2.97968675e+03  3.53179300e+03  9.10000000e-02  1.76580000e+01
 -2.97970349e+03  3.53277600e+03  9.10000000e-02  1.76300000e+01
 -2.97970349e+03  3.53277600e+03  9.10000000e-02  1.76300000e+01
 -2.98102303e+03  3.53180300e+03  9.10000000e-02  1.76480000e+01
 -2.98102303e+03  3.53180300e+03  9.10000000e-02  1.76480000e+01
 -2.98102303e+03  3.53180300e+03  9.10000000e-02  1.76480000e+01
 -2.98102303e+03  3.53180300e+03  9.10000000e-02  1.76480000e+01
 -2.98102303e+03  3.53180300e+03  9.10000000e-02  1.76480000e+01
 -2.98356473e+03  3.53508900e+03  9.10000000e-02  1.76450000e+01
 -2.99424486e+03  3.53695900e+03  9.20000000e-02  1.77730000e+01
 -2.99424486e+03  3.53695900e+03  9.20000000e-02  1.77730000e+01
 -2.99424486e+03  3.53695900e+03  9.20000000e-02  1.77730000e+01
 -2.99424486e+03  3.53695900e+03  9.20000000e-02  1.77730000e+01
 -2.99424486e+03  3.53695900e+03  9.20000000e-02  1.77730000e+01
 -2.99986794e+03  3.53807200e+03  9.20000000e-02  1.77650000e+01
 -2.99986794e+03  3.53807200e+03  9.20000000e-02  1.77650000e+01
 -3.00167434e+03  3.53971500e+03  9.10000000e-02  1.77220000e+01
 -3.00276854e+03  3.53851500e+03  9.20000000e-02  1.77930000e+01
 -3.00357019e+03  3.53904500e+03  9.20000000e-02  1.78370000e+01
 -3.00357019e+03  3.53904500e+03  9.20000000e-02  1.78370000e+01
 -3.00357019e+03  3.53904500e+03  9.20000000e-02  1.78370000e+01
 -3.00357019e+03  3.53904500e+03  9.20000000e-02  1.78370000e+01
 -3.00357019e+03  3.53904500e+03  9.20000000e-02  1.78370000e+01
 -3.00357019e+03  3.53904500e+03  9.20000000e-02  1.78370000e+01
 -3.00357019e+03  3.53904500e+03  9.20000000e-02  1.78370000e+01
 -3.00692566e+03  3.53984300e+03  9.20000000e-02  1.79050000e+01
 -3.00662023e+03  3.53940000e+03  9.20000000e-02  1.79110000e+01
 -3.00866892e+03  3.53655700e+03  9.20000000e-02  1.79580000e+01
 -3.00866892e+03  3.53655700e+03  9.20000000e-02  1.79580000e+01
 -3.01815825e+03  3.53819900e+03  9.10000000e-02  1.78810000e+01
 -3.01815825e+03  3.53819900e+03  9.10000000e-02  1.78810000e+01
 -3.02144231e+03  3.54006900e+03  9.10000000e-02  1.77850000e+01
 -3.02144231e+03  3.54006900e+03  9.10000000e-02  1.77850000e+01
 -3.02144231e+03  3.54006900e+03  9.10000000e-02  1.77850000e+01
 -3.02187478e+03  3.54118200e+03  9.10000000e-02  1.77360000e+01
 -3.02187478e+03  3.54118200e+03  9.10000000e-02  1.77360000e+01
 -3.02206350e+03  3.54238200e+03  9.10000000e-02  1.77250000e+01
 -3.02483435e+03  3.54492200e+03  9.10000000e-02  1.77040000e+01
 -3.02483435e+03  3.54492200e+03  9.10000000e-02  1.77040000e+01
 -3.03379341e+03  3.55000100e+03  9.10000000e-02  1.75920000e+01
 -3.03379341e+03  3.55000100e+03  9.10000000e-02  1.75920000e+01
 -3.03379341e+03  3.55000100e+03  9.10000000e-02  1.75920000e+01
 -3.03348270e+03  3.55285500e+03  9.00000000e-02  1.74470000e+01
 -3.03442479e+03  3.55098500e+03  9.00000000e-02  1.74690000e+01
 -3.03442479e+03  3.55098500e+03  9.00000000e-02  1.74690000e+01
 -3.03507063e+03  3.55187100e+03  9.00000000e-02  1.74920000e+01
 -3.03501334e+03  3.55231400e+03  9.00000000e-02  1.74920000e+01
 -3.04394981e+03  3.55244300e+03  9.10000000e-02  1.74840000e+01
 -3.04394981e+03  3.55244300e+03  9.10000000e-02  1.74840000e+01
 -3.04394981e+03  3.55244300e+03  9.10000000e-02  1.74840000e+01
 -3.04484948e+03  3.55147000e+03  9.10000000e-02  1.76120000e+01
 -3.05076354e+03  3.55124300e+03  9.10000000e-02  1.75660000e+01
 -3.05328890e+03  3.55399900e+03  9.10000000e-02  1.75310000e+01
 -3.05328890e+03  3.55399900e+03  9.10000000e-02  1.75310000e+01
 -3.05330629e+03  3.55465800e+03  9.10000000e-02  1.75310000e+01
 -3.05389927e+03  3.55794300e+03  9.10000000e-02  1.74660000e+01
 -3.05566935e+03  3.55695900e+03  9.10000000e-02  1.76580000e+01
 -3.05566935e+03  3.55695900e+03  9.10000000e-02  1.76580000e+01
 -3.05791862e+03  3.55784500e+03  9.10000000e-02  1.77290000e+01
 -3.05791862e+03  3.55784500e+03  9.10000000e-02  1.77290000e+01
 -3.05791862e+03  3.55784500e+03  9.10000000e-02  1.77290000e+01
 -3.05851698e+03  3.55806100e+03  9.10000000e-02  1.77290000e+01
 -3.05851698e+03  3.55806100e+03  9.10000000e-02  1.77290000e+01
 -3.05851698e+03  3.55806100e+03  9.10000000e-02  1.77290000e+01
 -3.05851698e+03  3.55806100e+03  9.10000000e-02  1.77290000e+01
 -3.05851698e+03  3.55806100e+03  9.10000000e-02  1.77290000e+01
 -3.05851698e+03  3.55806100e+03  9.10000000e-02  1.77290000e+01
 -3.05976196e+03  3.56068800e+03  9.10000000e-02  1.76690000e+01
 -3.06051694e+03  3.56113100e+03  9.10000000e-02  1.76690000e+01
 -3.06051694e+03  3.56113100e+03  9.10000000e-02  1.76690000e+01
 -3.06042424e+03  3.56114100e+03  9.10000000e-02  1.76690000e+01
 -3.06127541e+03  3.56136800e+03  9.10000000e-02  1.77020000e+01
 -3.06207566e+03  3.56466500e+03  9.10000000e-02  1.75570000e+01
 -3.06207566e+03  3.56466500e+03  9.10000000e-02  1.75570000e+01
 -3.06207566e+03  3.56466500e+03  9.10000000e-02  1.75570000e+01
 -3.06207566e+03  3.56466500e+03  9.10000000e-02  1.75570000e+01
 -3.06207566e+03  3.56466500e+03  9.10000000e-02  1.75570000e+01
 -3.06843845e+03  3.56630800e+03  9.10000000e-02  1.75570000e+01
 -3.06843845e+03  3.56630800e+03  9.10000000e-02  1.75570000e+01
 -3.07180152e+03  3.56630800e+03  9.10000000e-02  1.75860000e+01
 -3.07180152e+03  3.56630800e+03  9.10000000e-02  1.75860000e+01
 -3.07902097e+03  3.56653500e+03  9.10000000e-02  1.77340000e+01
 -3.07902097e+03  3.56653500e+03  9.10000000e-02  1.77340000e+01
 -3.07952215e+03  3.56533400e+03  9.10000000e-02  1.77530000e+01
 -3.07993430e+03  3.56534500e+03  9.10000000e-02  1.77460000e+01
 -3.07993430e+03  3.56534500e+03  9.10000000e-02  1.77460000e+01
 -3.07993430e+03  3.56534500e+03  9.10000000e-02  1.77460000e+01
 -3.07993430e+03  3.56534500e+03  9.10000000e-02  1.77460000e+01
 -3.08197655e+03  3.56579900e+03  9.10000000e-02  1.76920000e+01
 -3.08508302e+03  3.56414500e+03  9.10000000e-02  1.77120000e+01
 -3.08508302e+03  3.56414500e+03  9.10000000e-02  1.77120000e+01
 -3.08526985e+03  3.56646800e+03  9.10000000e-02  1.76650000e+01
 -3.08704378e+03  3.56624100e+03  9.10000000e-02  1.77160000e+01
 -3.08704378e+03  3.56624100e+03  9.10000000e-02  1.77160000e+01
 -3.08704378e+03  3.56624100e+03  9.10000000e-02  1.77160000e+01
 -3.08704378e+03  3.56624100e+03  9.10000000e-02  1.77160000e+01
 -3.08794529e+03  3.56592700e+03  9.10000000e-02  1.77720000e+01
 -3.08794529e+03  3.56592700e+03  9.10000000e-02  1.77720000e+01
 -3.08794529e+03  3.56592700e+03  9.10000000e-02  1.77720000e+01
 -3.08794529e+03  3.56592700e+03  9.10000000e-02  1.77720000e+01
 -3.08794529e+03  3.56592700e+03  9.10000000e-02  1.77720000e+01
 -3.09020664e+03  3.56868300e+03  9.10000000e-02  1.77070000e+01
 -3.10045828e+03  3.57316900e+03  9.10000000e-02  1.77070000e+01
 -3.10045828e+03  3.57316900e+03  9.10000000e-02  1.77070000e+01
 -3.10045828e+03  3.57316900e+03  9.10000000e-02  1.77070000e+01
 -3.10529949e+03  3.57472500e+03  9.10000000e-02  1.77100000e+01
 -3.10529949e+03  3.57472500e+03  9.10000000e-02  1.77100000e+01
 -3.10529949e+03  3.57472500e+03  9.10000000e-02  1.77100000e+01
 -3.10529949e+03  3.57472500e+03  9.10000000e-02  1.77100000e+01
 -3.10593695e+03  3.57725400e+03  9.10000000e-02  1.75880000e+01
 -3.10593695e+03  3.57725400e+03  9.10000000e-02  1.75880000e+01
 -3.10593695e+03  3.57725400e+03  9.10000000e-02  1.75880000e+01
 -3.10593695e+03  3.57725400e+03  9.10000000e-02  1.75880000e+01
 -3.10752237e+03  3.57582600e+03  9.10000000e-02  1.76550000e+01
 -3.10752237e+03  3.57582600e+03  9.10000000e-02  1.76550000e+01
 -3.10752237e+03  3.57582600e+03  9.10000000e-02  1.76550000e+01
 -3.10752237e+03  3.57582600e+03  9.10000000e-02  1.76550000e+01
 -3.10752237e+03  3.57582600e+03  9.10000000e-02  1.76550000e+01
 -3.10959754e+03  3.57813900e+03  9.10000000e-02  1.76450000e+01
 -3.11798718e+03  3.57671200e+03  9.10000000e-02  1.76740000e+01
 -3.12492513e+03  3.57595500e+03  9.10000000e-02  1.76750000e+01
 -3.12492513e+03  3.57595500e+03  9.10000000e-02  1.76750000e+01
 -3.12492173e+03  3.57551200e+03  9.10000000e-02  1.76620000e+01
 -3.12492173e+03  3.57551200e+03  9.10000000e-02  1.76620000e+01
 -3.12492173e+03  3.57551200e+03  9.10000000e-02  1.76620000e+01
 -3.12492173e+03  3.57551200e+03  9.10000000e-02  1.76620000e+01
 -3.12596854e+03  3.57783500e+03  9.10000000e-02  1.76200000e+01
 -3.12813420e+03  3.58014800e+03  9.10000000e-02  1.76140000e+01
 -3.12813420e+03  3.58014800e+03  9.10000000e-02  1.76140000e+01
 -3.13238670e+03  3.58015900e+03  9.10000000e-02  1.76600000e+01
 -3.13342344e+03  3.58149900e+03  9.10000000e-02  1.76600000e+01
 -3.13342344e+03  3.58149900e+03  9.10000000e-02  1.76600000e+01
 -3.13342344e+03  3.58149900e+03  9.10000000e-02  1.76600000e+01
 -3.13342344e+03  3.58149900e+03  9.10000000e-02  1.76600000e+01
 -3.13366425e+03  3.58186500e+03  9.60000000e-02  1.76600000e+01
 -3.13366425e+03  3.58186500e+03  9.60000000e-02  1.76600000e+01
 -3.13366425e+03  3.58186500e+03  9.60000000e-02  1.76600000e+01
 -3.13869910e+03  3.58328100e+03  9.60000000e-02  1.76640000e+01
 -3.14528205e+03  3.58678300e+03  9.60000000e-02  1.76410000e+01
 -3.14528205e+03  3.58678300e+03  9.60000000e-02  1.76410000e+01
 -3.14594378e+03  3.58468600e+03  9.60000000e-02  1.76470000e+01
 -3.14594378e+03  3.58468600e+03  9.60000000e-02  1.76470000e+01
 -3.14594378e+03  3.58468600e+03  9.60000000e-02  1.76470000e+01
 -3.14655062e+03  3.58581000e+03  9.60000000e-02  1.76430000e+01
 -3.14726476e+03  3.58827300e+03  9.60000000e-02  1.76030000e+01
 -3.14726476e+03  3.58827300e+03  9.60000000e-02  1.76030000e+01
 -3.14726476e+03  3.58827300e+03  9.60000000e-02  1.76030000e+01
 -3.14726476e+03  3.58827300e+03  9.60000000e-02  1.76030000e+01
 -3.14726476e+03  3.58827300e+03  9.60000000e-02  1.76030000e+01
 -3.15391681e+03  3.58982900e+03  9.60000000e-02  1.76030000e+01
 -3.15466768e+03  3.58653200e+03  9.60000000e-02  1.77760000e+01
 -3.15466768e+03  3.58653200e+03  9.60000000e-02  1.77760000e+01
 -3.15466768e+03  3.58653200e+03  9.60000000e-02  1.77760000e+01
 -3.16151724e+03  3.58577500e+03  9.60000000e-02  1.77070000e+01
 -3.16168817e+03  3.58853100e+03  9.60000000e-02  1.76910000e+01
 -3.17541029e+03  3.59084300e+03  9.60000000e-02  1.77250000e+01
 -3.17551696e+03  3.58867000e+03  9.60000000e-02  1.77810000e+01
 -3.17551696e+03  3.58867000e+03  9.60000000e-02  1.77810000e+01
 -3.17551696e+03  3.58867000e+03  9.60000000e-02  1.77810000e+01
 -3.17551696e+03  3.58867000e+03  9.60000000e-02  1.77810000e+01
 -3.17551696e+03  3.58867000e+03  9.60000000e-02  1.77810000e+01
 -3.17715026e+03  3.58912400e+03  9.60000000e-02  1.77720000e+01
 -3.17727580e+03  3.59142600e+03  9.60000000e-02  1.77570000e+01
 -3.17727580e+03  3.59142600e+03  9.60000000e-02  1.77570000e+01
 -3.17727580e+03  3.59142600e+03  9.60000000e-02  1.77570000e+01
 -3.17830846e+03  3.59022600e+03  9.60000000e-02  1.77640000e+01
 -3.17830846e+03  3.59022600e+03  9.60000000e-02  1.77640000e+01
 -3.17830846e+03  3.59022600e+03  9.60000000e-02  1.77640000e+01
 -3.17830846e+03  3.59022600e+03  9.60000000e-02  1.77640000e+01
 -3.17830846e+03  3.59022600e+03  9.60000000e-02  1.77640000e+01
 -3.17830846e+03  3.59022600e+03  9.60000000e-02  1.77640000e+01
 -3.17895167e+03  3.59068000e+03  9.60000000e-02  1.76300000e+01
 -3.17895167e+03  3.59068000e+03  9.60000000e-02  1.76300000e+01
 -3.18582983e+03  3.59343600e+03  9.60000000e-02  1.76260000e+01
 -3.18582983e+03  3.59343600e+03  9.60000000e-02  1.76260000e+01
 -3.18582983e+03  3.59343600e+03  9.60000000e-02  1.76260000e+01
 -3.18582983e+03  3.59343600e+03  9.60000000e-02  1.76260000e+01
 -3.18582983e+03  3.59343600e+03  9.60000000e-02  1.76260000e+01
 -3.18774038e+03  3.59686200e+03  9.60000000e-02  1.76240000e+01
 -3.18774038e+03  3.59686200e+03  9.60000000e-02  1.76240000e+01
 -3.19179513e+03  3.59700200e+03  9.60000000e-02  1.75340000e+01
 -3.19179513e+03  3.59700200e+03  9.60000000e-02  1.75340000e+01
 -3.19179513e+03  3.59700200e+03  9.60000000e-02  1.75340000e+01
 -3.19225660e+03  3.59833100e+03  9.60000000e-02  1.75280000e+01
 -3.19225660e+03  3.59833100e+03  9.60000000e-02  1.75280000e+01
 -3.19225660e+03  3.59833100e+03  9.60000000e-02  1.75280000e+01
 -3.19225660e+03  3.59833100e+03  9.60000000e-02  1.75280000e+01
 -3.19338575e+03  3.60260100e+03  9.60000000e-02  1.73920000e+01
 -3.19338575e+03  3.60260100e+03  9.60000000e-02  1.73920000e+01
 -3.19518539e+03  3.60379000e+03  9.60000000e-02  1.74160000e+01
 -3.19518539e+03  3.60379000e+03  9.60000000e-02  1.74160000e+01
 -3.19518539e+03  3.60379000e+03  9.60000000e-02  1.74160000e+01
 -3.19518539e+03  3.60379000e+03  9.60000000e-02  1.74160000e+01
 -3.19518539e+03  3.60379000e+03  9.60000000e-02  1.74160000e+01
 -3.19525495e+03  3.60596300e+03  9.60000000e-02  1.73830000e+01
 -3.19525495e+03  3.60596300e+03  9.60000000e-02  1.73830000e+01
 -3.19525495e+03  3.60596300e+03  9.60000000e-02  1.73830000e+01
 -3.19525495e+03  3.60596300e+03  9.60000000e-02  1.73830000e+01
 -3.19682522e+03  3.60520600e+03  9.60000000e-02  1.74260000e+01
 -3.19682522e+03  3.60520600e+03  9.60000000e-02  1.74260000e+01
 -3.19682522e+03  3.60520600e+03  9.60000000e-02  1.74260000e+01
 -3.19969708e+03  3.61028500e+03  9.60000000e-02  1.73520000e+01
 -3.19969708e+03  3.61028500e+03  9.60000000e-02  1.73520000e+01
 -3.19969708e+03  3.61028500e+03  9.60000000e-02  1.73520000e+01
 -3.19969708e+03  3.61028500e+03  9.60000000e-02  1.73520000e+01
 -3.20200100e+03  3.61118200e+03  9.60000000e-02  1.73010000e+01
 -3.20546187e+03  3.61461900e+03  9.60000000e-02  1.71980000e+01
 -3.20546187e+03  3.61461900e+03  9.60000000e-02  1.71980000e+01
 -3.20546187e+03  3.61461900e+03  9.60000000e-02  1.71980000e+01
 -3.20546704e+03  3.61561400e+03  9.60000000e-02  1.71320000e+01
 -3.20546704e+03  3.61561400e+03  9.60000000e-02  1.71320000e+01
 -3.20546704e+03  3.61561400e+03  9.60000000e-02  1.71320000e+01
 -3.20546704e+03  3.61561400e+03  9.60000000e-02  1.71320000e+01
 -3.20655857e+03  3.61859600e+03  9.60000000e-02  1.70890000e+01
 -3.20684503e+03  3.61950400e+03  9.60000000e-02  1.70880000e+01
 -3.20684503e+03  3.61950400e+03  9.60000000e-02  1.70880000e+01
 -3.20684503e+03  3.61950400e+03  9.60000000e-02  1.70880000e+01
 -3.20684503e+03  3.61950400e+03  9.60000000e-02  1.70880000e+01
 -3.20684503e+03  3.61950400e+03  9.60000000e-02  1.70880000e+01
 -3.20684503e+03  3.61950400e+03  9.60000000e-02  1.70880000e+01
 -3.20684503e+03  3.61950400e+03  9.60000000e-02  1.70880000e+01
 -3.21352536e+03  3.61643400e+03  9.70000000e-02  1.71130000e+01
 -3.21352536e+03  3.61643400e+03  9.70000000e-02  1.71130000e+01
 -3.21380414e+03  3.61963300e+03  9.70000000e-02  1.70690000e+01
 -3.21380414e+03  3.61963300e+03  9.70000000e-02  1.70690000e+01
 -3.21428011e+03  3.61887600e+03  9.70000000e-02  1.70690000e+01
 -3.21428011e+03  3.61887600e+03  9.70000000e-02  1.70690000e+01
 -3.21844360e+03  3.61977200e+03  9.70000000e-02  1.70660000e+01
 -3.22198928e+03  3.61887500e+03  9.70000000e-02  1.71540000e+01
 -3.22198928e+03  3.61887500e+03  9.70000000e-02  1.71540000e+01
 -3.22198928e+03  3.61887500e+03  9.70000000e-02  1.71540000e+01
 -3.22294382e+03  3.61954500e+03  9.70000000e-02  1.72280000e+01
 -3.22294382e+03  3.61954500e+03  9.70000000e-02  1.72280000e+01
 -3.22291631e+03  3.61790200e+03  9.70000000e-02  1.73490000e+01
 -3.22291631e+03  3.61790200e+03  9.70000000e-02  1.73490000e+01
 -3.22291631e+03  3.61790200e+03  9.70000000e-02  1.73490000e+01
 -3.22291631e+03  3.61790200e+03  9.70000000e-02  1.73490000e+01
 -3.22291631e+03  3.61790200e+03  9.70000000e-02  1.73490000e+01
 -3.22369628e+03  3.61968500e+03  9.70000000e-02  1.72920000e+01
 -3.22699357e+03  3.62297100e+03  9.70000000e-02  1.72810000e+01
 -3.22740540e+03  3.62207400e+03  9.70000000e-02  1.72980000e+01
 -3.23005200e+03  3.62318700e+03  9.70000000e-02  1.72950000e+01
 -3.23117609e+03  3.62519700e+03  9.70000000e-02  1.71960000e+01
 -3.23988091e+03  3.62652600e+03  9.70000000e-02  1.71920000e+01
 -3.23988091e+03  3.62652600e+03  9.70000000e-02  1.71920000e+01
 -3.23988091e+03  3.62652600e+03  9.70000000e-02  1.71920000e+01
 -3.23988091e+03  3.62652600e+03  9.70000000e-02  1.71920000e+01
 -3.23988091e+03  3.62652600e+03  9.70000000e-02  1.71920000e+01
 -3.24049549e+03  3.62839600e+03  9.70000000e-02  1.71540000e+01
 -3.24049549e+03  3.62839600e+03  9.70000000e-02  1.71540000e+01
 -3.24260396e+03  3.63116200e+03  9.70000000e-02  1.71340000e+01
 -3.24260396e+03  3.63116200e+03  9.70000000e-02  1.71340000e+01
 -3.24260396e+03  3.63116200e+03  9.70000000e-02  1.71340000e+01
 -3.24260396e+03  3.63116200e+03  9.70000000e-02  1.71340000e+01
 -3.24260396e+03  3.63116200e+03  9.70000000e-02  1.71340000e+01
 -3.24260396e+03  3.63116200e+03  9.70000000e-02  1.71340000e+01
 -3.24260396e+03  3.63116200e+03  9.70000000e-02  1.71340000e+01
 -3.24640265e+03  3.63371200e+03  9.70000000e-02  1.71310000e+01
 -3.24640265e+03  3.63371200e+03  9.70000000e-02  1.71310000e+01
 -3.24702247e+03  3.63504100e+03  9.70000000e-02  1.71210000e+01
 -3.24702247e+03  3.63504100e+03  9.70000000e-02  1.71210000e+01
 -3.24702247e+03  3.63504100e+03  9.70000000e-02  1.71210000e+01
 -3.24702247e+03  3.63504100e+03  9.70000000e-02  1.71210000e+01
 -3.24800264e+03  3.63505200e+03  9.70000000e-02  1.71210000e+01
 -3.24876753e+03  3.63550600e+03  9.70000000e-02  1.71200000e+01
 -3.24876753e+03  3.63550600e+03  9.70000000e-02  1.71200000e+01
 -3.24876753e+03  3.63550600e+03  9.70000000e-02  1.71200000e+01
 -3.24876753e+03  3.63550600e+03  9.70000000e-02  1.71200000e+01
 -3.24876753e+03  3.63550600e+03  9.70000000e-02  1.71200000e+01
 -3.25784685e+03  3.63661800e+03  9.70000000e-02  1.71200000e+01
 -3.26390887e+03  3.63967700e+03  9.70000000e-02  1.70500000e+01
 -3.26448291e+03  3.64341700e+03  9.70000000e-02  1.67830000e+01
 -3.26502704e+03  3.64386000e+03  9.70000000e-02  1.67830000e+01
 -3.26502704e+03  3.64386000e+03  9.70000000e-02  1.67830000e+01
 -3.26502704e+03  3.64386000e+03  9.70000000e-02  1.67830000e+01
 -3.26502704e+03  3.64386000e+03  9.70000000e-02  1.67830000e+01
 -3.26502704e+03  3.64386000e+03  9.70000000e-02  1.67830000e+01
 -3.26502704e+03  3.64386000e+03  9.70000000e-02  1.67830000e+01
 -3.26518546e+03  3.64617300e+03  9.70000000e-02  1.67170000e+01
 -3.26518546e+03  3.64617300e+03  9.70000000e-02  1.67170000e+01
 -3.26518546e+03  3.64617300e+03  9.70000000e-02  1.67170000e+01
 -3.26775979e+03  3.64474600e+03  9.70000000e-02  1.68080000e+01
 -3.26775979e+03  3.64474600e+03  9.70000000e-02  1.68080000e+01
 -3.26775979e+03  3.64474600e+03  9.70000000e-02  1.68080000e+01
 -3.26775979e+03  3.64474600e+03  9.70000000e-02  1.68080000e+01
 -3.26775979e+03  3.64474600e+03  9.70000000e-02  1.68080000e+01
 -3.26787264e+03  3.64310300e+03  9.70000000e-02  1.68940000e+01
 -3.27388492e+03  3.64608500e+03  9.70000000e-02  1.68260000e+01
 -3.27388492e+03  3.64608500e+03  9.70000000e-02  1.68260000e+01
 -3.27395315e+03  3.64661500e+03  9.70000000e-02  1.68500000e+01
 -3.27395315e+03  3.64661500e+03  9.70000000e-02  1.68500000e+01
 -3.27879785e+03  3.64883000e+03  9.70000000e-02  1.68500000e+01
 -3.28011007e+03  3.64674400e+03  9.70000000e-02  1.68530000e+01
 -3.28017345e+03  3.64674400e+03  9.70000000e-02  1.68170000e+01
 -3.28017862e+03  3.64606300e+03  9.70000000e-02  1.68530000e+01
 -3.28017862e+03  3.64606300e+03  9.70000000e-02  1.68530000e+01
 -3.28017862e+03  3.64606300e+03  9.70000000e-02  1.68530000e+01
 -3.28017862e+03  3.64606300e+03  9.70000000e-02  1.68530000e+01
 -3.28017862e+03  3.64606300e+03  9.70000000e-02  1.68530000e+01
 -3.28017862e+03  3.64606300e+03  9.70000000e-02  1.68530000e+01
 -3.28017862e+03  3.64606300e+03  9.70000000e-02  1.68530000e+01
 -3.28381806e+03  3.64770600e+03  9.70000000e-02  1.68430000e+01
 -3.28381806e+03  3.64770600e+03  9.70000000e-02  1.68430000e+01
 -3.28381806e+03  3.64770600e+03  9.70000000e-02  1.68430000e+01
 -3.28381806e+03  3.64770600e+03  9.70000000e-02  1.68430000e+01
 -3.28381806e+03  3.64770600e+03  9.70000000e-02  1.68430000e+01
 -3.28990141e+03  3.64583600e+03  9.70000000e-02  1.68520000e+01
 -3.29205021e+03  3.64552200e+03  9.70000000e-02  1.69600000e+01
 -3.29205021e+03  3.64552200e+03  9.70000000e-02  1.69600000e+01
 -3.29205021e+03  3.64552200e+03  9.70000000e-02  1.69600000e+01
 -3.29644488e+03  3.64761900e+03  9.70000000e-02  1.69110000e+01
 -3.29757808e+03  3.65037500e+03  9.70000000e-02  1.68720000e+01
 -3.29770621e+03  3.64872100e+03  9.70000000e-02  1.69210000e+01
 -3.29770621e+03  3.64872100e+03  9.70000000e-02  1.69210000e+01
 -3.29770621e+03  3.64872100e+03  9.70000000e-02  1.69210000e+01
 -3.29770621e+03  3.64872100e+03  9.70000000e-02  1.69210000e+01
 -3.29770621e+03  3.64872100e+03  9.70000000e-02  1.69210000e+01
 -3.29770621e+03  3.64872100e+03  9.70000000e-02  1.69210000e+01
 -3.29770621e+03  3.64872100e+03  9.70000000e-02  1.69210000e+01
 -3.29770621e+03  3.64872100e+03  9.70000000e-02  1.69210000e+01
 -3.29787814e+03  3.64827800e+03  9.70000000e-02  1.68280000e+01
 -3.29787814e+03  3.64827800e+03  9.70000000e-02  1.68280000e+01
 -3.29787814e+03  3.64827800e+03  9.70000000e-02  1.68280000e+01
 -3.29881970e+03  3.64828900e+03  9.70000000e-02  1.68280000e+01
 -3.29881970e+03  3.64828900e+03  9.70000000e-02  1.68280000e+01
 -3.29881970e+03  3.64828900e+03  9.70000000e-02  1.68280000e+01
 -3.29881970e+03  3.64828900e+03  9.70000000e-02  1.68280000e+01
 -3.30122432e+03  3.64807300e+03  9.70000000e-02  1.68850000e+01
 -3.30484090e+03  3.64895800e+03  9.70000000e-02  1.69070000e+01
 -3.30682211e+03  3.64994200e+03  9.70000000e-02  1.69700000e+01
 -3.30877545e+03  3.65413500e+03  9.70000000e-02  1.69160000e+01
 -3.30877545e+03  3.65413500e+03  9.70000000e-02  1.69160000e+01
 -3.32177947e+03  3.65930200e+03  9.70000000e-02  1.68320000e+01
 -3.32260565e+03  3.66095600e+03  9.70000000e-02  1.67200000e+01
 -3.32260565e+03  3.66095600e+03  9.70000000e-02  1.67200000e+01
 -3.32260565e+03  3.66095600e+03  9.70000000e-02  1.67200000e+01
 -3.32643241e+03  3.65855600e+03  9.70000000e-02  1.67200000e+01
 -3.32643241e+03  3.65855600e+03  9.70000000e-02  1.67200000e+01
 -3.32643241e+03  3.65855600e+03  9.70000000e-02  1.67200000e+01
 -3.32643241e+03  3.65855600e+03  9.70000000e-02  1.67200000e+01
 -3.32712062e+03  3.65878300e+03  9.70000000e-02  1.67200000e+01
 -3.32712062e+03  3.65878300e+03  9.70000000e-02  1.67200000e+01
 -3.32710709e+03  3.65899900e+03  9.70000000e-02  1.67750000e+01
 -3.33174817e+03  3.65891100e+03  9.70000000e-02  1.67750000e+01
 -3.33174817e+03  3.65891100e+03  9.70000000e-02  1.67750000e+01
 -3.33174817e+03  3.65891100e+03  9.70000000e-02  1.67750000e+01
 -3.33303537e+03  3.65936500e+03  9.70000000e-02  1.67770000e+01
 -3.33303537e+03  3.65936500e+03  9.70000000e-02  1.67770000e+01
 -3.33303537e+03  3.65936500e+03  9.70000000e-02  1.67770000e+01
 -3.33303537e+03  3.65936500e+03  9.70000000e-02  1.67770000e+01
 -3.33518083e+03  3.66012200e+03  9.70000000e-02  1.68370000e+01
 -3.33518083e+03  3.66012200e+03  9.70000000e-02  1.68370000e+01
 -3.33518083e+03  3.66012200e+03  9.70000000e-02  1.68370000e+01
 -3.33518083e+03  3.66012200e+03  9.70000000e-02  1.68370000e+01