-1.56455120e+03  2.57626700e+03  8.80000000e-02  2.93540000e+01
 -1.57837697e+03  2.58045000e+03  8.80000000e-02  2.93370000e+01
 -1.57881921e+03  2.58374600e+03  8.80000000e-02  2.92640000e+01
 -1.58102287e+03  2.58891300e+03  8.80000000e-02  2.92100000e+01
 -1.58636372e+03  2.59473900e+03  8.80000000e-02  2.91850000e+01
 -1.58700905e+03  2.59773200e+03  8.80000000e-02  2.89910000e+01
 -1.58723198e+03  2.60387200e+03  8.80000000e-02  2.88110000e+01
 -1.58786829e+03  2.60542700e+03  8.80000000e-02  2.87950000e+01
 -1.58952804e+03  2.61081000e+03  8.80000000e-02  2.87840000e+01
 -1.60940830e+03  2.62016000e+03  8.80000000e-02  2.86280000e+01
 -1.61400733e+03  2.62226700e+03  8.80000000e-02  2.85570000e+01
 -1.61685539e+03  2.62906600e+03  8.80000000e-02  2.85510000e+01
 -1.61711005e+03  2.63347600e+03  8.80000000e-02  2.84380000e+01
 -1.61954890e+03  2.63677200e+03  8.80000000e-02  2.84320000e+01
 -1.62968625e+03  2.64170100e+03  8.80000000e-02  2.83870000e+01
 -1.63131037e+03  2.64566700e+03  8.80000000e-02  2.83340000e+01
 -1.64736018e+03  2.65314700e+03  8.80000000e-02  2.81910000e+01
 -1.64751624e+03  2.65787100e+03  8.80000000e-02  2.79790000e+01
 -1.65722019e+03  2.66602000e+03  8.80000000e-02  2.78810000e+01
 -1.65714193e+03  2.66744700e+03  8.80000000e-02  2.78320000e+01
 -1.65822474e+03  2.67194400e+03  8.80000000e-02  2.77430000e+01
 -1.65838889e+03  2.67283000e+03  8.80000000e-02  2.77350000e+01
 -1.65951067e+03  2.67790900e+03  8.80000000e-02  2.75380000e+01
 -1.66472037e+03  2.68360600e+03  8.80000000e-02  2.73830000e+01
 -1.67792296e+03  2.68801500e+03  8.80000000e-02  2.73810000e+01
 -1.67981171e+03  2.69011200e+03  8.80000000e-02  2.73780000e+01
 -1.68024349e+03  2.69429400e+03  8.80000000e-02  2.73600000e+01
 -1.68724922e+03  2.69826100e+03  8.80000000e-02  2.73410000e+01
 -1.68945151e+03  2.70243300e+03  8.80000000e-02  2.72180000e+01
 -1.69022846e+03  2.70497200e+03  8.80000000e-02  2.72190000e+01
 -1.69495221e+03  2.70893900e+03  8.80000000e-02  2.69860000e+01
 -1.71075467e+03  2.71246300e+03  8.80000000e-02  2.69600000e+01
 -1.72110928e+03  2.71641800e+03  8.80000000e-02  2.69580000e+01
 -1.73212692e+03  2.71894700e+03  8.90000000e-02  2.69580000e+01
 -1.73218008e+03  2.72028700e+03  8.90000000e-02  2.69560000e+01
 -1.73804061e+03  2.72161500e+03  8.90000000e-02  2.69480000e+01
 -1.73840171e+03  2.72393900e+03  8.90000000e-02  2.69390000e+01
 -1.74838509e+03  2.72954900e+03  8.90000000e-02  2.69290000e+01
 -1.74805133e+03  2.73141800e+03  8.90000000e-02  2.68350000e+01
 -1.75241759e+03  2.73395800e+03  8.90000000e-02  2.67980000e+01
 -1.76831675e+03  2.73868200e+03  8.90000000e-02  2.67980000e+01
 -1.76901864e+03  2.74330700e+03  8.90000000e-02  2.66270000e+01
 -1.77203869e+03  2.74846300e+03  8.90000000e-02  2.64840000e+01
 -1.77252675e+03  2.75450500e+03  8.90000000e-02  2.63140000e+01
 -1.77374713e+03  2.75638500e+03  8.90000000e-02  2.63060000e+01
 -1.77396589e+03  2.75869800e+03  8.90000000e-02  2.62290000e+01
 -1.78827870e+03  2.76453500e+03  8.90000000e-02  2.61960000e+01
 -1.78969414e+03  2.76626500e+03  8.90000000e-02  2.60950000e+01
 -1.78984471e+03  2.76737700e+03  8.90000000e-02  2.60840000e+01
 -1.79082637e+03  2.76946300e+03  8.90000000e-02  2.60780000e+01
 -1.79724570e+03  2.77220800e+03  8.90000000e-02  2.60780000e+01
 -1.80808294e+03  2.77399100e+03  8.90000000e-02  2.60780000e+01
 -1.81027940e+03  2.78155700e+03  8.90000000e-02  2.60300000e+01
 -1.81089688e+03  2.78551400e+03  8.90000000e-02  2.58960000e+01
 -1.81688562e+03  2.79068000e+03  8.90000000e-02  2.58500000e+01
 -1.81976112e+03  2.79322000e+03  8.90000000e-02  2.58300000e+01
 -1.82040206e+03  2.79486300e+03  9.00000000e-02  2.58620000e+01
 -1.82095002e+03  2.79814900e+03  9.00000000e-02  2.57850000e+01
 -1.82238092e+03  2.80100200e+03  9.00000000e-02  2.57800000e+01
 -1.82272493e+03  2.80220200e+03  9.00000000e-02  2.57860000e+01
 -1.82992102e+03  2.80691500e+03  9.00000000e-02  2.57460000e+01
 -1.83217129e+03  2.81185500e+03  9.00000000e-02  2.55650000e+01
 -1.83703749e+03  2.81977800e+03  9.00000000e-02  2.52230000e+01
 -1.83804111e+03  2.82298700e+03  9.00000000e-02  2.50550000e+01
 -1.83795898e+03  2.82531000e+03  9.00000000e-02  2.50580000e+01
 -1.83843222e+03  2.82642300e+03  9.00000000e-02  2.50880000e+01
 -1.84208570e+03  2.82784900e+03  9.00000000e-02  2.50900000e+01
 -1.85356199e+03  2.82873500e+03  9.00000000e-02  2.50900000e+01
 -1.85356199e+03  2.82873500e+03  9.00000000e-02  2.50900000e+01
 -1.85809698e+03  2.83203200e+03  9.10000000e-02  2.50770000e+01
 -1.85850691e+03  2.83478800e+03  9.10000000e-02  2.50730000e+01
 -1.84564044e+03  2.83545700e+03  9.10000000e-02  2.50400000e+01
 -1.84134179e+03  2.83852700e+03  9.10000000e-02  2.50400000e+01
 -1.84527792e+03  2.84315300e+03  9.10000000e-02  2.49690000e+01
 -1.84986556e+03  2.84898900e+03  9.10000000e-02  2.49220000e+01
 -1.85057798e+03  2.85130200e+03  9.10000000e-02  2.47520000e+01
 -1.84826704e+03  2.85131300e+03  9.10000000e-02  2.47470000e+01
 -1.84927009e+03  2.85745300e+03  9.10000000e-02  2.45840000e+01
 -1.85810424e+03  2.85953900e+03  9.10000000e-02  2.45390000e+01
 -1.86059592e+03  2.86657500e+03  9.10000000e-02  2.43470000e+01
 -1.86442832e+03  2.87075800e+03  9.10000000e-02  2.43440000e+01
 -1.86850436e+03  2.87129900e+03  9.10000000e-02  2.42790000e+01
 -1.86949127e+03  2.87308100e+03  9.10000000e-02  2.42680000e+01
 -1.87846781e+03  2.87539400e+03  9.10000000e-02  2.42530000e+01
 -1.87549526e+03  2.87418300e+03  9.10000000e-02  2.42400000e+01
 -1.87785505e+03  2.87619200e+03  9.10000000e-02  2.42520000e+01
 -1.88512116e+03  2.88224500e+03  9.10000000e-02  2.41110000e+01
 -1.88710528e+03  2.88913100e+03  9.10000000e-02  2.38910000e+01
 -1.88772560e+03  2.89211400e+03  9.10000000e-02  2.37630000e+01
 -1.90083859e+03  2.89181000e+03  9.10000000e-02  2.37630000e+01
 -1.90092915e+03  2.89248000e+03  9.10000000e-02  2.37600000e+01
 -1.90172471e+03  2.89447800e+03  9.10000000e-02  2.37440000e+01
 -1.90691665e+03  2.89814100e+03  9.10000000e-02  2.37110000e+01
 -1.90696243e+03  2.89979500e+03  9.00000000e-02  2.36660000e+01
 -1.90780295e+03  2.90299300e+03  9.00000000e-02  2.36620000e+01
 -1.90820482e+03  2.90156600e+03  9.00000000e-02  2.36490000e+01
 -1.90915573e+03  2.90433300e+03  8.90000000e-02  2.35120000e+01
 -1.90695502e+03  2.90785700e+03  8.90000000e-02  2.34170000e+01
 -1.90681554e+03  2.90598700e+03  8.90000000e-02  2.34730000e+01
 -1.90676884e+03  2.90905700e+03  8.90000000e-02  2.33090000e+01
 -1.90642965e+03  2.90951000e+03  8.90000000e-02  2.33100000e+01
 -1.90521160e+03  2.90875300e+03  9.00000000e-02  2.33040000e+01
 -1.90734717e+03  2.91489300e+03  9.00000000e-02  2.31100000e+01
 -1.90570133e+03  2.91466600e+03  9.00000000e-02  2.30100000e+01
 -1.90685100e+03  2.91743300e+03  9.00000000e-02  2.29790000e+01
 -1.92316039e+03  2.92414500e+03  9.00000000e-02  2.29480000e+01
 -1.92578697e+03  2.92392800e+03  9.00000000e-02  2.29550000e+01
 -1.92972511e+03  2.92766800e+03  9.00000000e-02  2.28930000e+01
 -1.93071805e+03  2.92976500e+03  9.00000000e-02  2.28890000e+01
 -1.93164215e+03  2.93590400e+03  9.00000000e-02  2.27690000e+01
 -1.93500897e+03  2.94009800e+03  9.00000000e-02  2.27620000e+01
 -1.93565241e+03  2.94405300e+03  8.90000000e-02  2.26780000e+01
 -1.93603615e+03  2.94450700e+03  8.90000000e-02  2.26690000e+01
 -1.93411763e+03  2.94249700e+03  8.90000000e-02  2.27460000e+01
 -1.93517178e+03  2.94712300e+03  9.00000000e-02  2.26240000e+01
 -1.93561792e+03  2.94846300e+03  9.00000000e-02  2.25940000e+01
 -1.93561792e+03  2.94846300e+03  9.00000000e-02  2.25940000e+01
 -1.93568968e+03  2.95189900e+03  9.00000000e-02  2.24340000e+01
 -1.93589986e+03  2.95511900e+03  9.00000000e-02  2.22900000e+01
 -1.93743568e+03  2.95930200e+03  9.00000000e-02  2.22490000e+01
 -1.93701840e+03  2.95796200e+03  9.00000000e-02  2.24450000e+01
 -1.94098216e+03  2.96379900e+03  9.00000000e-02  2.23460000e+01
 -1.94142268e+03  2.96940800e+03  9.00000000e-02  2.22040000e+01
 -1.93878356e+03  2.97226200e+03  9.00000000e-02  2.22050000e+01
 -1.93739519e+03  2.97391600e+03  9.00000000e-02  2.22130000e+01
 -1.93879482e+03  2.97601300e+03  9.00000000e-02  2.21110000e+01
 -1.93911763e+03  2.97899500e+03  9.00000000e-02  2.19360000e+01
 -1.94029003e+03  2.98064900e+03  9.00000000e-02  2.19390000e+01
 -1.94301868e+03  2.98857200e+03  9.00000000e-02  2.17350000e+01
 -1.94690449e+03  2.98693900e+03  9.00000000e-02  2.17710000e+01
 -1.94690449e+03  2.98693900e+03  9.00000000e-02  2.17710000e+01
 -1.94870708e+03  2.98849500e+03  9.00000000e-02  2.17710000e+01
 -1.95164813e+03  2.99028800e+03  9.00000000e-02  2.18060000e+01
 -1.95521369e+03  2.98931500e+03  9.00000000e-02  2.18060000e+01
 -1.95778017e+03  2.99260100e+03  9.00000000e-02  2.17980000e+01
 -1.95842174e+03  2.99118400e+03  9.00000000e-02  2.19750000e+01
 -1.95842174e+03  2.99118400e+03  9.00000000e-02  2.19750000e+01
 -1.96414484e+03  2.99438300e+03  9.00000000e-02  2.19720000e+01
 -1.96919386e+03  2.99723700e+03  9.00000000e-02  2.19810000e+01
 -1.97040586e+03  2.99889100e+03  9.00000000e-02  2.19620000e+01
 -1.97135593e+03  3.00053400e+03  9.00000000e-02  2.19620000e+01
 -1.97676772e+03  3.00277000e+03  9.00000000e-02  2.19430000e+01
 -1.97725835e+03  3.00515900e+03  9.00000000e-02  2.19450000e+01
 -1.97812342e+03  3.00537500e+03  9.00000000e-02  2.19630000e+01
 -1.98242019e+03  3.00724500e+03  9.00000000e-02  2.20470000e+01
 -1.98524834e+03  3.01023800e+03  9.00000000e-02  2.20350000e+01
 -1.98598553e+03  3.01419400e+03  9.00000000e-02  2.20020000e+01
 -1.98939558e+03  3.01793400e+03  9.00000000e-02  2.19650000e+01
 -1.99567723e+03  3.02167300e+03  9.00000000e-02  2.19630000e+01
 -1.99567723e+03  3.02167300e+03  9.00000000e-02  2.19630000e+01
 -1.99937811e+03  3.02375900e+03  9.00000000e-02  2.19630000e+01
 -2.00068583e+03  3.02188900e+03  9.00000000e-02  2.19360000e+01
 -1.99964968e+03  3.02398600e+03  9.00000000e-02  2.19130000e+01
 -1.99975047e+03  3.02661200e+03  9.00000000e-02  2.18350000e+01
 -2.01096874e+03  3.03296800e+03  9.00000000e-02  2.18070000e+01
 -2.01612724e+03  3.03702200e+03  9.00000000e-02  2.18070000e+01
 -2.01588027e+03  3.03670800e+03  9.00000000e-02  2.17900000e+01
 -2.02973522e+03  3.04111700e+03  9.00000000e-02  2.17730000e+01
 -2.03112398e+03  3.04388400e+03  9.00000000e-02  2.16770000e+01
 -2.03741492e+03  3.04785100e+03  9.00000000e-02  2.15950000e+01
 -2.04145798e+03  3.04874700e+03  9.00000000e-02  2.15600000e+01
 -2.04350463e+03  3.05120000e+03  9.00000000e-02  2.15420000e+01
 -2.04900806e+03  3.05725300e+03  9.00000000e-02  2.14690000e+01
 -2.05663422e+03  3.05858100e+03  9.00000000e-02  2.14710000e+01
 -2.05665907e+03  3.05879700e+03  9.00000000e-02  2.14630000e+01
 -2.06513911e+03  3.06045100e+03  9.00000000e-02  2.14350000e+01
 -2.06923042e+03  3.05970400e+03  9.00000000e-02  2.14950000e+01
 -2.06941874e+03  3.06103300e+03  9.00000000e-02  2.14810000e+01
 -2.07045846e+03  3.06236200e+03  9.00000000e-02  2.14760000e+01
 -2.07920909e+03  3.06774500e+03  9.00000000e-02  2.14760000e+01
 -2.08693067e+03  3.06684800e+03  9.00000000e-02  2.15900000e+01
 -2.08847219e+03  3.06751800e+03  9.00000000e-02  2.15900000e+01
 -2.09186976e+03  3.06975400e+03  9.00000000e-02  2.16020000e+01
 -2.09245594e+03  3.07042400e+03  9.00000000e-02  2.17030000e+01
 -2.09406031e+03  3.07153700e+03  9.00000000e-02  2.17610000e+01
 -2.09406031e+03  3.07153700e+03  9.00000000e-02  2.17610000e+01
 -2.10635231e+03  3.07376200e+03  9.00000000e-02  2.17610000e+01
 -2.10810183e+03  3.07606400e+03  9.00000000e-02  2.17420000e+01
 -2.11507853e+03  3.08166300e+03  9.00000000e-02  2.14780000e+01
 -2.11534207e+03  3.08278600e+03  9.00000000e-02  2.14700000e+01
 -2.10268927e+03  3.08114300e+03  9.00000000e-02  2.14700000e+01
 -2.10713418e+03  3.08781300e+03  9.00000000e-02  2.13710000e+01
 -2.10694396e+03  3.08848300e+03  9.00000000e-02  2.13690000e+01
 -2.10717111e+03  3.09155300e+03  9.00000000e-02  2.13430000e+01
 -2.11114388e+03  3.09387600e+03  9.00000000e-02  2.11820000e+01
 -2.11533186e+03  3.09685900e+03  9.10000000e-02  2.11410000e+01
 -2.11787265e+03  3.10330200e+03  9.10000000e-02  2.10460000e+01
 -2.11817533e+03  3.10441500e+03  9.10000000e-02  2.10510000e+01
 -2.12313772e+03  3.10792700e+03  9.10000000e-02  2.11290000e+01
 -2.12770879e+03  3.11167800e+03  9.10000000e-02  2.11140000e+01
 -2.12577418e+03  3.11047800e+03  9.10000000e-02  2.11600000e+01
 -2.12706280e+03  3.11301800e+03  9.10000000e-02  2.11600000e+01
 -2.12871224e+03  3.11360000e+03  9.10000000e-02  2.11170000e+01
 -2.13458660e+03  3.11822600e+03  9.10000000e-02  2.11000000e+01
 -2.13487220e+03  3.12076600e+03  9.10000000e-02  2.09110000e+01
 -2.14421664e+03  3.12669000e+03  9.10000000e-02  2.08300000e+01
 -2.17048449e+03  3.12803000e+03  9.10000000e-02  2.08800000e+01
 -2.17071739e+03  3.12981200e+03  9.10000000e-02  2.08190000e+01
 -2.17049847e+03  3.13168200e+03  9.10000000e-02  2.08190000e+01
 -2.17124069e+03  3.13475200e+03  9.10000000e-02  2.07810000e+01
 -2.17279592e+03  3.13759500e+03  9.10000000e-02  2.08910000e+01
 -2.17930066e+03  3.13991900e+03  9.10000000e-02  2.08910000e+01
 -2.18554217e+03  3.14246900e+03  9.10000000e-02  2.08850000e+01
 -2.19377095e+03  3.14305100e+03  9.10000000e-02  2.08750000e+01
 -2.20626749e+03  3.14394800e+03  8.30000000e-02  2.08900000e+01
 -2.20832224e+03  3.14670400e+03  8.30000000e-02  2.07850000e+01
 -2.21335452e+03  3.14954700e+03  8.30000000e-02  2.07390000e+01
 -2.21335452e+03  3.14954700e+03  8.30000000e-02  2.07390000e+01
 -2.22081884e+03  3.15471400e+03  8.30000000e-02  2.07010000e+01
 -2.24335505e+03  3.15813900e+03  8.30000000e-02  2.06950000e+01
 -2.24374603e+03  3.15925200e+03  8.40000000e-02  2.06850000e+01
 -2.24464580e+03  3.16200800e+03  8.40000000e-02  2.05760000e+01
 -2.24611055e+03  3.16387800e+03  8.40000000e-02  2.05660000e+01
 -2.24611055e+03  3.16387800e+03  8.40000000e-02  2.05660000e+01
 -2.24716136e+03  3.16564900e+03  8.40000000e-02  2.06240000e+01
 -2.25260735e+03  3.16564900e+03  8.40000000e-02  2.06300000e+01
 -2.25517875e+03  3.16862100e+03  8.60000000e-02  2.06290000e+01
 -2.25517875e+03  3.16862100e+03  8.60000000e-02  2.06290000e+01
 -2.26461764e+03  3.17160400e+03  8.60000000e-02  2.06250000e+01
 -2.26461764e+03  3.17160400e+03  8.60000000e-02  2.06250000e+01
 -2.27093847e+03  3.17338600e+03  8.80000000e-02  2.06490000e+01
 -2.27129747e+03  3.17264000e+03  8.80000000e-02  2.07320000e+01
 -2.28143358e+03  3.17399000e+03  8.80000000e-02  2.07320000e+01
 -2.28143358e+03  3.17399000e+03  8.80000000e-02  2.07320000e+01
 -2.29602510e+03  3.17367500e+03  8.80000000e-02  2.07250000e+01
 -2.29676788e+03  3.17577200e+03  8.80000000e-02  2.06640000e+01
 -2.29639945e+03  3.17652900e+03  8.80000000e-02  2.06830000e+01
 -2.30325324e+03  3.18191200e+03  8.80000000e-02  2.06190000e+01
 -2.31009213e+03  3.18160800e+03  8.80000000e-02  2.06630000e+01
 -2.31425683e+03  3.18280800e+03  8.80000000e-02  2.06630000e+01
 -2.31431687e+03  3.18423500e+03  8.80000000e-02  2.06630000e+01
 -2.31836914e+03  3.18797500e+03  8.80000000e-02  2.05470000e+01
 -2.32745771e+03  3.19237400e+03  8.80000000e-02  2.04730000e+01
 -2.32745771e+03  3.19237400e+03  8.80000000e-02  2.04730000e+01
 -2.32911482e+03  3.19327100e+03  8.80000000e-02  2.04920000e+01
 -2.32911482e+03  3.19327100e+03  8.80000000e-02  2.04920000e+01
 -2.32992106e+03  3.19558400e+03  8.80000000e-02  2.04980000e+01
 -2.33133195e+03  3.20193900e+03  8.80000000e-02  2.03160000e+01
 -2.33113328e+03  3.20073900e+03  8.80000000e-02  2.03670000e+01
 -2.32780947e+03  3.20140900e+03  8.80000000e-02  2.02700000e+01
 -2.32876061e+03  3.20066300e+03  8.80000000e-02  2.03600000e+01
 -2.32876061e+03  3.20066300e+03  8.80000000e-02  2.03600000e+01
 -2.32889600e+03  3.20297600e+03  8.80000000e-02  2.03250000e+01
 -2.32829723e+03  3.20394900e+03  8.90000000e-02  2.02840000e+01
 -2.32765211e+03  3.20230600e+03  8.90000000e-02  2.02880000e+01
 -2.33085672e+03  3.20440200e+03  8.80000000e-02  2.01540000e+01
 -2.33116169e+03  3.20694200e+03  8.70000000e-02  2.00770000e+01
 -2.33219008e+03  3.20805400e+03  8.80000000e-02  2.01080000e+01
 -2.33261186e+03  3.21104800e+03  8.80000000e-02  2.00380000e+01
 -2.33122054e+03  3.21322100e+03  8.80000000e-02  1.99340000e+01
 -2.32688238e+03  3.21486400e+03  8.70000000e-02  1.99200000e+01
 -2.32554510e+03  3.21246400e+03  8.70000000e-02  1.99070000e+01
 -2.32675363e+03  3.21411700e+03  8.70000000e-02  1.99190000e+01
 -2.32715574e+03  3.21555500e+03  8.70000000e-02  1.99090000e+01
 -2.33408970e+03  3.21712200e+03  8.80000000e-02  2.00500000e+01
 -2.34807211e+03  3.22100100e+03  8.80000000e-02  2.00500000e+01
 -2.34649640e+03  3.21793100e+03  8.80000000e-02  2.00570000e+01
 -2.35672596e+03  3.21958500e+03  8.80000000e-02  1.99980000e+01
 -2.35762050e+03  3.22212400e+03  8.90000000e-02  1.98810000e+01
 -2.35811964e+03  3.22168100e+03  8.80000000e-02  1.98710000e+01
 -2.35811964e+03  3.22168100e+03  8.80000000e-02  1.98710000e+01
 -2.36032938e+03  3.22542100e+03  8.90000000e-02  1.98630000e+01
 -2.36593539e+03  3.22706400e+03  8.90000000e-02  1.98850000e+01
 -2.36230992e+03  3.22520500e+03  8.90000000e-02  1.99200000e+01
 -2.36757420e+03  3.22564700e+03  8.90000000e-02  1.99070000e+01
 -2.37006314e+03  3.22916000e+03  8.90000000e-02  1.99070000e+01
 -2.37009526e+03  3.22938700e+03  8.90000000e-02  1.99030000e+01
 -2.37503637e+03  3.23156000e+03  8.90000000e-02  1.98860000e+01
 -2.37926527e+03  3.23552700e+03  8.90000000e-02  1.98760000e+01
 -2.37958593e+03  3.23762400e+03  8.90000000e-02  1.97540000e+01
 -2.38478147e+03  3.24114800e+03  8.90000000e-02  1.97540000e+01
 -2.38668694e+03  3.24421700e+03  8.90000000e-02  1.96700000e+01
 -2.38462527e+03  3.24213100e+03  8.90000000e-02  1.97070000e+01
 -2.38553855e+03  3.24512400e+03  9.00000000e-02  1.96750000e+01
 -2.38747274e+03  3.24566500e+03  9.00000000e-02  1.96860000e+01
 -2.38767876e+03  3.24655100e+03  9.00000000e-02  1.96680000e+01
 -2.38942114e+03  3.24259500e+03  9.00000000e-02  1.99070000e+01
 -2.39388206e+03  3.24260600e+03  9.00000000e-02  1.99110000e+01
 -2.39349333e+03  3.24073600e+03  9.00000000e-02  1.99180000e+01
 -2.39911901e+03  3.24589100e+03  9.00000000e-02  1.99150000e+01
 -2.39866555e+03  3.24259500e+03  9.00000000e-02  1.99670000e+01
 -2.40068738e+03  3.24140500e+03  9.00000000e-02  1.99610000e+01
 -2.40068738e+03  3.24140500e+03  9.00000000e-02  1.99610000e+01
 -2.40133167e+03  3.24020500e+03  9.00000000e-02  1.99610000e+01
 -2.40431900e+03  3.23969600e+03  9.00000000e-02  1.99450000e+01
 -2.40456328e+03  3.24058200e+03  9.00000000e-02  1.99500000e+01
 -2.40456328e+03  3.24058200e+03  9.00000000e-02  1.99500000e+01
 -2.40474315e+03  3.24154400e+03  9.00000000e-02  1.99480000e+01
 -2.40856938e+03  3.24618100e+03  9.00000000e-02  1.99390000e+01
 -2.41351029e+03  3.24474300e+03  9.00000000e-02  1.99570000e+01
 -2.41445530e+03  3.24675200e+03  9.00000000e-02  1.99490000e+01
 -2.41445530e+03  3.24675200e+03  9.00000000e-02  1.99490000e+01
 -2.41445530e+03  3.24675200e+03  9.00000000e-02  1.99490000e+01
 -2.41369303e+03  3.24773600e+03  9.00000000e-02  1.99890000e+01
 -2.42075435e+03  3.25267600e+03  8.90000000e-02  1.99750000e+01
 -2.42075435e+03  3.25267600e+03  8.90000000e-02  1.99750000e+01
 -2.42075435e+03  3.25267600e+03  8.90000000e-02  1.99750000e+01
 -2.43321336e+03  3.25267500e+03  8.90000000e-02  1.99930000e+01
 -2.43495176e+03  3.25478300e+03  8.90000000e-02  1.99890000e+01
 -2.43597493e+03  3.25554000e+03  8.90000000e-02  1.99890000e+01
 -2.44245988e+03  3.26116000e+03  8.90000000e-02  1.99910000e+01
 -2.44245988e+03  3.26116000e+03  8.90000000e-02  1.99910000e+01
 -2.44245988e+03  3.26116000e+03  8.90000000e-02  1.99910000e+01
 -2.43772564e+03  3.26191700e+03  8.90000000e-02  1.99180000e+01
 -2.43839473e+03  3.26587300e+03  8.90000000e-02  1.98220000e+01
 -2.43839473e+03  3.26587300e+03  8.90000000e-02  1.98220000e+01
 -2.44573514e+03  3.26751600e+03  8.90000000e-02  1.98270000e+01
 -2.44573514e+03  3.26751600e+03  8.90000000e-02  1.98270000e+01
 -2.44425345e+03  3.26840100e+03  8.90000000e-02  1.98240000e+01
 -2.44425345e+03  3.26840100e+03  8.90000000e-02  1.98240000e+01
 -2.44425345e+03  3.26840100e+03  8.90000000e-02  1.98240000e+01
 -2.44913426e+03  3.26951400e+03  9.10000000e-02  1.98160000e+01
 -2.45610202e+03  3.27281100e+03  9.00000000e-02  1.98080000e+01
 -2.45666375e+03  3.27445400e+03  9.00000000e-02  1.99010000e+01
 -2.47148375e+03  3.27689500e+03  9.00000000e-02  1.98880000e+01
 -2.47962430e+03  3.27742500e+03  9.00000000e-02  1.98880000e+01
 -2.47962430e+03  3.27742500e+03  9.00000000e-02  1.98880000e+01
 -2.48387218e+03  3.27435500e+03  9.00000000e-02  1.99200000e+01
 -2.48413775e+03  3.27688400e+03  9.00000000e-02  1.98050000e+01
 -2.48224591e+03  3.27665700e+03  9.00000000e-02  1.98100000e+01
 -2.48214229e+03  3.27643000e+03  9.00000000e-02  1.98780000e+01
 -2.48278165e+03  3.27807300e+03  9.00000000e-02  1.98840000e+01
 -2.48666951e+03  3.28018100e+03  9.00000000e-02  1.98910000e+01
 -2.48817053e+03  3.28404900e+03  9.00000000e-02  1.98430000e+01
 -2.48949706e+03  3.28489300e+03  9.00000000e-02  1.98680000e+01
 -2.48901959e+03  3.28325000e+03  9.00000000e-02  1.99310000e+01
 -2.49578324e+03  3.28437400e+03  9.00000000e-02  1.99310000e+01
 -2.49776195e+03  3.28548600e+03  9.00000000e-02  1.99270000e+01
 -2.50179962e+03  3.28638300e+03  9.00000000e-02  1.99270000e+01
 -2.50517317e+03  3.28825300e+03  9.00000000e-02  2.00760000e+01
 -2.50542089e+03  3.28969000e+03  9.00000000e-02  2.00580000e+01
 -2.50542089e+03  3.28969000e+03  9.00000000e-02  2.00580000e+01
 -2.52044859e+03  3.29388300e+03  9.00000000e-02  2.00080000e+01
 -2.52044859e+03  3.29388300e+03  9.00000000e-02  2.00080000e+01
 -2.53445240e+03  3.29752500e+03  9.00000000e-02  1.99920000e+01
 -2.53358049e+03  3.29498500e+03  9.00000000e-02  2.00200000e+01
 -2.53409947e+03  3.29552600e+03  9.00000000e-02  2.00490000e+01
 -2.53673834e+03  3.29597900e+03  9.00000000e-02  2.00490000e+01
 -2.53673834e+03  3.29597900e+03  9.00000000e-02  2.00490000e+01
 -2.54363771e+03  3.29896200e+03  9.00000000e-02  2.00730000e+01
 -2.54371985e+03  3.29963200e+03  9.00000000e-02  1.99700000e+01
 -2.54468329e+03  3.30284200e+03  9.00000000e-02  1.97710000e+01
 -2.54468329e+03  3.30284200e+03  9.00000000e-02  1.97710000e+01
 -2.54468329e+03  3.30284200e+03  9.00000000e-02  1.97710000e+01
 -2.54468329e+03  3.30284200e+03  9.00000000e-02  1.97710000e+01
 -2.54468329e+03  3.30284200e+03  9.00000000e-02  1.97710000e+01
 -2.54468329e+03  3.30284200e+03  9.00000000e-02  1.97710000e+01
 -2.54588659e+03  3.30209600e+03  9.00000000e-02  1.98140000e+01
 -2.54606289e+03  3.30396500e+03  8.90000000e-02  1.97320000e+01
 -2.55244778e+03  3.30410500e+03  9.00000000e-02  1.97290000e+01
 -2.55706176e+03  3.30553200e+03  8.90000000e-02  1.97040000e+01
 -2.55617507e+03  3.30575900e+03  8.90000000e-02  1.96210000e+01
 -2.55617507e+03  3.30575900e+03  8.90000000e-02  1.96210000e+01
 -2.56036041e+03  3.30716400e+03  8.90000000e-02  1.96120000e+01
 -2.56069602e+03  3.30462400e+03  8.90000000e-02  1.96930000e+01
 -2.55978506e+03  3.30386700e+03  9.00000000e-02  1.96740000e+01
 -2.56581906e+03  3.30485000e+03  9.00000000e-02  1.96740000e+01
 -2.56902761e+03  3.30552000e+03  9.00000000e-02  1.96900000e+01
 -2.57011484e+03  3.30806000e+03  9.00000000e-02  1.96100000e+01
 -2.57351049e+03  3.31487000e+03  9.00000000e-02  1.94880000e+01
 -2.57629297e+03  3.31875000e+03  9.00000000e-02  1.94920000e+01
 -2.57826380e+03  3.31919200e+03  9.20000000e-02  1.95170000e+01
 -2.58412750e+03  3.32195900e+03  9.20000000e-02  1.95130000e+01
 -2.58410397e+03  3.32218600e+03  9.20000000e-02  1.95000000e+01
 -2.58436145e+03  3.32219700e+03  9.20000000e-02  1.95080000e+01
 -2.58436145e+03  3.32219700e+03  9.20000000e-02  1.95080000e+01
 -2.59206903e+03  3.32670500e+03  9.20000000e-02  1.94510000e+01
 -2.59206903e+03  3.32670500e+03  9.20000000e-02  1.94510000e+01
 -2.59343338e+03  3.32459700e+03  9.20000000e-02  1.94970000e+01
 -2.59343338e+03  3.32459700e+03  9.20000000e-02  1.94970000e+01
 -2.59725357e+03  3.32536500e+03  9.20000000e-02  1.95010000e+01
 -2.59725357e+03  3.32536500e+03  9.20000000e-02  1.95010000e+01
 -2.60246750e+03  3.32656500e+03  9.10000000e-02  1.95030000e+01
 -2.60246750e+03  3.32656500e+03  9.10000000e-02  1.95030000e+01
 -2.61239857e+03  3.33172100e+03  9.10000000e-02  1.94970000e+01
 -2.61190144e+03  3.33119000e+03  9.10000000e-02  1.94940000e+01
 -2.60857840e+03  3.33381700e+03  9.10000000e-02  1.94400000e+01
 -2.60857840e+03  3.33381700e+03  9.10000000e-02  1.94400000e+01
 -2.61179518e+03  3.33821600e+03  9.10000000e-02  1.94250000e+01
 -2.61780816e+03  3.34075600e+03  9.10000000e-02  1.94250000e+01
 -2.61780816e+03  3.34075600e+03  9.10000000e-02  1.94250000e+01
 -2.62816931e+03  3.34217200e+03  9.10000000e-02  1.94990000e+01
 -2.62889959e+03  3.34426800e+03  9.20000000e-02  1.95280000e+01
 -2.62889959e+03  3.34426800e+03  9.20000000e-02  1.95280000e+01
 -2.62889959e+03  3.34426800e+03  9.20000000e-02  1.95280000e+01
 -2.62889959e+03  3.34426800e+03  9.20000000e-02  1.95280000e+01
 -2.63252161e+03  3.34614900e+03  9.20000000e-02  1.95280000e+01
 -2.63272034e+03  3.34681900e+03  9.20000000e-02  1.94770000e+01
 -2.63272034e+03  3.34681900e+03  9.20000000e-02  1.94770000e+01
 -2.63350549e+03  3.34680800e+03  9.10000000e-02  1.95220000e+01
 -2.63350549e+03  3.34680800e+03  9.10000000e-02  1.95220000e+01
 -2.63899367e+03  3.34536900e+03  9.10000000e-02  1.95150000e+01
 -2.64519648e+03  3.34559600e+03  9.10000000e-02  1.96820000e+01
 -2.64519648e+03  3.34559600e+03  9.10000000e-02  1.96820000e+01
 -2.64519648e+03  3.34559600e+03  9.10000000e-02  1.96820000e+01
 -2.64519648e+03  3.34559600e+03  9.10000000e-02  1.96820000e+01
 -2.64519648e+03  3.34559600e+03  9.10000000e-02  1.96820000e+01
 -2.64519648e+03  3.34559600e+03  9.10000000e-02  1.96820000e+01
 -2.64657511e+03  3.34679600e+03  9.10000000e-02  1.96820000e+01
 -2.64667112e+03  3.34963900e+03  9.00000000e-02  1.95180000e+01
 -2.64667112e+03  3.34963900e+03  9.00000000e-02  1.95180000e+01
 -2.64800028e+03  3.35569200e+03  9.00000000e-02  1.94040000e+01
 -2.65284060e+03  3.35657800e+03  9.00000000e-02  1.94290000e+01
 -2.65958496e+03  3.35911700e+03  9.00000000e-02  1.94200000e+01
 -2.65948578e+03  3.35978700e+03  9.00000000e-02  1.94250000e+01
 -2.65948578e+03  3.35978700e+03  9.00000000e-02  1.94250000e+01
 -2.66022012e+03  3.36144100e+03  9.00000000e-02  1.94250000e+01
 -2.66047277e+03  3.36167800e+03  9.00000000e-02  1.94170000e+01
 -2.66047595e+03  3.36519100e+03  9.00000000e-02  1.93690000e+01
 -2.65971484e+03  3.36706100e+03  9.00000000e-02  1.92190000e+01
 -2.65970538e+03  3.36915700e+03  9.30000000e-02  1.91770000e+01
 -2.67791074e+03  3.37146000e+03  9.30000000e-02  1.91770000e+01
 -2.67791074e+03  3.37146000e+03  9.30000000e-02  1.91770000e+01
 -2.67791074e+03  3.37146000e+03  9.30000000e-02  1.91770000e+01
 -2.67791074e+03  3.37146000e+03  9.30000000e-02  1.91770000e+01
 -2.67826081e+03  3.37004300e+03  9.40000000e-02  1.92510000e+01
 -2.68702727e+03  3.37092900e+03  9.40000000e-02  1.92640000e+01
 -2.68803591e+03  3.37092900e+03  9.40000000e-02  1.94110000e+01
 -2.68837874e+03  3.37094000e+03  9.40000000e-02  1.94110000e+01
 -2.68922819e+03  3.37071300e+03  9.40000000e-02  1.94180000e+01
 -2.68922819e+03  3.37071300e+03  9.40000000e-02  1.94180000e+01
 -2.69066667e+03  3.36951300e+03  9.30000000e-02  1.94120000e+01
 -2.69066667e+03  3.36951300e+03  9.30000000e-02  1.94120000e+01
 -2.69080612e+03  3.37061500e+03  9.30000000e-02  1.94090000e+01
 -2.69066120e+03  3.37204200e+03  9.30000000e-02  1.93930000e+01
 -2.69118882e+03  3.37217000e+03  9.40000000e-02  1.94670000e+01
 -2.69130927e+03  3.37402900e+03  9.30000000e-02  1.94310000e+01
 -2.69130927e+03  3.37402900e+03  9.30000000e-02  1.94310000e+01
 -2.69197391e+03  3.37648200e+03  9.30000000e-02  1.93690000e+01
 -2.69250359e+03  3.37680700e+03  9.50000000e-02  1.93690000e+01
 -2.69250359e+03  3.37680700e+03  9.50000000e-02  1.93690000e+01
 -2.69978903e+03  3.37492600e+03  9.50000000e-02  1.93870000e+01
 -2.69978903e+03  3.37492600e+03  9.50000000e-02  1.93870000e+01
 -2.70025640e+03  3.37702300e+03  9.60000000e-02  1.93760000e+01
 -2.70025640e+03  3.37702300e+03  9.60000000e-02  1.93760000e+01
 -2.70025640e+03  3.37702300e+03  9.60000000e-02  1.93760000e+01
 -2.70025640e+03  3.37702300e+03  9.60000000e-02  1.93760000e+01
 -2.70039385e+03  3.37791900e+03  9.60000000e-02  1.93600000e+01
 -2.70039385e+03  3.37791900e+03  9.60000000e-02  1.93600000e+01
 -2.70072788e+03  3.37978900e+03  9.60000000e-02  1.91660000e+01
 -2.70072788e+03  3.37978900e+03  9.60000000e-02  1.91660000e+01
 -2.70224630e+03  3.38143300e+03  9.60000000e-02  1.91420000e+01
 -2.70224630e+03  3.38143300e+03  9.60000000e-02  1.91420000e+01
 -2.70224630e+03  3.38143300e+03  9.60000000e-02  1.91420000e+01
 -2.70224630e+03  3.38143300e+03  9.60000000e-02  1.91420000e+01
 -2.70197609e+03  3.38067600e+03  9.60000000e-02  1.92580000e+01
 -2.70050476e+03  3.37971300e+03  9.60000000e-02  1.92580000e+01
 -2.70066269e+03  3.38180900e+03  9.60000000e-02  1.92350000e+01
 -2.70024077e+03  3.38233900e+03  9.60000000e-02  1.92340000e+01
 -2.70024077e+03  3.38233900e+03  9.60000000e-02  1.92340000e+01
 -2.70282420e+03  3.38532200e+03  9.60000000e-02  1.92290000e+01
 -2.70482746e+03  3.38629500e+03  9.70000000e-02  1.92060000e+01
 -2.71396159e+03  3.38993700e+03  9.70000000e-02  1.92060000e+01
 -2.72445788e+03  3.39225000e+03  9.70000000e-02  1.90910000e+01
 -2.72445788e+03  3.39225000e+03  9.70000000e-02  1.90910000e+01
 -2.72445788e+03  3.39225000e+03  9.70000000e-02  1.90910000e+01
 -2.72445788e+03  3.39225000e+03  9.70000000e-02  1.90910000e+01
 -2.72445788e+03  3.39225000e+03  9.70000000e-02  1.90910000e+01
 -2.72583009e+03  3.39433600e+03  9.70000000e-02  1.90890000e+01
 -2.72583009e+03  3.39433600e+03  9.70000000e-02  1.90890000e+01
 -2.72780764e+03  3.39500600e+03  9.70000000e-02  1.90990000e+01
 -2.72780764e+03  3.39500600e+03  9.70000000e-02  1.90990000e+01
 -2.72780764e+03  3.39500600e+03  9.70000000e-02  1.90990000e+01
 -2.72780764e+03  3.39500600e+03  9.70000000e-02  1.90990000e+01
 -2.73508953e+03  3.39994600e+03  9.70000000e-02  1.90890000e+01
 -2.73508953e+03  3.39994600e+03  9.70000000e-02  1.90890000e+01
 -2.74513515e+03  3.40084200e+03  9.70000000e-02  1.91100000e+01
 -2.74488701e+03  3.40203100e+03  9.80000000e-02  1.90340000e+01
 -2.74881402e+03  3.40391200e+03  9.80000000e-02  1.90100000e+01
 -2.74950176e+03  3.40578200e+03  9.80000000e-02  1.89780000e+01
 -2.75487086e+03  3.40503500e+03  9.90000000e-02  1.90150000e+01
 -2.75487086e+03  3.40503500e+03  9.90000000e-02  1.90150000e+01
 -2.75587003e+03  3.40570500e+03  9.90000000e-02  1.90110000e+01
 -2.76309561e+03  3.40339200e+03  9.90000000e-02  1.90200000e+01
 -2.76295328e+03  3.40196500e+03  9.90000000e-02  1.91730000e+01
 -2.76220258e+03  3.40308900e+03  9.80000000e-02  1.91170000e+01
 -2.76220258e+03  3.40308900e+03  9.80000000e-02  1.91170000e+01
 -2.76220258e+03  3.40308900e+03  9.80000000e-02  1.91170000e+01
 -2.76220258e+03  3.40308900e+03  9.80000000e-02  1.91170000e+01
 -2.76354363e+03  3.40540100e+03  9.80000000e-02  1.91030000e+01
 -2.77417495e+03  3.40494700e+03  9.80000000e-02  1.91340000e+01
 -2.77417495e+03  3.40494700e+03  9.80000000e-02  1.91340000e+01
 -2.77417495e+03  3.40494700e+03  9.80000000e-02  1.91340000e+01
 -2.77547128e+03  3.40660100e+03  9.80000000e-02  1.91340000e+01
 -2.77893610e+03  3.40727100e+03  9.80000000e-02  1.91820000e+01
 -2.77893610e+03  3.40727100e+03  9.80000000e-02  1.91820000e+01
 -2.77893610e+03  3.40727100e+03  9.80000000e-02  1.91820000e+01
 -2.78036318e+03  3.40936700e+03  9.80000000e-02  1.91950000e+01
 -2.78644271e+03  3.41212300e+03  9.50000000e-02  1.91170000e+01
 -2.78649380e+03  3.41355000e+03  9.50000000e-02  1.90660000e+01
 -2.78829208e+03  3.41662000e+03  9.50000000e-02  1.88150000e+01
 -2.78920711e+03  3.41826300e+03  9.40000000e-02  1.88050000e+01
 -2.78943644e+03  3.41736600e+03  9.40000000e-02  1.88050000e+01
 -2.78943644e+03  3.41736600e+03  9.40000000e-02  1.88050000e+01
 -2.78943644e+03  3.41736600e+03  9.40000000e-02  1.88050000e+01
 -2.79077791e+03  3.41780900e+03  9.40000000e-02  1.88050000e+01
 -2.79077791e+03  3.41780900e+03  9.40000000e-02  1.88050000e+01
 -2.79077791e+03  3.41780900e+03  9.40000000e-02  1.88050000e+01
 -2.79170810e+03  3.41826200e+03  9.40000000e-02  1.87930000e+01
 -2.79170810e+03  3.41826200e+03  9.40000000e-02  1.87930000e+01
 -2.79170810e+03  3.41826200e+03  9.40000000e-02  1.87930000e+01
 -2.79638334e+03  3.41946200e+03  9.40000000e-02  1.87930000e+01
 -2.79638334e+03  3.41946200e+03  9.40000000e-02  1.87930000e+01
 -2.81484986e+03  3.41914800e+03  9.60000000e-02  1.88700000e+01
 -2.81484986e+03  3.41914800e+03  9.60000000e-02  1.88700000e+01
 -2.81607863e+03  3.41913700e+03  9.60000000e-02  1.88970000e+01
 -2.81607863e+03  3.41913700e+03  9.60000000e-02  1.88970000e+01
 -2.81607863e+03  3.41913700e+03  9.60000000e-02  1.88970000e+01
 -2.81686196e+03  3.42025000e+03  9.60000000e-02  1.88910000e+01
 -2.81686196e+03  3.42025000e+03  9.60000000e-02  1.88910000e+01
 -2.82579935e+03  3.41948200e+03  9.60000000e-02  1.89140000e+01
 -2.82579935e+03  3.41948200e+03  9.60000000e-02  1.89140000e+01
 -2.82579935e+03  3.41948200e+03  9.60000000e-02  1.89140000e+01
 -2.82579935e+03  3.41948200e+03  9.60000000e-02  1.89140000e+01
 -2.82887768e+03  3.42179500e+03  9.60000000e-02  1.89160000e+01
 -2.82990239e+03  3.42366500e+03  9.70000000e-02  1.89900000e+01
 -2.83746361e+03  3.42927400e+03  9.70000000e-02  1.88760000e+01
 -2.83746361e+03  3.42927400e+03  9.70000000e-02  1.88760000e+01
 -2.83935200e+03  3.43025800e+03  9.70000000e-02  1.89020000e+01
 -2.84170549e+03  3.43190100e+03  9.70000000e-02  1.89070000e+01
 -2.84170549e+03  3.43190100e+03  9.70000000e-02  1.89070000e+01
 -2.84108142e+03  3.43444100e+03  9.70000000e-02  1.87460000e+01
 -2.84108142e+03  3.43444100e+03  9.70000000e-02  1.87460000e+01
 -2.84119559e+03  3.43564100e+03  9.70000000e-02  1.87320000e+01
 -2.84188562e+03  3.43937000e+03  9.60000000e-02  1.86050000e+01
 -2.84193432e+03  3.43770600e+03  9.60000000e-02  1.87640000e+01
 -2.84193432e+03  3.43770600e+03  9.60000000e-02  1.87640000e+01
 -2.84266668e+03  3.43904500e+03  9.60000000e-02  1.87410000e+01
 -2.84266668e+03  3.43904500e+03  9.60000000e-02  1.87410000e+01
 -2.84266668e+03  3.43904500e+03  9.60000000e-02  1.87410000e+01
 -2.84749488e+03  3.43949900e+03  9.70000000e-02  1.88150000e+01
 -2.84981308e+03  3.44069900e+03  9.70000000e-02  1.88430000e+01
 -2.84981308e+03  3.44069900e+03  9.70000000e-02  1.88430000e+01
 -2.85296717e+03  3.44181100e+03  9.70000000e-02  1.88660000e+01
 -2.85296717e+03  3.44181100e+03  9.70000000e-02  1.88660000e+01
 -2.85287701e+03  3.44115200e+03  9.70000000e-02  1.88690000e+01
 -2.85287701e+03  3.44115200e+03  9.70000000e-02  1.88690000e+01
 -2.85287701e+03  3.44115200e+03  9.70000000e-02  1.88690000e+01
 -2.85288382e+03  3.44136800e+03  9.70000000e-02  1.88660000e+01
 -2.85676892e+03  3.44278500e+03  9.70000000e-02  1.88660000e+01
 -2.85676892e+03  3.44278500e+03  9.70000000e-02  1.88660000e+01
 -2.85667434e+03  3.44278500e+03  9.70000000e-02  1.88750000e+01
 -2.85667434e+03  3.44278500e+03  9.70000000e-02  1.88750000e+01
 -2.85756064e+03  3.44674000e+03  9.80000000e-02  1.88130000e+01
 -2.85756064e+03  3.44674000e+03  9.80000000e-02  1.88130000e+01
 -2.86174768e+03  3.44741000e+03  9.80000000e-02  1.88460000e+01
 -2.86174768e+03  3.44741000e+03  9.80000000e-02  1.88460000e+01
 -2.86180052e+03  3.44733300e+03  9.80000000e-02  1.89060000e+01
 -2.86180052e+03  3.44733300e+03  9.80000000e-02  1.89060000e+01
 -2.86931447e+03  3.45040300e+03  9.70000000e-02  1.89130000e+01
 -2.86931447e+03  3.45040300e+03  9.70000000e-02  1.89130000e+01
 -2.87491798e+03  3.45677000e+03  9.70000000e-02  1.88720000e+01
 -2.87545035e+03  3.45655400e+03  9.70000000e-02  1.88670000e+01
 -2.87545035e+03  3.45655400e+03  9.70000000e-02  1.88670000e+01
 -2.87545035e+03  3.45655400e+03  9.70000000e-02  1.88670000e+01
 -2.87561380e+03  3.45775400e+03  9.70000000e-02  1.88580000e+01
 -2.87606775e+03  3.45767700e+03  9.70000000e-02  1.88510000e+01
 -2.87606775e+03  3.45767700e+03  9.70000000e-02  1.88510000e+01
 -2.87606775e+03  3.45767700e+03  9.70000000e-02  1.88510000e+01
 -2.87679867e+03  3.45781700e+03  9.40000000e-02  1.88050000e+01
 -2.87679867e+03  3.45781700e+03  9.40000000e-02  1.88050000e+01
 -2.88230675e+03  3.46080000e+03  9.40000000e-02  1.88050000e+01
 -2.88230675e+03  3.46080000e+03  9.40000000e-02  1.88050000e+01
 -2.88230675e+03  3.46080000e+03  9.40000000e-02  1.88050000e+01
 -2.88317364e+03  3.46080000e+03  9.40000000e-02  1.88050000e+01
 -2.88317364e+03  3.46080000e+03  9.40000000e-02  1.88050000e+01
 -2.88317364e+03  3.46080000e+03  9.40000000e-02  1.88050000e+01
 -2.88364689e+03  3.46169600e+03  9.40000000e-02  1.88080000e+01
 -2.88400245e+03  3.46259300e+03  9.40000000e-02  1.87930000e+01
 -2.88400245e+03  3.46259300e+03  9.40000000e-02  1.87930000e+01
 -2.88400245e+03  3.46259300e+03  9.40000000e-02  1.87930000e+01
 -2.88400245e+03  3.46259300e+03  9.40000000e-02  1.87930000e+01
 -2.88400245e+03  3.46259300e+03  9.40000000e-02  1.87930000e+01
 -2.88400245e+03  3.46259300e+03  9.40000000e-02  1.87930000e+01
 -2.88917307e+03  3.46620400e+03  9.40000000e-02  1.87800000e+01
 -2.88956049e+03  3.46598800e+03  9.40000000e-02  1.87800000e+01
 -2.88956049e+03  3.46598800e+03  9.40000000e-02  1.87800000e+01
 -2.88956049e+03  3.46598800e+03  9.40000000e-02  1.87800000e+01
 -2.89114006e+03  3.46643100e+03  9.40000000e-02  1.86640000e+01
 -2.89299296e+03  3.46821400e+03  9.40000000e-02  1.86880000e+01
 -2.89326501e+03  3.46777100e+03  9.40000000e-02  1.87080000e+01
 -2.90061120e+03  3.46972800e+03  9.50000000e-02  1.86740000e+01
 -2.90214134e+03  3.47138100e+03  9.50000000e-02  1.86690000e+01
 -2.90352437e+03  3.47196400e+03  9.50000000e-02  1.86580000e+01
 -2.90923608e+03  3.47330400e+03  9.50000000e-02  1.86580000e+01
 -2.91763062e+03  3.47704400e+03  9.40000000e-02  1.86490000e+01
 -2.91763062e+03  3.47704400e+03  9.40000000e-02  1.86490000e+01
 -2.91763062e+03  3.47704400e+03  9.40000000e-02  1.86490000e+01
 -2.91864985e+03  3.47958300e+03  9.40000000e-02  1.86250000e+01
 -2.92489530e+03  3.48101000e+03  9.40000000e-02  1.86830000e+01
 -2.92489530e+03  3.48101000e+03  9.40000000e-02  1.86830000e+01
 -2.92489530e+03  3.48101000e+03  9.40000000e-02  1.86830000e+01
 -2.92796979e+03  3.48288000e+03  9.40000000e-02  1.87640000e+01
 -2.92796979e+03  3.48288000e+03  9.40000000e-02  1.87640000e+01
 -2.92796979e+03  3.48288000e+03  9.40000000e-02  1.87640000e+01
 -2.92796979e+03  3.48288000e+03  9.40000000e-02  1.87640000e+01
 -2.92803795e+03  3.48265300e+03  9.40000000e-02  1.87650000e+01
 -2.92967297e+03  3.48549600e+03  9.40000000e-02  1.87420000e+01
 -2.92967297e+03  3.48549600e+03  9.40000000e-02  1.87420000e+01
 -2.93050267e+03  3.48660800e+03  9.40000000e-02  1.87400000e+01
 -2.93092639e+03  3.48892100e+03  9.40000000e-02  1.87540000e+01
 -2.93393619e+03  3.49332000e+03  9.40000000e-02  1.86320000e+01
 -2.93414289e+03  3.49377400e+03  9.40000000e-02  1.86390000e+01
 -2.93414289e+03  3.49377400e+03  9.40000000e-02  1.86390000e+01
 -2.93556814e+03  3.49487600e+03  9.40000000e-02  1.86430000e+01
 -2.93556814e+03  3.49487600e+03  9.40000000e-02  1.86430000e+01
 -2.93588523e+03  3.49577200e+03  9.30000000e-02  1.86380000e+01
 -2.93588523e+03  3.49577200e+03  9.30000000e-02  1.86380000e+01
 -2.93588523e+03  3.49577200e+03  9.30000000e-02  1.86380000e+01
 -2.93588523e+03  3.49577200e+03  9.30000000e-02  1.86380000e+01
 -2.94570246e+03  3.49743700e+03  9.30000000e-02  1.86380000e+01
 -2.94570246e+03  3.49743700e+03  9.30000000e-02  1.86380000e+01
 -2.94570246e+03  3.49743700e+03  9.30000000e-02  1.86380000e+01
 -2.94570246e+03  3.49743700e+03  9.30000000e-02  1.86380000e+01
 -2.95883156e+03  3.50064600e+03  9.30000000e-02  1.86360000e+01
 -2.95906100e+03  3.50362900e+03  9.30000000e-02  1.86120000e+01
 -2.96067207e+03  3.50736900e+03  9.10000000e-02  1.85980000e+01
 -2.96787440e+03  3.50782200e+03  9.10000000e-02  1.86760000e+01
 -2.96787440e+03  3.50782200e+03  9.10000000e-02  1.86760000e+01
 -2.96787440e+03  3.50782200e+03  9.10000000e-02  1.86760000e+01
 -2.96787440e+03  3.50782200e+03  9.10000000e-02  1.86760000e+01
 -2.96787440e+03  3.50782200e+03  9.10000000e-02  1.86760000e+01
 -2.96814462e+03  3.50693600e+03  9.10000000e-02  1.86930000e+01
 -2.96814462e+03  3.50693600e+03  9.10000000e-02  1.86930000e+01
 -2.97298426e+03  3.51044900e+03  9.10000000e-02  1.86730000e+01
 -2.97318243e+03  3.51134600e+03  9.10000000e-02  1.86440000e+01
 -2.97318243e+03  3.51134600e+03  9.10000000e-02  1.86440000e+01
 -2.97318243e+03  3.51134600e+03  9.10000000e-02  1.86440000e+01
 -2.97657138e+03  3.51210300e+03  9.10000000e-02  1.86090000e+01
 -2.97657138e+03  3.51210300e+03  9.10000000e-02  1.86090000e+01
 -2.97657138e+03  3.51210300e+03  9.10000000e-02  1.86090000e+01
 -2.98083467e+03  3.51113000e+03  9.10000000e-02  1.86100000e+01
 -2.98566604e+03  3.51036200e+03  9.10000000e-02  1.86150000e+01
 -2.98715856e+03  3.51387500e+03  9.00000000e-02  1.85450000e+01
 -2.99188237e+03  3.51432800e+03  9.00000000e-02  1.85490000e+01
 -3.00056388e+03  3.51784100e+03  9.00000000e-02  1.85480000e+01
 -3.00056388e+03  3.51784100e+03  9.00000000e-02  1.85480000e+01
 -3.01067970e+03  3.51918100e+03  9.00000000e-02  1.85480000e+01
 -3.01177007e+03  3.52020700e+03  9.00000000e-02  1.85730000e+01
 -3.01655099e+03  3.52274700e+03  9.00000000e-02  1.84530000e+01
 -3.01658654e+03  3.52505900e+03  8.80000000e-02  1.84330000e+01
 -3.01658654e+03  3.52505900e+03  8.80000000e-02  1.84330000e+01
 -3.01658654e+03  3.52505900e+03  8.80000000e-02  1.84330000e+01
 -3.01658654e+03  3.52505900e+03  8.80000000e-02  1.84330000e+01
 -3.01790404e+03  3.52782600e+03  8.80000000e-02  1.83350000e+01
 -3.02346679e+03  3.53089600e+03  8.80000000e-02  1.83350000e+01
 -3.02346679e+03  3.53089600e+03  8.80000000e-02  1.83350000e+01
 -3.02346679e+03  3.53089600e+03  8.80000000e-02  1.83350000e+01
 -3.02346679e+03  3.53089600e+03  8.80000000e-02  1.83350000e+01
 -3.02436317e+03  3.53343600e+03  8.80000000e-02  1.82930000e+01
 -3.02542592e+03  3.53356400e+03  8.80000000e-02  1.83420000e+01
 -3.02542592e+03  3.53356400e+03  8.80000000e-02  1.83420000e+01
 -3.02542592e+03  3.53356400e+03  8.80000000e-02  1.83420000e+01
 -3.02542592e+03  3.53356400e+03  8.80000000e-02  1.83420000e+01
 -3.02542592e+03  3.53356400e+03  8.80000000e-02  1.83420000e+01
 -3.02542592e+03  3.53356400e+03  8.80000000e-02  1.83420000e+01
 -3.02542592e+03  3.53356400e+03  8.80000000e-02  1.83420000e+01
 -3.02916416e+03  3.53668700e+03  8.80000000e-02  1.83320000e+01
 -3.02916416e+03  3.53668700e+03  8.80000000e-02  1.83320000e+01
 -3.02916416e+03  3.53668700e+03  8.80000000e-02  1.83320000e+01
 -3.02916416e+03  3.53668700e+03  8.80000000e-02  1.83320000e+01
 -3.02916416e+03  3.53668700e+03  8.80000000e-02  1.83320000e+01
 -3.03110990e+03  3.53953000e+03  8.80000000e-02  1.83580000e+01
 -3.03110990e+03  3.53953000e+03  8.80000000e-02  1.83580000e+01
 -3.03659381e+03  3.53668700e+03  8.80000000e-02  1.85110000e+01
 -3.03692183e+03  3.53735700e+03  8.80000000e-02  1.85050000e+01
 -3.03692183e+03  3.53735700e+03  8.80000000e-02  1.85050000e+01
 -3.03692183e+03  3.53735700e+03  8.80000000e-02  1.85050000e+01
 -3.03692183e+03  3.53735700e+03  8.80000000e-02  1.85050000e+01
 -3.04106930e+03  3.53825300e+03  8.90000000e-02  1.83480000e+01
 -3.04135987e+03  3.53839300e+03  8.90000000e-02  1.83680000e+01
 -3.04135987e+03  3.53839300e+03  8.90000000e-02  1.83680000e+01
 -3.04135987e+03  3.53839300e+03  8.90000000e-02  1.83680000e+01
 -3.04135987e+03  3.53839300e+03  8.90000000e-02  1.83680000e+01
 -3.04135987e+03  3.53839300e+03  8.90000000e-02  1.83680000e+01
 -3.04173262e+03  3.54017600e+03  8.80000000e-02  1.82950000e+01
 -3.04167804e+03  3.54061900e+03  8.80000000e-02  1.83020000e+01
 -3.04179862e+03  3.54226200e+03  8.80000000e-02  1.82880000e+01
 -3.04179862e+03  3.54226200e+03  8.80000000e-02  1.82880000e+01
 -3.04179862e+03  3.54226200e+03  8.80000000e-02  1.82880000e+01
 -3.04380802e+03  3.54510400e+03  8.80000000e-02  1.83280000e+01
 -3.04380802e+03  3.54510400e+03  8.80000000e-02  1.83280000e+01
 -3.04380802e+03  3.54510400e+03  8.80000000e-02  1.83280000e+01
 -3.04503282e+03  3.54750400e+03  8.70000000e-02  1.83080000e+01
 -3.05060600e+03  3.54936400e+03  8.70000000e-02  1.82420000e+01
 -3.05584651e+03  3.55146100e+03  8.60000000e-02  1.80450000e+01
 -3.06752591e+03  3.55511300e+03  8.60000000e-02  1.80340000e+01
 -3.07860799e+03  3.55712300e+03  8.60000000e-02  1.80340000e+01
 -3.07979498e+03  3.56042000e+03  8.60000000e-02  1.78200000e+01
 -3.07979498e+03  3.56042000e+03  8.60000000e-02  1.78200000e+01
 -3.08044448e+03  3.56177000e+03  8.60000000e-02  1.78650000e+01
 -3.08085106e+03  3.56198600e+03  8.60000000e-02  1.78650000e+01
 -3.08085106e+03  3.56198600e+03  8.60000000e-02  1.78650000e+01
 -3.08085106e+03  3.56198600e+03  8.60000000e-02  1.78650000e+01
 -3.08085106e+03  3.56198600e+03  8.60000000e-02  1.78650000e+01
 -3.08085106e+03  3.56198600e+03  8.60000000e-02  1.78650000e+01
 -3.08165302e+03  3.56362900e+03  8.60000000e-02  1.78660000e+01
 -3.08155918e+03  3.56318600e+03  8.70000000e-02  1.78730000e+01
 -3.08155918e+03  3.56318600e+03  8.70000000e-02  1.78730000e+01
 -3.08155918e+03  3.56318600e+03  8.70000000e-02  1.78730000e+01
 -3.08947824e+03  3.56198600e+03  8.70000000e-02  1.78380000e+01
 -3.08947824e+03  3.56198600e+03  8.70000000e-02  1.78380000e+01
 -3.09552891e+03  3.56288200e+03  8.70000000e-02  1.78240000e+01
 -3.09552891e+03  3.56288200e+03  8.70000000e-02  1.78240000e+01
 -3.09552891e+03  3.56288200e+03  8.70000000e-02  1.78240000e+01
 -3.09552891e+03  3.56288200e+03  8.70000000e-02  1.78240000e+01
 -3.09576115e+03  3.56257900e+03  8.70000000e-02  1.78590000e+01
 -3.09576115e+03  3.56257900e+03  8.70000000e-02  1.78590000e+01
 -3.09783749e+03  3.56542200e+03  8.80000000e-02  1.78150000e+01
 -3.09989719e+03  3.56578900e+03  8.80000000e-02  1.77370000e+01
 -3.10195395e+03  3.56712900e+03  8.80000000e-02  1.77170000e+01
 -3.10195395e+03  3.56712900e+03  8.80000000e-02  1.77170000e+01
 -3.10246219e+03  3.56921500e+03  8.80000000e-02  1.76020000e+01
 -3.10336327e+03  3.57086900e+03  8.80000000e-02  1.75980000e+01
 -3.10336327e+03  3.57086900e+03  8.80000000e-02  1.75980000e+01
 -3.10336327e+03  3.57086900e+03  8.80000000e-02  1.75980000e+01
 -3.10948244e+03  3.57056500e+03  8.90000000e-02  1.76070000e+01
 -3.11010105e+03  3.57221900e+03  8.90000000e-02  1.76030000e+01
 -3.11010105e+03  3.57221900e+03  8.90000000e-02  1.76030000e+01
 -3.11010105e+03  3.57221900e+03  8.90000000e-02  1.76030000e+01
 -3.11132267e+03  3.57728800e+03  8.90000000e-02  1.73650000e+01
 -3.11132267e+03  3.57728800e+03  8.90000000e-02  1.73650000e+01
 -3.11132267e+03  3.57728800e+03  8.90000000e-02  1.73650000e+01
 -3.11398718e+03  3.57938500e+03  8.90000000e-02  1.73450000e+01
 -3.11436588e+03  3.57983900e+03  8.90000000e-02  1.74160000e+01
 -3.11444633e+03  3.57983800e+03  8.90000000e-02  1.74220000e+01
 -3.11994299e+03  3.58095100e+03  8.90000000e-02  1.74520000e+01
 -3.11994299e+03  3.58095100e+03  8.90000000e-02  1.74520000e+01
 -3.12614832e+03  3.58483100e+03  8.80000000e-02  1.74360000e+01
 -3.12738982e+03  3.58527400e+03  8.80000000e-02  1.74390000e+01
 -3.12900803e+03  3.58571700e+03  8.80000000e-02  1.74050000e+01
 -3.12900803e+03  3.58571700e+03  8.80000000e-02  1.74050000e+01
 -3.12900803e+03  3.58571700e+03  8.80000000e-02  1.74050000e+01
 -3.12911677e+03  3.58690600e+03  8.80000000e-02  1.73840000e+01
 -3.12911677e+03  3.58690600e+03  8.80000000e-02  1.73840000e+01
 -3.12942385e+03  3.58899200e+03  8.80000000e-02  1.73920000e+01
 -3.12942385e+03  3.58899200e+03  8.80000000e-02  1.73920000e+01
 -3.12942385e+03  3.58899200e+03  8.80000000e-02  1.73920000e+01
 -3.13050741e+03  3.58593300e+03  8.80000000e-02  1.74890000e+01
 -3.13050741e+03  3.58593300e+03  8.80000000e-02  1.74890000e+01
 -3.13430260e+03  3.58682900e+03  8.70000000e-02  1.75000000e+01
 -3.13481629e+03  3.58935800e+03  8.80000000e-02  1.74950000e+01
 -3.13481629e+03  3.58935800e+03  8.80000000e-02  1.74950000e+01
 -3.13481629e+03  3.58935800e+03  8.80000000e-02  1.74950000e+01
 -3.13481629e+03  3.58935800e+03  8.80000000e-02  1.74950000e+01
 -3.13481629e+03  3.58935800e+03  8.80000000e-02  1.74950000e+01
 -3.13481629e+03  3.58935800e+03  8.80000000e-02  1.74950000e+01
 -3.13520452e+03  3.58905500e+03  8.80000000e-02  1.75050000e+01
 -3.13641860e+03  3.59465400e+03  8.60000000e-02  1.73290000e+01
 -3.13671441e+03  3.59478300e+03  8.60000000e-02  1.72990000e+01
 -3.13671441e+03  3.59478300e+03  8.60000000e-02  1.72990000e+01
 -3.13671441e+03  3.59478300e+03  8.60000000e-02  1.72990000e+01
 -3.13671441e+03  3.59478300e+03  8.60000000e-02  1.72990000e+01
 -3.13671441e+03  3.59478300e+03  8.60000000e-02  1.72990000e+01
 -3.13757133e+03  3.59487000e+03  8.60000000e-02  1.73670000e+01
 -3.14137164e+03  3.59499900e+03  8.60000000e-02  1.73510000e+01
 -3.14137164e+03  3.59499900e+03  8.60000000e-02  1.73510000e+01
 -3.14137164e+03  3.59499900e+03  8.60000000e-02  1.73510000e+01
 -3.14537762e+03  3.59424200e+03  8.60000000e-02  1.73970000e+01
 -3.14647830e+03  3.59565700e+03  8.50000000e-02  1.74150000e+01
 -3.14647830e+03  3.59565700e+03  8.50000000e-02  1.74150000e+01
 -3.15267981e+03  3.59783000e+03  8.50000000e-02  1.74150000e+01
 -3.15267981e+03  3.59783000e+03  8.50000000e-02  1.74150000e+01
 -3.15267981e+03  3.59783000e+03  8.50000000e-02  1.74150000e+01
 -3.15267981e+03  3.59783000e+03  8.50000000e-02  1.74150000e+01
 -3.15547531e+03  3.59948400e+03  8.50000000e-02  1.74070000e+01
 -3.15547531e+03  3.59948400e+03  8.50000000e-02  1.74070000e+01
 -3.15547531e+03  3.59948400e+03  8.50000000e-02  1.74070000e+01
 -3.15547531e+03  3.59948400e+03  8.50000000e-02  1.74070000e+01
 -3.15626038e+03  3.60255400e+03  8.50000000e-02  1.73310000e+01
 -3.15735421e+03  3.60278000e+03  8.50000000e-02  1.73880000e+01
 -3.15735421e+03  3.60278000e+03  8.50000000e-02  1.73880000e+01
 -3.15809297e+03  3.60532000e+03  8.80000000e-02  1.73050000e+01
 -3.16831586e+03  3.60830300e+03  8.80000000e-02  1.73050000e+01
 -3.16831586e+03  3.60830300e+03  8.80000000e-02  1.73050000e+01
 -3.17312407e+03  3.61016300e+03  8.80000000e-02  1.73050000e+01
 -3.17370118e+03  3.60994600e+03  8.80000000e-02  1.73030000e+01
 -3.17370118e+03  3.60994600e+03  8.80000000e-02  1.73030000e+01
 -3.17987296e+03  3.61017300e+03  8.80000000e-02  1.73190000e+01
 -3.17987296e+03  3.61017300e+03  8.80000000e-02  1.73190000e+01
 -3.17987296e+03  3.61017300e+03  8.80000000e-02  1.73190000e+01
 -3.18067784e+03  3.60898400e+03  8.80000000e-02  1.73990000e+01
 -3.18067784e+03  3.60898400e+03  8.80000000e-02  1.73990000e+01
 -3.18067784e+03  3.60898400e+03  8.80000000e-02  1.73990000e+01
 -3.18113238e+03  3.60952500e+03  8.80000000e-02  1.73980000e+01
 -3.18113238e+03  3.60952500e+03  8.80000000e-02  1.73980000e+01
 -3.18147237e+03  3.60885500e+03  8.80000000e-02  1.73650000e+01
 -3.18147237e+03  3.60885500e+03  8.80000000e-02  1.73650000e+01
 -3.19105344e+03  3.60951300e+03  8.80000000e-02  1.73650000e+01
 -3.19105344e+03  3.60951300e+03  8.80000000e-02  1.73650000e+01
 -3.19105344e+03  3.60951300e+03  8.80000000e-02  1.73650000e+01
 -3.19105344e+03  3.60951300e+03  8.80000000e-02  1.73650000e+01
 -3.19164485e+03  3.60854000e+03  8.80000000e-02  1.73990000e+01
 -3.19259435e+03  3.61041000e+03  8.80000000e-02  1.73990000e+01
 -3.19259435e+03  3.61041000e+03  8.80000000e-02  1.73990000e+01
 -3.19259435e+03  3.61041000e+03  8.80000000e-02  1.73990000e+01
 -3.19420596e+03  3.61106800e+03  8.80000000e-02  1.74460000e+01
 -3.20074549e+03  3.61339200e+03  8.80000000e-02  1.74500000e+01
 -3.20074549e+03  3.61339200e+03  8.80000000e-02  1.74500000e+01
 -3.20074549e+03  3.61339200e+03  8.80000000e-02  1.74500000e+01
 -3.20074549e+03  3.61339200e+03  8.80000000e-02  1.74500000e+01
 -3.20329612e+03  3.61571500e+03  8.80000000e-02  1.74350000e+01
 -3.20329612e+03  3.61571500e+03  8.80000000e-02  1.74350000e+01
 -3.20354326e+03  3.61803900e+03  8.80000000e-02  1.73830000e+01