-1.56455120e+03  2.57626700e+03  8.80000000e-02  2.93540000e+01
 -1.57091520e+03  2.58165000e+03  8.80000000e-02  2.92770000e+01
 -1.57349803e+03  2.58440600e+03  8.80000000e-02  2.92650000e+01
 -1.57478224e+03  2.59255500e+03  8.80000000e-02  2.91600000e+01
 -1.57525590e+03  2.59749500e+03  8.80000000e-02  2.89720000e+01
 -1.57556742e+03  2.60026200e+03  8.80000000e-02  2.88740000e+01
 -1.58217256e+03  2.60685500e+03  8.80000000e-02  2.88020000e+01
 -1.58388882e+03  2.61134100e+03  8.80000000e-02  2.86940000e+01
 -1.58435354e+03  2.61334000e+03  8.80000000e-02  2.86850000e+01
 -1.58629225e+03  2.61587900e+03  8.80000000e-02  2.86930000e+01
 -1.59336303e+03  2.62007300e+03  8.80000000e-02  2.86890000e+01
 -1.59791994e+03  2.62479600e+03  8.80000000e-02  2.86340000e+01
 -1.59743658e+03  2.62712000e+03  8.80000000e-02  2.86200000e+01
 -1.59595984e+03  2.62578000e+03  8.80000000e-02  2.85860000e+01
 -1.59586277e+03  2.62765000e+03  8.80000000e-02  2.85550000e+01
 -1.59626534e+03  2.62877300e+03  8.80000000e-02  2.85700000e+01
 -1.60527925e+03  2.63250200e+03  8.80000000e-02  2.84620000e+01
 -1.60684802e+03  2.63864100e+03  8.80000000e-02  2.84190000e+01
 -1.60939284e+03  2.64424000e+03  8.80000000e-02  2.82350000e+01
 -1.61586785e+03  2.65052000e+03  8.80000000e-02  2.82150000e+01
 -1.61979163e+03  2.65702600e+03  8.80000000e-02  2.80710000e+01
 -1.63770847e+03  2.66089500e+03  8.80000000e-02  2.79810000e+01
 -1.64187607e+03  2.66583400e+03  8.80000000e-02  2.79810000e+01
 -1.64542953e+03  2.66980100e+03  8.80000000e-02  2.79220000e+01
 -1.65324900e+03  2.68155100e+03  8.80000000e-02  2.76730000e+01
 -1.65756549e+03  2.68310700e+03  8.80000000e-02  2.76680000e+01
 -1.66353045e+03  2.68782000e+03  8.80000000e-02  2.76680000e+01
 -1.66805062e+03  2.69343000e+03  8.80000000e-02  2.75590000e+01
 -1.66897999e+03  2.69485700e+03  8.80000000e-02  2.75590000e+01
 -1.67144414e+03  2.69970900e+03  8.80000000e-02  2.75130000e+01
 -1.67287609e+03  2.70157900e+03  8.80000000e-02  2.75060000e+01
 -1.67345781e+03  2.70463700e+03  8.80000000e-02  2.73780000e+01
 -1.67603336e+03  2.70740300e+03  8.80000000e-02  2.73670000e+01
 -1.68175025e+03  2.71047300e+03  8.80000000e-02  2.73750000e+01
 -1.69479262e+03  2.71421300e+03  8.80000000e-02  2.73750000e+01
 -1.70314589e+03  2.71728300e+03  8.90000000e-02  2.73560000e+01
 -1.70634990e+03  2.72476300e+03  8.90000000e-02  2.69350000e+01
 -1.71784069e+03  2.72850200e+03  8.90000000e-02  2.68070000e+01
 -1.72273038e+03  2.73553900e+03  8.90000000e-02  2.65180000e+01
 -1.72369494e+03  2.73816600e+03  8.90000000e-02  2.64700000e+01
 -1.72655129e+03  2.74056600e+03  8.90000000e-02  2.64870000e+01
 -1.72721731e+03  2.74372200e+03  8.90000000e-02  2.64310000e+01
 -1.72647009e+03  2.74514900e+03  8.90000000e-02  2.64090000e+01
 -1.72632039e+03  2.74835800e+03  8.90000000e-02  2.62690000e+01
 -1.73682163e+03  2.75231400e+03  8.90000000e-02  2.62150000e+01
 -1.74225589e+03  2.75485300e+03  8.90000000e-02  2.61910000e+01
 -1.74731598e+03  2.76189000e+03  8.90000000e-02  2.59470000e+01
 -1.74763238e+03  2.76487300e+03  8.90000000e-02  2.58990000e+01
 -1.74961942e+03  2.76674300e+03  8.90000000e-02  2.58480000e+01
 -1.75657520e+03  2.77333600e+03  8.90000000e-02  2.58150000e+01
 -1.76075294e+03  2.78090300e+03  8.90000000e-02  2.57380000e+01
 -1.76680012e+03  2.78509700e+03  8.90000000e-02  2.56740000e+01
 -1.76821836e+03  2.78972200e+03  8.90000000e-02  2.56460000e+01
 -1.76867400e+03  2.79773200e+03  8.90000000e-02  2.55060000e+01
 -1.77465981e+03  2.80356900e+03  9.20000000e-02  2.54390000e+01
 -1.77583480e+03  2.80588100e+03  9.20000000e-02  2.54130000e+01
 -1.78479909e+03  2.81149100e+03  9.20000000e-02  2.53150000e+01
 -1.79316050e+03  2.81687400e+03  9.20000000e-02  2.50110000e+01
 -1.79359718e+03  2.82105600e+03  9.20000000e-02  2.49640000e+01
 -1.79570664e+03  2.82456900e+03  9.20000000e-02  2.49590000e+01
 -1.79628129e+03  2.82733500e+03  9.50000000e-02  2.49240000e+01
 -1.80339646e+03  2.83010200e+03  9.50000000e-02  2.49570000e+01
 -1.80976128e+03  2.83098800e+03  9.50000000e-02  2.49570000e+01
 -1.81001300e+03  2.83232700e+03  9.50000000e-02  2.49240000e+01
 -1.83094742e+03  2.83682400e+03  9.50000000e-02  2.49150000e+01
 -1.83612417e+03  2.83860600e+03  9.50000000e-02  2.49110000e+01
 -1.83546383e+03  2.83772000e+03  9.50000000e-02  2.49160000e+01
 -1.83561921e+03  2.84101700e+03  9.50000000e-02  2.47180000e+01
 -1.84001462e+03  2.84706900e+03  9.50000000e-02  2.44830000e+01
 -1.84527084e+03  2.84938200e+03  9.50000000e-02  2.44830000e+01
 -1.85311872e+03  2.85454900e+03  9.50000000e-02  2.44680000e+01
 -1.85315061e+03  2.85463600e+03  9.50000000e-02  2.44820000e+01
 -1.85366554e+03  2.85740200e+03  9.90000000e-02  2.44820000e+01
 -1.85430734e+03  2.85851500e+03  9.90000000e-02  2.44820000e+01
 -1.86009177e+03  2.86115200e+03  9.90000000e-02  2.44670000e+01
 -1.85719184e+03  2.86497900e+03  9.90000000e-02  2.44310000e+01
 -1.85799032e+03  2.86653500e+03  9.90000000e-02  2.44310000e+01
 -1.85809013e+03  2.86697800e+03  9.90000000e-02  2.44240000e+01
 -1.85873797e+03  2.86950700e+03  9.90000000e-02  2.43270000e+01
 -1.85925477e+03  2.87333300e+03  9.90000000e-02  2.42310000e+01
 -1.84939792e+03  2.87146300e+03  9.90000000e-02  2.41130000e+01
 -1.84969975e+03  2.87610000e+03  9.90000000e-02  2.37630000e+01
 -1.85156000e+03  2.87490000e+03  9.90000000e-02  2.37630000e+01
 -1.85165410e+03  2.87601200e+03  9.90000000e-02  2.37730000e+01
 -1.86044921e+03  2.88236800e+03  9.90000000e-02  2.36200000e+01
 -1.86258802e+03  2.88655100e+03  9.90000000e-02  2.35950000e+01
 -1.86309570e+03  2.88888500e+03  9.90000000e-02  2.35500000e+01
 -1.86295507e+03  2.89052800e+03  9.80000000e-02  2.33160000e+01
 -1.87056429e+03  2.89426800e+03  9.80000000e-02  2.33160000e+01
 -1.87331999e+03  2.89703500e+03  9.80000000e-02  2.33160000e+01
 -1.87760389e+03  2.90219100e+03  9.80000000e-02  2.31500000e+01
 -1.87858944e+03  2.90120600e+03  9.80000000e-02  2.33050000e+01
 -1.89251268e+03  2.90418900e+03  9.80000000e-02  2.33040000e+01
 -1.89059274e+03  2.90494600e+03  9.80000000e-02  2.32210000e+01
 -1.89224167e+03  2.90868600e+03  9.90000000e-02  2.30230000e+01
 -1.89663775e+03  2.91078200e+03  1.09000000e-01  2.29950000e+01
 -1.89701326e+03  2.91332200e+03  1.08000000e-01  2.27980000e+01
 -1.90101844e+03  2.91884500e+03  1.08000000e-01  2.26090000e+01
 -1.90505305e+03  2.92345900e+03  1.08000000e-01  2.25700000e+01
 -1.91764974e+03  2.92631300e+03  1.08000000e-01  2.25250000e+01
 -1.91771375e+03  2.92563200e+03  1.08000000e-01  2.26080000e+01
 -1.91813690e+03  2.92750200e+03  1.08000000e-01  2.25860000e+01
 -1.92258365e+03  2.92958800e+03  1.08000000e-01  2.25920000e+01
 -1.92512638e+03  2.93124200e+03  1.08000000e-01  2.25920000e+01
 -1.92536608e+03  2.93279700e+03  1.08000000e-01  2.25830000e+01
 -1.92635361e+03  2.93301300e+03  1.08000000e-01  2.27150000e+01
 -1.92668324e+03  2.93599600e+03  1.08000000e-01  2.25040000e+01
 -1.92757518e+03  2.93742200e+03  1.08000000e-01  2.25130000e+01
 -1.92862749e+03  2.94071900e+03  1.08000000e-01  2.24640000e+01
 -1.93628945e+03  2.94490200e+03  1.08000000e-01  2.26460000e+01
 -1.93630711e+03  2.94512900e+03  1.08000000e-01  2.26440000e+01
 -1.93657510e+03  2.94909500e+03  1.08000000e-01  2.24830000e+01
 -1.93657510e+03  2.94909500e+03  1.08000000e-01  2.24830000e+01
 -1.94097252e+03  2.95305100e+03  1.08000000e-01  2.24810000e+01
 -1.93388467e+03  2.95852100e+03  1.08000000e-01  2.23560000e+01
 -1.94020156e+03  2.96226100e+03  1.08000000e-01  2.21460000e+01
 -1.95248518e+03  2.96448600e+03  1.08000000e-01  2.21440000e+01
 -1.95184183e+03  2.96658300e+03  1.08000000e-01  2.21130000e+01
 -1.95389141e+03  2.96889600e+03  1.08000000e-01  2.21100000e+01
 -1.95333038e+03  2.96813800e+03  1.08000000e-01  2.21100000e+01
 -1.94943904e+03  2.97067800e+03  1.08000000e-01  2.20970000e+01
 -1.96671783e+03  2.97673100e+03  1.08000000e-01  2.20560000e+01
 -1.97012064e+03  2.97980100e+03  1.08000000e-01  2.20560000e+01
 -1.96938404e+03  2.98232900e+03  1.08000000e-01  2.20400000e+01
 -1.96938404e+03  2.98232900e+03  1.08000000e-01  2.20400000e+01
 -1.97243083e+03  2.98576600e+03  1.08000000e-01  2.20320000e+01
 -1.97293856e+03  2.98479200e+03  1.08000000e-01  2.20450000e+01
 -1.97925822e+03  2.98733200e+03  1.09000000e-01  2.20220000e+01
 -1.97925822e+03  2.98733200e+03  1.09000000e-01  2.20220000e+01
 -1.97948942e+03  2.98964500e+03  1.09000000e-01  2.19280000e+01
 -1.98225193e+03  2.99120100e+03  1.09000000e-01  2.19630000e+01
 -1.98591650e+03  2.99395600e+03  1.09000000e-01  2.19630000e+01
 -1.99420779e+03  2.99440900e+03  1.09000000e-01  2.20220000e+01
 -2.00232640e+03  2.99761900e+03  1.09000000e-01  2.19620000e+01
 -2.00640880e+03  2.99881900e+03  1.09000000e-01  2.19200000e+01
 -2.00679780e+03  2.99828800e+03  1.09000000e-01  2.19630000e+01
 -2.00703471e+03  3.00314100e+03  1.09000000e-01  2.18500000e+01
 -2.00957807e+03  3.00216800e+03  1.09000000e-01  2.18500000e+01
 -2.01094040e+03  3.00501100e+03  1.09000000e-01  2.18530000e+01
 -2.01490093e+03  3.00545400e+03  1.09000000e-01  2.18530000e+01
 -2.01740775e+03  3.00875000e+03  1.09000000e-01  2.20260000e+01
 -2.01571909e+03  3.00808000e+03  1.09000000e-01  2.20310000e+01
 -2.02310289e+03  3.01249000e+03  1.08000000e-01  2.20210000e+01
 -2.02967211e+03  3.01458600e+03  1.08000000e-01  2.20220000e+01
 -2.03051238e+03  3.01832600e+03  1.08000000e-01  2.19230000e+01
 -2.03451313e+03  3.02109300e+03  1.08000000e-01  2.19170000e+01
 -2.02426868e+03  3.01870300e+03  1.08000000e-01  2.19090000e+01
 -2.02593832e+03  3.02529700e+03  1.08000000e-01  2.18490000e+01
 -2.02580976e+03  3.02387000e+03  1.08000000e-01  2.19390000e+01
 -2.02686926e+03  3.02858300e+03  1.08000000e-01  2.20150000e+01
 -2.02903177e+03  3.02903600e+03  1.08000000e-01  2.20090000e+01
 -2.03045097e+03  3.02949000e+03  1.08000000e-01  2.20090000e+01
 -2.02846944e+03  3.02882000e+03  1.08000000e-01  2.18870000e+01
 -2.02906807e+03  3.03036500e+03  1.08000000e-01  2.18870000e+01
 -2.02910183e+03  3.03246100e+03  1.08000000e-01  2.16950000e+01
 -2.02865759e+03  3.03508800e+03  1.08000000e-01  2.15020000e+01
 -2.02494028e+03  3.03553100e+03  1.08000000e-01  2.15270000e+01
 -2.02936553e+03  3.03731300e+03  1.08000000e-01  2.15110000e+01
 -2.02966760e+03  3.03797200e+03  1.08000000e-01  2.15100000e+01
 -2.02623064e+03  3.04095500e+03  1.08000000e-01  2.11810000e+01
 -2.02717140e+03  3.04371100e+03  1.08000000e-01  2.10850000e+01
 -2.02971215e+03  3.04625100e+03  1.08000000e-01  2.10680000e+01
 -2.03241716e+03  3.04647700e+03  1.08000000e-01  2.10930000e+01
 -2.03212483e+03  3.04393700e+03  1.08000000e-01  2.11430000e+01
 -2.03667874e+03  3.04692000e+03  1.08000000e-01  2.11450000e+01
 -2.03662068e+03  3.04760100e+03  1.08000000e-01  2.11210000e+01
 -2.03688628e+03  3.05037800e+03  1.08000000e-01  2.10880000e+01
 -2.03801751e+03  3.05224800e+03  1.08000000e-01  2.10880000e+01
 -2.03801751e+03  3.05224800e+03  1.08000000e-01  2.10880000e+01
 -2.04305891e+03  3.05643000e+03  1.08000000e-01  2.09900000e+01
 -2.04326143e+03  3.05731600e+03  1.08000000e-01  2.10010000e+01
 -2.04326143e+03  3.05731600e+03  1.08000000e-01  2.10010000e+01
 -2.04326143e+03  3.05731600e+03  1.08000000e-01  2.10010000e+01
 -2.04803779e+03  3.06345600e+03  1.08000000e-01  2.09760000e+01
 -2.04742426e+03  3.06621100e+03  1.08000000e-01  2.08620000e+01
 -2.05113064e+03  3.06434100e+03  1.08000000e-01  2.09410000e+01
 -2.05147038e+03  3.07115100e+03  1.08000000e-01  2.06280000e+01
 -2.04839787e+03  3.07115100e+03  1.08000000e-01  2.06280000e+01
 -2.05604487e+03  3.07422100e+03  1.08000000e-01  2.06170000e+01
 -2.05750450e+03  3.07257700e+03  1.08000000e-01  2.06170000e+01
 -2.05998938e+03  3.07751700e+03  1.08000000e-01  2.05660000e+01
 -2.06010935e+03  3.08028400e+03  1.08000000e-01  2.05490000e+01
 -2.06310031e+03  3.08260800e+03  1.08000000e-01  2.05490000e+01
 -2.06576206e+03  3.08581700e+03  1.08000000e-01  2.05100000e+01
 -2.06660916e+03  3.08723400e+03  1.08000000e-01  2.05080000e+01
 -2.07424884e+03  3.08977400e+03  1.08000000e-01  2.05980000e+01
 -2.07841827e+03  3.09164400e+03  1.08000000e-01  2.06890000e+01
 -2.07945364e+03  3.09185900e+03  1.08000000e-01  2.07210000e+01
 -2.08400841e+03  3.09395600e+03  1.08000000e-01  2.07550000e+01
 -2.08541573e+03  3.09582600e+03  1.08000000e-01  2.07550000e+01
 -2.08572061e+03  3.09716600e+03  1.08000000e-01  2.06600000e+01
 -2.08695298e+03  3.10224600e+03  1.08000000e-01  2.05870000e+01
 -2.09098609e+03  3.10478500e+03  1.08000000e-01  2.06280000e+01
 -2.09140868e+03  3.10381200e+03  1.08000000e-01  2.06760000e+01
 -2.09283201e+03  3.10501200e+03  1.08000000e-01  2.06760000e+01
 -2.09252794e+03  3.10643900e+03  1.08000000e-01  2.06420000e+01
 -2.08937470e+03  3.10643900e+03  1.08000000e-01  2.06120000e+01
 -2.09232168e+03  3.11083800e+03  1.08000000e-01  2.05940000e+01
 -2.09448330e+03  3.11338800e+03  1.08000000e-01  2.05540000e+01
 -2.10324626e+03  3.11615400e+03  1.08000000e-01  2.05240000e+01
 -2.12290393e+03  3.12109400e+03  1.08000000e-01  2.05240000e+01
 -2.12732232e+03  3.12393700e+03  1.08000000e-01  2.05100000e+01
 -2.13581993e+03  3.12439100e+03  1.08000000e-01  2.05190000e+01
 -2.14047762e+03  3.12834700e+03  1.08000000e-01  2.05070000e+01
 -2.14353071e+03  3.13186000e+03  1.08000000e-01  2.05070000e+01
 -2.14373272e+03  3.13514600e+03  1.08000000e-01  2.05230000e+01
 -2.14537137e+03  3.13835500e+03  1.08000000e-01  2.04880000e+01
 -2.15074838e+03  3.14037600e+03  1.08000000e-01  2.04880000e+01
 -2.14911847e+03  3.13895900e+03  1.08000000e-01  2.04770000e+01
 -2.14914936e+03  3.13754300e+03  1.08000000e-01  2.05160000e+01
 -2.14933449e+03  3.13831100e+03  1.08000000e-01  2.04970000e+01
 -2.15364809e+03  3.13973800e+03  1.08000000e-01  2.04970000e+01
 -2.15571602e+03  3.14347800e+03  1.08000000e-01  2.04930000e+01
 -2.15969624e+03  3.14347800e+03  1.08000000e-01  2.04960000e+01
 -2.16118386e+03  3.14370400e+03  1.08000000e-01  2.04800000e+01
 -2.16370905e+03  3.14588800e+03  1.08000000e-01  2.03850000e+01
 -2.16411359e+03  3.14819000e+03  1.08000000e-01  2.03620000e+01
 -2.16452287e+03  3.15094600e+03  1.08000000e-01  2.03140000e+01
 -2.16456817e+03  3.15004900e+03  1.08000000e-01  2.03430000e+01
 -2.16491257e+03  3.15049200e+03  1.08000000e-01  2.03450000e+01
 -2.16767637e+03  3.15190800e+03  1.08000000e-01  2.03440000e+01
 -2.16835133e+03  3.15430800e+03  1.08000000e-01  2.03320000e+01
 -2.17465105e+03  3.15804800e+03  1.08000000e-01  2.03320000e+01
 -2.17688483e+03  3.16044800e+03  1.08000000e-01  2.03430000e+01
 -2.17711595e+03  3.16343100e+03  1.08000000e-01  2.01780000e+01
 -2.19115569e+03  3.16687800e+03  1.08000000e-01  2.01660000e+01
 -2.19115569e+03  3.16687800e+03  1.08000000e-01  2.01660000e+01
 -2.19138593e+03  3.16753700e+03  1.08000000e-01  2.01990000e+01
 -2.20109530e+03  3.17194700e+03  1.08000000e-01  2.01130000e+01
 -2.21891958e+03  3.17425900e+03  1.08000000e-01  2.00700000e+01
 -2.21966905e+03  3.17568600e+03  1.08000000e-01  2.00670000e+01
 -2.21914007e+03  3.17523200e+03  1.08000000e-01  2.00770000e+01
 -2.22801280e+03  3.17523200e+03  1.08000000e-01  2.02680000e+01
 -2.22656754e+03  3.17358900e+03  1.08000000e-01  2.02630000e+01
 -2.22800110e+03  3.17666900e+03  1.08000000e-01  2.02240000e+01
 -2.22977075e+03  3.17808500e+03  1.08000000e-01  2.02370000e+01
 -2.23440099e+03  3.17971700e+03  1.08000000e-01  2.02370000e+01
 -2.24159202e+03  3.17994400e+03  1.08000000e-01  2.02190000e+01
 -2.24445129e+03  3.17896000e+03  1.08000000e-01  2.02190000e+01
 -2.25047653e+03  3.18524000e+03  1.08000000e-01  2.01460000e+01
 -2.25016940e+03  3.18635300e+03  1.08000000e-01  2.01340000e+01
 -2.25628993e+03  3.18769300e+03  1.08000000e-01  2.01340000e+01
 -2.25498189e+03  3.18679600e+03  1.08000000e-01  2.01490000e+01
 -2.25403104e+03  3.18448200e+03  1.08000000e-01  2.02150000e+01
 -2.26273374e+03  3.18483800e+03  1.08000000e-01  2.01590000e+01
 -2.26557489e+03  3.18835100e+03  1.08000000e-01  2.01570000e+01
 -2.26146094e+03  3.18977700e+03  1.08000000e-01  2.01030000e+01
 -2.26148469e+03  3.19022000e+03  1.08000000e-01  2.01040000e+01
 -2.26260200e+03  3.19210100e+03  1.08000000e-01  2.00960000e+01
 -2.26315957e+03  3.19441300e+03  1.08000000e-01  2.00770000e+01
 -2.27147317e+03  3.19619600e+03  1.08000000e-01  1.98950000e+01
 -2.27173460e+03  3.19895200e+03  1.08000000e-01  1.98400000e+01
 -2.27199600e+03  3.20170700e+03  1.08000000e-01  1.97660000e+01
 -2.27400132e+03  3.20357700e+03  1.08000000e-01  1.97610000e+01
 -2.27729956e+03  3.20896000e+03  1.08000000e-01  1.95980000e+01
 -2.27883362e+03  3.21203000e+03  1.08000000e-01  1.95920000e+01
 -2.27883362e+03  3.21203000e+03  1.08000000e-01  1.95920000e+01
 -2.27144018e+03  3.21300300e+03  1.08000000e-01  1.95970000e+01
 -2.27172517e+03  3.21607300e+03  1.08000000e-01  1.95080000e+01
 -2.27219891e+03  3.22025500e+03  1.08000000e-01  1.94250000e+01
 -2.27219891e+03  3.22025500e+03  1.08000000e-01  1.94250000e+01
 -2.27093661e+03  3.21981200e+03  1.08000000e-01  1.94250000e+01
 -2.27093661e+03  3.21981200e+03  1.08000000e-01  1.94250000e+01
 -2.27093661e+03  3.21981200e+03  1.08000000e-01  1.94250000e+01
 -2.28025534e+03  3.22399500e+03  1.08000000e-01  1.93180000e+01
 -2.29473981e+03  3.22662100e+03  1.08000000e-01  1.93240000e+01
 -2.30067141e+03  3.22759400e+03  1.08000000e-01  1.93550000e+01
 -2.30099704e+03  3.22782100e+03  1.08000000e-01  1.93550000e+01
 -2.30099704e+03  3.22782100e+03  1.08000000e-01  1.93550000e+01
 -2.30099704e+03  3.22782100e+03  1.08000000e-01  1.93550000e+01
 -2.30999177e+03  3.23036000e+03  1.08000000e-01  1.92810000e+01
 -2.31047202e+03  3.23267300e+03  1.08000000e-01  1.92670000e+01
 -2.31047202e+03  3.23267300e+03  1.08000000e-01  1.92670000e+01
 -2.31989534e+03  3.23828300e+03  1.08000000e-01  1.92480000e+01
 -2.32246345e+03  3.23916900e+03  1.08000000e-01  1.93060000e+01
 -2.32937805e+03  3.24058500e+03  1.08000000e-01  1.92540000e+01
 -2.32934918e+03  3.24454100e+03  1.08000000e-01  1.90970000e+01
 -2.32962185e+03  3.24798800e+03  1.08000000e-01  1.90440000e+01
 -2.32962185e+03  3.24798800e+03  1.08000000e-01  1.90440000e+01
 -2.32962185e+03  3.24798800e+03  1.08000000e-01  1.90440000e+01
 -2.33137084e+03  3.25074400e+03  1.08000000e-01  1.90200000e+01
 -2.33297283e+03  3.25523000e+03  1.08000000e-01  1.89280000e+01
 -2.33206255e+03  3.25470000e+03  1.08000000e-01  1.89330000e+01
 -2.33271612e+03  3.25768200e+03  1.08000000e-01  1.88470000e+01
 -2.33866110e+03  3.26254600e+03  1.08000000e-01  1.88440000e+01
 -2.34807886e+03  3.26485900e+03  1.08000000e-01  1.88350000e+01
 -2.34807038e+03  3.26441600e+03  1.08000000e-01  1.88840000e+01
 -2.35805244e+03  3.26926800e+03  1.08000000e-01  1.87760000e+01
 -2.35805244e+03  3.26926800e+03  1.08000000e-01  1.87760000e+01
 -2.35805244e+03  3.26926800e+03  1.08000000e-01  1.87760000e+01
 -2.35805244e+03  3.26926800e+03  1.08000000e-01  1.87760000e+01
 -2.36297185e+03  3.27212200e+03  1.08000000e-01  1.87240000e+01
 -2.36270297e+03  3.27025200e+03  1.08000000e-01  1.87340000e+01
 -2.36503407e+03  3.27279200e+03  1.08000000e-01  1.87420000e+01
 -2.36742705e+03  3.27212100e+03  1.08000000e-01  1.87420000e+01
 -2.36888681e+03  3.27488800e+03  1.08000000e-01  1.87300000e+01
 -2.36997376e+03  3.27577400e+03  1.08000000e-01  1.87760000e+01
 -2.36997376e+03  3.27577400e+03  1.08000000e-01  1.87760000e+01
 -2.36997376e+03  3.27577400e+03  1.08000000e-01  1.87760000e+01
 -2.36997376e+03  3.27577400e+03  1.08000000e-01  1.87760000e+01
 -2.37442758e+03  3.27667000e+03  1.08000000e-01  1.87760000e+01
 -2.37460075e+03  3.27854000e+03  1.08000000e-01  1.86810000e+01
 -2.37460075e+03  3.27854000e+03  1.08000000e-01  1.86810000e+01
 -2.37830377e+03  3.27952400e+03  1.09000000e-01  1.85920000e+01
 -2.37962170e+03  3.28095100e+03  1.09000000e-01  1.86040000e+01
 -2.38294796e+03  3.28086300e+03  1.09000000e-01  1.86050000e+01
 -2.38566606e+03  3.28144600e+03  1.09000000e-01  1.86110000e+01
 -2.38551085e+03  3.28024600e+03  1.09000000e-01  1.86860000e+01
 -2.39687098e+03  3.27927300e+03  1.09000000e-01  1.87210000e+01
 -2.39791834e+03  3.28070000e+03  1.09000000e-01  1.87170000e+01
 -2.39794916e+03  3.27860300e+03  1.09000000e-01  1.87690000e+01
 -2.39930547e+03  3.27881900e+03  1.09000000e-01  1.88090000e+01
 -2.40187405e+03  3.28398600e+03  1.09000000e-01  1.86730000e+01
 -2.40194911e+03  3.28488300e+03  1.09000000e-01  1.86520000e+01
 -2.40578688e+03  3.28675200e+03  1.09000000e-01  1.86740000e+01
 -2.40578688e+03  3.28675200e+03  1.09000000e-01  1.86740000e+01
 -2.40684013e+03  3.28950700e+03  1.09000000e-01  1.86490000e+01
 -2.40740564e+03  3.29130100e+03  1.09000000e-01  1.86070000e+01
 -2.40808840e+03  3.29242400e+03  1.09000000e-01  1.86030000e+01
 -2.40880429e+03  3.29452100e+03  1.09000000e-01  1.85180000e+01
 -2.40880429e+03  3.29452100e+03  1.09000000e-01  1.85180000e+01
 -2.40886307e+03  3.29474800e+03  1.09000000e-01  1.85180000e+01
 -2.40929891e+03  3.29497500e+03  1.09000000e-01  1.85150000e+01
 -2.40929891e+03  3.29497500e+03  1.09000000e-01  1.85150000e+01
 -2.40915428e+03  3.29706100e+03  1.09000000e-01  1.83810000e+01
 -2.41132547e+03  3.29674700e+03  1.09000000e-01  1.83670000e+01
 -2.41195823e+03  3.29719000e+03  1.09000000e-01  1.82900000e+01
 -2.41539201e+03  3.29711300e+03  1.09000000e-01  1.82900000e+01
 -2.41541148e+03  3.29846400e+03  1.09000000e-01  1.82730000e+01
 -2.41541148e+03  3.29846400e+03  1.09000000e-01  1.82730000e+01
 -2.41335919e+03  3.29660400e+03  1.09000000e-01  1.82770000e+01
 -2.41335919e+03  3.29660400e+03  1.09000000e-01  1.82770000e+01
 -2.41335919e+03  3.29660400e+03  1.09000000e-01  1.82770000e+01
 -2.41447733e+03  3.29704700e+03  1.09000000e-01  1.82770000e+01
 -2.41569203e+03  3.29696000e+03  1.09000000e-01  1.82770000e+01
 -2.41897303e+03  3.29838700e+03  1.09000000e-01  1.82770000e+01
 -2.42137067e+03  3.30235400e+03  1.09000000e-01  1.82300000e+01
 -2.42306031e+03  3.30212700e+03  1.09000000e-01  1.82300000e+01
 -2.43098997e+03  3.29884100e+03  1.09000000e-01  1.82540000e+01
 -2.43098997e+03  3.29884100e+03  1.09000000e-01  1.82540000e+01
 -2.43098997e+03  3.29884100e+03  1.09000000e-01  1.82540000e+01
 -2.43098997e+03  3.29884100e+03  1.09000000e-01  1.82540000e+01
 -2.43541823e+03  3.29996400e+03  1.09000000e-01  1.82570000e+01
 -2.43541823e+03  3.29996400e+03  1.09000000e-01  1.82570000e+01
 -2.43541823e+03  3.30019100e+03  1.09000000e-01  1.82570000e+01
 -2.44564187e+03  3.30107700e+03  1.09000000e-01  1.82960000e+01
 -2.44865183e+03  3.30668700e+03  1.09000000e-01  1.82500000e+01
 -2.44865183e+03  3.30668700e+03  1.09000000e-01  1.82500000e+01
 -2.45277464e+03  3.31140000e+03  1.09000000e-01  1.82500000e+01
 -2.45299300e+03  3.31313000e+03  1.09000000e-01  1.81630000e+01
 -2.45492984e+03  3.31678200e+03  1.09000000e-01  1.81340000e+01
 -2.45536355e+03  3.31734300e+03  1.09000000e-01  1.81450000e+01
 -2.45536355e+03  3.31734300e+03  1.09000000e-01  1.81450000e+01
 -2.45730429e+03  3.31757000e+03  1.09000000e-01  1.81760000e+01
 -2.45682452e+03  3.31658600e+03  1.09000000e-01  1.83340000e+01
 -2.46770168e+03  3.31845600e+03  1.09000000e-01  1.83340000e+01
 -2.46770168e+03  3.31845600e+03  1.09000000e-01  1.83340000e+01
 -2.47365956e+03  3.32175200e+03  1.09000000e-01  1.83290000e+01
 -2.48292923e+03  3.32363300e+03  1.09000000e-01  1.83360000e+01
 -2.48497994e+03  3.32573000e+03  1.09000000e-01  1.82590000e+01
 -2.48483256e+03  3.32483300e+03  1.09000000e-01  1.82590000e+01
 -2.48875998e+03  3.32834600e+03  1.09000000e-01  1.82660000e+01
 -2.49892099e+03  3.32932000e+03  1.09000000e-01  1.82590000e+01
 -2.49800679e+03  3.32878900e+03  1.09000000e-01  1.83370000e+01
 -2.50653295e+03  3.33012900e+03  1.09000000e-01  1.83370000e+01
 -2.50682922e+03  3.32982600e+03  1.09000000e-01  1.83370000e+01
 -2.50716631e+03  3.32839900e+03  1.09000000e-01  1.84790000e+01
 -2.50682017e+03  3.32818300e+03  1.09000000e-01  1.84790000e+01
 -2.51127336e+03  3.33236500e+03  1.09000000e-01  1.85040000e+01
 -2.51154919e+03  3.33819100e+03  1.09000000e-01  1.82680000e+01
 -2.51716670e+03  3.33907700e+03  1.09000000e-01  1.82660000e+01
 -2.51716670e+03  3.33907700e+03  1.09000000e-01  1.82660000e+01
 -2.52155576e+03  3.33893700e+03  1.09000000e-01  1.84540000e+01
 -2.52155576e+03  3.33893700e+03  1.09000000e-01  1.84540000e+01
 -2.52155576e+03  3.33893700e+03  1.09000000e-01  1.84540000e+01
 -2.52219371e+03  3.34005000e+03  1.09000000e-01  1.84110000e+01
 -2.52219371e+03  3.34005000e+03  1.09000000e-01  1.84110000e+01
 -2.52219371e+03  3.34005000e+03  1.09000000e-01  1.84110000e+01
 -2.52219371e+03  3.34005000e+03  1.09000000e-01  1.84110000e+01
 -2.52245797e+03  3.34116300e+03  1.09000000e-01  1.84280000e+01
 -2.52694238e+03  3.33973500e+03  1.09000000e-01  1.84510000e+01
 -2.52694238e+03  3.33973500e+03  1.09000000e-01  1.84510000e+01
 -2.52770643e+03  3.34183200e+03  1.09000000e-01  1.84210000e+01
 -2.52770643e+03  3.34183200e+03  1.09000000e-01  1.84210000e+01
 -2.53305596e+03  3.34414500e+03  1.09000000e-01  1.84250000e+01
 -2.53305596e+03  3.34414500e+03  1.09000000e-01  1.84250000e+01
 -2.53693179e+03  3.34571200e+03  1.09000000e-01  1.84250000e+01
 -2.54205817e+03  3.34615500e+03  1.09000000e-01  1.84370000e+01
 -2.54205817e+03  3.34615500e+03  1.09000000e-01  1.84370000e+01
 -2.54701400e+03  3.34615400e+03  1.09000000e-01  1.84370000e+01
 -2.54701400e+03  3.34615400e+03  1.09000000e-01  1.84370000e+01
 -2.54701400e+03  3.34615400e+03  1.09000000e-01  1.84370000e+01
 -2.54830726e+03  3.34749400e+03  1.09000000e-01  1.85410000e+01
 -2.55300601e+03  3.35100700e+03  1.09000000e-01  1.85410000e+01
 -2.55697772e+03  3.35146000e+03  1.09000000e-01  1.84800000e+01
 -2.55630493e+03  3.35093000e+03  1.09000000e-01  1.84400000e+01
 -2.56103894e+03  3.35467000e+03  1.09000000e-01  1.84400000e+01
 -2.56881121e+03  3.35585900e+03  1.09000000e-01  1.84320000e+01
 -2.57051654e+03  3.35785800e+03  1.09000000e-01  1.84260000e+01
 -2.57061283e+03  3.35808500e+03  1.09000000e-01  1.85600000e+01
 -2.58299011e+03  3.35711100e+03  1.09000000e-01  1.85830000e+01
 -2.58299011e+03  3.35711100e+03  1.09000000e-01  1.85830000e+01
 -2.59285489e+03  3.36152100e+03  1.09000000e-01  1.84240000e+01
 -2.59390703e+03  3.36459000e+03  1.09000000e-01  1.83280000e+01
 -2.59390703e+03  3.36459000e+03  1.09000000e-01  1.83280000e+01
 -2.59390703e+03  3.36459000e+03  1.09000000e-01  1.83280000e+01
 -2.59660072e+03  3.36877300e+03  1.09000000e-01  1.81740000e+01
 -2.60197234e+03  3.37020000e+03  1.09000000e-01  1.81740000e+01
 -2.60454075e+03  3.37199400e+03  1.09000000e-01  1.81140000e+01
 -2.62255056e+03  3.37452300e+03  1.09000000e-01  1.81140000e+01
 -2.62255056e+03  3.37452300e+03  1.09000000e-01  1.81140000e+01
 -2.62255056e+03  3.37452300e+03  1.09000000e-01  1.81140000e+01
 -2.62305304e+03  3.37608900e+03  1.09000000e-01  1.80390000e+01
 -2.62357121e+03  3.37741800e+03  1.09000000e-01  1.80280000e+01
 -2.62360920e+03  3.37874600e+03  1.09000000e-01  1.80400000e+01
 -2.62672640e+03  3.37763400e+03  1.09000000e-01  1.80460000e+01
 -2.62672640e+03  3.37763400e+03  1.09000000e-01  1.80460000e+01
 -2.62672640e+03  3.37763400e+03  1.09000000e-01  1.80460000e+01
 -2.62672640e+03  3.37763400e+03  1.09000000e-01  1.80460000e+01
 -2.62672640e+03  3.37763400e+03  1.09000000e-01  1.80460000e+01
 -2.62740362e+03  3.38093000e+03  1.09000000e-01  1.80540000e+01
 -2.62801322e+03  3.38421600e+03  1.09000000e-01  1.80360000e+01
 -2.62801322e+03  3.38421600e+03  1.09000000e-01  1.80360000e+01
 -2.62801322e+03  3.38421600e+03  1.09000000e-01  1.80360000e+01
 -2.63323886e+03  3.38698300e+03  1.09000000e-01  1.79840000e+01
 -2.63395018e+03  3.38742600e+03  1.09000000e-01  1.79880000e+01
 -2.63456171e+03  3.38733900e+03  1.09000000e-01  1.79880000e+01
 -2.63500673e+03  3.38867800e+03  1.09000000e-01  1.78900000e+01
 -2.64098499e+03  3.38760700e+03  1.09000000e-01  1.79260000e+01
 -2.64098499e+03  3.38760700e+03  1.09000000e-01  1.79260000e+01
 -2.64098499e+03  3.38760700e+03  1.09000000e-01  1.79260000e+01
 -2.64148935e+03  3.39013600e+03  1.09000000e-01  1.77360000e+01
 -2.64393292e+03  3.39299000e+03  1.09000000e-01  1.77360000e+01
 -2.64721931e+03  3.38947700e+03  1.09000000e-01  1.79300000e+01
 -2.65312020e+03  3.39389800e+03  1.09000000e-01  1.78780000e+01
 -2.65312020e+03  3.39389800e+03  1.09000000e-01  1.78780000e+01
 -2.65312020e+03  3.39389800e+03  1.09000000e-01  1.78780000e+01
 -2.65312020e+03  3.39389800e+03  1.09000000e-01  1.78780000e+01
 -2.65305563e+03  3.39038400e+03  1.09000000e-01  1.79460000e+01
 -2.65305563e+03  3.39038400e+03  1.09000000e-01  1.79460000e+01
 -2.65232038e+03  3.39300000e+03  1.09000000e-01  1.79540000e+01
 -2.66140098e+03  3.39607000e+03  1.09000000e-01  1.78590000e+01
 -2.66140098e+03  3.39607000e+03  1.09000000e-01  1.78590000e+01
 -2.66135395e+03  3.39695600e+03  1.09000000e-01  1.78580000e+01
 -2.66135395e+03  3.39695600e+03  1.09000000e-01  1.78580000e+01
 -2.66237915e+03  3.39410200e+03  1.09000000e-01  1.78900000e+01
 -2.66693548e+03  3.39642600e+03  1.09000000e-01  1.77450000e+01
 -2.66733430e+03  3.39785300e+03  1.09000000e-01  1.77450000e+01
 -2.66738623e+03  3.39928000e+03  1.09000000e-01  1.76330000e+01
 -2.66748262e+03  3.40204700e+03  1.09000000e-01  1.75290000e+01
 -2.67156324e+03  3.40623000e+03  1.09000000e-01  1.75870000e+01
 -2.67404580e+03  3.40690000e+03  1.09000000e-01  1.76330000e+01
 -2.67861764e+03  3.40989300e+03  1.09000000e-01  1.76140000e+01
 -2.67850902e+03  3.41109300e+03  1.09000000e-01  1.76310000e+01
 -2.67850902e+03  3.41109300e+03  1.09000000e-01  1.76310000e+01
 -2.68103110e+03  3.41264900e+03  1.09000000e-01  1.76370000e+01
 -2.68103110e+03  3.41264900e+03  1.09000000e-01  1.76370000e+01
 -2.68168482e+03  3.41915500e+03  1.09000000e-01  1.73110000e+01
 -2.68821430e+03  3.41772800e+03  1.09000000e-01  1.73110000e+01
 -2.68834759e+03  3.41729600e+03  1.09000000e-01  1.73120000e+01
 -2.68840039e+03  3.41191300e+03  1.09000000e-01  1.74510000e+01
 -2.68923291e+03  3.41302600e+03  1.09000000e-01  1.74450000e+01
 -2.69711694e+03  3.41885200e+03  1.09000000e-01  1.73080000e+01
 -2.70310311e+03  3.41863500e+03  1.09000000e-01  1.74710000e+01
 -2.70310311e+03  3.41863500e+03  1.09000000e-01  1.74710000e+01
 -2.70249336e+03  3.41832100e+03  1.09000000e-01  1.74590000e+01
 -2.70249336e+03  3.41832100e+03  1.09000000e-01  1.74590000e+01
 -2.70249336e+03  3.41832100e+03  1.09000000e-01  1.74590000e+01
 -2.70249336e+03  3.41832100e+03  1.09000000e-01  1.74590000e+01
 -2.70249336e+03  3.41832100e+03  1.09000000e-01  1.74590000e+01
 -2.70492283e+03  3.41967200e+03  1.09000000e-01  1.74500000e+01
 -2.70492283e+03  3.41967200e+03  1.09000000e-01  1.74500000e+01
 -2.70492283e+03  3.41967200e+03  1.09000000e-01  1.74500000e+01
 -2.70492283e+03  3.41967200e+03  1.09000000e-01  1.74500000e+01
 -2.71125066e+03  3.41846100e+03  1.09000000e-01  1.74590000e+01
 -2.73167958e+03  3.42309700e+03  1.09000000e-01  1.74420000e+01
 -2.73167958e+03  3.42309700e+03  1.09000000e-01  1.74420000e+01
 -2.73546524e+03  3.42241600e+03  1.09000000e-01  1.75990000e+01
 -2.73546524e+03  3.42241600e+03  1.09000000e-01  1.75990000e+01
 -2.73671996e+03  3.42495600e+03  1.09000000e-01  1.75310000e+01
 -2.73671996e+03  3.42495600e+03  1.09000000e-01  1.75310000e+01
 -2.73740063e+03  3.42331200e+03  1.09000000e-01  1.76120000e+01
 -2.73887303e+03  3.42310700e+03  1.09000000e-01  1.76110000e+01
 -2.74855506e+03  3.42400400e+03  1.09000000e-01  1.76110000e+01
 -2.74855506e+03  3.42400400e+03  1.09000000e-01  1.76110000e+01
 -2.74855506e+03  3.42400400e+03  1.09000000e-01  1.76110000e+01
 -2.74855506e+03  3.42400400e+03  1.09000000e-01  1.76110000e+01
 -2.76161094e+03  3.42369000e+03  1.09000000e-01  1.76060000e+01
 -2.76161094e+03  3.42369000e+03  1.09000000e-01  1.76060000e+01
 -2.76199312e+03  3.42316000e+03  1.09000000e-01  1.76110000e+01
 -2.76199312e+03  3.42316000e+03  1.09000000e-01  1.76110000e+01
 -2.76362907e+03  3.42600300e+03  1.09000000e-01  1.76080000e+01
 -2.76809648e+03  3.42644600e+03  1.09000000e-01  1.76150000e+01
 -2.76809648e+03  3.42644600e+03  1.09000000e-01  1.76150000e+01
 -2.77053866e+03  3.42645700e+03  1.09000000e-01  1.76150000e+01
 -2.77409518e+03  3.42480300e+03  1.09000000e-01  1.75930000e+01
 -2.77409518e+03  3.42480300e+03  1.09000000e-01  1.75930000e+01
 -2.77409518e+03  3.42480300e+03  1.09000000e-01  1.75930000e+01
 -2.77477372e+03  3.42547200e+03  1.09000000e-01  1.75910000e+01
 -2.77483579e+03  3.42502900e+03  1.09000000e-01  1.75880000e+01
 -2.77483579e+03  3.42502900e+03  1.09000000e-01  1.75880000e+01
 -2.77483766e+03  3.42667200e+03  1.09000000e-01  1.77370000e+01
 -2.77483766e+03  3.42667200e+03  1.09000000e-01  1.77370000e+01
 -2.78162052e+03  3.42742900e+03  1.09000000e-01  1.77040000e+01
 -2.78199080e+03  3.43005600e+03  1.09000000e-01  1.76620000e+01
 -2.78199080e+03  3.43005600e+03  1.09000000e-01  1.76620000e+01
 -2.78242523e+03  3.43139600e+03  1.09000000e-01  1.76320000e+01
 -2.78242523e+03  3.43139600e+03  1.09000000e-01  1.76320000e+01
 -2.78486271e+03  3.43490900e+03  1.09000000e-01  1.74760000e+01
 -2.78486271e+03  3.43490900e+03  1.09000000e-01  1.74760000e+01
 -2.78643707e+03  3.43558900e+03  1.09000000e-01  1.74810000e+01
 -2.78725894e+03  3.43858300e+03  1.09000000e-01  1.73730000e+01
 -2.78835178e+03  3.43879900e+03  1.09000000e-01  1.75130000e+01
 -2.78835178e+03  3.43879900e+03  1.09000000e-01  1.75130000e+01
 -2.78835178e+03  3.43879900e+03  1.09000000e-01  1.75130000e+01
 -2.79066349e+03  3.44046300e+03  1.09000000e-01  1.75150000e+01
 -2.79512788e+03  3.44114400e+03  1.09000000e-01  1.75150000e+01
 -2.80411986e+03  3.43941400e+03  1.09000000e-01  1.75470000e+01
 -2.80669561e+03  3.43941400e+03  1.09000000e-01  1.75430000e+01
 -2.80669561e+03  3.43941400e+03  1.09000000e-01  1.75430000e+01
 -2.80669561e+03  3.43941400e+03  1.09000000e-01  1.75430000e+01
 -2.80669561e+03  3.43941400e+03  1.09000000e-01  1.75430000e+01
 -2.80669561e+03  3.43941400e+03  1.09000000e-01  1.75430000e+01
 -2.80669561e+03  3.43941400e+03  1.09000000e-01  1.75430000e+01
 -2.80735369e+03  3.44106800e+03  1.09000000e-01  1.75270000e+01
 -2.80735369e+03  3.44106800e+03  1.09000000e-01  1.75270000e+01
 -2.80735369e+03  3.44106800e+03  1.09000000e-01  1.75270000e+01
 -2.80899534e+03  3.44480700e+03  1.09000000e-01  1.74460000e+01
 -2.82295690e+03  3.44502300e+03  1.09000000e-01  1.74460000e+01
 -2.82464593e+03  3.44681600e+03  1.09000000e-01  1.74460000e+01
 -2.82464593e+03  3.44681600e+03  1.09000000e-01  1.74460000e+01
 -2.82771297e+03  3.45175600e+03  1.09000000e-01  1.74160000e+01
 -2.82747034e+03  3.44935600e+03  1.09000000e-01  1.74610000e+01
 -2.82747034e+03  3.44935600e+03  1.09000000e-01  1.74610000e+01
 -2.82747034e+03  3.44935600e+03  1.09000000e-01  1.74610000e+01
 -2.83811197e+03  3.45078300e+03  1.09000000e-01  1.74800000e+01
 -2.84143684e+03  3.45429500e+03  1.09000000e-01  1.74770000e+01
 -2.84143684e+03  3.45429500e+03  1.09000000e-01  1.74770000e+01
 -2.84210984e+03  3.45639200e+03  1.09000000e-01  1.74770000e+01
 -2.84172621e+03  3.45669500e+03  1.09000000e-01  1.74640000e+01
 -2.84172621e+03  3.45669500e+03  1.09000000e-01  1.74640000e+01
 -2.84172621e+03  3.45669500e+03  1.09000000e-01  1.74640000e+01
 -2.84172621e+03  3.45669500e+03  1.09000000e-01  1.74640000e+01
 -2.84228457e+03  3.45736500e+03  1.09000000e-01  1.74650000e+01
 -2.84228457e+03  3.45736500e+03  1.09000000e-01  1.74650000e+01
 -2.84228457e+03  3.45736500e+03  1.09000000e-01  1.74650000e+01
 -2.84262002e+03  3.45923500e+03  1.09000000e-01  1.74600000e+01
 -2.84262002e+03  3.45923500e+03  1.09000000e-01  1.74600000e+01
 -2.84262002e+03  3.45923500e+03  1.09000000e-01  1.74600000e+01
 -2.84431206e+03  3.46199100e+03  1.09000000e-01  1.74270000e+01
 -2.84695607e+03  3.46386000e+03  1.09000000e-01  1.74190000e+01
 -2.84695607e+03  3.46386000e+03  1.09000000e-01  1.74190000e+01
 -2.84723192e+03  3.46363300e+03  1.09000000e-01  1.74190000e+01
 -2.84723192e+03  3.46363300e+03  1.09000000e-01  1.74190000e+01
 -2.84723192e+03  3.46363300e+03  1.09000000e-01  1.74190000e+01
 -2.84723192e+03  3.46363300e+03  1.09000000e-01  1.74190000e+01
 -2.84723192e+03  3.46363300e+03  1.09000000e-01  1.74190000e+01
 -2.85719812e+03  3.46497300e+03  1.09000000e-01  1.74070000e+01
 -2.85719812e+03  3.46497300e+03  1.09000000e-01  1.74070000e+01
 -2.85719812e+03  3.46497300e+03  1.09000000e-01  1.74070000e+01
 -2.85719812e+03  3.46497300e+03  1.09000000e-01  1.74070000e+01
 -2.85719812e+03  3.46497300e+03  1.09000000e-01  1.74070000e+01
 -2.85719812e+03  3.46497300e+03  1.09000000e-01  1.74070000e+01
 -2.85723688e+03  3.46497300e+03  1.09000000e-01  1.74050000e+01
 -2.86464790e+03  3.46818300e+03  1.09000000e-01  1.72100000e+01
 -2.86859176e+03  3.46609600e+03  1.09000000e-01  1.73970000e+01
 -2.86859176e+03  3.46609600e+03  1.09000000e-01  1.73970000e+01
 -2.86859176e+03  3.46609600e+03  1.09000000e-01  1.73970000e+01
 -2.86858445e+03  3.46587000e+03  1.09000000e-01  1.73980000e+01
 -2.87212666e+03  3.46608500e+03  1.09000000e-01  1.75240000e+01
 -2.87948532e+03  3.46421500e+03  1.09000000e-01  1.75460000e+01
 -2.87948532e+03  3.46421500e+03  1.09000000e-01  1.75460000e+01
 -2.87948532e+03  3.46421500e+03  1.09000000e-01  1.75460000e+01
 -2.87948532e+03  3.46421500e+03  1.09000000e-01  1.75460000e+01
 -2.88204240e+03  3.46399900e+03  1.09000000e-01  1.75690000e+01
 -2.88204240e+03  3.46399900e+03  1.09000000e-01  1.75690000e+01
 -2.88204240e+03  3.46399900e+03  1.09000000e-01  1.75690000e+01
 -2.88204240e+03  3.46399900e+03  1.09000000e-01  1.75690000e+01
 -2.88204240e+03  3.46399900e+03  1.09000000e-01  1.75690000e+01
 -2.88367736e+03  3.46302600e+03  1.09000000e-01  1.76660000e+01
 -2.88855653e+03  3.46324200e+03  1.09000000e-01  1.76960000e+01
 -2.88855653e+03  3.46324200e+03  1.09000000e-01  1.76960000e+01
 -2.88855653e+03  3.46324200e+03  1.09000000e-01  1.76960000e+01
 -2.89202477e+03  3.46457100e+03  1.09000000e-01  1.76660000e+01
 -2.89244204e+03  3.46435500e+03  1.09000000e-01  1.76260000e+01
 -2.89678103e+03  3.46457100e+03  1.09000000e-01  1.76250000e+01
 -2.89678103e+03  3.46457100e+03  1.09000000e-01  1.76250000e+01
 -2.89678103e+03  3.46457100e+03  1.09000000e-01  1.76250000e+01
 -2.89710065e+03  3.46345700e+03  1.09000000e-01  1.76910000e+01
 -2.89710065e+03  3.46345700e+03  1.09000000e-01  1.76910000e+01
 -2.89710065e+03  3.46345700e+03  1.09000000e-01  1.76910000e+01
 -2.89906852e+03  3.46412700e+03  1.09000000e-01  1.76150000e+01
 -2.90190618e+03  3.46315400e+03  1.09000000e-01  1.76170000e+01
 -2.91056905e+03  3.46382400e+03  1.09000000e-01  1.75570000e+01
 -2.91056905e+03  3.46382400e+03  1.09000000e-01  1.75570000e+01
 -2.91186825e+03  3.46427800e+03  1.09000000e-01  1.75660000e+01
 -2.91928409e+03  3.46374800e+03  1.09000000e-01  1.75700000e+01
 -2.92049916e+03  3.46473100e+03  1.09000000e-01  1.75700000e+01
 -2.92049916e+03  3.46473100e+03  1.09000000e-01  1.75700000e+01
 -2.92493264e+03  3.46891400e+03  1.09000000e-01  1.75760000e+01
 -2.92493264e+03  3.46891400e+03  1.09000000e-01  1.75760000e+01
 -2.92494615e+03  3.46847100e+03  1.09000000e-01  1.76330000e+01
 -2.92494615e+03  3.46847100e+03  1.09000000e-01  1.76330000e+01
 -2.92772622e+03  3.47012500e+03  1.09000000e-01  1.76320000e+01
 -2.93102292e+03  3.47132500e+03  1.09000000e-01  1.76290000e+01
 -2.93310745e+03  3.47363800e+03  1.09000000e-01  1.76200000e+01
 -2.93310745e+03  3.47363800e+03  1.09000000e-01  1.76200000e+01
 -2.93310745e+03  3.47363800e+03  1.09000000e-01  1.76200000e+01
 -2.93466867e+03  3.47603800e+03  1.09000000e-01  1.75120000e+01
 -2.93484745e+03  3.47506500e+03  1.09000000e-01  1.75670000e+01
 -2.93484745e+03  3.47506500e+03  1.09000000e-01  1.75670000e+01
 -2.93484745e+03  3.47506500e+03  1.09000000e-01  1.75670000e+01
 -2.93511875e+03  3.47618900e+03  1.09000000e-01  1.75730000e+01
 -2.93511875e+03  3.47618900e+03  1.09000000e-01  1.75730000e+01
 -2.93532783e+03  3.47708500e+03  1.09000000e-01  1.75720000e+01
 -2.93532783e+03  3.47708500e+03  1.09000000e-01  1.75720000e+01
 -2.93532783e+03  3.47708500e+03  1.09000000e-01  1.75720000e+01
 -2.93532783e+03  3.47708500e+03  1.09000000e-01  1.75720000e+01
 -2.94415331e+03  3.47820900e+03  1.09000000e-01  1.75650000e+01
 -2.94425509e+03  3.47866200e+03  1.09000000e-01  1.75640000e+01
 -2.95053466e+03  3.47813200e+03  1.09000000e-01  1.75680000e+01
 -2.95065541e+03  3.47871500e+03  1.09000000e-01  1.75520000e+01
 -2.95065541e+03  3.47871500e+03  1.09000000e-01  1.75520000e+01
 -2.95411033e+03  3.47841100e+03  1.09000000e-01  1.75800000e+01
 -2.95411033e+03  3.47841100e+03  1.09000000e-01  1.75800000e+01
 -2.95411033e+03  3.47841100e+03  1.09000000e-01  1.75800000e+01
 -2.95512031e+03  3.48005400e+03  1.09000000e-01  1.75950000e+01
 -2.95601833e+03  3.47841100e+03  1.09000000e-01  1.77270000e+01
 -2.95601833e+03  3.47841100e+03  1.09000000e-01  1.77270000e+01
 -2.95719917e+03  3.48049700e+03  1.09000000e-01  1.77230000e+01
 -2.95719917e+03  3.48049700e+03  1.09000000e-01  1.77230000e+01
 -2.95719917e+03  3.48049700e+03  1.09000000e-01  1.77230000e+01
 -2.95872736e+03  3.48325200e+03  1.09000000e-01  1.77180000e+01
 -2.96338724e+03  3.48587900e+03  1.09000000e-01  1.77250000e+01
 -2.96338724e+03  3.48587900e+03  1.09000000e-01  1.77250000e+01
 -2.96338724e+03  3.48587900e+03  1.09000000e-01  1.77250000e+01
 -2.96338724e+03  3.48587900e+03  1.09000000e-01  1.77250000e+01
 -2.96338724e+03  3.48587900e+03  1.09000000e-01  1.77250000e+01
 -2.96338724e+03  3.48587900e+03  1.09000000e-01  1.77250000e+01
 -2.96338724e+03  3.48587900e+03  1.09000000e-01  1.77250000e+01
 -2.97122071e+03  3.48940300e+03  1.09000000e-01  1.76860000e+01
 -2.97993520e+03  3.48819200e+03  1.09000000e-01  1.77090000e+01
 -2.98013760e+03  3.48647300e+03  1.09000000e-01  1.77090000e+01
 -2.98533799e+03  3.48847100e+03  1.09000000e-01  1.77040000e+01
 -2.98533799e+03  3.48847100e+03  1.09000000e-01  1.77040000e+01
 -2.98533799e+03  3.48847100e+03  1.09000000e-01  1.77040000e+01
 -2.98605247e+03  3.48935700e+03  1.09000000e-01  1.76120000e+01
 -2.98605247e+03  3.48935700e+03  1.09000000e-01  1.76120000e+01
 -2.98678223e+03  3.49056800e+03  1.09000000e-01  1.76020000e+01
 -2.99530367e+03  3.49145400e+03  1.09000000e-01  1.75190000e+01
 -2.99530367e+03  3.49145400e+03  1.09000000e-01  1.75190000e+01
 -2.99596005e+03  3.49629500e+03  1.09000000e-01  1.73590000e+01
 -2.99596005e+03  3.49629500e+03  1.09000000e-01  1.73590000e+01
 -2.99596005e+03  3.49629500e+03  1.09000000e-01  1.73590000e+01
 -2.99729184e+03  3.49772200e+03  1.09000000e-01  1.72730000e+01
 -3.00348972e+03  3.49794900e+03  1.09000000e-01  1.73020000e+01
 -3.00348972e+03  3.49794900e+03  1.09000000e-01  1.73020000e+01
 -3.00348972e+03  3.49794900e+03  1.09000000e-01  1.73020000e+01
 -3.00348972e+03  3.49794900e+03  1.09000000e-01  1.73020000e+01
 -3.00348972e+03  3.49794900e+03  1.09000000e-01  1.73020000e+01
 -3.00574718e+03  3.50056500e+03  1.09000000e-01  1.72530000e+01
 -3.00574718e+03  3.50056500e+03  1.09000000e-01  1.72530000e+01
 -3.01228772e+03  3.50408900e+03  1.09000000e-01  1.71800000e+01
 -3.01228772e+03  3.50408900e+03  1.09000000e-01  1.71800000e+01
 -3.02091083e+03  3.50541800e+03  1.09000000e-01  1.71800000e+01
 -3.02093540e+03  3.50587100e+03  1.09000000e-01  1.71870000e+01
 -3.02104748e+03  3.50541700e+03  1.09000000e-01  1.72270000e+01
 -3.02104748e+03  3.50541700e+03  1.09000000e-01  1.72270000e+01
 -3.02103961e+03  3.50586000e+03  1.09000000e-01  1.72220000e+01
 -3.02103961e+03  3.50586000e+03  1.09000000e-01  1.72220000e+01
 -3.02103961e+03  3.50586000e+03  1.09000000e-01  1.72220000e+01
 -3.02103961e+03  3.50586000e+03  1.09000000e-01  1.72220000e+01
 -3.02157364e+03  3.50684400e+03  1.09000000e-01  1.72170000e+01
 -3.02523470e+03  3.50640100e+03  1.09000000e-01  1.72330000e+01
 -3.02523470e+03  3.50640100e+03  1.09000000e-01  1.72330000e+01
 -3.02589212e+03  3.50916800e+03  1.09000000e-01  1.72060000e+01
 -3.02589212e+03  3.50916800e+03  1.09000000e-01  1.72060000e+01
 -3.02949966e+03  3.51149100e+03  1.09000000e-01  1.72060000e+01
 -3.02949966e+03  3.51149100e+03  1.09000000e-01  1.72060000e+01
 -3.03537322e+03  3.51357700e+03  1.09000000e-01  1.72040000e+01
 -3.03537322e+03  3.51357700e+03  1.09000000e-01  1.72040000e+01
 -3.03783684e+03  3.51371700e+03  1.09000000e-01  1.72040000e+01
 -3.03880821e+03  3.51416000e+03  1.09000000e-01  1.71380000e+01
 -3.03880821e+03  3.51416000e+03  1.09000000e-01  1.71380000e+01
 -3.04320140e+03  3.51340300e+03  9.70000000e-02  1.72330000e+01
 -3.04320140e+03  3.51340300e+03  9.70000000e-02  1.72330000e+01
 -3.05090253e+03  3.51517400e+03  9.70000000e-02  1.71960000e+01
 -3.05132448e+03  3.51494700e+03  9.70000000e-02  1.71960000e+01
 -3.05132448e+03  3.51494700e+03  9.70000000e-02  1.71960000e+01
 -3.05132448e+03  3.51494700e+03  9.70000000e-02  1.71960000e+01
 -3.05132448e+03  3.51494700e+03  9.70000000e-02  1.71960000e+01
 -3.05178290e+03  3.51584400e+03  9.70000000e-02  1.71580000e+01
 -3.05178290e+03  3.51584400e+03  9.70000000e-02  1.71580000e+01
 -3.05309633e+03  3.51561700e+03  9.70000000e-02  1.71580000e+01
 -3.05309633e+03  3.51561700e+03  9.70000000e-02  1.71580000e+01
 -3.05309633e+03  3.51561700e+03  9.70000000e-02  1.71580000e+01
 -3.05532760e+03  3.51868700e+03  9.70000000e-02  1.71180000e+01
 -3.05532760e+03  3.51868700e+03  9.70000000e-02  1.71180000e+01
 -3.05532760e+03  3.51868700e+03  9.70000000e-02  1.71180000e+01
 -3.05532760e+03  3.51868700e+03  9.70000000e-02  1.71180000e+01
 -3.05584296e+03  3.51784300e+03  9.70000000e-02  1.71050000e+01
 -3.05586568e+03  3.51882700e+03  9.70000000e-02  1.70520000e+01
 -3.05586568e+03  3.51882700e+03  9.70000000e-02  1.70520000e+01
 -3.05586568e+03  3.51882700e+03  9.70000000e-02  1.70520000e+01
 -3.05586568e+03  3.51882700e+03  9.70000000e-02  1.70520000e+01
 -3.05586568e+03  3.51882700e+03  9.70000000e-02  1.70520000e+01
 -3.05684675e+03  3.51771400e+03  9.70000000e-02  1.71230000e+01
 -3.05684675e+03  3.51771400e+03  9.70000000e-02  1.71230000e+01
 -3.05740878e+03  3.51839400e+03  9.70000000e-02  1.70700000e+01
 -3.05983754e+03  3.51996100e+03  9.60000000e-02  1.70260000e+01
 -3.05983754e+03  3.51996100e+03  9.60000000e-02  1.70260000e+01
 -3.05988901e+03  3.51951800e+03  9.60000000e-02  1.70260000e+01
 -3.06326419e+03  3.52213400e+03  9.60000000e-02  1.70260000e+01
 -3.06326419e+03  3.52213400e+03  9.60000000e-02  1.70260000e+01
 -3.06360074e+03  3.52280400e+03  9.60000000e-02  1.69480000e+01
 -3.06581544e+03  3.52391700e+03  9.60000000e-02  1.69880000e+01
 -3.06581544e+03  3.52391700e+03  9.60000000e-02  1.69880000e+01
 -3.06624020e+03  3.52525700e+03  9.60000000e-02  1.69760000e+01
 -3.06671976e+03  3.52570000e+03  9.60000000e-02  1.69780000e+01
 -3.06671976e+03  3.52570000e+03  9.60000000e-02  1.69780000e+01
 -3.06855792e+03  3.52779600e+03  9.60000000e-02  1.69760000e+01
 -3.06855792e+03  3.52779600e+03  9.60000000e-02  1.69760000e+01
 -3.07163542e+03  3.52636900e+03  9.70000000e-02  1.69480000e+01
 -3.07163542e+03  3.52636900e+03  9.70000000e-02  1.69480000e+01
 -3.07163542e+03  3.52636900e+03  9.70000000e-02  1.69480000e+01
 -3.07163542e+03  3.52636900e+03  9.70000000e-02  1.69480000e+01
 -3.07784293e+03  3.52659600e+03  9.70000000e-02  1.70170000e+01
 -3.07784293e+03  3.52659600e+03  9.70000000e-02  1.70170000e+01
 -3.07784293e+03  3.52659600e+03  9.70000000e-02  1.70170000e+01
 -3.07788237e+03  3.52706000e+03  9.70000000e-02  1.70170000e+01
 -3.07788237e+03  3.52706000e+03  9.70000000e-02  1.70170000e+01
 -3.07788237e+03  3.52706000e+03  9.70000000e-02  1.70170000e+01
 -3.07788237e+03  3.52706000e+03  9.70000000e-02  1.70170000e+01
 -3.07788237e+03  3.52706000e+03  9.70000000e-02  1.70170000e+01
 -3.07788237e+03  3.52706000e+03  9.70000000e-02  1.70170000e+01
 -3.08213717e+03  3.52794700e+03  9.70000000e-02  1.70110000e+01
 -3.08218287e+03  3.52893000e+03  9.70000000e-02  1.69030000e+01
 -3.08218287e+03  3.52893000e+03  9.70000000e-02  1.69030000e+01
 -3.08218287e+03  3.52893000e+03  9.70000000e-02  1.69030000e+01
 -3.08233857e+03  3.53200000e+03  9.70000000e-02  1.68120000e+01
 -3.08541870e+03  3.53297300e+03  9.70000000e-02  1.67950000e+01
 -3.08541870e+03  3.53297300e+03  9.70000000e-02  1.67950000e+01
 -3.08779890e+03  3.53581600e+03  9.70000000e-02  1.67850000e+01
 -3.08779890e+03  3.53581600e+03  9.70000000e-02  1.67850000e+01
 -3.08902452e+03  3.53767500e+03  9.60000000e-02  1.67720000e+01
 -3.09008851e+03  3.54021500e+03  9.60000000e-02  1.66930000e+01
 -3.09119274e+03  3.54142600e+03  9.60000000e-02  1.66580000e+01
 -3.09119274e+03  3.54142600e+03  9.60000000e-02  1.66580000e+01
 -3.09439088e+03  3.54373900e+03  9.60000000e-02  1.66580000e+01
 -3.09681904e+03  3.54516600e+03  9.70000000e-02  1.66540000e+01
 -3.09686810e+03  3.54605100e+03  9.70000000e-02  1.66540000e+01
 -3.09686810e+03  3.54605100e+03  9.70000000e-02  1.66540000e+01
 -3.09734276e+03  3.54471100e+03  9.70000000e-02  1.68330000e+01
 -3.10872274e+03  3.54448500e+03  9.70000000e-02  1.68270000e+01
 -3.11280074e+03  3.54538100e+03  9.70000000e-02  1.68360000e+01
 -3.11388832e+03  3.54680800e+03  9.70000000e-02  1.68360000e+01
 -3.11457487e+03  3.54943500e+03  9.70000000e-02  1.68510000e+01
 -3.11937487e+03  3.55077500e+03  9.70000000e-02  1.68430000e+01
 -3.11937487e+03  3.55077500e+03  9.70000000e-02  1.68430000e+01
 -3.12040813e+03  3.55033200e+03  9.70000000e-02  1.68950000e+01
 -3.12106107e+03  3.55100200e+03  9.70000000e-02  1.70020000e+01
 -3.12106107e+03  3.55100200e+03  9.70000000e-02  1.70020000e+01
 -3.12992683e+03  3.55464400e+03  9.70000000e-02  1.69330000e+01
 -3.13059315e+03  3.55464300e+03  9.70000000e-02  1.69440000e+01
 -3.13059315e+03  3.55464300e+03  9.70000000e-02  1.69440000e+01
 -3.13059315e+03  3.55464300e+03  9.70000000e-02  1.69440000e+01
 -3.13059315e+03  3.55464300e+03  9.70000000e-02  1.69440000e+01
 -3.13073024e+03  3.55368100e+03  9.70000000e-02  1.69450000e+01
 -3.13073024e+03  3.55368100e+03  9.70000000e-02  1.69450000e+01
 -3.13073024e+03  3.55368100e+03  9.70000000e-02  1.69450000e+01
 -3.13073024e+03  3.55368100e+03  9.70000000e-02  1.69450000e+01
 -3.13551711e+03  3.55809100e+03  9.70000000e-02  1.68030000e+01
 -3.13551711e+03  3.55809100e+03  9.70000000e-02  1.68030000e+01
 -3.13551711e+03  3.55809100e+03  9.70000000e-02  1.68030000e+01
 -3.13551711e+03  3.55809100e+03  9.70000000e-02  1.68030000e+01
 -3.13551711e+03  3.55809100e+03  9.70000000e-02  1.68030000e+01
 -3.14247591e+03  3.56107400e+03  9.70000000e-02  1.67870000e+01
 -3.14247591e+03  3.56107400e+03  9.70000000e-02  1.67870000e+01
 -3.14912445e+03  3.56263000e+03  9.70000000e-02  1.67810000e+01
 -3.14912932e+03  3.56373200e+03  9.70000000e-02  1.67970000e+01
 -3.14912932e+03  3.56373200e+03  9.70000000e-02  1.67970000e+01
 -3.14912932e+03  3.56373200e+03  9.70000000e-02  1.67970000e+01
 -3.15077229e+03  3.56373200e+03  9.70000000e-02  1.68990000e+01
 -3.15163605e+03  3.56441200e+03  9.60000000e-02  1.68990000e+01
 -3.15163605e+03  3.56441200e+03  9.60000000e-02  1.68990000e+01
 -3.15163605e+03  3.56441200e+03  9.60000000e-02  1.68990000e+01
 -3.15163605e+03  3.56441200e+03  9.60000000e-02  1.68990000e+01
 -3.15163605e+03  3.56441200e+03  9.60000000e-02  1.68990000e+01
 -3.15163605e+03  3.56441200e+03  9.60000000e-02  1.68990000e+01
 -3.15163605e+03  3.56441200e+03  9.60000000e-02  1.68990000e+01
 -3.15219453e+03  3.56948100e+03  9.70000000e-02  1.67530000e+01
 -3.15272721e+03  3.57113500e+03  9.60000000e-02  1.67450000e+01
 -3.15296221e+03  3.57156700e+03  9.60000000e-02  1.67450000e+01
 -3.15717467e+03  3.57597700e+03  9.60000000e-02  1.67440000e+01
 -3.16144670e+03  3.57740400e+03  9.60000000e-02  1.67230000e+01
 -3.16144670e+03  3.57740400e+03  9.60000000e-02  1.67230000e+01
 -3.16546297e+03  3.57650700e+03  9.60000000e-02  1.67250000e+01
 -3.16725169e+03  3.57807400e+03  9.60000000e-02  1.66680000e+01
 -3.16725169e+03  3.57807400e+03  9.60000000e-02  1.66680000e+01
 -3.16725169e+03  3.57807400e+03  9.60000000e-02  1.66680000e+01
 -3.16725169e+03  3.57807400e+03  9.60000000e-02  1.66680000e+01
 -3.17718014e+03  3.57985600e+03  9.60000000e-02  1.66950000e+01
 -3.17996322e+03  3.58516300e+03  9.60000000e-02  1.66610000e+01
 -3.17996322e+03  3.58516300e+03  9.60000000e-02  1.66610000e+01
 -3.17996322e+03  3.58516300e+03  9.60000000e-02  1.66610000e+01
 -3.17996322e+03  3.58516300e+03  9.60000000e-02  1.66610000e+01
 -3.17996322e+03  3.58516300e+03  9.60000000e-02  1.66610000e+01
 -3.18268651e+03  3.58353100e+03  9.60000000e-02  1.67800000e+01
 -3.18290324e+03  3.58376900e+03  9.60000000e-02  1.67610000e+01
 -3.18290810e+03  3.58497900e+03  9.60000000e-02  1.66170000e+01
 -3.18290810e+03  3.58497900e+03  9.60000000e-02  1.66170000e+01
 -3.18550102e+03  3.58893500e+03  9.60000000e-02  1.65730000e+01
 -3.18550102e+03  3.58893500e+03  9.60000000e-02  1.65730000e+01
 -3.18550102e+03  3.58893500e+03  9.60000000e-02  1.65730000e+01
 -3.18550102e+03  3.58893500e+03  9.60000000e-02  1.65730000e+01
 -3.18550102e+03  3.58893500e+03  9.60000000e-02  1.65730000e+01
 -3.18568054e+03  3.58772400e+03  9.60000000e-02  1.66510000e+01
 -3.18568054e+03  3.58772400e+03  9.60000000e-02  1.66510000e+01
 -3.18568054e+03  3.58772400e+03  9.60000000e-02  1.66510000e+01
 -3.18568054e+03  3.58772400e+03  9.60000000e-02  1.66510000e+01
 -3.18568054e+03  3.58772400e+03  9.60000000e-02  1.66510000e+01
 -3.18568054e+03  3.58772400e+03  9.60000000e-02  1.66510000e+01
 -3.18667320e+03  3.58869700e+03  9.60000000e-02  1.66520000e+01
 -3.18719744e+03  3.58773500e+03  9.60000000e-02  1.67210000e+01
 -3.18719744e+03  3.58773500e+03  9.60000000e-02  1.67210000e+01
 -3.18719744e+03  3.58773500e+03  9.60000000e-02  1.67210000e+01
 -3.18719744e+03  3.58773500e+03  9.60000000e-02  1.67210000e+01
 -3.18871622e+03  3.58817800e+03  9.60000000e-02  1.67210000e+01
 -3.18900364e+03  3.58906300e+03  9.60000000e-02  1.67210000e+01
 -3.18997638e+03  3.58869600e+03  9.60000000e-02  1.68030000e+01
 -3.18997638e+03  3.58869600e+03  9.60000000e-02  1.68030000e+01
 -3.18997638e+03  3.58869600e+03  9.60000000e-02  1.68030000e+01
 -3.19486211e+03  3.59124700e+03  9.60000000e-02  1.68030000e+01
 -3.19540020e+03  3.59445700e+03  9.60000000e-02  1.67360000e+01
 -3.19540937e+03  3.59356000e+03  9.60000000e-02  1.67720000e+01
 -3.19540937e+03  3.59356000e+03  9.60000000e-02  1.67720000e+01
 -3.19881409e+03  3.59566700e+03  9.60000000e-02  1.67680000e+01
 -3.19881409e+03  3.59566700e+03  9.60000000e-02  1.67680000e+01
 -3.19881409e+03  3.59566700e+03  9.60000000e-02  1.67680000e+01
 -3.19881409e+03  3.59566700e+03  9.60000000e-02  1.67680000e+01
 -3.20324041e+03  3.59679000e+03  9.60000000e-02  1.67670000e+01
 -3.20851082e+03  3.60053000e+03  9.60000000e-02  1.65770000e+01
 -3.20969505e+03  3.60098400e+03  9.60000000e-02  1.65770000e+01
 -3.20969505e+03  3.60098400e+03  9.60000000e-02  1.65770000e+01
 -3.21686664e+03  3.60396700e+03  9.60000000e-02  1.66230000e+01
 -3.21755279e+03  3.60441000e+03  9.60000000e-02  1.66230000e+01
 -3.21755279e+03  3.60441000e+03  9.60000000e-02  1.66230000e+01
 -3.21755753e+03  3.60419400e+03  9.60000000e-02  1.66460000e+01
 -3.21912731e+03  3.60868000e+03  9.60000000e-02  1.66810000e+01
 -3.21912731e+03  3.60868000e+03  9.60000000e-02  1.66810000e+01
 -3.21912731e+03  3.60868000e+03  9.60000000e-02  1.66810000e+01
 -3.21912731e+03  3.60868000e+03  9.60000000e-02  1.66810000e+01
 -3.21912731e+03  3.60868000e+03  9.60000000e-02  1.66810000e+01
 -3.21912731e+03  3.60868000e+03  9.60000000e-02  1.66810000e+01
 -3.21912731e+03  3.60868000e+03  9.60000000e-02  1.66810000e+01
 -3.21912731e+03  3.60868000e+03  9.60000000e-02  1.66810000e+01
 -3.21912731e+03  3.60868000e+03  9.60000000e-02  1.66810000e+01
 -3.22082582e+03  3.60793400e+03  9.60000000e-02  1.65480000e+01
 -3.22082582e+03  3.60793400e+03  9.60000000e-02  1.65480000e+01
 -3.22161290e+03  3.60837700e+03  9.60000000e-02  1.65480000e+01
 -3.22309085e+03  3.61122000e+03  9.60000000e-02  1.65060000e+01
 -3.22309085e+03  3.61122000e+03  9.60000000e-02  1.65060000e+01
 -3.22562163e+03  3.61219200e+03  9.60000000e-02  1.65640000e+01
 -3.22634342e+03  3.61362000e+03  9.60000000e-02  1.64380000e+01
 -3.23335091e+03  3.61317600e+03  9.60000000e-02  1.64380000e+01
 -3.23335091e+03  3.61317600e+03  9.60000000e-02  1.64380000e+01
 -3.23335091e+03  3.61317600e+03  9.60000000e-02  1.64380000e+01
 -3.23335091e+03  3.61317600e+03  9.60000000e-02  1.64380000e+01
 -3.23335091e+03  3.61317600e+03  9.60000000e-02  1.64380000e+01
 -3.23335091e+03  3.61317600e+03  9.60000000e-02  1.64380000e+01
 -3.23335091e+03  3.61317600e+03  9.60000000e-02  1.64380000e+01
 -3.23381343e+03  3.61010700e+03  9.60000000e-02  1.65360000e+01
 -3.23381343e+03  3.61010700e+03  9.60000000e-02  1.65360000e+01
 -3.23381343e+03  3.61010700e+03  9.60000000e-02  1.65360000e+01
 -3.23736689e+03  3.61010700e+03  9.60000000e-02  1.65910000e+01
 -3.23873261e+03  3.60876700e+03  9.60000000e-02  1.66960000e+01
 -3.24026604e+03  3.60996600e+03  9.60000000e-02  1.66900000e+01
 -3.24026604e+03  3.60996600e+03  9.60000000e-02  1.66900000e+01
 -3.24026604e+03  3.60996600e+03  9.60000000e-02  1.66900000e+01
 -3.24050548e+03  3.61205200e+03  9.60000000e-02  1.65920000e+01
 -3.24095307e+03  3.61293800e+03  9.60000000e-02  1.65850000e+01
 -3.24095307e+03  3.61293800e+03  9.60000000e-02  1.65850000e+01
 -3.24419606e+03  3.61173800e+03  9.60000000e-02  1.65890000e+01
 -3.24419606e+03  3.61173800e+03  9.60000000e-02  1.65890000e+01
 -3.24459449e+03  3.61294900e+03  9.60000000e-02  1.65850000e+01
 -3.24459449e+03  3.61294900e+03  9.60000000e-02  1.65850000e+01
 -3.24459449e+03  3.61294900e+03  9.60000000e-02  1.65850000e+01
 -3.24459449e+03  3.61294900e+03  9.60000000e-02  1.65850000e+01
 -3.24861482e+03  3.61294900e+03  9.60000000e-02  1.65920000e+01
 -3.24861482e+03  3.61294900e+03  9.60000000e-02  1.65920000e+01
 -3.24861482e+03  3.61294900e+03  9.60000000e-02  1.65920000e+01
 -3.24861482e+03  3.61294900e+03  9.60000000e-02  1.65920000e+01
 -3.24942727e+03  3.61435400e+03  9.60000000e-02  1.63850000e+01
 -3.24964077e+03  3.61786700e+03  9.60000000e-02  1.62840000e+01