7	4	0
6	6	0
8	6	0
7	8	0
9	8	0
11	8	0
26	8	0
9	10	0
11	10	0
13	10	0
25	10	0
27	10	0
29	10	0
12	12	0
14	12	0
16	12	0
25	12	0
27	12	0
29	12	0
15	14	0
17	14	0
19	14	0
21	14	0
23	14	0
25	14	0
27	14	0
29	14	0
17	16	0
22	16	0
24	16	0
26	16	0
28	16	0
30	16	0
22	18	0
24	18	0
26	18	0
28	18	0
30	18	0
20	20	0
22	20	0
24	20	0
26	20	0
28	20	0
30	20	0
32	20	0
20	22	0
22	22	0
24	22	0
26	22	0
28	22	0
30	22	0
32	22	0
20	24	0
22	24	0
24	24	0
26	24	0
28	24	0
30	24	0
32	24	0
20	26	0
22	26	0
24	26	0
29	26	0
31	26	0
33	26	0
19	28	0
21	28	0
32	28	0
19	30	0
33	30	0
19	32	0
34	32	0
19	34	0
34	34	0
19	36	0
34	36	0
19	38	0
34	38	0
19	40	0
34	40	0
19	42	0
34	42	0
19	44	0
34	44	0
19	46	0
33	46	0
20	48	0
32	48	0
34	48	0
20	50	0
22	50	0
24	50	0
29	50	0
31	50	0
33	50	0
20	52	0
22	52	0
24	52	0
26	52	0
28	52	0
30	52	0
32	52	0
20	54	0
22	54	0
24	54	0
26	54	0
28	54	0
30	54	0
32	54	0
20	56	0
22	56	0
24	56	0
26	56	0
28	56	0
30	56	0
32	56	0
20	58	0
22	58	0
24	58	0
26	58	0
28	58	0
30	58	0
32	58	0
20	60	0
22	60	0
24	60	0
26	60	0
28	60	0
30	60	0
32	60	0
20	62	0
22	62	0
24	62	0
26	62	0
28	62	0
30	62	0
32	62	0
20	64	0
22	64	0
24	64	0
26	64	0
28	64	0
30	64	0
32	64	0
25	70	0
27	70	0
26	72	0
28	72	0
26	74	0
26	76	0
26	78	0
26	80	0
27	82	0
27	84	0
26	86	0
26	88	0
26	90	0
26	92	0
26	94	0
26	96	0
26	98	0
26	100	0
26	102	0
10	8	2
12	8	2
26	8	2
9	10	2
11	10	2
13	10	2
25	10	2
27	10	2
29	10	2
12	12	2
14	12	2
16	12	2
25	12	2
27	12	2
29	12	2
15	14	2
17	14	2
19	14	2
21	14	2
23	14	2
25	14	2
27	14	2
29	14	2
17	16	2
22	16	2
24	16	2
26	16	2
28	16	2
30	16	2
22	18	2
24	18	2
26	18	2
28	18	2
30	18	2
20	20	2
22	20	2
24	20	2
26	20	2
28	20	2
30	20	2
32	20	2
20	22	2
22	22	2
31	22	2
33	22	2
20	24	2
33	24	2
20	52	2
33	52	2
20	54	2
22	54	2
31	54	2
33	54	2
20	56	2
22	56	2
24	56	2
26	56	2
28	56	2
30	56	2
32	56	2
20	58	2
22	58	2
24	58	2
26	58	2
28	58	2
30	58	2
32	58	2
20	60	2
22	60	2
24	60	2
26	60	2
28	60	2
30	60	2
32	60	2
20	62	2
22	62	2
24	62	2
26	62	2
28	62	2
30	62	2
32	62	2
20	64	2
22	64	2
24	64	2
26	64	2
28	64	2
30	64	2
32	64	2
25	70	2
27	70	2
26	72	2
28	72	2
26	74	2
26	76	2
26	78	2
26	80	2
27	82	2
27	84	2
26	86	2
26	88	2
26	90	2
26	92	2
26	94	2
26	96	2
26	98	2
26	100	2
26	102	2
26	8	4
13	10	4
25	10	4
27	10	4
29	10	4
12	12	4
14	12	4
16	12	4
25	12	4
27	12	4
29	12	4
15	14	4
17	14	4
19	14	4
21	14	4
23	14	4
25	14	4
27	14	4
29	14	4
17	16	4
22	16	4
24	16	4
26	16	4
28	16	4
30	16	4
22	18	4
24	18	4
26	18	4
28	18	4
30	18	4
20	20	4
20	56	4
33	56	4
20	58	4
22	58	4
24	58	4
26	58	4
28	58	4
30	58	4
32	58	4
20	60	4
22	60	4
24	60	4
26	60	4
28	60	4
30	60	4
32	60	4
20	62	4
22	62	4
24	62	4
26	62	4
28	62	4
30	62	4
32	62	4
20	64	4
22	64	4
24	64	4
26	64	4
28	64	4
30	64	4
32	64	4
25	70	4
27	70	4
26	72	4
28	72	4
26	74	4
26	76	4
26	78	4
26	80	4
27	82	4
27	84	4
26	86	4
26	88	4
26	90	4
26	92	4
26	94	4
26	96	4
26	98	4
26	100	4
26	102	4
26	8	6
25	10	6
27	10	6
29	10	6
17	12	6
25	12	6
27	12	6
29	12	6
15	14	6
17	14	6
19	14	6
21	14	6
23	14	6
25	14	6
27	14	6
29	14	6
17	16	6
22	16	6
30	16	6
20	60	6
22	60	6
32	60	6
20	62	6
22	62	6
24	62	6
26	62	6
28	62	6
30	62	6
32	62	6
20	64	6
22	64	6
24	64	6
26	64	6
28	64	6
30	64	6
32	64	6
25	70	6
27	70	6
26	72	6
28	72	6
26	74	6
26	76	6
26	78	6
26	80	6
27	82	6
27	84	6
26	86	6
26	88	6
26	90	6
26	92	6
26	94	6
26	96	6
26	98	6
26	100	6
26	102	6
26	8	8
25	10	8
27	10	8
29	10	8
25	12	8
27	12	8
29	12	8
20	14	8
22	14	8
20	62	8
33	62	8
20	64	8
22	64	8
24	64	8
29	64	8
31	64	8
33	64	8
25	70	8
27	70	8
26	72	8
28	72	8
26	74	8
26	76	8
26	78	8
26	80	8
27	82	8
27	84	8
26	86	8
26	88	8
26	90	8
26	92	8
26	94	8
26	96	8
26	98	8
26	100	8
26	102	8
26	8	10
25	10	10
27	10	10
29	10	10
25	70	10
27	70	10
26	72	10
28	72	10
26	74	10
26	76	10
26	78	10
26	80	10
27	82	10
27	84	10
26	86	10
26	88	10
26	90	10
26	92	10
26	94	10
26	96	10
26	98	10
26	100	10
26	102	10
26	8	12
25	10	12
27	10	12
29	10	12
25	70	12
27	70	12
26	72	12
28	72	12
26	74	12
26	76	12
26	78	12
26	80	12
27	82	12
27	84	12
26	86	12
26	88	12
26	90	12
26	92	12
26	94	12
26	96	12
26	98	12
26	100	12
26	102	12
26	8	14
26	72	14
28	72	14
26	74	14
26	76	14
26	78	14
26	80	14
27	82	14
27	84	14
26	86	14
26	88	14
26	90	14
26	92	14
26	94	14
26	96	14
26	98	14
26	100	14
26	102	14
26	74	16
26	76	16
26	78	16
26	80	16
27	82	16
27	84	16
26	86	16
26	88	16
26	90	16
26	92	16
26	94	16
26	96	16
26	98	16
26	100	16
26	102	16
26	74	18
26	76	18
26	78	18
26	80	18
27	82	18
27	84	18
26	86	18
26	88	18
26	90	18
26	92	18
26	94	18
26	96	18
26	98	18
26	100	18
26	102	18
26	76	20
26	78	20
26	80	20
27	82	20
27	84	20
26	86	20
26	88	20
26	90	20
26	92	20
26	94	20
26	96	20
26	98	20
26	100	20
26	102	20
26	78	22
26	80	22
27	82	22
27	84	22
26	86	22
26	88	22
26	90	22
26	92	22
26	94	22
26	96	22
26	98	22
26	100	22
26	102	22
26	80	24
27	82	24
27	84	24
26	86	24
26	88	24
26	90	24
26	92	24
26	94	24
26	96	24
26	98	24
26	100	24
26	102	24
27	82	26
27	84	26
26	86	26
26	88	26
26	90	26
26	92	26
26	94	26
26	96	26
26	98	26
26	100	26
26	102	26
27	84	28
26	86	28
26	88	28
26	90	28
26	92	28
26	94	28
26	96	28
26	98	28
26	100	28
26	102	28
26	86	30
26	88	30
26	90	30
26	92	30
26	94	30
26	96	30
26	98	30
26	100	30
26	102	30
26	88	32
26	90	32
26	92	32
26	94	32
26	96	32
26	98	32
26	100	32
26	102	32
26	90	34
26	92	34
26	94	34
26	96	34
26	98	34
26	100	34
26	102	34
26	94	36
26	96	36
26	98	36
26	100	36
26	102	36
26	96	38
26	98	38
26	100	38
26	102	38
26	100	40
26	102	40
26	102	42
