-2.33245781e+03  6.12140000e+02  1.14304000e+02  3.73000000e-01 2.81070000e+01
 -2.38213280e+03  6.22750000e+02  1.12730000e+02  3.68000000e-01 2.76360000e+01
 -2.38213280e+03  6.22750000e+02  1.12730000e+02  3.68000000e-01 2.76360000e+01
 -2.38213280e+03  6.22750000e+02  1.12730000e+02  3.68000000e-01 2.76360000e+01
 -2.38213280e+03  6.22750000e+02  1.12730000e+02  3.68000000e-01 2.76360000e+01
 -2.38213280e+03  6.22750000e+02  1.12730000e+02  3.68000000e-01 2.76360000e+01
 -2.39859311e+03  6.27230000e+02  1.18031000e+02  3.79000000e-01 2.90320000e+01
 -2.39859311e+03  6.27230000e+02  1.18031000e+02  3.79000000e-01 2.90320000e+01
 -2.38835174e+03  6.25360000e+02  1.11830000e+02  3.77000000e-01 2.61020000e+01
 -2.38835174e+03  6.25360000e+02  1.11830000e+02  3.77000000e-01 2.61020000e+01
 -2.38835174e+03  6.25360000e+02  1.11830000e+02  3.77000000e-01 2.61020000e+01
 -2.38835174e+03  6.25360000e+02  1.11830000e+02  3.77000000e-01 2.61020000e+01
 -2.38835174e+03  6.25360000e+02  1.11830000e+02  3.77000000e-01 2.61020000e+01
 -2.39493880e+03  6.27100000e+02  1.20176000e+02  3.65000000e-01 2.75680000e+01
 -2.39815488e+03  6.29360000e+02  1.17960000e+02  3.70000000e-01 2.51940000e+01
 -2.41261448e+03  6.33580000e+02  1.13959000e+02  3.65000000e-01 2.82000000e+01
 -2.41261448e+03  6.33580000e+02  1.13959000e+02  3.65000000e-01 2.82000000e+01
 -2.41261448e+03  6.33580000e+02  1.13959000e+02  3.65000000e-01 2.82000000e+01
 -2.41261448e+03  6.33580000e+02  1.13959000e+02  3.65000000e-01 2.82000000e+01
 -2.43936347e+03  6.40320000e+02  1.20794000e+02  3.56000000e-01 2.77090000e+01
 -2.43936347e+03  6.40320000e+02  1.20794000e+02  3.56000000e-01 2.77090000e+01
 -2.43936347e+03  6.40320000e+02  1.20794000e+02  3.56000000e-01 2.77090000e+01
 -2.44020640e+03  6.41710000e+02  9.84680000e+01  3.68000000e-01 2.69290000e+01
 -2.43605134e+03  6.39580000e+02  1.09658000e+02  3.75000000e-01 2.67160000e+01
 -2.40048468e+03  6.28490000e+02  1.14559000e+02  3.62000000e-01 2.79240000e+01
 -2.38527748e+03  6.23360000e+02  1.16662000e+02  3.66000000e-01 2.65250000e+01
 -2.35556524e+03  6.18140000e+02  1.09835000e+02  3.51000000e-01 2.86050000e+01
 -2.42842189e+03  6.36840000e+02  1.11886000e+02  3.86000000e-01 2.76420000e+01
 -2.43778510e+03  6.41710000e+02  1.17099000e+02  3.82000000e-01 2.85150000e+01
 -2.43778510e+03  6.41710000e+02  1.17099000e+02  3.82000000e-01 2.85150000e+01
 -2.43778510e+03  6.41710000e+02  1.17099000e+02  3.82000000e-01 2.85150000e+01
 -2.43778510e+03  6.41710000e+02  1.17099000e+02  3.82000000e-01 2.85150000e+01
 -2.43778510e+03  6.41710000e+02  1.17099000e+02  3.82000000e-01 2.85150000e+01
 -2.42688566e+03  6.39930000e+02  1.17889000e+02  3.79000000e-01 2.71250000e+01
 -2.48210098e+03  6.53280000e+02  1.19192000e+02  3.65000000e-01 2.66550000e+01
 -2.38203116e+03  6.28750000e+02  1.06845000e+02  3.53000000e-01 2.66980000e+01
 -2.38203116e+03  6.28750000e+02  1.06845000e+02  3.53000000e-01 2.66980000e+01
 -2.40174055e+03  6.32620000e+02  1.05444000e+02  3.61000000e-01 2.80580000e+01
 -2.40174055e+03  6.32620000e+02  1.05444000e+02  3.61000000e-01 2.80580000e+01
 -2.40174055e+03  6.32620000e+02  1.05444000e+02  3.61000000e-01 2.80580000e+01
 -2.42791145e+03  6.36880000e+02  1.11508000e+02  3.69000000e-01 2.55970000e+01
 -2.37851453e+03  6.26790000e+02  1.02602000e+02  3.66000000e-01 2.67220000e+01
 -2.37249260e+03  6.24180000e+02  1.11029000e+02  3.60000000e-01 2.86730000e+01
 -2.38336395e+03  6.23400000e+02  1.17148000e+02  3.75000000e-01 2.71050000e+01
 -2.36567753e+03  6.23400000e+02  1.23635000e+02  3.69000000e-01 2.93350000e+01
 -2.37613095e+03  6.21750000e+02  1.13367000e+02  3.78000000e-01 2.60730000e+01
 -2.38658767e+03  6.26750000e+02  1.06960000e+02  3.62000000e-01 2.85430000e+01
 -2.39979798e+03  6.29230000e+02  1.16446000e+02  3.51000000e-01 2.67010000e+01
 -2.39979798e+03  6.29230000e+02  1.16446000e+02  3.51000000e-01 2.67010000e+01
 -2.40028856e+03  6.29230000e+02  1.13651000e+02  3.74000000e-01 2.45480000e+01
 -2.40028856e+03  6.29230000e+02  1.13651000e+02  3.74000000e-01 2.45480000e+01
 -2.40028856e+03  6.29230000e+02  1.13651000e+02  3.74000000e-01 2.45480000e+01
 -2.38960504e+03  6.26750000e+02  1.11506000e+02  3.60000000e-01 2.95130000e+01
 -2.38960504e+03  6.26750000e+02  1.11506000e+02  3.60000000e-01 2.95130000e+01
 -2.38960504e+03  6.26750000e+02  1.11506000e+02  3.60000000e-01 2.95130000e+01
 -2.39568184e+03  6.28880000e+02  1.12837000e+02  3.77000000e-01 2.86020000e+01
 -2.39568184e+03  6.28880000e+02  1.12837000e+02  3.77000000e-01 2.86020000e+01
 -2.48411382e+03  6.50060000e+02  1.13532000e+02  3.67000000e-01 2.66350000e+01
 -2.48411382e+03  6.50060000e+02  1.13532000e+02  3.67000000e-01 2.66350000e+01
 -2.48411382e+03  6.50060000e+02  1.13532000e+02  3.67000000e-01 2.66350000e+01
 -2.48411382e+03  6.50060000e+02  1.13532000e+02  3.67000000e-01 2.66350000e+01
 -2.48411382e+03  6.50060000e+02  1.13532000e+02  3.67000000e-01 2.66350000e+01
 -2.41764446e+03  6.33970000e+02  1.07868000e+02  3.58000000e-01 2.83310000e+01
 -2.41764446e+03  6.33970000e+02  1.07868000e+02  3.58000000e-01 2.83310000e+01
 -2.41764446e+03  6.33970000e+02  1.07868000e+02  3.58000000e-01 2.83310000e+01
 -2.40025555e+03  6.30230000e+02  1.23624000e+02  3.74000000e-01 2.67980000e+01
 -2.44750173e+03  6.41100000e+02  1.12596000e+02  3.55000000e-01 2.68290000e+01
 -2.44750173e+03  6.41100000e+02  1.12596000e+02  3.55000000e-01 2.68290000e+01
 -2.44750173e+03  6.41100000e+02  1.12596000e+02  3.55000000e-01 2.68290000e+01
 -2.44750173e+03  6.41100000e+02  1.12596000e+02  3.55000000e-01 2.68290000e+01
 -2.42744991e+03  6.39840000e+02  1.05815000e+02  3.64000000e-01 2.66640000e+01
 -2.46279336e+03  6.46450000e+02  1.04079000e+02  3.68000000e-01 2.70940000e+01
 -2.46279336e+03  6.46450000e+02  1.04079000e+02  3.68000000e-01 2.70940000e+01
 -2.48851684e+03  6.53060000e+02  1.10759000e+02  3.53000000e-01 2.53040000e+01
 -2.48851684e+03  6.53060000e+02  1.10759000e+02  3.53000000e-01 2.53040000e+01
 -2.48851684e+03  6.53060000e+02  1.10759000e+02  3.53000000e-01 2.53040000e+01
 -2.45645324e+03  6.46190000e+02  1.18721000e+02  3.69000000e-01 2.87330000e+01
 -2.45645324e+03  6.46190000e+02  1.18721000e+02  3.69000000e-01 2.87330000e+01
 -2.45645324e+03  6.46190000e+02  1.18721000e+02  3.69000000e-01 2.87330000e+01
 -2.41968337e+03  6.32360000e+02  1.08762000e+02  3.66000000e-01 2.88560000e+01
 -2.41968337e+03  6.32360000e+02  1.08762000e+02  3.66000000e-01 2.88560000e+01
 -2.41968337e+03  6.32360000e+02  1.08762000e+02  3.66000000e-01 2.88560000e+01
 -2.41968337e+03  6.32360000e+02  1.08762000e+02  3.66000000e-01 2.88560000e+01
 -2.41968337e+03  6.32360000e+02  1.08762000e+02  3.66000000e-01 2.88560000e+01
 -2.41968337e+03  6.32360000e+02  1.08762000e+02  3.66000000e-01 2.88560000e+01
 -2.45879397e+03  6.46450000e+02  1.14769000e+02  3.67000000e-01 2.63750000e+01
 -2.45879397e+03  6.46450000e+02  1.14769000e+02  3.67000000e-01 2.63750000e+01
 -2.42274857e+03  6.36970000e+02  1.06793000e+02  3.67000000e-01 2.72110000e+01
 -2.42274857e+03  6.36970000e+02  1.06793000e+02  3.67000000e-01 2.72110000e+01
 -2.42274857e+03  6.36970000e+02  1.06793000e+02  3.67000000e-01 2.72110000e+01
 -2.41640595e+03  6.34360000e+02  1.09627000e+02  3.74000000e-01 2.76740000e+01
 -2.49153908e+03  6.57280000e+02  1.04399000e+02  3.61000000e-01 2.60680000e+01
 -2.49153908e+03  6.57280000e+02  1.04399000e+02  3.61000000e-01 2.60680000e+01
 -2.49153908e+03  6.57280000e+02  1.04399000e+02  3.61000000e-01 2.60680000e+01
 -2.49153908e+03  6.57280000e+02  1.04399000e+02  3.61000000e-01 2.60680000e+01
 -2.49153908e+03  6.57280000e+02  1.04399000e+02  3.61000000e-01 2.60680000e+01
 -2.49202327e+03  6.56410000e+02  1.01615000e+02  3.86000000e-01 2.70070000e+01
 -2.49202327e+03  6.56410000e+02  1.01615000e+02  3.86000000e-01 2.70070000e+01
 -2.49202327e+03  6.56410000e+02  1.01615000e+02  3.86000000e-01 2.70070000e+01
 -2.49202327e+03  6.56410000e+02  1.01615000e+02  3.86000000e-01 2.70070000e+01
 -2.49202327e+03  6.56410000e+02  1.01615000e+02  3.86000000e-01 2.70070000e+01
 -2.49202327e+03  6.56410000e+02  1.01615000e+02  3.86000000e-01 2.70070000e+01
 -2.49202327e+03  6.56410000e+02  1.01615000e+02  3.86000000e-01 2.70070000e+01
 -2.49202327e+03  6.56410000e+02  1.01615000e+02  3.86000000e-01 2.70070000e+01
 -2.46382826e+03  6.51540000e+02  1.07862000e+02  3.72000000e-01 2.58590000e+01
 -2.42306183e+03  6.36580000e+02  1.24938000e+02  3.71000000e-01 2.55190000e+01
 -2.42306183e+03  6.36580000e+02  1.24938000e+02  3.71000000e-01 2.55190000e+01
 -2.45644378e+03  6.41450000e+02  1.11571000e+02  3.50000000e-01 2.48800000e+01
 -2.45644378e+03  6.41450000e+02  1.11571000e+02  3.50000000e-01 2.48800000e+01
 -2.45644378e+03  6.41450000e+02  1.11571000e+02  3.50000000e-01 2.48800000e+01
 -2.45644378e+03  6.41450000e+02  1.11571000e+02  3.50000000e-01 2.48800000e+01
 -2.42831251e+03  6.41320000e+02  1.02424000e+02  3.65000000e-01 2.67100000e+01
 -2.37182312e+03  6.21010000e+02  1.10774000e+02  3.67000000e-01 2.72860000e+01
 -2.37182312e+03  6.21010000e+02  1.10774000e+02  3.67000000e-01 2.72860000e+01
 -2.38360178e+03  6.23400000e+02  1.01561000e+02  3.65000000e-01 2.80660000e+01
 -2.38360178e+03  6.23400000e+02  1.01561000e+02  3.65000000e-01 2.80660000e+01
 -2.35278251e+03  6.20140000e+02  1.10917000e+02  3.70000000e-01 2.95300000e+01
 -2.40139231e+03  6.29840000e+02  1.20441000e+02  3.65000000e-01 2.83940000e+01
 -2.40139231e+03  6.29840000e+02  1.20441000e+02  3.65000000e-01 2.83940000e+01
 -2.40139231e+03  6.29840000e+02  1.20441000e+02  3.65000000e-01 2.83940000e+01
 -2.40139231e+03  6.29840000e+02  1.20441000e+02  3.65000000e-01 2.83940000e+01
 -2.41124218e+03  6.30710000e+02  1.01078000e+02  3.73000000e-01 2.69000000e+01
 -2.41124218e+03  6.30710000e+02  1.01078000e+02  3.73000000e-01 2.69000000e+01
 -2.41124218e+03  6.30710000e+02  1.01078000e+02  3.73000000e-01 2.69000000e+01
 -2.42762528e+03  6.35930000e+02  1.08603000e+02  3.74000000e-01 2.50950000e+01
 -2.42762528e+03  6.35930000e+02  1.08603000e+02  3.74000000e-01 2.50950000e+01
 -2.42762528e+03  6.35930000e+02  1.08603000e+02  3.74000000e-01 2.50950000e+01
 -2.45624013e+03  6.44410000e+02  1.19715000e+02  3.73000000e-01 2.74510000e+01
 -2.45624013e+03  6.44410000e+02  1.19715000e+02  3.73000000e-01 2.74510000e+01
 -2.44894460e+03  6.47280000e+02  1.13677000e+02  3.59000000e-01 2.71780000e+01
 -2.44894460e+03  6.47280000e+02  1.13677000e+02  3.59000000e-01 2.71780000e+01
 -2.43296635e+03  6.39450000e+02  1.15379000e+02  3.71000000e-01 2.48580000e+01
 -2.44013313e+03  6.38970000e+02  1.06665000e+02  3.64000000e-01 2.85800000e+01
 -2.44013313e+03  6.38970000e+02  1.06665000e+02  3.64000000e-01 2.85800000e+01
 -2.44013313e+03  6.38970000e+02  1.06665000e+02  3.64000000e-01 2.85800000e+01
 -2.44013313e+03  6.38970000e+02  1.06665000e+02  3.64000000e-01 2.85800000e+01
 -2.38139164e+03  6.24010000e+02  1.02673000e+02  3.64000000e-01 2.70580000e+01
 -2.38139164e+03  6.24010000e+02  1.02673000e+02  3.64000000e-01 2.70580000e+01
 -2.38139164e+03  6.24010000e+02  1.02673000e+02  3.64000000e-01 2.70580000e+01
 -2.39166506e+03  6.27750000e+02  1.14328000e+02  3.67000000e-01 2.65600000e+01
 -2.39166506e+03  6.27750000e+02  1.14328000e+02  3.67000000e-01 2.65600000e+01
 -2.43018778e+03  6.38230000e+02  1.17701000e+02  3.80000000e-01 2.71090000e+01
 -2.43018778e+03  6.38230000e+02  1.17701000e+02  3.80000000e-01 2.71090000e+01
 -2.43018778e+03  6.38230000e+02  1.17701000e+02  3.80000000e-01 2.71090000e+01
 -2.47692226e+03  6.49930000e+02  1.12620000e+02  3.65000000e-01 2.67560000e+01
 -2.47692226e+03  6.49930000e+02  1.12620000e+02  3.65000000e-01 2.67560000e+01
 -2.48616470e+03  6.52320000e+02  1.00045000e+02  3.70000000e-01 2.60470000e+01
 -2.48616470e+03  6.52320000e+02  1.00045000e+02  3.70000000e-01 2.60470000e+01
 -2.45954022e+03  6.44320000e+02  1.08370000e+02  3.67000000e-01 2.80810000e+01
 -2.46258682e+03  6.44930000e+02  1.17880000e+02  3.58000000e-01 2.71190000e+01
 -2.42994085e+03  6.41320000e+02  1.12375000e+02  3.65000000e-01 2.60970000e+01
 -2.43866739e+03  6.40840000e+02  1.14324000e+02  3.55000000e-01 2.66500000e+01
 -2.43866739e+03  6.40840000e+02  1.14324000e+02  3.55000000e-01 2.66500000e+01
 -2.43866739e+03  6.40840000e+02  1.14324000e+02  3.55000000e-01 2.66500000e+01
 -2.43866739e+03  6.40840000e+02  1.14324000e+02  3.55000000e-01 2.66500000e+01
 -2.44176976e+03  6.40360000e+02  1.17205000e+02  3.80000000e-01 2.61580000e+01
 -2.44176976e+03  6.40360000e+02  1.17205000e+02  3.80000000e-01 2.61580000e+01
 -2.44176976e+03  6.40360000e+02  1.17205000e+02  3.80000000e-01 2.61580000e+01
 -2.44176976e+03  6.40360000e+02  1.17205000e+02  3.80000000e-01 2.61580000e+01
 -2.44176976e+03  6.40360000e+02  1.17205000e+02  3.80000000e-01 2.61580000e+01
 -2.44176976e+03  6.40360000e+02  1.17205000e+02  3.80000000e-01 2.61580000e+01
 -2.42711452e+03  6.39840000e+02  9.95560000e+01  3.69000000e-01 2.61920000e+01
 -2.42711452e+03  6.39840000e+02  9.95560000e+01  3.69000000e-01 2.61920000e+01
 -2.41795215e+03  6.32710000e+02  1.12585000e+02  3.76000000e-01 2.53170000e+01
 -2.42958797e+03  6.36320000e+02  1.20615000e+02  3.87000000e-01 2.57050000e+01
 -2.42958797e+03  6.36320000e+02  1.20615000e+02  3.87000000e-01 2.57050000e+01
 -2.42958797e+03  6.36320000e+02  1.20615000e+02  3.87000000e-01 2.57050000e+01
 -2.42958797e+03  6.36320000e+02  1.20615000e+02  3.87000000e-01 2.57050000e+01
 -2.43835944e+03  6.41970000e+02  1.07328000e+02  3.69000000e-01 2.82420000e+01
 -2.43835944e+03  6.41970000e+02  1.07328000e+02  3.69000000e-01 2.82420000e+01
 -2.43835944e+03  6.41970000e+02  1.07328000e+02  3.69000000e-01 2.82420000e+01
 -2.43835944e+03  6.41970000e+02  1.07328000e+02  3.69000000e-01 2.82420000e+01
 -2.43835944e+03  6.41970000e+02  1.07328000e+02  3.69000000e-01 2.82420000e+01
 -2.43835944e+03  6.41970000e+02  1.07328000e+02  3.69000000e-01 2.82420000e+01
 -2.44737434e+03  6.43360000e+02  1.00492000e+02  3.67000000e-01 2.62280000e+01
 -2.44737434e+03  6.43360000e+02  1.00492000e+02  3.67000000e-01 2.62280000e+01
 -2.44675843e+03  6.41620000e+02  1.07089000e+02  3.63000000e-01 2.84220000e+01
 -2.44675843e+03  6.41620000e+02  1.07089000e+02  3.63000000e-01 2.84220000e+01
 -2.44675843e+03  6.41620000e+02  1.07089000e+02  3.63000000e-01 2.84220000e+01
 -2.44419210e+03  6.42230000e+02  1.00339000e+02  3.61000000e-01 2.74500000e+01
 -2.44419210e+03  6.42230000e+02  1.00339000e+02  3.61000000e-01 2.74500000e+01
 -2.44419052e+03  6.38970000e+02  1.12500000e+02  3.57000000e-01 2.81860000e+01
 -2.44419052e+03  6.38970000e+02  1.12500000e+02  3.57000000e-01 2.81860000e+01
 -2.44419052e+03  6.38970000e+02  1.12500000e+02  3.57000000e-01 2.81860000e+01
 -2.52342877e+03  6.62410000e+02  1.09574000e+02  3.71000000e-01 2.72980000e+01
 -2.52342877e+03  6.62410000e+02  1.09574000e+02  3.71000000e-01 2.72980000e+01
 -2.52342877e+03  6.62410000e+02  1.09574000e+02  3.71000000e-01 2.72980000e+01
 -2.52342877e+03  6.62410000e+02  1.09574000e+02  3.71000000e-01 2.72980000e+01
 -2.52342877e+03  6.62410000e+02  1.09574000e+02  3.71000000e-01 2.72980000e+01
 -2.52342877e+03  6.62410000e+02  1.09574000e+02  3.71000000e-01 2.72980000e+01
 -2.52342877e+03  6.62410000e+02  1.09574000e+02  3.71000000e-01 2.72980000e+01
 -2.52342877e+03  6.62410000e+02  1.09574000e+02  3.71000000e-01 2.72980000e+01
 -2.52342877e+03  6.62410000e+02  1.09574000e+02  3.71000000e-01 2.72980000e+01
 -2.52342877e+03  6.62410000e+02  1.09574000e+02  3.71000000e-01 2.72980000e+01
 -2.52342877e+03  6.62410000e+02  1.09574000e+02  3.71000000e-01 2.72980000e+01
 -2.47983276e+03  6.52540000e+02  1.07352000e+02  3.66000000e-01 2.54620000e+01
 -2.47983276e+03  6.52540000e+02  1.07352000e+02  3.66000000e-01 2.54620000e+01
 -2.47983276e+03  6.52540000e+02  1.07352000e+02  3.66000000e-01 2.54620000e+01
 -2.47983276e+03  6.52540000e+02  1.07352000e+02  3.66000000e-01 2.54620000e+01
 -2.47983276e+03  6.52540000e+02  1.07352000e+02  3.66000000e-01 2.54620000e+01
 -2.47983276e+03  6.52540000e+02  1.07352000e+02  3.66000000e-01 2.54620000e+01
 -2.47983276e+03  6.52540000e+02  1.07352000e+02  3.66000000e-01 2.54620000e+01
 -2.47983276e+03  6.52540000e+02  1.07352000e+02  3.66000000e-01 2.54620000e+01
 -2.44498733e+03  6.41060000e+02  1.13828000e+02  3.64000000e-01 2.66310000e+01
 -2.44498733e+03  6.41060000e+02  1.13828000e+02  3.64000000e-01 2.66310000e+01
 -2.44405112e+03  6.42190000e+02  1.09933000e+02  3.77000000e-01 2.50360000e+01
 -2.47837828e+03  6.47320000e+02  1.08121000e+02  3.65000000e-01 2.47870000e+01
 -2.47837828e+03  6.47320000e+02  1.08121000e+02  3.65000000e-01 2.47870000e+01
 -2.47837828e+03  6.47320000e+02  1.08121000e+02  3.65000000e-01 2.47870000e+01
 -2.47837828e+03  6.47320000e+02  1.08121000e+02  3.65000000e-01 2.47870000e+01
 -2.47837828e+03  6.47320000e+02  1.08121000e+02  3.65000000e-01 2.47870000e+01
 -2.47837828e+03  6.47320000e+02  1.08121000e+02  3.65000000e-01 2.47870000e+01
 -2.43085692e+03  6.33840000e+02  1.10704000e+02  3.86000000e-01 2.97150000e+01
 -2.43085692e+03  6.33840000e+02  1.10704000e+02  3.86000000e-01 2.97150000e+01
 -2.43523351e+03  6.38060000e+02  1.17109000e+02  3.70000000e-01 2.51830000e+01
 -2.43523351e+03  6.38060000e+02  1.17109000e+02  3.70000000e-01 2.51830000e+01
 -2.43523351e+03  6.38060000e+02  1.17109000e+02  3.70000000e-01 2.51830000e+01
 -2.43523351e+03  6.38060000e+02  1.17109000e+02  3.70000000e-01 2.51830000e+01
 -2.43523351e+03  6.38060000e+02  1.17109000e+02  3.70000000e-01 2.51830000e+01
 -2.44305110e+03  6.43450000e+02  1.14824000e+02  3.75000000e-01 2.66600000e+01
 -2.44305110e+03  6.43450000e+02  1.14824000e+02  3.75000000e-01 2.66600000e+01
 -2.38839876e+03  6.24880000e+02  1.19405000e+02  3.81000000e-01 2.86110000e+01
 -2.36007720e+03  6.18530000e+02  1.20792000e+02  3.64000000e-01 2.71360000e+01
 -2.36007720e+03  6.18530000e+02  1.20792000e+02  3.64000000e-01 2.71360000e+01
 -2.38516091e+03  6.26660000e+02  1.05905000e+02  3.74000000e-01 2.67540000e+01
 -2.38516091e+03  6.26660000e+02  1.05905000e+02  3.74000000e-01 2.67540000e+01
 -2.38516091e+03  6.26660000e+02  1.05905000e+02  3.74000000e-01 2.67540000e+01
 -2.44591691e+03  6.43230000e+02  1.09900000e+02  3.70000000e-01 2.72600000e+01
 -2.44591691e+03  6.43230000e+02  1.09900000e+02  3.70000000e-01 2.72600000e+01
 -2.44591691e+03  6.43230000e+02  1.09900000e+02  3.70000000e-01 2.72600000e+01
 -2.44591691e+03  6.43230000e+02  1.09900000e+02  3.70000000e-01 2.72600000e+01
 -2.45793474e+03  6.44710000e+02  1.12659000e+02  3.79000000e-01 2.94560000e+01
 -2.45793474e+03  6.44710000e+02  1.12659000e+02  3.79000000e-01 2.94560000e+01
 -2.45793474e+03  6.44710000e+02  1.12659000e+02  3.79000000e-01 2.94560000e+01
 -2.45793474e+03  6.44710000e+02  1.12659000e+02  3.79000000e-01 2.94560000e+01
 -2.46207332e+03  6.47450000e+02  1.05975000e+02  3.64000000e-01 2.78400000e+01
 -2.46207332e+03  6.47450000e+02  1.05975000e+02  3.64000000e-01 2.78400000e+01
 -2.42887625e+03  6.37450000e+02  1.02932000e+02  3.70000000e-01 2.66110000e+01
 -2.42887625e+03  6.37450000e+02  1.02932000e+02  3.70000000e-01 2.66110000e+01
 -2.45905661e+03  6.43840000e+02  9.90960000e+01  3.64000000e-01 2.77230000e+01
 -2.41371457e+03  6.31360000e+02  1.07091000e+02  3.59000000e-01 2.77650000e+01
 -2.42483066e+03  6.37710000e+02  1.18641000e+02  3.69000000e-01 2.59280000e+01
 -2.42483066e+03  6.37710000e+02  1.18641000e+02  3.69000000e-01 2.59280000e+01
 -2.42483066e+03  6.37710000e+02  1.18641000e+02  3.69000000e-01 2.59280000e+01
 -2.42483066e+03  6.37710000e+02  1.18641000e+02  3.69000000e-01 2.59280000e+01
 -2.42483066e+03  6.37710000e+02  1.18641000e+02  3.69000000e-01 2.59280000e+01
 -2.42483066e+03  6.37710000e+02  1.18641000e+02  3.69000000e-01 2.59280000e+01
 -2.42483066e+03  6.37710000e+02  1.18641000e+02  3.69000000e-01 2.59280000e+01
 -2.42483066e+03  6.37710000e+02  1.18641000e+02  3.69000000e-01 2.59280000e+01
 -2.42483066e+03  6.37710000e+02  1.18641000e+02  3.69000000e-01 2.59280000e+01
 -2.42483066e+03  6.37710000e+02  1.18641000e+02  3.69000000e-01 2.59280000e+01
 -2.42888603e+03  6.36450000e+02  1.14895000e+02  3.74000000e-01 2.75350000e+01
 -2.42888603e+03  6.36450000e+02  1.14895000e+02  3.74000000e-01 2.75350000e+01
 -2.42989131e+03  6.39060000e+02  1.22712000e+02  3.69000000e-01 2.62740000e+01
 -2.48143391e+03  6.52280000e+02  1.06521000e+02  3.66000000e-01 2.52290000e+01
 -2.48143391e+03  6.52280000e+02  1.06521000e+02  3.66000000e-01 2.52290000e+01
 -2.48143391e+03  6.52280000e+02  1.06521000e+02  3.66000000e-01 2.52290000e+01
 -2.48143391e+03  6.52280000e+02  1.06521000e+02  3.66000000e-01 2.52290000e+01
 -2.41603978e+03  6.34100000e+02  1.09641000e+02  3.64000000e-01 2.81350000e+01
 -2.41603978e+03  6.34100000e+02  1.09641000e+02  3.64000000e-01 2.81350000e+01
 -2.41603978e+03  6.34100000e+02  1.09641000e+02  3.64000000e-01 2.81350000e+01
 -2.41603978e+03  6.34100000e+02  1.09641000e+02  3.64000000e-01 2.81350000e+01
 -2.41834915e+03  6.33450000e+02  1.14467000e+02  3.77000000e-01 2.76020000e+01
 -2.41834915e+03  6.33450000e+02  1.14467000e+02  3.77000000e-01 2.76020000e+01
 -2.41834915e+03  6.33450000e+02  1.14467000e+02  3.77000000e-01 2.76020000e+01
 -2.42429077e+03  6.34970000e+02  1.05193000e+02  3.59000000e-01 2.74190000e+01
 -2.42429077e+03  6.34970000e+02  1.05193000e+02  3.59000000e-01 2.74190000e+01
 -2.42429077e+03  6.34970000e+02  1.05193000e+02  3.59000000e-01 2.74190000e+01
 -2.42429077e+03  6.34970000e+02  1.05193000e+02  3.59000000e-01 2.74190000e+01
 -2.42429077e+03  6.34970000e+02  1.05193000e+02  3.59000000e-01 2.74190000e+01
 -2.42223678e+03  6.41100000e+02  9.97960000e+01  3.64000000e-01 2.84850000e+01
 -2.41008661e+03  6.32140000e+02  1.18462000e+02  3.64000000e-01 2.76630000e+01
 -2.35900326e+03  6.16140000e+02  1.17597000e+02  3.71000000e-01 2.75820000e+01
 -2.40391770e+03  6.26620000e+02  1.10516000e+02  3.76000000e-01 2.83260000e+01
 -2.45118489e+03  6.43840000e+02  1.17384000e+02  3.82000000e-01 2.57180000e+01
 -2.48457758e+03  6.54190000e+02  1.11755000e+02  3.65000000e-01 2.82280000e+01
 -2.48457758e+03  6.54190000e+02  1.11755000e+02  3.65000000e-01 2.82280000e+01
 -2.48457758e+03  6.54190000e+02  1.11755000e+02  3.65000000e-01 2.82280000e+01
 -2.48457758e+03  6.54190000e+02  1.11755000e+02  3.65000000e-01 2.82280000e+01
 -2.48457758e+03  6.54190000e+02  1.11755000e+02  3.65000000e-01 2.82280000e+01
 -2.48457758e+03  6.54190000e+02  1.11755000e+02  3.65000000e-01 2.82280000e+01
 -2.51111884e+03  6.58540000e+02  1.04238000e+02  3.74000000e-01 2.61590000e+01
 -2.51111884e+03  6.58540000e+02  1.04238000e+02  3.74000000e-01 2.61590000e+01
 -2.51111884e+03  6.58540000e+02  1.04238000e+02  3.74000000e-01 2.61590000e+01
 -2.51111884e+03  6.58540000e+02  1.04238000e+02  3.74000000e-01 2.61590000e+01
 -2.51111884e+03  6.58540000e+02  1.04238000e+02  3.74000000e-01 2.61590000e+01
 -2.50366408e+03  6.60150000e+02  1.12808000e+02  3.75000000e-01 2.59850000e+01
 -2.50366408e+03  6.60150000e+02  1.12808000e+02  3.75000000e-01 2.59850000e+01
 -2.50366408e+03  6.60150000e+02  1.12808000e+02  3.75000000e-01 2.59850000e+01
 -2.50366408e+03  6.60150000e+02  1.12808000e+02  3.75000000e-01 2.59850000e+01
 -2.50366408e+03  6.60150000e+02  1.12808000e+02  3.75000000e-01 2.59850000e+01
 -2.52828249e+03  6.66890000e+02  1.02343000e+02  3.63000000e-01 2.65840000e+01
 -2.52828249e+03  6.66890000e+02  1.02343000e+02  3.63000000e-01 2.65840000e+01
 -2.52828249e+03  6.66890000e+02  1.02343000e+02  3.63000000e-01 2.65840000e+01
 -2.52828249e+03  6.66890000e+02  1.02343000e+02  3.63000000e-01 2.65840000e+01
 -2.52828249e+03  6.66890000e+02  1.02343000e+02  3.63000000e-01 2.65840000e+01
 -2.52828249e+03  6.66890000e+02  1.02343000e+02  3.63000000e-01 2.65840000e+01
 -2.52828249e+03  6.66890000e+02  1.02343000e+02  3.63000000e-01 2.65840000e+01
 -2.52828249e+03  6.66890000e+02  1.02343000e+02  3.63000000e-01 2.65840000e+01
 -2.52828249e+03  6.66890000e+02  1.02343000e+02  3.63000000e-01 2.65840000e+01
 -2.52828249e+03  6.66890000e+02  1.02343000e+02  3.63000000e-01 2.65840000e+01
 -2.52828249e+03  6.66890000e+02  1.02343000e+02  3.63000000e-01 2.65840000e+01
 -2.52828249e+03  6.66890000e+02  1.02343000e+02  3.63000000e-01 2.65840000e+01
 -2.53351635e+03  6.64760000e+02  1.08001000e+02  3.71000000e-01 2.66160000e+01
 -2.53351635e+03  6.64760000e+02  1.08001000e+02  3.71000000e-01 2.66160000e+01
 -2.53351635e+03  6.64760000e+02  1.08001000e+02  3.71000000e-01 2.66160000e+01
 -2.53351635e+03  6.64760000e+02  1.08001000e+02  3.71000000e-01 2.66160000e+01
 -2.53351635e+03  6.64760000e+02  1.08001000e+02  3.71000000e-01 2.66160000e+01
 -2.53351635e+03  6.64760000e+02  1.08001000e+02  3.71000000e-01 2.66160000e+01
 -2.53351635e+03  6.64760000e+02  1.08001000e+02  3.71000000e-01 2.66160000e+01
 -2.53351635e+03  6.64760000e+02  1.08001000e+02  3.71000000e-01 2.66160000e+01
 -2.53351635e+03  6.64760000e+02  1.08001000e+02  3.71000000e-01 2.66160000e+01
 -2.53351635e+03  6.64760000e+02  1.08001000e+02  3.71000000e-01 2.66160000e+01
 -2.53351635e+03  6.64760000e+02  1.08001000e+02  3.71000000e-01 2.66160000e+01
 -2.53351635e+03  6.64760000e+02  1.08001000e+02  3.71000000e-01 2.66160000e+01
 -2.53351635e+03  6.64760000e+02  1.08001000e+02  3.71000000e-01 2.66160000e+01
 -2.53351635e+03  6.64760000e+02  1.08001000e+02  3.71000000e-01 2.66160000e+01
 -2.53351635e+03  6.64760000e+02  1.08001000e+02  3.71000000e-01 2.66160000e+01
 -2.53351635e+03  6.64760000e+02  1.08001000e+02  3.71000000e-01 2.66160000e+01
 -2.53351635e+03  6.64760000e+02  1.08001000e+02  3.71000000e-01 2.66160000e+01
 -2.53351635e+03  6.64760000e+02  1.08001000e+02  3.71000000e-01 2.66160000e+01
 -2.53351635e+03  6.64760000e+02  1.08001000e+02  3.71000000e-01 2.66160000e+01
 -2.53351635e+03  6.64760000e+02  1.08001000e+02  3.71000000e-01 2.66160000e+01
 -2.53351635e+03  6.64760000e+02  1.08001000e+02  3.71000000e-01 2.66160000e+01
 -2.53351635e+03  6.64760000e+02  1.08001000e+02  3.71000000e-01 2.66160000e+01
 -2.53351635e+03  6.64760000e+02  1.08001000e+02  3.71000000e-01 2.66160000e+01
 -2.53351635e+03  6.64760000e+02  1.08001000e+02  3.71000000e-01 2.66160000e+01
 -2.53351635e+03  6.64760000e+02  1.08001000e+02  3.71000000e-01 2.66160000e+01
 -2.53351635e+03  6.64760000e+02  1.08001000e+02  3.71000000e-01 2.66160000e+01
 -2.53351635e+03  6.64760000e+02  1.08001000e+02  3.71000000e-01 2.66160000e+01
 -2.53351635e+03  6.64760000e+02  1.08001000e+02  3.71000000e-01 2.66160000e+01
 -2.53351635e+03  6.64760000e+02  1.08001000e+02  3.71000000e-01 2.66160000e+01
 -2.53351635e+03  6.64760000e+02  1.08001000e+02  3.71000000e-01 2.66160000e+01
 -2.53351635e+03  6.64760000e+02  1.08001000e+02  3.71000000e-01 2.66160000e+01
 -2.53351635e+03  6.64760000e+02  1.08001000e+02  3.71000000e-01 2.66160000e+01
 -2.53351635e+03  6.64760000e+02  1.08001000e+02  3.71000000e-01 2.66160000e+01
 -2.53351635e+03  6.64760000e+02  1.08001000e+02  3.71000000e-01 2.66160000e+01
 -2.53351635e+03  6.64760000e+02  1.08001000e+02  3.71000000e-01 2.66160000e+01
 -2.53351635e+03  6.64760000e+02  1.08001000e+02  3.71000000e-01 2.66160000e+01
 -2.53351635e+03  6.64760000e+02  1.08001000e+02  3.71000000e-01 2.66160000e+01
 -2.53351635e+03  6.64760000e+02  1.08001000e+02  3.71000000e-01 2.66160000e+01
 -2.53351635e+03  6.64760000e+02  1.08001000e+02  3.71000000e-01 2.66160000e+01
 -2.53351635e+03  6.64760000e+02  1.08001000e+02  3.71000000e-01 2.66160000e+01
 -2.53351635e+03  6.64760000e+02  1.08001000e+02  3.71000000e-01 2.66160000e+01
 -2.53351635e+03  6.64760000e+02  1.08001000e+02  3.71000000e-01 2.66160000e+01
 -2.53351635e+03  6.64760000e+02  1.08001000e+02  3.71000000e-01 2.66160000e+01
 -2.53351635e+03  6.64760000e+02  1.08001000e+02  3.71000000e-01 2.66160000e+01
 -2.53351635e+03  6.64760000e+02  1.08001000e+02  3.71000000e-01 2.66160000e+01
 -2.53351635e+03  6.64760000e+02  1.08001000e+02  3.71000000e-01 2.66160000e+01
 -2.53351635e+03  6.64760000e+02  1.08001000e+02  3.71000000e-01 2.66160000e+01
 -2.53351635e+03  6.64760000e+02  1.08001000e+02  3.71000000e-01 2.66160000e+01
 -2.53351635e+03  6.64760000e+02  1.08001000e+02  3.71000000e-01 2.66160000e+01
 -2.53351635e+03  6.64760000e+02  1.08001000e+02  3.71000000e-01 2.66160000e+01
 -2.53351635e+03  6.64760000e+02  1.08001000e+02  3.71000000e-01 2.66160000e+01
 -2.53351635e+03  6.64760000e+02  1.08001000e+02  3.71000000e-01 2.66160000e+01
 -2.53351635e+03  6.64760000e+02  1.08001000e+02  3.71000000e-01 2.66160000e+01
 -2.53351635e+03  6.64760000e+02  1.08001000e+02  3.71000000e-01 2.66160000e+01
 -2.53351635e+03  6.64760000e+02  1.08001000e+02  3.71000000e-01 2.66160000e+01
 -2.53351635e+03  6.64760000e+02  1.08001000e+02  3.71000000e-01 2.66160000e+01
 -2.53351635e+03  6.64760000e+02  1.08001000e+02  3.71000000e-01 2.66160000e+01
 -2.53351635e+03  6.64760000e+02  1.08001000e+02  3.71000000e-01 2.66160000e+01
 -2.53351635e+03  6.64760000e+02  1.08001000e+02  3.71000000e-01 2.66160000e+01
 -2.53351635e+03  6.64760000e+02  1.08001000e+02  3.71000000e-01 2.66160000e+01
 -2.53351635e+03  6.64760000e+02  1.08001000e+02  3.71000000e-01 2.66160000e+01
 -2.55889892e+03  6.69500000e+02  1.13139000e+02  3.63000000e-01 2.64200000e+01
 -2.55889892e+03  6.69500000e+02  1.13139000e+02  3.63000000e-01 2.64200000e+01
 -2.55889892e+03  6.69500000e+02  1.13139000e+02  3.63000000e-01 2.64200000e+01
 -2.55889892e+03  6.69500000e+02  1.13139000e+02  3.63000000e-01 2.64200000e+01
 -2.55889892e+03  6.69500000e+02  1.13139000e+02  3.63000000e-01 2.64200000e+01
 -2.55889892e+03  6.69500000e+02  1.13139000e+02  3.63000000e-01 2.64200000e+01
 -2.55889892e+03  6.69500000e+02  1.13139000e+02  3.63000000e-01 2.64200000e+01
 -2.55889892e+03  6.69500000e+02  1.13139000e+02  3.63000000e-01 2.64200000e+01
 -2.55889892e+03  6.69500000e+02  1.13139000e+02  3.63000000e-01 2.64200000e+01
 -2.55889892e+03  6.69500000e+02  1.13139000e+02  3.63000000e-01 2.64200000e+01
 -2.55889892e+03  6.69500000e+02  1.13139000e+02  3.63000000e-01 2.64200000e+01
 -2.55889892e+03  6.69500000e+02  1.13139000e+02  3.63000000e-01 2.64200000e+01
 -2.55889892e+03  6.69500000e+02  1.13139000e+02  3.63000000e-01 2.64200000e+01
 -2.55889892e+03  6.69500000e+02  1.13139000e+02  3.63000000e-01 2.64200000e+01
 -2.55889892e+03  6.69500000e+02  1.13139000e+02  3.63000000e-01 2.64200000e+01
 -2.55889892e+03  6.69500000e+02  1.13139000e+02  3.63000000e-01 2.64200000e+01
 -2.55889892e+03  6.69500000e+02  1.13139000e+02  3.63000000e-01 2.64200000e+01
 -2.55889892e+03  6.69500000e+02  1.13139000e+02  3.63000000e-01 2.64200000e+01
 -2.55889892e+03  6.69500000e+02  1.13139000e+02  3.63000000e-01 2.64200000e+01
 -2.55889892e+03  6.69500000e+02  1.13139000e+02  3.63000000e-01 2.64200000e+01
 -2.55889892e+03  6.69500000e+02  1.13139000e+02  3.63000000e-01 2.64200000e+01
 -2.55889892e+03  6.69500000e+02  1.13139000e+02  3.63000000e-01 2.64200000e+01
 -2.55889892e+03  6.69500000e+02  1.13139000e+02  3.63000000e-01 2.64200000e+01
 -2.55889892e+03  6.69500000e+02  1.13139000e+02  3.63000000e-01 2.64200000e+01
 -2.55889892e+03  6.69500000e+02  1.13139000e+02  3.63000000e-01 2.64200000e+01
 -2.55889892e+03  6.69500000e+02  1.13139000e+02  3.63000000e-01 2.64200000e+01
 -2.55889892e+03  6.69500000e+02  1.13139000e+02  3.63000000e-01 2.64200000e+01
 -2.55889892e+03  6.69500000e+02  1.13139000e+02  3.63000000e-01 2.64200000e+01
 -2.55889892e+03  6.69500000e+02  1.13139000e+02  3.63000000e-01 2.64200000e+01
 -2.55889892e+03  6.69500000e+02  1.13139000e+02  3.63000000e-01 2.64200000e+01
 -2.55889892e+03  6.69500000e+02  1.13139000e+02  3.63000000e-01 2.64200000e+01
 -2.55889892e+03  6.69500000e+02  1.13139000e+02  3.63000000e-01 2.64200000e+01
 -2.55889892e+03  6.69500000e+02  1.13139000e+02  3.63000000e-01 2.64200000e+01
 -2.55889892e+03  6.69500000e+02  1.13139000e+02  3.63000000e-01 2.64200000e+01
 -2.55889892e+03  6.69500000e+02  1.13139000e+02  3.63000000e-01 2.64200000e+01
 -2.55889892e+03  6.69500000e+02  1.13139000e+02  3.63000000e-01 2.64200000e+01
 -2.55889892e+03  6.69500000e+02  1.13139000e+02  3.63000000e-01 2.64200000e+01
 -2.55889892e+03  6.69500000e+02  1.13139000e+02  3.63000000e-01 2.64200000e+01
 -2.55889892e+03  6.69500000e+02  1.13139000e+02  3.63000000e-01 2.64200000e+01
 -2.55889892e+03  6.69500000e+02  1.13139000e+02  3.63000000e-01 2.64200000e+01
 -2.55889892e+03  6.69500000e+02  1.13139000e+02  3.63000000e-01 2.64200000e+01
 -2.55889892e+03  6.69500000e+02  1.13139000e+02  3.63000000e-01 2.64200000e+01
 -2.55889892e+03  6.69500000e+02  1.13139000e+02  3.63000000e-01 2.64200000e+01
 -2.55889892e+03  6.69500000e+02  1.13139000e+02  3.63000000e-01 2.64200000e+01
 -2.55889892e+03  6.69500000e+02  1.13139000e+02  3.63000000e-01 2.64200000e+01
 -2.55889892e+03  6.69500000e+02  1.13139000e+02  3.63000000e-01 2.64200000e+01
 -2.55889892e+03  6.69500000e+02  1.13139000e+02  3.63000000e-01 2.64200000e+01
 -2.55889892e+03  6.69500000e+02  1.13139000e+02  3.63000000e-01 2.64200000e+01
 -2.55889892e+03  6.69500000e+02  1.13139000e+02  3.63000000e-01 2.64200000e+01
 -2.55889892e+03  6.69500000e+02  1.13139000e+02  3.63000000e-01 2.64200000e+01
 -2.55889892e+03  6.69500000e+02  1.13139000e+02  3.63000000e-01 2.64200000e+01
 -2.55889892e+03  6.69500000e+02  1.13139000e+02  3.63000000e-01 2.64200000e+01
 -2.55889892e+03  6.69500000e+02  1.13139000e+02  3.63000000e-01 2.64200000e+01
 -2.55889892e+03  6.69500000e+02  1.13139000e+02  3.63000000e-01 2.64200000e+01
 -2.55889892e+03  6.69500000e+02  1.13139000e+02  3.63000000e-01 2.64200000e+01
 -2.55889892e+03  6.69500000e+02  1.13139000e+02  3.63000000e-01 2.64200000e+01
 -2.55889892e+03  6.69500000e+02  1.13139000e+02  3.63000000e-01 2.64200000e+01
 -2.55889892e+03  6.69500000e+02  1.13139000e+02  3.63000000e-01 2.64200000e+01
 -2.55889892e+03  6.69500000e+02  1.13139000e+02  3.63000000e-01 2.64200000e+01
 -2.55889892e+03  6.69500000e+02  1.13139000e+02  3.63000000e-01 2.64200000e+01
 -2.55889892e+03  6.69500000e+02  1.13139000e+02  3.63000000e-01 2.64200000e+01
 -2.55889892e+03  6.69500000e+02  1.13139000e+02  3.63000000e-01 2.64200000e+01
 -2.55889892e+03  6.69500000e+02  1.13139000e+02  3.63000000e-01 2.64200000e+01
 -2.55889892e+03  6.69500000e+02  1.13139000e+02  3.63000000e-01 2.64200000e+01
 -2.55889892e+03  6.69500000e+02  1.13139000e+02  3.63000000e-01 2.64200000e+01
 -2.55889892e+03  6.69500000e+02  1.13139000e+02  3.63000000e-01 2.64200000e+01
 -2.55889892e+03  6.69500000e+02  1.13139000e+02  3.63000000e-01 2.64200000e+01
 -2.55889892e+03  6.69500000e+02  1.13139000e+02  3.63000000e-01 2.64200000e+01
 -2.55889892e+03  6.69500000e+02  1.13139000e+02  3.63000000e-01 2.64200000e+01
 -2.55889892e+03  6.69500000e+02  1.13139000e+02  3.63000000e-01 2.64200000e+01
 -2.55889892e+03  6.69500000e+02  1.13139000e+02  3.63000000e-01 2.64200000e+01
 -2.55889892e+03  6.69500000e+02  1.13139000e+02  3.63000000e-01 2.64200000e+01
 -2.55889892e+03  6.69500000e+02  1.13139000e+02  3.63000000e-01 2.64200000e+01
 -2.55889892e+03  6.69500000e+02  1.13139000e+02  3.63000000e-01 2.64200000e+01
 -2.55889892e+03  6.69500000e+02  1.13139000e+02  3.63000000e-01 2.64200000e+01
 -2.55889892e+03  6.69500000e+02  1.13139000e+02  3.63000000e-01 2.64200000e+01
 -2.55889892e+03  6.69500000e+02  1.13139000e+02  3.63000000e-01 2.64200000e+01
 -2.55889892e+03  6.69500000e+02  1.13139000e+02  3.63000000e-01 2.64200000e+01
 -2.55889892e+03  6.69500000e+02  1.13139000e+02  3.63000000e-01 2.64200000e+01
 -2.55889892e+03  6.69500000e+02  1.13139000e+02  3.63000000e-01 2.64200000e+01
 -2.55889892e+03  6.69500000e+02  1.13139000e+02  3.63000000e-01 2.64200000e+01
 -2.55889892e+03  6.69500000e+02  1.13139000e+02  3.63000000e-01 2.64200000e+01
 -2.55889892e+03  6.69500000e+02  1.13139000e+02  3.63000000e-01 2.64200000e+01
 -2.55889892e+03  6.69500000e+02  1.13139000e+02  3.63000000e-01 2.64200000e+01
 -2.55889892e+03  6.69500000e+02  1.13139000e+02  3.63000000e-01 2.64200000e+01
 -2.55889892e+03  6.69500000e+02  1.13139000e+02  3.63000000e-01 2.64200000e+01
 -2.55889892e+03  6.69500000e+02  1.13139000e+02  3.63000000e-01 2.64200000e+01
 -2.55889892e+03  6.69500000e+02  1.13139000e+02  3.63000000e-01 2.64200000e+01
 -2.55889892e+03  6.69500000e+02  1.13139000e+02  3.63000000e-01 2.64200000e+01
 -2.55889892e+03  6.69500000e+02  1.13139000e+02  3.63000000e-01 2.64200000e+01
 -2.55904317e+03  6.72850000e+02  1.04965000e+02  3.62000000e-01 2.37460000e+01
 -2.56042984e+03  6.69370000e+02  1.14428000e+02  3.72000000e-01 2.50900000e+01
 -2.56042984e+03  6.69370000e+02  1.14428000e+02  3.72000000e-01 2.50900000e+01
 -2.56042984e+03  6.69370000e+02  1.14428000e+02  3.72000000e-01 2.50900000e+01
 -2.56042984e+03  6.69370000e+02  1.14428000e+02  3.72000000e-01 2.50900000e+01
 -2.56042984e+03  6.69370000e+02  1.14428000e+02  3.72000000e-01 2.50900000e+01
 -2.56042984e+03  6.69370000e+02  1.14428000e+02  3.72000000e-01 2.50900000e+01
 -2.56042984e+03  6.69370000e+02  1.14428000e+02  3.72000000e-01 2.50900000e+01
 -2.54994676e+03  6.72240000e+02  1.05253000e+02  3.78000000e-01 2.87200000e+01
 -2.54994676e+03  6.72240000e+02  1.05253000e+02  3.78000000e-01 2.87200000e+01
 -2.54994676e+03  6.72240000e+02  1.05253000e+02  3.78000000e-01 2.87200000e+01
 -2.55220264e+03  6.72240000e+02  1.14506000e+02  3.60000000e-01 2.64910000e+01
 -2.55700052e+03  6.69370000e+02  1.02220000e+02  3.77000000e-01 2.68660000e+01
 -2.55700052e+03  6.69370000e+02  1.02220000e+02  3.77000000e-01 2.68660000e+01
 -2.55700052e+03  6.69370000e+02  1.02220000e+02  3.77000000e-01 2.68660000e+01
 -2.55700052e+03  6.69370000e+02  1.02220000e+02  3.77000000e-01 2.68660000e+01
 -2.55700052e+03  6.69370000e+02  1.02220000e+02  3.77000000e-01 2.68660000e+01
 -2.54960669e+03  6.68760000e+02  1.11031000e+02  3.67000000e-01 2.76210000e+01
 -2.54960669e+03  6.68760000e+02  1.11031000e+02  3.67000000e-01 2.76210000e+01
 -2.54960669e+03  6.68760000e+02  1.11031000e+02  3.67000000e-01 2.76210000e+01
 -2.54960669e+03  6.68760000e+02  1.11031000e+02  3.67000000e-01 2.76210000e+01
 -2.53575462e+03  6.65890000e+02  1.13248000e+02  3.78000000e-01 2.78870000e+01
 -2.53575462e+03  6.65890000e+02  1.13248000e+02  3.78000000e-01 2.78870000e+01
 -2.53560654e+03  6.64150000e+02  1.13936000e+02  3.47000000e-01 2.61790000e+01
 -2.53560654e+03  6.64150000e+02  1.13936000e+02  3.47000000e-01 2.61790000e+01
 -2.53560654e+03  6.64150000e+02  1.13936000e+02  3.47000000e-01 2.61790000e+01
 -2.53560654e+03  6.64150000e+02  1.13936000e+02  3.47000000e-01 2.61790000e+01
 -2.53560654e+03  6.64150000e+02  1.13936000e+02  3.47000000e-01 2.61790000e+01
 -2.54035585e+03  6.65020000e+02  9.96110000e+01  3.62000000e-01 2.79200000e+01
 -2.54035585e+03  6.65020000e+02  9.96110000e+01  3.62000000e-01 2.79200000e+01
 -2.54035585e+03  6.65020000e+02  9.96110000e+01  3.62000000e-01 2.79200000e+01
 -2.55566822e+03  6.68890000e+02  1.08972000e+02  3.66000000e-01 2.66450000e+01
 -2.55566822e+03  6.68890000e+02  1.08972000e+02  3.66000000e-01 2.66450000e+01
 -2.55566822e+03  6.68890000e+02  1.08972000e+02  3.66000000e-01 2.66450000e+01
 -2.55566822e+03  6.68890000e+02  1.08972000e+02  3.66000000e-01 2.66450000e+01
 -2.55566822e+03  6.68890000e+02  1.08972000e+02  3.66000000e-01 2.66450000e+01
 -2.55566822e+03  6.68890000e+02  1.08972000e+02  3.66000000e-01 2.66450000e+01
 -2.55566822e+03  6.68890000e+02  1.08972000e+02  3.66000000e-01 2.66450000e+01
 -2.55566822e+03  6.68890000e+02  1.08972000e+02  3.66000000e-01 2.66450000e+01
 -2.55566822e+03  6.68890000e+02  1.08972000e+02  3.66000000e-01 2.66450000e+01
 -2.55566822e+03  6.68890000e+02  1.08972000e+02  3.66000000e-01 2.66450000e+01
 -2.55566822e+03  6.68890000e+02  1.08972000e+02  3.66000000e-01 2.66450000e+01
 -2.55566822e+03  6.68890000e+02  1.08972000e+02  3.66000000e-01 2.66450000e+01
 -2.55566822e+03  6.68890000e+02  1.08972000e+02  3.66000000e-01 2.66450000e+01
 -2.55566822e+03  6.68890000e+02  1.08972000e+02  3.66000000e-01 2.66450000e+01
 -2.55566822e+03  6.68890000e+02  1.08972000e+02  3.66000000e-01 2.66450000e+01
 -2.55566822e+03  6.68890000e+02  1.08972000e+02  3.66000000e-01 2.66450000e+01
 -2.55566822e+03  6.68890000e+02  1.08972000e+02  3.66000000e-01 2.66450000e+01
 -2.55566822e+03  6.68890000e+02  1.08972000e+02  3.66000000e-01 2.66450000e+01
 -2.55566822e+03  6.68890000e+02  1.08972000e+02  3.66000000e-01 2.66450000e+01
 -2.55112552e+03  6.66020000e+02  1.04909000e+02  3.60000000e-01 2.66490000e+01
 -2.55112552e+03  6.66020000e+02  1.04909000e+02  3.60000000e-01 2.66490000e+01
 -2.55112552e+03  6.66020000e+02  1.04909000e+02  3.60000000e-01 2.66490000e+01
 -2.54674331e+03  6.70020000e+02  1.14446000e+02  3.44000000e-01 2.64040000e+01
 -2.54674331e+03  6.70020000e+02  1.14446000e+02  3.44000000e-01 2.64040000e+01
 -2.54828930e+03  6.68760000e+02  1.15803000e+02  3.57000000e-01 2.53730000e+01
 -2.54828930e+03  6.68760000e+02  1.15803000e+02  3.57000000e-01 2.53730000e+01
 -2.54828930e+03  6.68760000e+02  1.15803000e+02  3.57000000e-01 2.53730000e+01
 -2.54189734e+03  6.68890000e+02  1.11969000e+02  3.65000000e-01 2.69610000e+01
 -2.54189734e+03  6.68890000e+02  1.11969000e+02  3.65000000e-01 2.69610000e+01
 -2.54189734e+03  6.68890000e+02  1.11969000e+02  3.65000000e-01 2.69610000e+01
 -2.55334264e+03  6.70760000e+02  1.10251000e+02  3.53000000e-01 2.62450000e+01
 -2.55334264e+03  6.70760000e+02  1.10251000e+02  3.53000000e-01 2.62450000e+01
 -2.55334264e+03  6.70760000e+02  1.10251000e+02  3.53000000e-01 2.62450000e+01
 -2.55334264e+03  6.70760000e+02  1.10251000e+02  3.53000000e-01 2.62450000e+01
 -2.55334264e+03  6.70760000e+02  1.10251000e+02  3.53000000e-01 2.62450000e+01
 -2.55334264e+03  6.70760000e+02  1.10251000e+02  3.53000000e-01 2.62450000e+01
 -2.55334264e+03  6.70760000e+02  1.10251000e+02  3.53000000e-01 2.62450000e+01
 -2.55334264e+03  6.70760000e+02  1.10251000e+02  3.53000000e-01 2.62450000e+01
 -2.55334264e+03  6.70760000e+02  1.10251000e+02  3.53000000e-01 2.62450000e+01
 -2.55334264e+03  6.70760000e+02  1.10251000e+02  3.53000000e-01 2.62450000e+01
 -2.55334264e+03  6.70760000e+02  1.10251000e+02  3.53000000e-01 2.62450000e+01
 -2.55334264e+03  6.70760000e+02  1.10251000e+02  3.53000000e-01 2.62450000e+01
 -2.55334264e+03  6.70760000e+02  1.10251000e+02  3.53000000e-01 2.62450000e+01
 -2.55334264e+03  6.70760000e+02  1.10251000e+02  3.53000000e-01 2.62450000e+01
 -2.55334264e+03  6.70760000e+02  1.10251000e+02  3.53000000e-01 2.62450000e+01
 -2.55612926e+03  6.71630000e+02  1.02471000e+02  3.64000000e-01 2.68060000e+01
 -2.55612926e+03  6.71630000e+02  1.02471000e+02  3.64000000e-01 2.68060000e+01
 -2.54337438e+03  6.68020000e+02  1.07233000e+02  3.66000000e-01 2.63220000e+01
 -2.54337438e+03  6.68020000e+02  1.07233000e+02  3.66000000e-01 2.63220000e+01
 -2.54337438e+03  6.68020000e+02  1.07233000e+02  3.66000000e-01 2.63220000e+01
 -2.54337438e+03  6.68020000e+02  1.07233000e+02  3.66000000e-01 2.63220000e+01
 -2.54337438e+03  6.68020000e+02  1.07233000e+02  3.66000000e-01 2.63220000e+01
 -2.54337438e+03  6.68020000e+02  1.07233000e+02  3.66000000e-01 2.63220000e+01
 -2.54028409e+03  6.69150000e+02  9.93820000e+01  3.53000000e-01 2.47460000e+01
 -2.54028409e+03  6.69150000e+02  9.93820000e+01  3.53000000e-01 2.47460000e+01
 -2.54028409e+03  6.69150000e+02  9.93820000e+01  3.53000000e-01 2.47460000e+01
 -2.54028409e+03  6.69150000e+02  9.93820000e+01  3.53000000e-01 2.47460000e+01
 -2.53679061e+03  6.68280000e+02  1.03432000e+02  3.69000000e-01 2.76100000e+01
 -2.56137964e+03  6.72150000e+02  1.04048000e+02  3.77000000e-01 2.59270000e+01
 -2.56137964e+03  6.72150000e+02  1.04048000e+02  3.77000000e-01 2.59270000e+01
 -2.56137964e+03  6.72150000e+02  1.04048000e+02  3.77000000e-01 2.59270000e+01
 -2.56137964e+03  6.72150000e+02  1.04048000e+02  3.77000000e-01 2.59270000e+01
 -2.56137964e+03  6.72150000e+02  1.04048000e+02  3.77000000e-01 2.59270000e+01
 -2.56137964e+03  6.72150000e+02  1.04048000e+02  3.77000000e-01 2.59270000e+01
 -2.56137964e+03  6.72150000e+02  1.04048000e+02  3.77000000e-01 2.59270000e+01
 -2.56137964e+03  6.72150000e+02  1.04048000e+02  3.77000000e-01 2.59270000e+01
 -2.56546641e+03  6.72890000e+02  9.77560000e+01  3.53000000e-01 2.44370000e+01
 -2.56546641e+03  6.72890000e+02  9.77560000e+01  3.53000000e-01 2.44370000e+01
 -2.56546641e+03  6.72890000e+02  9.77560000e+01  3.53000000e-01 2.44370000e+01
 -2.56546641e+03  6.72890000e+02  9.77560000e+01  3.53000000e-01 2.44370000e+01
 -2.58545141e+03  6.78630000e+02  1.03016000e+02  3.75000000e-01 2.61450000e+01
 -2.58545141e+03  6.78630000e+02  1.03016000e+02  3.75000000e-01 2.61450000e+01
 -2.58545141e+03  6.78630000e+02  1.03016000e+02  3.75000000e-01 2.61450000e+01
 -2.58545141e+03  6.78630000e+02  1.03016000e+02  3.75000000e-01 2.61450000e+01
 -2.58545141e+03  6.78630000e+02  1.03016000e+02  3.75000000e-01 2.61450000e+01
 -2.58545141e+03  6.78630000e+02  1.03016000e+02  3.75000000e-01 2.61450000e+01
 -2.58545141e+03  6.78630000e+02  1.03016000e+02  3.75000000e-01 2.61450000e+01
 -2.58545141e+03  6.78630000e+02  1.03016000e+02  3.75000000e-01 2.61450000e+01
 -2.58545141e+03  6.78630000e+02  1.03016000e+02  3.75000000e-01 2.61450000e+01
 -2.58545141e+03  6.78630000e+02  1.03016000e+02  3.75000000e-01 2.61450000e+01
 -2.58545141e+03  6.78630000e+02  1.03016000e+02  3.75000000e-01 2.61450000e+01
 -2.58545141e+03  6.78630000e+02  1.03016000e+02  3.75000000e-01 2.61450000e+01
 -2.58545141e+03  6.78630000e+02  1.03016000e+02  3.75000000e-01 2.61450000e+01
 -2.58545141e+03  6.78630000e+02  1.03016000e+02  3.75000000e-01 2.61450000e+01
 -2.58545141e+03  6.78630000e+02  1.03016000e+02  3.75000000e-01 2.61450000e+01
 -2.58545141e+03  6.78630000e+02  1.03016000e+02  3.75000000e-01 2.61450000e+01
 -2.59167607e+03  6.78890000e+02  1.05411000e+02  3.57000000e-01 2.34130000e+01
 -2.59167607e+03  6.78890000e+02  1.05411000e+02  3.57000000e-01 2.34130000e+01
 -2.59167607e+03  6.78890000e+02  1.05411000e+02  3.57000000e-01 2.34130000e+01
 -2.59167607e+03  6.78890000e+02  1.05411000e+02  3.57000000e-01 2.34130000e+01
 -2.59167607e+03  6.78890000e+02  1.05411000e+02  3.57000000e-01 2.34130000e+01
 -2.59167607e+03  6.78890000e+02  1.05411000e+02  3.57000000e-01 2.34130000e+01
 -2.59167607e+03  6.78890000e+02  1.05411000e+02  3.57000000e-01 2.34130000e+01
 -2.59167607e+03  6.78890000e+02  1.05411000e+02  3.57000000e-01 2.34130000e+01
 -2.59167607e+03  6.78890000e+02  1.05411000e+02  3.57000000e-01 2.34130000e+01
 -2.59167607e+03  6.78890000e+02  1.05411000e+02  3.57000000e-01 2.34130000e+01
 -2.59167607e+03  6.78890000e+02  1.05411000e+02  3.57000000e-01 2.34130000e+01
 -2.58877641e+03  6.80630000e+02  1.03655000e+02  3.65000000e-01 2.56850000e+01
 -2.59692909e+03  6.82500000e+02  1.04838000e+02  3.61000000e-01 2.70950000e+01
 -2.59692909e+03  6.82500000e+02  1.04838000e+02  3.61000000e-01 2.70950000e+01
 -2.59692909e+03  6.82500000e+02  1.04838000e+02  3.61000000e-01 2.70950000e+01
 -2.59692909e+03  6.82500000e+02  1.04838000e+02  3.61000000e-01 2.70950000e+01
 -2.59692909e+03  6.82500000e+02  1.04838000e+02  3.61000000e-01 2.70950000e+01
 -2.59692909e+03  6.82500000e+02  1.04838000e+02  3.61000000e-01 2.70950000e+01
 -2.61589074e+03  6.85240000e+02  1.00682000e+02  3.61000000e-01 2.46240000e+01
 -2.61589074e+03  6.85240000e+02  1.00682000e+02  3.61000000e-01 2.46240000e+01
 -2.61589074e+03  6.85240000e+02  1.00682000e+02  3.61000000e-01 2.46240000e+01
 -2.61589074e+03  6.85240000e+02  1.00682000e+02  3.61000000e-01 2.46240000e+01
 -2.61589074e+03  6.85240000e+02  1.00682000e+02  3.61000000e-01 2.46240000e+01
 -2.61589074e+03  6.85240000e+02  1.00682000e+02  3.61000000e-01 2.46240000e+01
 -2.61589074e+03  6.85240000e+02  1.00682000e+02  3.61000000e-01 2.46240000e+01
 -2.61589074e+03  6.85240000e+02  1.00682000e+02  3.61000000e-01 2.46240000e+01
 -2.61589074e+03  6.85240000e+02  1.00682000e+02  3.61000000e-01 2.46240000e+01
 -2.61589074e+03  6.85240000e+02  1.00682000e+02  3.61000000e-01 2.46240000e+01
 -2.61589074e+03  6.85240000e+02  1.00682000e+02  3.61000000e-01 2.46240000e+01
 -2.61589074e+03  6.85240000e+02  1.00682000e+02  3.61000000e-01 2.46240000e+01
 -2.61589074e+03  6.85240000e+02  1.00682000e+02  3.61000000e-01 2.46240000e+01
 -2.61589074e+03  6.85240000e+02  1.00682000e+02  3.61000000e-01 2.46240000e+01
 -2.61589074e+03  6.85240000e+02  1.00682000e+02  3.61000000e-01 2.46240000e+01
 -2.61441062e+03  6.87240000e+02  9.35910000e+01  3.50000000e-01 2.73830000e+01
 -2.61711787e+03  6.84240000e+02  9.61100000e+01  3.60000000e-01 2.70610000e+01
 -2.61711787e+03  6.84240000e+02  9.61100000e+01  3.60000000e-01 2.70610000e+01
 -2.61711787e+03  6.84240000e+02  9.61100000e+01  3.60000000e-01 2.70610000e+01
 -2.61711787e+03  6.84240000e+02  9.61100000e+01  3.60000000e-01 2.70610000e+01
 -2.61711787e+03  6.84240000e+02  9.61100000e+01  3.60000000e-01 2.70610000e+01
 -2.61711787e+03  6.84240000e+02  9.61100000e+01  3.60000000e-01 2.70610000e+01
 -2.61711787e+03  6.84240000e+02  9.61100000e+01  3.60000000e-01 2.70610000e+01
 -2.61711787e+03  6.84240000e+02  9.61100000e+01  3.60000000e-01 2.70610000e+01
 -2.61711787e+03  6.84240000e+02  9.61100000e+01  3.60000000e-01 2.70610000e+01
 -2.61711787e+03  6.84240000e+02  9.61100000e+01  3.60000000e-01 2.70610000e+01
 -2.61711787e+03  6.84240000e+02  9.61100000e+01  3.60000000e-01 2.70610000e+01
 -2.61711787e+03  6.84240000e+02  9.61100000e+01  3.60000000e-01 2.70610000e+01
 -2.61711787e+03  6.84240000e+02  9.61100000e+01  3.60000000e-01 2.70610000e+01
 -2.61711787e+03  6.84240000e+02  9.61100000e+01  3.60000000e-01 2.70610000e+01
 -2.61711787e+03  6.84240000e+02  9.61100000e+01  3.60000000e-01 2.70610000e+01
 -2.61711787e+03  6.84240000e+02  9.61100000e+01  3.60000000e-01 2.70610000e+01
 -2.61711787e+03  6.84240000e+02  9.61100000e+01  3.60000000e-01 2.70610000e+01
 -2.61761540e+03  6.87110000e+02  1.10096000e+02  3.51000000e-01 2.86250000e+01
 -2.61996558e+03  6.84370000e+02  1.12153000e+02  3.54000000e-01 2.49490000e+01
 -2.61996558e+03  6.84370000e+02  1.12153000e+02  3.54000000e-01 2.49490000e+01
 -2.62783821e+03  6.86240000e+02  1.07835000e+02  3.67000000e-01 2.47830000e+01
 -2.62783821e+03  6.86240000e+02  1.07835000e+02  3.67000000e-01 2.47830000e+01
 -2.62783821e+03  6.86240000e+02  1.07835000e+02  3.67000000e-01 2.47830000e+01
 -2.62783821e+03  6.86240000e+02  1.07835000e+02  3.67000000e-01 2.47830000e+01
 -2.62783821e+03  6.86240000e+02  1.07835000e+02  3.67000000e-01 2.47830000e+01
 -2.62783821e+03  6.86240000e+02  1.07835000e+02  3.67000000e-01 2.47830000e+01
 -2.62783821e+03  6.86240000e+02  1.07835000e+02  3.67000000e-01 2.47830000e+01
 -2.62783821e+03  6.86240000e+02  1.07835000e+02  3.67000000e-01 2.47830000e+01
 -2.62783821e+03  6.86240000e+02  1.07835000e+02  3.67000000e-01 2.47830000e+01
 -2.62783821e+03  6.86240000e+02  1.07835000e+02  3.67000000e-01 2.47830000e+01
 -2.62783821e+03  6.86240000e+02  1.07835000e+02  3.67000000e-01 2.47830000e+01
 -2.62783821e+03  6.86240000e+02  1.07835000e+02  3.67000000e-01 2.47830000e+01
 -2.62783821e+03  6.86240000e+02  1.07835000e+02  3.67000000e-01 2.47830000e+01
 -2.62783821e+03  6.86240000e+02  1.07835000e+02  3.67000000e-01 2.47830000e+01
 -2.62783821e+03  6.86240000e+02  1.07835000e+02  3.67000000e-01 2.47830000e+01
 -2.62783821e+03  6.86240000e+02  1.07835000e+02  3.67000000e-01 2.47830000e+01
 -2.62783821e+03  6.86240000e+02  1.07835000e+02  3.67000000e-01 2.47830000e+01
 -2.62783821e+03  6.86240000e+02  1.07835000e+02  3.67000000e-01 2.47830000e+01
 -2.62783821e+03  6.86240000e+02  1.07835000e+02  3.67000000e-01 2.47830000e+01
 -2.62783821e+03  6.86240000e+02  1.07835000e+02  3.67000000e-01 2.47830000e+01
 -2.62783821e+03  6.86240000e+02  1.07835000e+02  3.67000000e-01 2.47830000e+01
 -2.62783821e+03  6.86240000e+02  1.07835000e+02  3.67000000e-01 2.47830000e+01
 -2.62783821e+03  6.86240000e+02  1.07835000e+02  3.67000000e-01 2.47830000e+01
 -2.62783821e+03  6.86240000e+02  1.07835000e+02  3.67000000e-01 2.47830000e+01
 -2.62783821e+03  6.86240000e+02  1.07835000e+02  3.67000000e-01 2.47830000e+01
 -2.62783821e+03  6.86240000e+02  1.07835000e+02  3.67000000e-01 2.47830000e+01
 -2.62783821e+03  6.86240000e+02  1.07835000e+02  3.67000000e-01 2.47830000e+01
 -2.62783821e+03  6.86240000e+02  1.07835000e+02  3.67000000e-01 2.47830000e+01
 -2.62783821e+03  6.86240000e+02  1.07835000e+02  3.67000000e-01 2.47830000e+01
 -2.62783821e+03  6.86240000e+02  1.07835000e+02  3.67000000e-01 2.47830000e+01
 -2.62783821e+03  6.86240000e+02  1.07835000e+02  3.67000000e-01 2.47830000e+01
 -2.62783821e+03  6.86240000e+02  1.07835000e+02  3.67000000e-01 2.47830000e+01
 -2.62783821e+03  6.86240000e+02  1.07835000e+02  3.67000000e-01 2.47830000e+01
 -2.62783821e+03  6.86240000e+02  1.07835000e+02  3.67000000e-01 2.47830000e+01
 -2.62783821e+03  6.86240000e+02  1.07835000e+02  3.67000000e-01 2.47830000e+01
 -2.62783821e+03  6.86240000e+02  1.07835000e+02  3.67000000e-01 2.47830000e+01
 -2.62783821e+03  6.86240000e+02  1.07835000e+02  3.67000000e-01 2.47830000e+01
 -2.62783821e+03  6.86240000e+02  1.07835000e+02  3.67000000e-01 2.47830000e+01
 -2.62783821e+03  6.86240000e+02  1.07835000e+02  3.67000000e-01 2.47830000e+01
 -2.62783821e+03  6.86240000e+02  1.07835000e+02  3.67000000e-01 2.47830000e+01
 -2.62783821e+03  6.86240000e+02  1.07835000e+02  3.67000000e-01 2.47830000e+01
 -2.62783821e+03  6.86240000e+02  1.07835000e+02  3.67000000e-01 2.47830000e+01
 -2.62783821e+03  6.86240000e+02  1.07835000e+02  3.67000000e-01 2.47830000e+01
 -2.62783821e+03  6.86240000e+02  1.07835000e+02  3.67000000e-01 2.47830000e+01
 -2.62783821e+03  6.86240000e+02  1.07835000e+02  3.67000000e-01 2.47830000e+01
 -2.62783821e+03  6.86240000e+02  1.07835000e+02  3.67000000e-01 2.47830000e+01
 -2.62783821e+03  6.86240000e+02  1.07835000e+02  3.67000000e-01 2.47830000e+01
 -2.62783821e+03  6.86240000e+02  1.07835000e+02  3.67000000e-01 2.47830000e+01
 -2.62783821e+03  6.86240000e+02  1.07835000e+02  3.67000000e-01 2.47830000e+01
 -2.62783821e+03  6.86240000e+02  1.07835000e+02  3.67000000e-01 2.47830000e+01
 -2.62783821e+03  6.86240000e+02  1.07835000e+02  3.67000000e-01 2.47830000e+01
 -2.62783821e+03  6.86240000e+02  1.07835000e+02  3.67000000e-01 2.47830000e+01
 -2.62783821e+03  6.86240000e+02  1.07835000e+02  3.67000000e-01 2.47830000e+01
 -2.62783821e+03  6.86240000e+02  1.07835000e+02  3.67000000e-01 2.47830000e+01
 -2.62783821e+03  6.86240000e+02  1.07835000e+02  3.67000000e-01 2.47830000e+01
 -2.62783821e+03  6.86240000e+02  1.07835000e+02  3.67000000e-01 2.47830000e+01
 -2.62783821e+03  6.86240000e+02  1.07835000e+02  3.67000000e-01 2.47830000e+01
 -2.62783821e+03  6.86240000e+02  1.07835000e+02  3.67000000e-01 2.47830000e+01
 -2.62783821e+03  6.86240000e+02  1.07835000e+02  3.67000000e-01 2.47830000e+01
 -2.62783821e+03  6.86240000e+02  1.07835000e+02  3.67000000e-01 2.47830000e+01
 -2.62783821e+03  6.86240000e+02  1.07835000e+02  3.67000000e-01 2.47830000e+01
 -2.62783821e+03  6.86240000e+02  1.07835000e+02  3.67000000e-01 2.47830000e+01
 -2.62783821e+03  6.86240000e+02  1.07835000e+02  3.67000000e-01 2.47830000e+01
 -2.62783821e+03  6.86240000e+02  1.07835000e+02  3.67000000e-01 2.47830000e+01
 -2.62783821e+03  6.86240000e+02  1.07835000e+02  3.67000000e-01 2.47830000e+01
 -2.62783821e+03  6.86240000e+02  1.07835000e+02  3.67000000e-01 2.47830000e+01
 -2.62783821e+03  6.86240000e+02  1.07835000e+02  3.67000000e-01 2.47830000e+01
 -2.62783821e+03  6.86240000e+02  1.07835000e+02  3.67000000e-01 2.47830000e+01
 -2.62783821e+03  6.86240000e+02  1.07835000e+02  3.67000000e-01 2.47830000e+01
 -2.62783821e+03  6.86240000e+02  1.07835000e+02  3.67000000e-01 2.47830000e+01
 -2.62783821e+03  6.86240000e+02  1.07835000e+02  3.67000000e-01 2.47830000e+01
 -2.62783821e+03  6.86240000e+02  1.07835000e+02  3.67000000e-01 2.47830000e+01
 -2.62783821e+03  6.86240000e+02  1.07835000e+02  3.67000000e-01 2.47830000e+01
 -2.62783821e+03  6.86240000e+02  1.07835000e+02  3.67000000e-01 2.47830000e+01
 -2.62783821e+03  6.86240000e+02  1.07835000e+02  3.67000000e-01 2.47830000e+01
 -2.62783821e+03  6.86240000e+02  1.07835000e+02  3.67000000e-01 2.47830000e+01
 -2.62783821e+03  6.86240000e+02  1.07835000e+02  3.67000000e-01 2.47830000e+01
 -2.62783821e+03  6.86240000e+02  1.07835000e+02  3.67000000e-01 2.47830000e+01
 -2.62783821e+03  6.86240000e+02  1.07835000e+02  3.67000000e-01 2.47830000e+01
 -2.62783821e+03  6.86240000e+02  1.07835000e+02  3.67000000e-01 2.47830000e+01
 -2.62783821e+03  6.86240000e+02  1.07835000e+02  3.67000000e-01 2.47830000e+01
 -2.62783821e+03  6.86240000e+02  1.07835000e+02  3.67000000e-01 2.47830000e+01
 -2.62783821e+03  6.86240000e+02  1.07835000e+02  3.67000000e-01 2.47830000e+01
 -2.62783821e+03  6.86240000e+02  1.07835000e+02  3.67000000e-01 2.47830000e+01
 -2.62783821e+03  6.86240000e+02  1.07835000e+02  3.67000000e-01 2.47830000e+01
 -2.62783821e+03  6.86240000e+02  1.07835000e+02  3.67000000e-01 2.47830000e+01
 -2.62783821e+03  6.86240000e+02  1.07835000e+02  3.67000000e-01 2.47830000e+01
 -2.62783821e+03  6.86240000e+02  1.07835000e+02  3.67000000e-01 2.47830000e+01
 -2.62783821e+03  6.86240000e+02  1.07835000e+02  3.67000000e-01 2.47830000e+01
 -2.62783821e+03  6.86240000e+02  1.07835000e+02  3.67000000e-01 2.47830000e+01
 -2.62783821e+03  6.86240000e+02  1.07835000e+02  3.67000000e-01 2.47830000e+01
 -2.62783821e+03  6.86240000e+02  1.07835000e+02  3.67000000e-01 2.47830000e+01
 -2.62783821e+03  6.86240000e+02  1.07835000e+02  3.67000000e-01 2.47830000e+01
 -2.62783821e+03  6.86240000e+02  1.07835000e+02  3.67000000e-01 2.47830000e+01
 -2.62783821e+03  6.86240000e+02  1.07835000e+02  3.67000000e-01 2.47830000e+01
 -2.62783821e+03  6.86240000e+02  1.07835000e+02  3.67000000e-01 2.47830000e+01
 -2.62783821e+03  6.86240000e+02  1.07835000e+02  3.67000000e-01 2.47830000e+01
 -2.62783821e+03  6.86240000e+02  1.07835000e+02  3.67000000e-01 2.47830000e+01
 -2.62783821e+03  6.86240000e+02  1.07835000e+02  3.67000000e-01 2.47830000e+01
 -2.62783821e+03  6.86240000e+02  1.07835000e+02  3.67000000e-01 2.47830000e+01
 -2.62783821e+03  6.86240000e+02  1.07835000e+02  3.67000000e-01 2.47830000e+01
 -2.62783821e+03  6.86240000e+02  1.07835000e+02  3.67000000e-01 2.47830000e+01
 -2.62783821e+03  6.86240000e+02  1.07835000e+02  3.67000000e-01 2.47830000e+01
 -2.62783821e+03  6.86240000e+02  1.07835000e+02  3.67000000e-01 2.47830000e+01
 -2.62783821e+03  6.86240000e+02  1.07835000e+02  3.67000000e-01 2.47830000e+01
 -2.62783821e+03  6.86240000e+02  1.07835000e+02  3.67000000e-01 2.47830000e+01
 -2.62783821e+03  6.86240000e+02  1.07835000e+02  3.67000000e-01 2.47830000e+01
 -2.62783821e+03  6.86240000e+02  1.07835000e+02  3.67000000e-01 2.47830000e+01
 -2.62783821e+03  6.86240000e+02  1.07835000e+02  3.67000000e-01 2.47830000e+01
 -2.62783821e+03  6.86240000e+02  1.07835000e+02  3.67000000e-01 2.47830000e+01
 -2.62783821e+03  6.86240000e+02  1.07835000e+02  3.67000000e-01 2.47830000e+01
 -2.62783821e+03  6.86240000e+02  1.07835000e+02  3.67000000e-01 2.47830000e+01
 -2.62783821e+03  6.86240000e+02  1.07835000e+02  3.67000000e-01 2.47830000e+01
 -2.62783821e+03  6.86240000e+02  1.07835000e+02  3.67000000e-01 2.47830000e+01
 -2.62783821e+03  6.86240000e+02  1.07835000e+02  3.67000000e-01 2.47830000e+01
 -2.62783821e+03  6.86240000e+02  1.07835000e+02  3.67000000e-01 2.47830000e+01
 -2.62783821e+03  6.86240000e+02  1.07835000e+02  3.67000000e-01 2.47830000e+01
 -2.62783821e+03  6.86240000e+02  1.07835000e+02  3.67000000e-01 2.47830000e+01
 -2.62783821e+03  6.86240000e+02  1.07835000e+02  3.67000000e-01 2.47830000e+01
 -2.62783821e+03  6.86240000e+02  1.07835000e+02  3.67000000e-01 2.47830000e+01
 -2.62783821e+03  6.86240000e+02  1.07835000e+02  3.67000000e-01 2.47830000e+01
 -2.62783821e+03  6.86240000e+02  1.07835000e+02  3.67000000e-01 2.47830000e+01
 -2.62783821e+03  6.86240000e+02  1.07835000e+02  3.67000000e-01 2.47830000e+01
 -2.62783821e+03  6.86240000e+02  1.07835000e+02  3.67000000e-01 2.47830000e+01
 -2.62783821e+03  6.86240000e+02  1.07835000e+02  3.67000000e-01 2.47830000e+01
 -2.62783821e+03  6.86240000e+02  1.07835000e+02  3.67000000e-01 2.47830000e+01
 -2.62783821e+03  6.86240000e+02  1.07835000e+02  3.67000000e-01 2.47830000e+01
 -2.62783821e+03  6.86240000e+02  1.07835000e+02  3.67000000e-01 2.47830000e+01
 -2.62783821e+03  6.86240000e+02  1.07835000e+02  3.67000000e-01 2.47830000e+01
 -2.62783821e+03  6.86240000e+02  1.07835000e+02  3.67000000e-01 2.47830000e+01
 -2.62922175e+03  6.90850000e+02  1.07194000e+02  3.64000000e-01 2.50080000e+01
 -2.62922175e+03  6.90850000e+02  1.07194000e+02  3.64000000e-01 2.50080000e+01
 -2.62922175e+03  6.90850000e+02  1.07194000e+02  3.64000000e-01 2.50080000e+01
 -2.63112273e+03  6.90720000e+02  1.00835000e+02  3.72000000e-01 2.51800000e+01
 -2.63112273e+03  6.90720000e+02  1.00835000e+02  3.72000000e-01 2.51800000e+01
 -2.63628132e+03  6.93330000e+02  1.01678000e+02  3.57000000e-01 2.65790000e+01
 -2.63628132e+03  6.93330000e+02  1.01678000e+02  3.57000000e-01 2.65790000e+01
 -2.64177717e+03  6.91720000e+02  1.09811000e+02  3.61000000e-01 2.70700000e+01
 -2.64177717e+03  6.91720000e+02  1.09811000e+02  3.61000000e-01 2.70700000e+01
 -2.64177717e+03  6.91720000e+02  1.09811000e+02  3.61000000e-01 2.70700000e+01
 -2.64177717e+03  6.91720000e+02  1.09811000e+02  3.61000000e-01 2.70700000e+01
 -2.64177717e+03  6.91720000e+02  1.09811000e+02  3.61000000e-01 2.70700000e+01
 -2.64177717e+03  6.91720000e+02  1.09811000e+02  3.61000000e-01 2.70700000e+01
 -2.64177717e+03  6.91720000e+02  1.09811000e+02  3.61000000e-01 2.70700000e+01
 -2.64177717e+03  6.91720000e+02  1.09811000e+02  3.61000000e-01 2.70700000e+01
 -2.64177717e+03  6.91720000e+02  1.09811000e+02  3.61000000e-01 2.70700000e+01
 -2.64177717e+03  6.91720000e+02  1.09811000e+02  3.61000000e-01 2.70700000e+01
 -2.64177717e+03  6.91720000e+02  1.09811000e+02  3.61000000e-01 2.70700000e+01
 -2.64177717e+03  6.91720000e+02  1.09811000e+02  3.61000000e-01 2.70700000e+01
 -2.64177717e+03  6.91720000e+02  1.09811000e+02  3.61000000e-01 2.70700000e+01
 -2.64177717e+03  6.91720000e+02  1.09811000e+02  3.61000000e-01 2.70700000e+01
 -2.64177717e+03  6.91720000e+02  1.09811000e+02  3.61000000e-01 2.70700000e+01
 -2.64177717e+03  6.91720000e+02  1.09811000e+02  3.61000000e-01 2.70700000e+01
 -2.64177717e+03  6.91720000e+02  1.09811000e+02  3.61000000e-01 2.70700000e+01
 -2.64177717e+03  6.91720000e+02  1.09811000e+02  3.61000000e-01 2.70700000e+01
 -2.64325545e+03  6.93720000e+02  1.06780000e+02  3.73000000e-01 2.68000000e+01
 -2.64325545e+03  6.93720000e+02  1.06780000e+02  3.73000000e-01 2.68000000e+01
 -2.64325545e+03  6.93720000e+02  1.06780000e+02  3.73000000e-01 2.68000000e+01
 -2.64325545e+03  6.93720000e+02  1.06780000e+02  3.73000000e-01 2.68000000e+01
 -2.64325545e+03  6.93720000e+02  1.06780000e+02  3.73000000e-01 2.68000000e+01
 -2.64325545e+03  6.93720000e+02  1.06780000e+02  3.73000000e-01 2.68000000e+01
 -2.64325545e+03  6.93720000e+02  1.06780000e+02  3.73000000e-01 2.68000000e+01
 -2.64325545e+03  6.93720000e+02  1.06780000e+02  3.73000000e-01 2.68000000e+01
 -2.64325545e+03  6.93720000e+02  1.06780000e+02  3.73000000e-01 2.68000000e+01
 -2.64325545e+03  6.93720000e+02  1.06780000e+02  3.73000000e-01 2.68000000e+01
 -2.64502854e+03  6.93590000e+02  9.24160000e+01  3.68000000e-01 2.67130000e+01
 -2.65460229e+03  6.96070000e+02  1.05238000e+02  3.48000000e-01 2.49490000e+01
 -2.65460229e+03  6.96070000e+02  1.05238000e+02  3.48000000e-01 2.49490000e+01
 -2.65460229e+03  6.96070000e+02  1.05238000e+02  3.48000000e-01 2.49490000e+01
 -2.65542576e+03  6.94070000e+02  1.03889000e+02  3.68000000e-01 2.53580000e+01
 -2.65542576e+03  6.94070000e+02  1.03889000e+02  3.68000000e-01 2.53580000e+01
 -2.65542576e+03  6.94070000e+02  1.03889000e+02  3.68000000e-01 2.53580000e+01
 -2.65542576e+03  6.94070000e+02  1.03889000e+02  3.68000000e-01 2.53580000e+01
 -2.65542576e+03  6.94070000e+02  1.03889000e+02  3.68000000e-01 2.53580000e+01
 -2.65542576e+03  6.94070000e+02  1.03889000e+02  3.68000000e-01 2.53580000e+01
 -2.65542576e+03  6.94070000e+02  1.03889000e+02  3.68000000e-01 2.53580000e+01
 -2.65542576e+03  6.94070000e+02  1.03889000e+02  3.68000000e-01 2.53580000e+01
 -2.65542576e+03  6.94070000e+02  1.03889000e+02  3.68000000e-01 2.53580000e+01
 -2.65542576e+03  6.94070000e+02  1.03889000e+02  3.68000000e-01 2.53580000e+01
 -2.65542576e+03  6.94070000e+02  1.03889000e+02  3.68000000e-01 2.53580000e+01
 -2.65542576e+03  6.94070000e+02  1.03889000e+02  3.68000000e-01 2.53580000e+01
 -2.65542576e+03  6.94070000e+02  1.03889000e+02  3.68000000e-01 2.53580000e+01
 -2.65542576e+03  6.94070000e+02  1.03889000e+02  3.68000000e-01 2.53580000e+01
 -2.65542576e+03  6.94070000e+02  1.03889000e+02  3.68000000e-01 2.53580000e+01
 -2.65542576e+03  6.94070000e+02  1.03889000e+02  3.68000000e-01 2.53580000e+01
 -2.66609547e+03  7.00550000e+02  9.73780000e+01  3.59000000e-01 2.55250000e+01
 -2.66609547e+03  7.00550000e+02  9.73780000e+01  3.59000000e-01 2.55250000e+01
 -2.66609547e+03  7.00550000e+02  9.73780000e+01  3.59000000e-01 2.55250000e+01
 -2.66609547e+03  7.00550000e+02  9.73780000e+01  3.59000000e-01 2.55250000e+01
 -2.66609547e+03  7.00550000e+02  9.73780000e+01  3.59000000e-01 2.55250000e+01
 -2.66609547e+03  7.00550000e+02  9.73780000e+01  3.59000000e-01 2.55250000e+01
 -2.66609547e+03  7.00550000e+02  9.73780000e+01  3.59000000e-01 2.55250000e+01
 -2.66812121e+03  6.98680000e+02  1.04018000e+02  3.67000000e-01 2.42220000e+01
 -2.66812121e+03  6.98680000e+02  1.04018000e+02  3.67000000e-01 2.42220000e+01
 -2.66812121e+03  6.98680000e+02  1.04018000e+02  3.67000000e-01 2.42220000e+01
 -2.66812121e+03  6.98680000e+02  1.04018000e+02  3.67000000e-01 2.42220000e+01
 -2.66812121e+03  6.98680000e+02  1.04018000e+02  3.67000000e-01 2.42220000e+01
 -2.66812121e+03  6.98680000e+02  1.04018000e+02  3.67000000e-01 2.42220000e+01
 -2.67412695e+03  7.00680000e+02  1.06817000e+02  3.61000000e-01 2.56650000e+01
 -2.67412695e+03  7.00680000e+02  1.06817000e+02  3.61000000e-01 2.56650000e+01
 -2.67412695e+03  7.00680000e+02  1.06817000e+02  3.61000000e-01 2.56650000e+01
 -2.67412695e+03  7.00680000e+02  1.06817000e+02  3.61000000e-01 2.56650000e+01
 -2.67412695e+03  7.00680000e+02  1.06817000e+02  3.61000000e-01 2.56650000e+01
 -2.67412695e+03  7.00680000e+02  1.06817000e+02  3.61000000e-01 2.56650000e+01
 -2.67412695e+03  7.00680000e+02  1.06817000e+02  3.61000000e-01 2.56650000e+01
 -2.67412695e+03  7.00680000e+02  1.06817000e+02  3.61000000e-01 2.56650000e+01
 -2.67412695e+03  7.00680000e+02  1.06817000e+02  3.61000000e-01 2.56650000e+01
 -2.67412695e+03  7.00680000e+02  1.06817000e+02  3.61000000e-01 2.56650000e+01
 -2.67412695e+03  7.00680000e+02  1.06817000e+02  3.61000000e-01 2.56650000e+01
 -2.69350580e+03  7.05030000e+02  1.02681000e+02  3.60000000e-01 2.65280000e+01
 -2.70963414e+03  7.08770000e+02  1.02418000e+02  3.44000000e-01 2.06380000e+01
 -2.70963414e+03  7.08770000e+02  1.02418000e+02  3.44000000e-01 2.06380000e+01
 -2.70963414e+03  7.08770000e+02  1.02418000e+02  3.44000000e-01 2.06380000e+01
 -2.70963414e+03  7.08770000e+02  1.02418000e+02  3.44000000e-01 2.06380000e+01
 -2.70963414e+03  7.08770000e+02  1.02418000e+02  3.44000000e-01 2.06380000e+01
 -2.70963414e+03  7.08770000e+02  1.02418000e+02  3.44000000e-01 2.06380000e+01
 -2.70963414e+03  7.08770000e+02  1.02418000e+02  3.44000000e-01 2.06380000e+01
 -2.70963414e+03  7.08770000e+02  1.02418000e+02  3.44000000e-01 2.06380000e+01
 -2.70963414e+03  7.08770000e+02  1.02418000e+02  3.44000000e-01 2.06380000e+01
 -2.70963414e+03  7.08770000e+02  1.02418000e+02  3.44000000e-01 2.06380000e+01
 -2.70963414e+03  7.08770000e+02  1.02418000e+02  3.44000000e-01 2.06380000e+01
 -2.70963414e+03  7.08770000e+02  1.02418000e+02  3.44000000e-01 2.06380000e+01
 -2.70963414e+03  7.08770000e+02  1.02418000e+02  3.44000000e-01 2.06380000e+01
 -2.70963414e+03  7.08770000e+02  1.02418000e+02  3.44000000e-01 2.06380000e+01
 -2.70963414e+03  7.08770000e+02  1.02418000e+02  3.44000000e-01 2.06380000e+01
 -2.70963414e+03  7.08770000e+02  1.02418000e+02  3.44000000e-01 2.06380000e+01
 -2.70963414e+03  7.08770000e+02  1.02418000e+02  3.44000000e-01 2.06380000e+01
 -2.70963414e+03  7.08770000e+02  1.02418000e+02  3.44000000e-01 2.06380000e+01
 -2.70963414e+03  7.08770000e+02  1.02418000e+02  3.44000000e-01 2.06380000e+01
 -2.70963414e+03  7.08770000e+02  1.02418000e+02  3.44000000e-01 2.06380000e+01
 -2.70963414e+03  7.08770000e+02  1.02418000e+02  3.44000000e-01 2.06380000e+01
 -2.70963414e+03  7.08770000e+02  1.02418000e+02  3.44000000e-01 2.06380000e+01
 -2.70963414e+03  7.08770000e+02  1.02418000e+02  3.44000000e-01 2.06380000e+01
 -2.70963414e+03  7.08770000e+02  1.02418000e+02  3.44000000e-01 2.06380000e+01
 -2.70963414e+03  7.08770000e+02  1.02418000e+02  3.44000000e-01 2.06380000e+01
 -2.70963414e+03  7.08770000e+02  1.02418000e+02  3.44000000e-01 2.06380000e+01
 -2.70963414e+03  7.08770000e+02  1.02418000e+02  3.44000000e-01 2.06380000e+01
 -2.70963414e+03  7.08770000e+02  1.02418000e+02  3.44000000e-01 2.06380000e+01
 -2.70963414e+03  7.08770000e+02  1.02418000e+02  3.44000000e-01 2.06380000e+01
 -2.70963414e+03  7.08770000e+02  1.02418000e+02  3.44000000e-01 2.06380000e+01
 -2.70963414e+03  7.08770000e+02  1.02418000e+02  3.44000000e-01 2.06380000e+01
 -2.70963414e+03  7.08770000e+02  1.02418000e+02  3.44000000e-01 2.06380000e+01
 -2.70963414e+03  7.08770000e+02  1.02418000e+02  3.44000000e-01 2.06380000e+01
 -2.70963414e+03  7.08770000e+02  1.02418000e+02  3.44000000e-01 2.06380000e+01
 -2.70963414e+03  7.08770000e+02  1.02418000e+02  3.44000000e-01 2.06380000e+01
 -2.70963414e+03  7.08770000e+02  1.02418000e+02  3.44000000e-01 2.06380000e+01
 -2.70963414e+03  7.08770000e+02  1.02418000e+02  3.44000000e-01 2.06380000e+01
 -2.70963414e+03  7.08770000e+02  1.02418000e+02  3.44000000e-01 2.06380000e+01
 -2.70963414e+03  7.08770000e+02  1.02418000e+02  3.44000000e-01 2.06380000e+01
 -2.70963414e+03  7.08770000e+02  1.02418000e+02  3.44000000e-01 2.06380000e+01
 -2.70963414e+03  7.08770000e+02  1.02418000e+02  3.44000000e-01 2.06380000e+01
 -2.70963414e+03  7.08770000e+02  1.02418000e+02  3.44000000e-01 2.06380000e+01
 -2.70963414e+03  7.08770000e+02  1.02418000e+02  3.44000000e-01 2.06380000e+01
 -2.70963414e+03  7.08770000e+02  1.02418000e+02  3.44000000e-01 2.06380000e+01
 -2.70963414e+03  7.08770000e+02  1.02418000e+02  3.44000000e-01 2.06380000e+01
 -2.70963414e+03  7.08770000e+02  1.02418000e+02  3.44000000e-01 2.06380000e+01
 -2.70963414e+03  7.08770000e+02  1.02418000e+02  3.44000000e-01 2.06380000e+01
 -2.70963414e+03  7.08770000e+02  1.02418000e+02  3.44000000e-01 2.06380000e+01
 -2.70963414e+03  7.08770000e+02  1.02418000e+02  3.44000000e-01 2.06380000e+01
 -2.70963414e+03  7.08770000e+02  1.02418000e+02  3.44000000e-01 2.06380000e+01
 -2.70963414e+03  7.08770000e+02  1.02418000e+02  3.44000000e-01 2.06380000e+01
 -2.70963414e+03  7.08770000e+02  1.02418000e+02  3.44000000e-01 2.06380000e+01
 -2.70963414e+03  7.08770000e+02  1.02418000e+02  3.44000000e-01 2.06380000e+01
 -2.70963414e+03  7.08770000e+02  1.02418000e+02  3.44000000e-01 2.06380000e+01
 -2.70963414e+03  7.08770000e+02  1.02418000e+02  3.44000000e-01 2.06380000e+01
 -2.70898775e+03  7.09640000e+02  1.02124000e+02  3.61000000e-01 2.60410000e+01
 -2.70898775e+03  7.09640000e+02  1.02124000e+02  3.61000000e-01 2.60410000e+01
 -2.70898775e+03  7.09640000e+02  1.02124000e+02  3.61000000e-01 2.60410000e+01
 -2.71832284e+03  7.09770000e+02  1.05001000e+02  3.59000000e-01 2.60040000e+01
 -2.71832284e+03  7.09770000e+02  1.05001000e+02  3.59000000e-01 2.60040000e+01
 -2.71832284e+03  7.09770000e+02  1.05001000e+02  3.59000000e-01 2.60040000e+01
 -2.71832284e+03  7.09770000e+02  1.05001000e+02  3.59000000e-01 2.60040000e+01
 -2.71832284e+03  7.09770000e+02  1.05001000e+02  3.59000000e-01 2.60040000e+01
 -2.71832284e+03  7.09770000e+02  1.05001000e+02  3.59000000e-01 2.60040000e+01
 -2.71832284e+03  7.09770000e+02  1.05001000e+02  3.59000000e-01 2.60040000e+01
 -2.71832284e+03  7.09770000e+02  1.05001000e+02  3.59000000e-01 2.60040000e+01
 -2.71832284e+03  7.09770000e+02  1.05001000e+02  3.59000000e-01 2.60040000e+01
 -2.71832284e+03  7.09770000e+02  1.05001000e+02  3.59000000e-01 2.60040000e+01
 -2.71832284e+03  7.09770000e+02  1.05001000e+02  3.59000000e-01 2.60040000e+01
 -2.71832284e+03  7.09770000e+02  1.05001000e+02  3.59000000e-01 2.60040000e+01
 -2.71832284e+03  7.09770000e+02  1.05001000e+02  3.59000000e-01 2.60040000e+01
 -2.71832284e+03  7.09770000e+02  1.05001000e+02  3.59000000e-01 2.60040000e+01
 -2.71832284e+03  7.09770000e+02  1.05001000e+02  3.59000000e-01 2.60040000e+01
 -2.71832284e+03  7.09770000e+02  1.05001000e+02  3.59000000e-01 2.60040000e+01
 -2.71832284e+03  7.09770000e+02  1.05001000e+02  3.59000000e-01 2.60040000e+01
 -2.71832284e+03  7.09770000e+02  1.05001000e+02  3.59000000e-01 2.60040000e+01
 -2.71832284e+03  7.09770000e+02  1.05001000e+02  3.59000000e-01 2.60040000e+01
 -2.71832284e+03  7.09770000e+02  1.05001000e+02  3.59000000e-01 2.60040000e+01
 -2.71832284e+03  7.09770000e+02  1.05001000e+02  3.59000000e-01 2.60040000e+01
 -2.71832284e+03  7.09770000e+02  1.05001000e+02  3.59000000e-01 2.60040000e+01
 -2.71832284e+03  7.09770000e+02  1.05001000e+02  3.59000000e-01 2.60040000e+01
 -2.71832284e+03  7.09770000e+02  1.05001000e+02  3.59000000e-01 2.60040000e+01
 -2.71832284e+03  7.09770000e+02  1.05001000e+02  3.59000000e-01 2.60040000e+01
 -2.71832284e+03  7.09770000e+02  1.05001000e+02  3.59000000e-01 2.60040000e+01
 -2.71832284e+03  7.09770000e+02  1.05001000e+02  3.59000000e-01 2.60040000e+01
 -2.71832284e+03  7.09770000e+02  1.05001000e+02  3.59000000e-01 2.60040000e+01
 -2.71832284e+03  7.09770000e+02  1.05001000e+02  3.59000000e-01 2.60040000e+01
 -2.71832284e+03  7.09770000e+02  1.05001000e+02  3.59000000e-01 2.60040000e+01
 -2.71832284e+03  7.09770000e+02  1.05001000e+02  3.59000000e-01 2.60040000e+01
 -2.71832284e+03  7.09770000e+02  1.05001000e+02  3.59000000e-01 2.60040000e+01
 -2.71832284e+03  7.09770000e+02  1.05001000e+02  3.59000000e-01 2.60040000e+01
 -2.71832284e+03  7.09770000e+02  1.05001000e+02  3.59000000e-01 2.60040000e+01
 -2.71832284e+03  7.09770000e+02  1.05001000e+02  3.59000000e-01 2.60040000e+01
 -2.71832284e+03  7.09770000e+02  1.05001000e+02  3.59000000e-01 2.60040000e+01
 -2.71832284e+03  7.09770000e+02  1.05001000e+02  3.59000000e-01 2.60040000e+01
 -2.71832284e+03  7.09770000e+02  1.05001000e+02  3.59000000e-01 2.60040000e+01
 -2.71832284e+03  7.09770000e+02  1.05001000e+02  3.59000000e-01 2.60040000e+01
 -2.71832284e+03  7.09770000e+02  1.05001000e+02  3.59000000e-01 2.60040000e+01
 -2.71832284e+03  7.09770000e+02  1.05001000e+02  3.59000000e-01 2.60040000e+01
 -2.71832284e+03  7.09770000e+02  1.05001000e+02  3.59000000e-01 2.60040000e+01
 -2.71832284e+03  7.09770000e+02  1.05001000e+02  3.59000000e-01 2.60040000e+01
 -2.71832284e+03  7.09770000e+02  1.05001000e+02  3.59000000e-01 2.60040000e+01
 -2.71832284e+03  7.09770000e+02  1.05001000e+02  3.59000000e-01 2.60040000e+01
 -2.71832284e+03  7.09770000e+02  1.05001000e+02  3.59000000e-01 2.60040000e+01
 -2.71832284e+03  7.09770000e+02  1.05001000e+02  3.59000000e-01 2.60040000e+01
 -2.71832284e+03  7.09770000e+02  1.05001000e+02  3.59000000e-01 2.60040000e+01
 -2.71832284e+03  7.09770000e+02  1.05001000e+02  3.59000000e-01 2.60040000e+01
 -2.71832284e+03  7.09770000e+02  1.05001000e+02  3.59000000e-01 2.60040000e+01
 -2.71832284e+03  7.09770000e+02  1.05001000e+02  3.59000000e-01 2.60040000e+01
 -2.71832284e+03  7.09770000e+02  1.05001000e+02  3.59000000e-01 2.60040000e+01
 -2.71832284e+03  7.09770000e+02  1.05001000e+02  3.59000000e-01 2.60040000e+01
 -2.71832284e+03  7.09770000e+02  1.05001000e+02  3.59000000e-01 2.60040000e+01
 -2.71832284e+03  7.09770000e+02  1.05001000e+02  3.59000000e-01 2.60040000e+01
 -2.71832284e+03  7.09770000e+02  1.05001000e+02  3.59000000e-01 2.60040000e+01
 -2.71832284e+03  7.09770000e+02  1.05001000e+02  3.59000000e-01 2.60040000e+01
 -2.71832284e+03  7.09770000e+02  1.05001000e+02  3.59000000e-01 2.60040000e+01
 -2.71832284e+03  7.09770000e+02  1.05001000e+02  3.59000000e-01 2.60040000e+01
 -2.71832284e+03  7.09770000e+02  1.05001000e+02  3.59000000e-01 2.60040000e+01
 -2.71832284e+03  7.09770000e+02  1.05001000e+02  3.59000000e-01 2.60040000e+01
 -2.71832284e+03  7.09770000e+02  1.05001000e+02  3.59000000e-01 2.60040000e+01
 -2.71832284e+03  7.09770000e+02  1.05001000e+02  3.59000000e-01 2.60040000e+01
 -2.71832284e+03  7.09770000e+02  1.05001000e+02  3.59000000e-01 2.60040000e+01
 -2.71832284e+03  7.09770000e+02  1.05001000e+02  3.59000000e-01 2.60040000e+01
 -2.71832284e+03  7.09770000e+02  1.05001000e+02  3.59000000e-01 2.60040000e+01
 -2.71832284e+03  7.09770000e+02  1.05001000e+02  3.59000000e-01 2.60040000e+01
 -2.71832284e+03  7.09770000e+02  1.05001000e+02  3.59000000e-01 2.60040000e+01
 -2.71832284e+03  7.09770000e+02  1.05001000e+02  3.59000000e-01 2.60040000e+01
 -2.71832284e+03  7.09770000e+02  1.05001000e+02  3.59000000e-01 2.60040000e+01
 -2.71832284e+03  7.09770000e+02  1.05001000e+02  3.59000000e-01 2.60040000e+01
 -2.71832284e+03  7.09770000e+02  1.05001000e+02  3.59000000e-01 2.60040000e+01
 -2.71832284e+03  7.09770000e+02  1.05001000e+02  3.59000000e-01 2.60040000e+01
 -2.71832284e+03  7.09770000e+02  1.05001000e+02  3.59000000e-01 2.60040000e+01
 -2.71832284e+03  7.09770000e+02  1.05001000e+02  3.59000000e-01 2.60040000e+01
 -2.71832284e+03  7.09770000e+02  1.05001000e+02  3.59000000e-01 2.60040000e+01
 -2.71832284e+03  7.09770000e+02  1.05001000e+02  3.59000000e-01 2.60040000e+01
 -2.71832284e+03  7.09770000e+02  1.05001000e+02  3.59000000e-01 2.60040000e+01
 -2.71832284e+03  7.09770000e+02  1.05001000e+02  3.59000000e-01 2.60040000e+01
 -2.71832284e+03  7.09770000e+02  1.05001000e+02  3.59000000e-01 2.60040000e+01
 -2.71832284e+03  7.09770000e+02  1.05001000e+02  3.59000000e-01 2.60040000e+01
 -2.71832284e+03  7.09770000e+02  1.05001000e+02  3.59000000e-01 2.60040000e+01
 -2.71832284e+03  7.09770000e+02  1.05001000e+02  3.59000000e-01 2.60040000e+01
 -2.71832284e+03  7.09770000e+02  1.05001000e+02  3.59000000e-01 2.60040000e+01
 -2.71832284e+03  7.09770000e+02  1.05001000e+02  3.59000000e-01 2.60040000e+01
 -2.71832284e+03  7.09770000e+02  1.05001000e+02  3.59000000e-01 2.60040000e+01
 -2.71832284e+03  7.09770000e+02  1.05001000e+02  3.59000000e-01 2.60040000e+01
 -2.71832284e+03  7.09770000e+02  1.05001000e+02  3.59000000e-01 2.60040000e+01
 -2.71832284e+03  7.09770000e+02  1.05001000e+02  3.59000000e-01 2.60040000e+01
 -2.71832284e+03  7.09770000e+02  1.05001000e+02  3.59000000e-01 2.60040000e+01
 -2.71832284e+03  7.09770000e+02  1.05001000e+02  3.59000000e-01 2.60040000e+01
 -2.71832284e+03  7.09770000e+02  1.05001000e+02  3.59000000e-01 2.60040000e+01
 -2.71832284e+03  7.09770000e+02  1.05001000e+02  3.59000000e-01 2.60040000e+01
 -2.71832284e+03  7.09770000e+02  1.05001000e+02  3.59000000e-01 2.60040000e+01
 -2.71832284e+03  7.09770000e+02  1.05001000e+02  3.59000000e-01 2.60040000e+01
 -2.71832284e+03  7.09770000e+02  1.05001000e+02  3.59000000e-01 2.60040000e+01
 -2.71832284e+03  7.09770000e+02  1.05001000e+02  3.59000000e-01 2.60040000e+01
 -2.71832284e+03  7.09770000e+02  1.05001000e+02  3.59000000e-01 2.60040000e+01
 -2.71832284e+03  7.09770000e+02  1.05001000e+02  3.59000000e-01 2.60040000e+01
 -2.71832284e+03  7.09770000e+02  1.05001000e+02  3.59000000e-01 2.60040000e+01
 -2.71832284e+03  7.09770000e+02  1.05001000e+02  3.59000000e-01 2.60040000e+01
 -2.71832284e+03  7.09770000e+02  1.05001000e+02  3.59000000e-01 2.60040000e+01
 -2.71832284e+03  7.09770000e+02  1.05001000e+02  3.59000000e-01 2.60040000e+01
 -2.71832284e+03  7.09770000e+02  1.05001000e+02  3.59000000e-01 2.60040000e+01
 -2.71832284e+03  7.09770000e+02  1.05001000e+02  3.59000000e-01 2.60040000e+01
 -2.71832284e+03  7.09770000e+02  1.05001000e+02  3.59000000e-01 2.60040000e+01
 -2.71832284e+03  7.09770000e+02  1.05001000e+02  3.59000000e-01 2.60040000e+01
 -2.71832284e+03  7.09770000e+02  1.05001000e+02  3.59000000e-01 2.60040000e+01
 -2.71832284e+03  7.09770000e+02  1.05001000e+02  3.59000000e-01 2.60040000e+01
 -2.71832284e+03  7.09770000e+02  1.05001000e+02  3.59000000e-01 2.60040000e+01
 -2.71832284e+03  7.09770000e+02  1.05001000e+02  3.59000000e-01 2.60040000e+01
 -2.71832284e+03  7.09770000e+02  1.05001000e+02  3.59000000e-01 2.60040000e+01
 -2.71832284e+03  7.09770000e+02  1.05001000e+02  3.59000000e-01 2.60040000e+01
 -2.71832284e+03  7.09770000e+02  1.05001000e+02  3.59000000e-01 2.60040000e+01
 -2.71832284e+03  7.09770000e+02  1.05001000e+02  3.59000000e-01 2.60040000e+01
 -2.71832284e+03  7.09770000e+02  1.05001000e+02  3.59000000e-01 2.60040000e+01
 -2.71832284e+03  7.09770000e+02  1.05001000e+02  3.59000000e-01 2.60040000e+01
 -2.71832284e+03  7.09770000e+02  1.05001000e+02  3.59000000e-01 2.60040000e+01
 -2.71832284e+03  7.09770000e+02  1.05001000e+02  3.59000000e-01 2.60040000e+01
 -2.71832284e+03  7.09770000e+02  1.05001000e+02  3.59000000e-01 2.60040000e+01
 -2.71832284e+03  7.09770000e+02  1.05001000e+02  3.59000000e-01 2.60040000e+01
 -2.71832284e+03  7.09770000e+02  1.05001000e+02  3.59000000e-01 2.60040000e+01
 -2.71832284e+03  7.09770000e+02  1.05001000e+02  3.59000000e-01 2.60040000e+01
 -2.71832284e+03  7.09770000e+02  1.05001000e+02  3.59000000e-01 2.60040000e+01
 -2.71832284e+03  7.09770000e+02  1.05001000e+02  3.59000000e-01 2.60040000e+01
 -2.71832284e+03  7.09770000e+02  1.05001000e+02  3.59000000e-01 2.60040000e+01
 -2.71832284e+03  7.09770000e+02  1.05001000e+02  3.59000000e-01 2.60040000e+01
 -2.71832284e+03  7.09770000e+02  1.05001000e+02  3.59000000e-01 2.60040000e+01
 -2.71832284e+03  7.09770000e+02  1.05001000e+02  3.59000000e-01 2.60040000e+01
 -2.71832284e+03  7.09770000e+02  1.05001000e+02  3.59000000e-01 2.60040000e+01
 -2.71832284e+03  7.09770000e+02  1.05001000e+02  3.59000000e-01 2.60040000e+01
 -2.71832284e+03  7.09770000e+02  1.05001000e+02  3.59000000e-01 2.60040000e+01
 -2.71832284e+03  7.09770000e+02  1.05001000e+02  3.59000000e-01 2.60040000e+01
 -2.71832284e+03  7.09770000e+02  1.05001000e+02  3.59000000e-01 2.60040000e+01
 -2.71832284e+03  7.09770000e+02  1.05001000e+02  3.59000000e-01 2.60040000e+01
 -2.71832284e+03  7.09770000e+02  1.05001000e+02  3.59000000e-01 2.60040000e+01
 -2.71832284e+03  7.09770000e+02  1.05001000e+02  3.59000000e-01 2.60040000e+01
 -2.71832284e+03  7.09770000e+02  1.05001000e+02  3.59000000e-01 2.60040000e+01
 -2.71832284e+03  7.09770000e+02  1.05001000e+02  3.59000000e-01 2.60040000e+01
 -2.71832284e+03  7.09770000e+02  1.05001000e+02  3.59000000e-01 2.60040000e+01
 -2.71832284e+03  7.09770000e+02  1.05001000e+02  3.59000000e-01 2.60040000e+01
 -2.71832284e+03  7.09770000e+02  1.05001000e+02  3.59000000e-01 2.60040000e+01
 -2.71832284e+03  7.09770000e+02  1.05001000e+02  3.59000000e-01 2.60040000e+01
 -2.71832284e+03  7.09770000e+02  1.05001000e+02  3.59000000e-01 2.60040000e+01
 -2.71832284e+03  7.09770000e+02  1.05001000e+02  3.59000000e-01 2.60040000e+01
 -2.71832284e+03  7.09770000e+02  1.05001000e+02  3.59000000e-01 2.60040000e+01
 -2.71832284e+03  7.09770000e+02  1.05001000e+02  3.59000000e-01 2.60040000e+01
 -2.71832284e+03  7.09770000e+02  1.05001000e+02  3.59000000e-01 2.60040000e+01
 -2.71832284e+03  7.09770000e+02  1.05001000e+02  3.59000000e-01 2.60040000e+01
 -2.71832284e+03  7.09770000e+02  1.05001000e+02  3.59000000e-01 2.60040000e+01
 -2.71832284e+03  7.09770000e+02  1.05001000e+02  3.59000000e-01 2.60040000e+01
 -2.71832284e+03  7.09770000e+02  1.05001000e+02  3.59000000e-01 2.60040000e+01
 -2.71832284e+03  7.09770000e+02  1.05001000e+02  3.59000000e-01 2.60040000e+01
 -2.71832284e+03  7.09770000e+02  1.05001000e+02  3.59000000e-01 2.60040000e+01
 -2.71832284e+03  7.09770000e+02  1.05001000e+02  3.59000000e-01 2.60040000e+01
 -2.71832284e+03  7.09770000e+02  1.05001000e+02  3.59000000e-01 2.60040000e+01
 -2.71832284e+03  7.09770000e+02  1.05001000e+02  3.59000000e-01 2.60040000e+01