-2.40709077e+03  6.29230000e+02  1.11696000e+02  3.71000000e-01 2.71110000e+01
 -2.40709077e+03  6.29230000e+02  1.11696000e+02  3.71000000e-01 2.71110000e+01
 -2.40709077e+03  6.29230000e+02  1.11696000e+02  3.71000000e-01 2.71110000e+01
 -2.40709077e+03  6.29230000e+02  1.11696000e+02  3.71000000e-01 2.71110000e+01
 -2.39986038e+03  6.28970000e+02  1.18919000e+02  3.65000000e-01 2.72570000e+01
 -2.39986038e+03  6.28970000e+02  1.18919000e+02  3.65000000e-01 2.72570000e+01
 -2.39986038e+03  6.28970000e+02  1.18919000e+02  3.65000000e-01 2.72570000e+01
 -2.38032556e+03  6.25490000e+02  1.02804000e+02  3.63000000e-01 2.59260000e+01
 -2.38032556e+03  6.25490000e+02  1.02804000e+02  3.63000000e-01 2.59260000e+01
 -2.40614946e+03  6.34970000e+02  1.14397000e+02  3.54000000e-01 2.66840000e+01
 -2.40614946e+03  6.34970000e+02  1.14397000e+02  3.54000000e-01 2.66840000e+01
 -2.40614946e+03  6.34970000e+02  1.14397000e+02  3.54000000e-01 2.66840000e+01
 -2.40614946e+03  6.34970000e+02  1.14397000e+02  3.54000000e-01 2.66840000e+01
 -2.35393763e+03  6.18880000e+02  1.19645000e+02  3.55000000e-01 2.78230000e+01
 -2.36570574e+03  6.18660000e+02  1.18309000e+02  3.76000000e-01 2.66300000e+01
 -2.37594936e+03  6.24270000e+02  1.12520000e+02  3.86000000e-01 3.03170000e+01
 -2.36791868e+03  6.20530000e+02  1.07921000e+02  3.77000000e-01 2.75670000e+01
 -2.36791868e+03  6.20530000e+02  1.07921000e+02  3.77000000e-01 2.75670000e+01
 -2.38349812e+03  6.22530000e+02  1.14838000e+02  3.65000000e-01 2.72980000e+01
 -2.38349812e+03  6.22530000e+02  1.14838000e+02  3.65000000e-01 2.72980000e+01
 -2.38349812e+03  6.22530000e+02  1.14838000e+02  3.65000000e-01 2.72980000e+01
 -2.37257510e+03  6.27230000e+02  1.22253000e+02  3.64000000e-01 2.89880000e+01
 -2.41041656e+03  6.29750000e+02  1.12206000e+02  3.59000000e-01 2.79050000e+01
 -2.35027858e+03  6.14140000e+02  1.14614000e+02  3.68000000e-01 2.97740000e+01
 -2.36267645e+03  6.20140000e+02  1.13002000e+02  3.59000000e-01 2.68800000e+01
 -2.36259743e+03  6.18400000e+02  1.13296000e+02  3.72000000e-01 2.70440000e+01
 -2.36259743e+03  6.18400000e+02  1.13296000e+02  3.72000000e-01 2.70440000e+01
 -2.35299303e+03  6.16660000e+02  1.04781000e+02  3.71000000e-01 2.78990000e+01
 -2.36742422e+03  6.19880000e+02  1.14267000e+02  3.60000000e-01 3.08620000e+01
 -2.36742422e+03  6.19880000e+02  1.14267000e+02  3.60000000e-01 3.08620000e+01
 -2.39731423e+03  6.26750000e+02  9.72420000e+01  3.70000000e-01 2.75980000e+01
 -2.39731423e+03  6.26750000e+02  9.72420000e+01  3.70000000e-01 2.75980000e+01
 -2.39731423e+03  6.26750000e+02  9.72420000e+01  3.70000000e-01 2.75980000e+01
 -2.39395698e+03  6.26140000e+02  1.13216000e+02  3.53000000e-01 2.97200000e+01
 -2.42828400e+03  6.38450000e+02  1.23989000e+02  3.72000000e-01 2.88630000e+01
 -2.42828400e+03  6.38450000e+02  1.23989000e+02  3.72000000e-01 2.88630000e+01
 -2.43239555e+03  6.38100000e+02  1.12720000e+02  3.71000000e-01 2.91990000e+01
 -2.39912066e+03  6.28620000e+02  1.13318000e+02  3.85000000e-01 2.73920000e+01
 -2.40449334e+03  6.31750000e+02  1.05218000e+02  3.72000000e-01 2.73700000e+01
 -2.40331990e+03  6.30880000e+02  1.10833000e+02  3.70000000e-01 2.79690000e+01
 -2.40535686e+03  6.36270000e+02  1.07291000e+02  3.65000000e-01 2.98280000e+01
 -2.47183168e+03  6.49100000e+02  1.11411000e+02  3.72000000e-01 2.87340000e+01
 -2.47265288e+03  6.48190000e+02  1.07729000e+02  3.69000000e-01 2.52510000e+01
 -2.47265288e+03  6.48190000e+02  1.07729000e+02  3.69000000e-01 2.52510000e+01
 -2.44150423e+03  6.40190000e+02  1.13073000e+02  3.68000000e-01 2.73230000e+01
 -2.43013362e+03  6.38190000e+02  1.08692000e+02  3.78000000e-01 2.63000000e+01
 -2.48334804e+03  6.51540000e+02  1.07633000e+02  3.61000000e-01 2.66480000e+01
 -2.48334804e+03  6.51540000e+02  1.07633000e+02  3.61000000e-01 2.66480000e+01
 -2.48334804e+03  6.51540000e+02  1.07633000e+02  3.61000000e-01 2.66480000e+01
 -2.48334804e+03  6.51540000e+02  1.07633000e+02  3.61000000e-01 2.66480000e+01
 -2.44358359e+03  6.42320000e+02  1.19029000e+02  3.69000000e-01 2.85970000e+01
 -2.43549694e+03  6.40060000e+02  1.10239000e+02  3.76000000e-01 2.75750000e+01
 -2.43549694e+03  6.40060000e+02  1.10239000e+02  3.76000000e-01 2.75750000e+01
 -2.43549694e+03  6.40060000e+02  1.10239000e+02  3.76000000e-01 2.75750000e+01
 -2.43549694e+03  6.40060000e+02  1.10239000e+02  3.76000000e-01 2.75750000e+01
 -2.44814651e+03  6.39930000e+02  1.15995000e+02  3.69000000e-01 2.39310000e+01
 -2.44814651e+03  6.39930000e+02  1.15995000e+02  3.69000000e-01 2.39310000e+01
 -2.44814651e+03  6.39930000e+02  1.15995000e+02  3.69000000e-01 2.39310000e+01
 -2.44814651e+03  6.39930000e+02  1.15995000e+02  3.69000000e-01 2.39310000e+01
 -2.41194583e+03  6.32930000e+02  1.14657000e+02  3.73000000e-01 2.62870000e+01
 -2.46185192e+03  6.47150000e+02  1.17384000e+02  3.75000000e-01 2.54450000e+01
 -2.46185192e+03  6.47150000e+02  1.17384000e+02  3.75000000e-01 2.54450000e+01
 -2.46185192e+03  6.47150000e+02  1.17384000e+02  3.75000000e-01 2.54450000e+01
 -2.46185192e+03  6.47150000e+02  1.17384000e+02  3.75000000e-01 2.54450000e+01
 -2.43694186e+03  6.37320000e+02  1.19964000e+02  3.56000000e-01 2.67150000e+01
 -2.41949000e+03  6.33320000e+02  1.20973000e+02  3.59000000e-01 2.72310000e+01
 -2.41949000e+03  6.33320000e+02  1.20973000e+02  3.59000000e-01 2.72310000e+01
 -2.41949000e+03  6.33320000e+02  1.20973000e+02  3.59000000e-01 2.72310000e+01
 -2.41949000e+03  6.33320000e+02  1.20973000e+02  3.59000000e-01 2.72310000e+01
 -2.43301930e+03  6.43060000e+02  1.16840000e+02  3.61000000e-01 2.70620000e+01
 -2.43301930e+03  6.43060000e+02  1.16840000e+02  3.61000000e-01 2.70620000e+01
 -2.43422114e+03  6.43060000e+02  1.15226000e+02  3.57000000e-01 2.86800000e+01
 -2.43422114e+03  6.43060000e+02  1.15226000e+02  3.57000000e-01 2.86800000e+01
 -2.44421886e+03  6.42540000e+02  1.09978000e+02  3.77000000e-01 2.85150000e+01
 -2.44078450e+03  6.41450000e+02  1.17640000e+02  3.59000000e-01 2.67760000e+01
 -2.41336956e+03  6.36580000e+02  1.10857000e+02  3.58000000e-01 2.76740000e+01
 -2.45357144e+03  6.43190000e+02  1.01026000e+02  3.74000000e-01 2.57900000e+01
 -2.48008988e+03  6.50060000e+02  1.04683000e+02  3.63000000e-01 2.62770000e+01
 -2.48008988e+03  6.50060000e+02  1.04683000e+02  3.63000000e-01 2.62770000e+01
 -2.48008988e+03  6.50060000e+02  1.04683000e+02  3.63000000e-01 2.62770000e+01
 -2.48008988e+03  6.50060000e+02  1.04683000e+02  3.63000000e-01 2.62770000e+01
 -2.48008988e+03  6.50060000e+02  1.04683000e+02  3.63000000e-01 2.62770000e+01
 -2.48008988e+03  6.50060000e+02  1.04683000e+02  3.63000000e-01 2.62770000e+01
 -2.41924509e+03  6.35100000e+02  1.11519000e+02  3.53000000e-01 2.79490000e+01
 -2.41924509e+03  6.35100000e+02  1.11519000e+02  3.53000000e-01 2.79490000e+01
 -2.42379947e+03  6.36100000e+02  1.09968000e+02  3.76000000e-01 2.82990000e+01
 -2.42557303e+03  6.37230000e+02  1.05714000e+02  3.50000000e-01 2.77190000e+01
 -2.36680643e+03  6.23750000e+02  1.17407000e+02  3.66000000e-01 2.80890000e+01
 -2.35418122e+03  6.14530000e+02  1.16329000e+02  3.64000000e-01 2.67270000e+01
 -2.34007429e+03  6.15050000e+02  1.06797000e+02  3.72000000e-01 2.88230000e+01
 -2.33543061e+03  6.15050000e+02  1.09093000e+02  3.67000000e-01 2.97010000e+01
 -2.34412578e+03  6.15050000e+02  1.02449000e+02  3.72000000e-01 2.64160000e+01
 -2.34412578e+03  6.15050000e+02  1.02449000e+02  3.72000000e-01 2.64160000e+01
 -2.34866760e+03  6.17790000e+02  1.18187000e+02  3.55000000e-01 2.83140000e+01
 -2.39544759e+03  6.28880000e+02  1.09378000e+02  3.77000000e-01 2.70450000e+01
 -2.38123907e+03  6.22920000e+02  1.04402000e+02  3.54000000e-01 2.89270000e+01
 -2.41062805e+03  6.31880000e+02  1.13010000e+02  3.69000000e-01 2.72430000e+01
 -2.41062805e+03  6.31880000e+02  1.13010000e+02  3.69000000e-01 2.72430000e+01
 -2.41062805e+03  6.31880000e+02  1.13010000e+02  3.69000000e-01 2.72430000e+01
 -2.40363137e+03  6.28400000e+02  9.94290000e+01  3.72000000e-01 2.93150000e+01
 -2.40363137e+03  6.28400000e+02  9.94290000e+01  3.72000000e-01 2.93150000e+01
 -2.34390327e+03  6.16050000e+02  1.12229000e+02  3.65000000e-01 3.03190000e+01
 -2.32228053e+03  6.10570000e+02  1.04712000e+02  3.63000000e-01 2.97630000e+01
 -2.32228053e+03  6.10570000e+02  1.04712000e+02  3.63000000e-01 2.97630000e+01
 -2.36124987e+03  6.19270000e+02  1.15167000e+02  3.87000000e-01 2.72820000e+01
 -2.32739152e+03  6.06790000e+02  1.12737000e+02  3.70000000e-01 2.84830000e+01
 -2.34448329e+03  6.10920000e+02  1.11404000e+02  3.64000000e-01 2.67100000e+01
 -2.33362473e+03  6.09310000e+02  1.22380000e+02  3.67000000e-01 2.74570000e+01
 -2.33615153e+03  6.15400000e+02  1.17611000e+02  3.54000000e-01 3.02210000e+01
 -2.31848938e+03  6.08660000e+02  1.09533000e+02  3.57000000e-01 2.79700000e+01
 -2.33340435e+03  6.10400000e+02  1.19929000e+02  3.43000000e-01 3.09100000e+01
 -2.33340435e+03  6.10400000e+02  1.19929000e+02  3.43000000e-01 3.09100000e+01
 -2.34038982e+03  6.12140000e+02  1.17905000e+02  3.88000000e-01 2.70820000e+01
 -2.40106494e+03  6.32100000e+02  1.16068000e+02  3.83000000e-01 2.91480000e+01
 -2.41250714e+03  6.31360000e+02  1.11578000e+02  3.68000000e-01 2.63520000e+01
 -2.41250714e+03  6.31360000e+02  1.11578000e+02  3.68000000e-01 2.63520000e+01
 -2.39248920e+03  6.27620000e+02  1.20084000e+02  3.78000000e-01 2.75210000e+01
 -2.39565054e+03  6.27490000e+02  1.17038000e+02  3.69000000e-01 2.74100000e+01
 -2.37029995e+03  6.20620000e+02  1.06060000e+02  3.76000000e-01 2.96070000e+01
 -2.43118359e+03  6.38320000e+02  1.07778000e+02  3.74000000e-01 2.86570000e+01
 -2.43118359e+03  6.38320000e+02  1.07778000e+02  3.74000000e-01 2.86570000e+01
 -2.43118359e+03  6.38320000e+02  1.07778000e+02  3.74000000e-01 2.86570000e+01
 -2.43118359e+03  6.38320000e+02  1.07778000e+02  3.74000000e-01 2.86570000e+01
 -2.43118359e+03  6.38320000e+02  1.07778000e+02  3.74000000e-01 2.86570000e+01
 -2.43118359e+03  6.38320000e+02  1.07778000e+02  3.74000000e-01 2.86570000e+01
 -2.43118359e+03  6.38320000e+02  1.07778000e+02  3.74000000e-01 2.86570000e+01
 -2.45889965e+03  6.47930000e+02  1.05742000e+02  3.76000000e-01 2.80340000e+01
 -2.45889965e+03  6.47930000e+02  1.05742000e+02  3.76000000e-01 2.80340000e+01
 -2.38653968e+03  6.27620000e+02  1.09166000e+02  3.84000000e-01 2.74560000e+01
 -2.38653968e+03  6.27620000e+02  1.09166000e+02  3.84000000e-01 2.74560000e+01
 -2.37066141e+03  6.23400000e+02  1.13357000e+02  3.72000000e-01 2.84360000e+01
 -2.37066141e+03  6.23400000e+02  1.13357000e+02  3.72000000e-01 2.84360000e+01
 -2.35563325e+03  6.20530000e+02  1.07013000e+02  3.70000000e-01 2.82020000e+01
 -2.35563325e+03  6.20530000e+02  1.07013000e+02  3.70000000e-01 2.82020000e+01
 -2.35563325e+03  6.20530000e+02  1.07013000e+02  3.70000000e-01 2.82020000e+01
 -2.35563325e+03  6.20530000e+02  1.07013000e+02  3.70000000e-01 2.82020000e+01
 -2.35563325e+03  6.20530000e+02  1.07013000e+02  3.70000000e-01 2.82020000e+01
 -2.32935916e+03  6.07310000e+02  1.13000000e+02  3.68000000e-01 2.83060000e+01
 -2.33508055e+03  6.13400000e+02  1.10906000e+02  3.72000000e-01 2.74760000e+01
 -2.35438659e+03  6.18750000e+02  1.21743000e+02  3.60000000e-01 2.73960000e+01
 -2.35438659e+03  6.18750000e+02  1.21743000e+02  3.60000000e-01 2.73960000e+01
 -2.35438659e+03  6.18750000e+02  1.21743000e+02  3.60000000e-01 2.73960000e+01
 -2.40557867e+03  6.31360000e+02  1.11069000e+02  3.63000000e-01 2.72730000e+01
 -2.39087648e+03  6.26880000e+02  1.11698000e+02  3.72000000e-01 2.73240000e+01
 -2.38687300e+03  6.27490000e+02  1.17335000e+02  3.60000000e-01 2.69530000e+01
 -2.38687300e+03  6.27490000e+02  1.17335000e+02  3.60000000e-01 2.69530000e+01
 -2.38687300e+03  6.27490000e+02  1.17335000e+02  3.60000000e-01 2.69530000e+01
 -2.38687300e+03  6.27490000e+02  1.17335000e+02  3.60000000e-01 2.69530000e+01
 -2.39016125e+03  6.26620000e+02  1.14718000e+02  3.58000000e-01 2.65030000e+01
 -2.42272540e+03  6.35970000e+02  1.19537000e+02  3.71000000e-01 2.70500000e+01
 -2.42272540e+03  6.35970000e+02  1.19537000e+02  3.71000000e-01 2.70500000e+01
 -2.46450874e+03  6.45060000e+02  1.04934000e+02  3.71000000e-01 2.86190000e+01
 -2.43852464e+03  6.39970000e+02  1.02389000e+02  3.68000000e-01 2.54040000e+01
 -2.43852464e+03  6.39970000e+02  1.02389000e+02  3.68000000e-01 2.54040000e+01
 -2.43852464e+03  6.39970000e+02  1.02389000e+02  3.68000000e-01 2.54040000e+01
 -2.43852464e+03  6.39970000e+02  1.02389000e+02  3.68000000e-01 2.54040000e+01
 -2.43852464e+03  6.39970000e+02  1.02389000e+02  3.68000000e-01 2.54040000e+01
 -2.43852464e+03  6.39970000e+02  1.02389000e+02  3.68000000e-01 2.54040000e+01
 -2.44421646e+03  6.41710000e+02  1.16673000e+02  3.74000000e-01 2.72850000e+01
 -2.44421646e+03  6.41710000e+02  1.16673000e+02  3.74000000e-01 2.72850000e+01
 -2.41300009e+03  6.35840000e+02  1.18617000e+02  3.53000000e-01 2.65840000e+01
 -2.41390695e+03  6.31750000e+02  1.01509000e+02  3.67000000e-01 2.97240000e+01
 -2.40987042e+03  6.30750000e+02  1.12253000e+02  3.69000000e-01 2.74410000e+01
 -2.44562935e+03  6.41060000e+02  1.10986000e+02  3.56000000e-01 2.76410000e+01
 -2.39488657e+03  6.26230000e+02  1.12171000e+02  3.73000000e-01 2.83290000e+01
 -2.39488657e+03  6.26230000e+02  1.12171000e+02  3.73000000e-01 2.83290000e+01
 -2.39488657e+03  6.26230000e+02  1.12171000e+02  3.73000000e-01 2.83290000e+01
 -2.39488657e+03  6.26230000e+02  1.12171000e+02  3.73000000e-01 2.83290000e+01
 -2.42266759e+03  6.34100000e+02  1.05075000e+02  3.51000000e-01 3.09860000e+01
 -2.42266759e+03  6.34100000e+02  1.05075000e+02  3.51000000e-01 3.09860000e+01
 -2.37019105e+03  6.22620000e+02  1.21753000e+02  3.76000000e-01 2.80670000e+01
 -2.39465883e+03  6.31360000e+02  1.08819000e+02  3.77000000e-01 2.74470000e+01
 -2.39465883e+03  6.31360000e+02  1.08819000e+02  3.77000000e-01 2.74470000e+01
 -2.39465883e+03  6.31360000e+02  1.08819000e+02  3.77000000e-01 2.74470000e+01
 -2.39465883e+03  6.31360000e+02  1.08819000e+02  3.77000000e-01 2.74470000e+01
 -2.41601785e+03  6.32620000e+02  1.09317000e+02  3.74000000e-01 2.62140000e+01
 -2.43959250e+03  6.43580000e+02  1.13428000e+02  3.70000000e-01 2.79130000e+01
 -2.43748959e+03  6.40840000e+02  1.05782000e+02  3.76000000e-01 2.59650000e+01
 -2.43748959e+03  6.40840000e+02  1.05782000e+02  3.76000000e-01 2.59650000e+01
 -2.43748959e+03  6.40840000e+02  1.05782000e+02  3.76000000e-01 2.59650000e+01
 -2.43748959e+03  6.40840000e+02  1.05782000e+02  3.76000000e-01 2.59650000e+01
 -2.43748959e+03  6.40840000e+02  1.05782000e+02  3.76000000e-01 2.59650000e+01
 -2.43748959e+03  6.40840000e+02  1.05782000e+02  3.76000000e-01 2.59650000e+01
 -2.43748959e+03  6.40840000e+02  1.05782000e+02  3.76000000e-01 2.59650000e+01
 -2.43748959e+03  6.40840000e+02  1.05782000e+02  3.76000000e-01 2.59650000e+01
 -2.43748959e+03  6.40840000e+02  1.05782000e+02  3.76000000e-01 2.59650000e+01
 -2.43748959e+03  6.40840000e+02  1.05782000e+02  3.76000000e-01 2.59650000e+01
 -2.45113086e+03  6.43710000e+02  1.19299000e+02  3.69000000e-01 2.63170000e+01
 -2.43849072e+03  6.37970000e+02  1.08203000e+02  3.75000000e-01 2.69890000e+01
 -2.43849072e+03  6.37970000e+02  1.08203000e+02  3.75000000e-01 2.69890000e+01
 -2.43849072e+03  6.37970000e+02  1.08203000e+02  3.75000000e-01 2.69890000e+01
 -2.43849072e+03  6.37970000e+02  1.08203000e+02  3.75000000e-01 2.69890000e+01
 -2.43849072e+03  6.37970000e+02  1.08203000e+02  3.75000000e-01 2.69890000e+01
 -2.43219106e+03  6.38450000e+02  1.03046000e+02  3.67000000e-01 2.57060000e+01
 -2.43219106e+03  6.38450000e+02  1.03046000e+02  3.67000000e-01 2.57060000e+01
 -2.43219106e+03  6.38450000e+02  1.03046000e+02  3.67000000e-01 2.57060000e+01
 -2.43219106e+03  6.38450000e+02  1.03046000e+02  3.67000000e-01 2.57060000e+01
 -2.43696047e+03  6.36840000e+02  1.08252000e+02  3.75000000e-01 2.91350000e+01
 -2.41632207e+03  6.34360000e+02  1.21198000e+02  3.56000000e-01 2.88050000e+01
 -2.41632207e+03  6.34360000e+02  1.21198000e+02  3.56000000e-01 2.88050000e+01
 -2.41632207e+03  6.34360000e+02  1.21198000e+02  3.56000000e-01 2.88050000e+01
 -2.41632207e+03  6.34360000e+02  1.21198000e+02  3.56000000e-01 2.88050000e+01
 -2.41632207e+03  6.34360000e+02  1.21198000e+02  3.56000000e-01 2.88050000e+01
 -2.42732842e+03  6.38970000e+02  1.13594000e+02  3.58000000e-01 2.70350000e+01
 -2.45051015e+03  6.41970000e+02  1.16528000e+02  3.55000000e-01 2.62110000e+01
 -2.45051015e+03  6.41970000e+02  1.16528000e+02  3.55000000e-01 2.62110000e+01
 -2.45051015e+03  6.41970000e+02  1.16528000e+02  3.55000000e-01 2.62110000e+01
 -2.45051015e+03  6.41970000e+02  1.16528000e+02  3.55000000e-01 2.62110000e+01
 -2.45051015e+03  6.41970000e+02  1.16528000e+02  3.55000000e-01 2.62110000e+01
 -2.42177477e+03  6.35100000e+02  1.15912000e+02  3.81000000e-01 2.85880000e+01
 -2.42177477e+03  6.35100000e+02  1.15912000e+02  3.81000000e-01 2.85880000e+01
 -2.42177477e+03  6.35100000e+02  1.15912000e+02  3.81000000e-01 2.85880000e+01
 -2.42177477e+03  6.35100000e+02  1.15912000e+02  3.81000000e-01 2.85880000e+01
 -2.42177477e+03  6.35100000e+02  1.15912000e+02  3.81000000e-01 2.85880000e+01
 -2.42177477e+03  6.35100000e+02  1.15912000e+02  3.81000000e-01 2.85880000e+01
 -2.42177477e+03  6.35100000e+02  1.15912000e+02  3.81000000e-01 2.85880000e+01
 -2.42177477e+03  6.35100000e+02  1.15912000e+02  3.81000000e-01 2.85880000e+01
 -2.43356833e+03  6.39190000e+02  1.15285000e+02  3.65000000e-01 2.74280000e+01
 -2.43356833e+03  6.39190000e+02  1.15285000e+02  3.65000000e-01 2.74280000e+01
 -2.44136987e+03  6.40840000e+02  1.08692000e+02  3.60000000e-01 2.70720000e+01
 -2.44136987e+03  6.40840000e+02  1.08692000e+02  3.60000000e-01 2.70720000e+01
 -2.44136987e+03  6.40840000e+02  1.08692000e+02  3.60000000e-01 2.70720000e+01
 -2.44136987e+03  6.40840000e+02  1.08692000e+02  3.60000000e-01 2.70720000e+01
 -2.39724024e+03  6.30750000e+02  1.06538000e+02  3.73000000e-01 2.93040000e+01
 -2.45855061e+03  6.47710000e+02  1.10382000e+02  3.69000000e-01 2.80580000e+01
 -2.45855061e+03  6.47710000e+02  1.10382000e+02  3.69000000e-01 2.80580000e+01
 -2.45855061e+03  6.47710000e+02  1.10382000e+02  3.69000000e-01 2.80580000e+01
 -2.45503560e+03  6.43970000e+02  1.07385000e+02  3.62000000e-01 2.51890000e+01
 -2.45503560e+03  6.43970000e+02  1.07385000e+02  3.62000000e-01 2.51890000e+01
 -2.45503560e+03  6.43970000e+02  1.07385000e+02  3.62000000e-01 2.51890000e+01
 -2.45503560e+03  6.43970000e+02  1.07385000e+02  3.62000000e-01 2.51890000e+01
 -2.45503560e+03  6.43970000e+02  1.07385000e+02  3.62000000e-01 2.51890000e+01
 -2.45503560e+03  6.43970000e+02  1.07385000e+02  3.62000000e-01 2.51890000e+01
 -2.45503560e+03  6.43970000e+02  1.07385000e+02  3.62000000e-01 2.51890000e+01
 -2.45503560e+03  6.43970000e+02  1.07385000e+02  3.62000000e-01 2.51890000e+01
 -2.46193235e+03  6.48450000e+02  1.02565000e+02  3.69000000e-01 2.74600000e+01
 -2.46193235e+03  6.48450000e+02  1.02565000e+02  3.69000000e-01 2.74600000e+01
 -2.46193235e+03  6.48450000e+02  1.02565000e+02  3.69000000e-01 2.74600000e+01
 -2.46193235e+03  6.48450000e+02  1.02565000e+02  3.69000000e-01 2.74600000e+01
 -2.46193235e+03  6.48450000e+02  1.02565000e+02  3.69000000e-01 2.74600000e+01
 -2.46153011e+03  6.52670000e+02  1.18368000e+02  3.83000000e-01 2.73940000e+01
 -2.44238987e+03  6.41710000e+02  1.14293000e+02  3.74000000e-01 2.64590000e+01
 -2.44238987e+03  6.41710000e+02  1.14293000e+02  3.74000000e-01 2.64590000e+01
 -2.44238987e+03  6.41710000e+02  1.14293000e+02  3.74000000e-01 2.64590000e+01
 -2.44238987e+03  6.41710000e+02  1.14293000e+02  3.74000000e-01 2.64590000e+01
 -2.44238987e+03  6.41710000e+02  1.14293000e+02  3.74000000e-01 2.64590000e+01
 -2.45003324e+03  6.44580000e+02  1.07811000e+02  3.77000000e-01 2.79550000e+01
 -2.45003324e+03  6.44580000e+02  1.07811000e+02  3.77000000e-01 2.79550000e+01
 -2.45067122e+03  6.43450000e+02  1.03655000e+02  3.68000000e-01 2.89610000e+01
 -2.45067122e+03  6.43450000e+02  1.03655000e+02  3.68000000e-01 2.89610000e+01
 -2.45067122e+03  6.43450000e+02  1.03655000e+02  3.68000000e-01 2.89610000e+01
 -2.43393424e+03  6.38840000e+02  1.12010000e+02  3.65000000e-01 2.83800000e+01
 -2.43393424e+03  6.38840000e+02  1.12010000e+02  3.65000000e-01 2.83800000e+01
 -2.43393424e+03  6.38840000e+02  1.12010000e+02  3.65000000e-01 2.83800000e+01
 -2.43393424e+03  6.38840000e+02  1.12010000e+02  3.65000000e-01 2.83800000e+01
 -2.41836841e+03  6.33710000e+02  1.10678000e+02  3.76000000e-01 2.49190000e+01
 -2.41836841e+03  6.33710000e+02  1.10678000e+02  3.76000000e-01 2.49190000e+01
 -2.41836841e+03  6.33710000e+02  1.10678000e+02  3.76000000e-01 2.49190000e+01
 -2.44400876e+03  6.41190000e+02  1.14063000e+02  3.54000000e-01 2.71300000e+01
 -2.44400876e+03  6.41190000e+02  1.14063000e+02  3.54000000e-01 2.71300000e+01
 -2.46841154e+03  6.45190000e+02  1.04377000e+02  3.64000000e-01 2.61540000e+01
 -2.46841154e+03  6.45190000e+02  1.04377000e+02  3.64000000e-01 2.61540000e+01
 -2.46841154e+03  6.45190000e+02  1.04377000e+02  3.64000000e-01 2.61540000e+01
 -2.46841154e+03  6.45190000e+02  1.04377000e+02  3.64000000e-01 2.61540000e+01
 -2.46841154e+03  6.45190000e+02  1.04377000e+02  3.64000000e-01 2.61540000e+01
 -2.46841154e+03  6.45190000e+02  1.04377000e+02  3.64000000e-01 2.61540000e+01
 -2.46841154e+03  6.45190000e+02  1.04377000e+02  3.64000000e-01 2.61540000e+01
 -2.46841154e+03  6.45190000e+02  1.04377000e+02  3.64000000e-01 2.61540000e+01
 -2.46841154e+03  6.45190000e+02  1.04377000e+02  3.64000000e-01 2.61540000e+01
 -2.46841154e+03  6.45190000e+02  1.04377000e+02  3.64000000e-01 2.61540000e+01
 -2.46841154e+03  6.45190000e+02  1.04377000e+02  3.64000000e-01 2.61540000e+01
 -2.48366753e+03  6.55800000e+02  1.25162000e+02  3.56000000e-01 2.63920000e+01
 -2.44984288e+03  6.43320000e+02  1.02508000e+02  3.57000000e-01 2.91520000e+01
 -2.44984288e+03  6.43320000e+02  1.02508000e+02  3.57000000e-01 2.91520000e+01
 -2.47461137e+03  6.49280000e+02  1.16195000e+02  3.58000000e-01 2.65410000e+01
 -2.41461921e+03  6.30710000e+02  1.14477000e+02  3.75000000e-01 2.64370000e+01
 -2.36976289e+03  6.21010000e+02  1.21431000e+02  3.73000000e-01 3.01060000e+01
 -2.36976289e+03  6.21010000e+02  1.21431000e+02  3.73000000e-01 3.01060000e+01
 -2.38218957e+03  6.27490000e+02  1.17625000e+02  3.65000000e-01 2.89030000e+01
 -2.41888676e+03  6.35320000e+02  1.13640000e+02  3.68000000e-01 2.65090000e+01
 -2.45869801e+03  6.43710000e+02  1.03049000e+02  3.68000000e-01 2.74430000e+01
 -2.45869801e+03  6.43710000e+02  1.03049000e+02  3.68000000e-01 2.74430000e+01
 -2.45869801e+03  6.43710000e+02  1.03049000e+02  3.68000000e-01 2.74430000e+01
 -2.45869801e+03  6.43710000e+02  1.03049000e+02  3.68000000e-01 2.74430000e+01
 -2.45869801e+03  6.43710000e+02  1.03049000e+02  3.68000000e-01 2.74430000e+01
 -2.45869801e+03  6.43710000e+02  1.03049000e+02  3.68000000e-01 2.74430000e+01
 -2.45869801e+03  6.43710000e+02  1.03049000e+02  3.68000000e-01 2.74430000e+01
 -2.45869801e+03  6.43710000e+02  1.03049000e+02  3.68000000e-01 2.74430000e+01
 -2.45869801e+03  6.43710000e+02  1.03049000e+02  3.68000000e-01 2.74430000e+01
 -2.45869801e+03  6.43710000e+02  1.03049000e+02  3.68000000e-01 2.74430000e+01
 -2.45869801e+03  6.43710000e+02  1.03049000e+02  3.68000000e-01 2.74430000e+01
 -2.45869801e+03  6.43710000e+02  1.03049000e+02  3.68000000e-01 2.74430000e+01
 -2.45869801e+03  6.43710000e+02  1.03049000e+02  3.68000000e-01 2.74430000e+01
 -2.45869801e+03  6.43710000e+02  1.03049000e+02  3.68000000e-01 2.74430000e+01
 -2.45869801e+03  6.43710000e+02  1.03049000e+02  3.68000000e-01 2.74430000e+01
 -2.45869801e+03  6.43710000e+02  1.03049000e+02  3.68000000e-01 2.74430000e+01
 -2.45869801e+03  6.43710000e+02  1.03049000e+02  3.68000000e-01 2.74430000e+01
 -2.42711192e+03  6.33360000e+02  1.14648000e+02  3.67000000e-01 3.04140000e+01
 -2.42711192e+03  6.33360000e+02  1.14648000e+02  3.67000000e-01 3.04140000e+01
 -2.42711192e+03  6.33360000e+02  1.14648000e+02  3.67000000e-01 3.04140000e+01
 -2.43115311e+03  6.35230000e+02  1.03255000e+02  3.66000000e-01 2.71470000e+01
 -2.43115311e+03  6.35230000e+02  1.03255000e+02  3.66000000e-01 2.71470000e+01
 -2.43115311e+03  6.35230000e+02  1.03255000e+02  3.66000000e-01 2.71470000e+01
 -2.43115311e+03  6.35230000e+02  1.03255000e+02  3.66000000e-01 2.71470000e+01
 -2.43115311e+03  6.35230000e+02  1.03255000e+02  3.66000000e-01 2.71470000e+01
 -2.43115311e+03  6.35230000e+02  1.03255000e+02  3.66000000e-01 2.71470000e+01
 -2.44615109e+03  6.47060000e+02  1.05444000e+02  3.62000000e-01 2.74300000e+01
 -2.44615109e+03  6.47060000e+02  1.05444000e+02  3.62000000e-01 2.74300000e+01
 -2.44969317e+03  6.42100000e+02  1.20580000e+02  3.56000000e-01 2.60650000e+01
 -2.44969317e+03  6.42100000e+02  1.20580000e+02  3.56000000e-01 2.60650000e+01
 -2.45030140e+03  6.44450000e+02  1.09351000e+02  3.61000000e-01 2.58380000e+01
 -2.45030140e+03  6.44450000e+02  1.09351000e+02  3.61000000e-01 2.58380000e+01
 -2.45030140e+03  6.44450000e+02  1.09351000e+02  3.61000000e-01 2.58380000e+01
 -2.45929525e+03  6.45100000e+02  1.11473000e+02  3.82000000e-01 2.54180000e+01
 -2.45929525e+03  6.45100000e+02  1.11473000e+02  3.82000000e-01 2.54180000e+01
 -2.45929525e+03  6.45100000e+02  1.11473000e+02  3.82000000e-01 2.54180000e+01
 -2.45929525e+03  6.45100000e+02  1.11473000e+02  3.82000000e-01 2.54180000e+01
 -2.45929525e+03  6.45100000e+02  1.11473000e+02  3.82000000e-01 2.54180000e+01
 -2.45929525e+03  6.45100000e+02  1.11473000e+02  3.82000000e-01 2.54180000e+01
 -2.45929525e+03  6.45100000e+02  1.11473000e+02  3.82000000e-01 2.54180000e+01
 -2.45929525e+03  6.45100000e+02  1.11473000e+02  3.82000000e-01 2.54180000e+01
 -2.45929525e+03  6.45100000e+02  1.11473000e+02  3.82000000e-01 2.54180000e+01
 -2.45929525e+03  6.45100000e+02  1.11473000e+02  3.82000000e-01 2.54180000e+01
 -2.45929525e+03  6.45100000e+02  1.11473000e+02  3.82000000e-01 2.54180000e+01
 -2.45929525e+03  6.45100000e+02  1.11473000e+02  3.82000000e-01 2.54180000e+01
 -2.45929525e+03  6.45100000e+02  1.11473000e+02  3.82000000e-01 2.54180000e+01
 -2.49642352e+03  6.52450000e+02  1.10131000e+02  3.78000000e-01 2.79890000e+01
 -2.49642352e+03  6.52450000e+02  1.10131000e+02  3.78000000e-01 2.79890000e+01
 -2.49642352e+03  6.52450000e+02  1.10131000e+02  3.78000000e-01 2.79890000e+01
 -2.49642352e+03  6.52450000e+02  1.10131000e+02  3.78000000e-01 2.79890000e+01
 -2.49642352e+03  6.52450000e+02  1.10131000e+02  3.78000000e-01 2.79890000e+01
 -2.49642352e+03  6.52450000e+02  1.10131000e+02  3.78000000e-01 2.79890000e+01
 -2.49642352e+03  6.52450000e+02  1.10131000e+02  3.78000000e-01 2.79890000e+01
 -2.49642352e+03  6.52450000e+02  1.10131000e+02  3.78000000e-01 2.79890000e+01
 -2.49628893e+03  6.55930000e+02  1.05230000e+02  3.68000000e-01 2.58950000e+01
 -2.49628893e+03  6.55930000e+02  1.05230000e+02  3.68000000e-01 2.58950000e+01
 -2.49628893e+03  6.55930000e+02  1.05230000e+02  3.68000000e-01 2.58950000e+01
 -2.49628893e+03  6.55930000e+02  1.05230000e+02  3.68000000e-01 2.58950000e+01
 -2.49628893e+03  6.55930000e+02  1.05230000e+02  3.68000000e-01 2.58950000e+01
 -2.49628893e+03  6.55930000e+02  1.05230000e+02  3.68000000e-01 2.58950000e+01
 -2.52967554e+03  6.62800000e+02  1.08994000e+02  3.76000000e-01 2.80390000e+01
 -2.52967554e+03  6.62800000e+02  1.08994000e+02  3.76000000e-01 2.80390000e+01
 -2.52967554e+03  6.62800000e+02  1.08994000e+02  3.76000000e-01 2.80390000e+01
 -2.52967554e+03  6.62800000e+02  1.08994000e+02  3.76000000e-01 2.80390000e+01
 -2.52967554e+03  6.62800000e+02  1.08994000e+02  3.76000000e-01 2.80390000e+01
 -2.52967554e+03  6.62800000e+02  1.08994000e+02  3.76000000e-01 2.80390000e+01
 -2.52967554e+03  6.62800000e+02  1.08994000e+02  3.76000000e-01 2.80390000e+01
 -2.52967554e+03  6.62800000e+02  1.08994000e+02  3.76000000e-01 2.80390000e+01
 -2.52967554e+03  6.62800000e+02  1.08994000e+02  3.76000000e-01 2.80390000e+01
 -2.52967554e+03  6.62800000e+02  1.08994000e+02  3.76000000e-01 2.80390000e+01
 -2.52967554e+03  6.62800000e+02  1.08994000e+02  3.76000000e-01 2.80390000e+01
 -2.52967554e+03  6.62800000e+02  1.08994000e+02  3.76000000e-01 2.80390000e+01
 -2.52967554e+03  6.62800000e+02  1.08994000e+02  3.76000000e-01 2.80390000e+01
 -2.52967554e+03  6.62800000e+02  1.08994000e+02  3.76000000e-01 2.80390000e+01
 -2.52967554e+03  6.62800000e+02  1.08994000e+02  3.76000000e-01 2.80390000e+01
 -2.52967554e+03  6.62800000e+02  1.08994000e+02  3.76000000e-01 2.80390000e+01
 -2.52967554e+03  6.62800000e+02  1.08994000e+02  3.76000000e-01 2.80390000e+01
 -2.52967554e+03  6.62800000e+02  1.08994000e+02  3.76000000e-01 2.80390000e+01
 -2.52507554e+03  6.63800000e+02  1.08558000e+02  3.56000000e-01 2.71260000e+01
 -2.52507554e+03  6.63800000e+02  1.08558000e+02  3.56000000e-01 2.71260000e+01
 -2.52507554e+03  6.63800000e+02  1.08558000e+02  3.56000000e-01 2.71260000e+01
 -2.52507554e+03  6.63800000e+02  1.08558000e+02  3.56000000e-01 2.71260000e+01
 -2.52507554e+03  6.63800000e+02  1.08558000e+02  3.56000000e-01 2.71260000e+01
 -2.52507554e+03  6.63800000e+02  1.08558000e+02  3.56000000e-01 2.71260000e+01
 -2.52507554e+03  6.63800000e+02  1.08558000e+02  3.56000000e-01 2.71260000e+01
 -2.52507554e+03  6.63800000e+02  1.08558000e+02  3.56000000e-01 2.71260000e+01
 -2.52507554e+03  6.63800000e+02  1.08558000e+02  3.56000000e-01 2.71260000e+01
 -2.52507554e+03  6.63800000e+02  1.08558000e+02  3.56000000e-01 2.71260000e+01
 -2.52507554e+03  6.63800000e+02  1.08558000e+02  3.56000000e-01 2.71260000e+01
 -2.52507554e+03  6.63800000e+02  1.08558000e+02  3.56000000e-01 2.71260000e+01
 -2.52507554e+03  6.63800000e+02  1.08558000e+02  3.56000000e-01 2.71260000e+01
 -2.51141890e+03  6.56670000e+02  1.11235000e+02  3.75000000e-01 2.79410000e+01
 -2.51141890e+03  6.56670000e+02  1.11235000e+02  3.75000000e-01 2.79410000e+01
 -2.51141890e+03  6.56670000e+02  1.11235000e+02  3.75000000e-01 2.79410000e+01
 -2.51141890e+03  6.56670000e+02  1.11235000e+02  3.75000000e-01 2.79410000e+01
 -2.51141890e+03  6.56670000e+02  1.11235000e+02  3.75000000e-01 2.79410000e+01
 -2.51141890e+03  6.56670000e+02  1.11235000e+02  3.75000000e-01 2.79410000e+01
 -2.50722530e+03  6.56410000e+02  1.18813000e+02  3.70000000e-01 2.73220000e+01
 -2.50722530e+03  6.56410000e+02  1.18813000e+02  3.70000000e-01 2.73220000e+01
 -2.50722530e+03  6.56410000e+02  1.18813000e+02  3.70000000e-01 2.73220000e+01
 -2.50722530e+03  6.56410000e+02  1.18813000e+02  3.70000000e-01 2.73220000e+01
 -2.50722530e+03  6.56410000e+02  1.18813000e+02  3.70000000e-01 2.73220000e+01
 -2.50722530e+03  6.56410000e+02  1.18813000e+02  3.70000000e-01 2.73220000e+01
 -2.50722530e+03  6.56410000e+02  1.18813000e+02  3.70000000e-01 2.73220000e+01
 -2.50722530e+03  6.56410000e+02  1.18813000e+02  3.70000000e-01 2.73220000e+01
 -2.50722530e+03  6.56410000e+02  1.18813000e+02  3.70000000e-01 2.73220000e+01
 -2.50722530e+03  6.56410000e+02  1.18813000e+02  3.70000000e-01 2.73220000e+01
 -2.50722530e+03  6.56410000e+02  1.18813000e+02  3.70000000e-01 2.73220000e+01
 -2.50722530e+03  6.56410000e+02  1.18813000e+02  3.70000000e-01 2.73220000e+01
 -2.50722530e+03  6.56410000e+02  1.18813000e+02  3.70000000e-01 2.73220000e+01
 -2.50722530e+03  6.56410000e+02  1.18813000e+02  3.70000000e-01 2.73220000e+01
 -2.50722530e+03  6.56410000e+02  1.18813000e+02  3.70000000e-01 2.73220000e+01
 -2.50722530e+03  6.56410000e+02  1.18813000e+02  3.70000000e-01 2.73220000e+01
 -2.50722530e+03  6.56410000e+02  1.18813000e+02  3.70000000e-01 2.73220000e+01
 -2.50722530e+03  6.56410000e+02  1.18813000e+02  3.70000000e-01 2.73220000e+01
 -2.54026646e+03  6.69890000e+02  1.02743000e+02  3.66000000e-01 2.49160000e+01
 -2.54026646e+03  6.69890000e+02  1.02743000e+02  3.66000000e-01 2.49160000e+01
 -2.54026646e+03  6.69890000e+02  1.02743000e+02  3.66000000e-01 2.49160000e+01
 -2.54026646e+03  6.69890000e+02  1.02743000e+02  3.66000000e-01 2.49160000e+01
 -2.54026646e+03  6.69890000e+02  1.02743000e+02  3.66000000e-01 2.49160000e+01
 -2.54026646e+03  6.69890000e+02  1.02743000e+02  3.66000000e-01 2.49160000e+01
 -2.54026646e+03  6.69890000e+02  1.02743000e+02  3.66000000e-01 2.49160000e+01
 -2.51162075e+03  6.58670000e+02  1.09292000e+02  3.78000000e-01 2.83200000e+01
 -2.51162075e+03  6.58670000e+02  1.09292000e+02  3.78000000e-01 2.83200000e+01
 -2.51162075e+03  6.58670000e+02  1.09292000e+02  3.78000000e-01 2.83200000e+01
 -2.51162075e+03  6.58670000e+02  1.09292000e+02  3.78000000e-01 2.83200000e+01
 -2.51162075e+03  6.58670000e+02  1.09292000e+02  3.78000000e-01 2.83200000e+01
 -2.51162075e+03  6.58670000e+02  1.09292000e+02  3.78000000e-01 2.83200000e+01
 -2.51162075e+03  6.58670000e+02  1.09292000e+02  3.78000000e-01 2.83200000e+01
 -2.51162075e+03  6.58670000e+02  1.09292000e+02  3.78000000e-01 2.83200000e+01
 -2.51162075e+03  6.58670000e+02  1.09292000e+02  3.78000000e-01 2.83200000e+01
 -2.51162075e+03  6.58670000e+02  1.09292000e+02  3.78000000e-01 2.83200000e+01
 -2.51162075e+03  6.58670000e+02  1.09292000e+02  3.78000000e-01 2.83200000e+01
 -2.51162075e+03  6.58670000e+02  1.09292000e+02  3.78000000e-01 2.83200000e+01
 -2.51162075e+03  6.58670000e+02  1.09292000e+02  3.78000000e-01 2.83200000e+01
 -2.51162075e+03  6.58670000e+02  1.09292000e+02  3.78000000e-01 2.83200000e+01
 -2.51162075e+03  6.58670000e+02  1.09292000e+02  3.78000000e-01 2.83200000e+01
 -2.51162075e+03  6.58670000e+02  1.09292000e+02  3.78000000e-01 2.83200000e+01
 -2.51162075e+03  6.58670000e+02  1.09292000e+02  3.78000000e-01 2.83200000e+01
 -2.51162075e+03  6.58670000e+02  1.09292000e+02  3.78000000e-01 2.83200000e+01
 -2.51162075e+03  6.58670000e+02  1.09292000e+02  3.78000000e-01 2.83200000e+01
 -2.51162075e+03  6.58670000e+02  1.09292000e+02  3.78000000e-01 2.83200000e+01
 -2.51162075e+03  6.58670000e+02  1.09292000e+02  3.78000000e-01 2.83200000e+01
 -2.51162075e+03  6.58670000e+02  1.09292000e+02  3.78000000e-01 2.83200000e+01
 -2.51162075e+03  6.58670000e+02  1.09292000e+02  3.78000000e-01 2.83200000e+01
 -2.51162075e+03  6.58670000e+02  1.09292000e+02  3.78000000e-01 2.83200000e+01
 -2.51162075e+03  6.58670000e+02  1.09292000e+02  3.78000000e-01 2.83200000e+01
 -2.51162075e+03  6.58670000e+02  1.09292000e+02  3.78000000e-01 2.83200000e+01
 -2.51162075e+03  6.58670000e+02  1.09292000e+02  3.78000000e-01 2.83200000e+01
 -2.51162075e+03  6.58670000e+02  1.09292000e+02  3.78000000e-01 2.83200000e+01
 -2.51162075e+03  6.58670000e+02  1.09292000e+02  3.78000000e-01 2.83200000e+01
 -2.51162075e+03  6.58670000e+02  1.09292000e+02  3.78000000e-01 2.83200000e+01
 -2.51773464e+03  6.59670000e+02  1.01526000e+02  3.86000000e-01 2.46040000e+01
 -2.51773464e+03  6.59670000e+02  1.01526000e+02  3.86000000e-01 2.46040000e+01
 -2.51773464e+03  6.59670000e+02  1.01526000e+02  3.86000000e-01 2.46040000e+01
 -2.51773464e+03  6.59670000e+02  1.01526000e+02  3.86000000e-01 2.46040000e+01
 -2.51773464e+03  6.59670000e+02  1.01526000e+02  3.86000000e-01 2.46040000e+01
 -2.51773464e+03  6.59670000e+02  1.01526000e+02  3.86000000e-01 2.46040000e+01
 -2.51773464e+03  6.59670000e+02  1.01526000e+02  3.86000000e-01 2.46040000e+01
 -2.51773464e+03  6.59670000e+02  1.01526000e+02  3.86000000e-01 2.46040000e+01
 -2.51773464e+03  6.59670000e+02  1.01526000e+02  3.86000000e-01 2.46040000e+01
 -2.51773464e+03  6.59670000e+02  1.01526000e+02  3.86000000e-01 2.46040000e+01
 -2.51743432e+03  6.59670000e+02  1.05940000e+02  3.72000000e-01 2.71720000e+01
 -2.51743432e+03  6.59670000e+02  1.05940000e+02  3.72000000e-01 2.71720000e+01
 -2.51743432e+03  6.59670000e+02  1.05940000e+02  3.72000000e-01 2.71720000e+01
 -2.51743432e+03  6.59670000e+02  1.05940000e+02  3.72000000e-01 2.71720000e+01
 -2.50546964e+03  6.57190000e+02  1.06960000e+02  3.55000000e-01 2.68990000e+01
 -2.50546964e+03  6.57190000e+02  1.06960000e+02  3.55000000e-01 2.68990000e+01
 -2.52052546e+03  6.61800000e+02  1.06379000e+02  3.69000000e-01 2.81570000e+01
 -2.52052546e+03  6.61800000e+02  1.06379000e+02  3.69000000e-01 2.81570000e+01
 -2.52052546e+03  6.61800000e+02  1.06379000e+02  3.69000000e-01 2.81570000e+01
 -2.52052546e+03  6.61800000e+02  1.06379000e+02  3.69000000e-01 2.81570000e+01
 -2.52052546e+03  6.61800000e+02  1.06379000e+02  3.69000000e-01 2.81570000e+01
 -2.52052546e+03  6.61800000e+02  1.06379000e+02  3.69000000e-01 2.81570000e+01
 -2.52052546e+03  6.61800000e+02  1.06379000e+02  3.69000000e-01 2.81570000e+01
 -2.51436212e+03  6.58060000e+02  1.09978000e+02  3.72000000e-01 2.59980000e+01
 -2.51436212e+03  6.58060000e+02  1.09978000e+02  3.72000000e-01 2.59980000e+01
 -2.51436212e+03  6.58060000e+02  1.09978000e+02  3.72000000e-01 2.59980000e+01
 -2.51436212e+03  6.58060000e+02  1.09978000e+02  3.72000000e-01 2.59980000e+01
 -2.51436212e+03  6.58060000e+02  1.09978000e+02  3.72000000e-01 2.59980000e+01
 -2.51436212e+03  6.58060000e+02  1.09978000e+02  3.72000000e-01 2.59980000e+01
 -2.51436212e+03  6.58060000e+02  1.09978000e+02  3.72000000e-01 2.59980000e+01
 -2.51436212e+03  6.58060000e+02  1.09978000e+02  3.72000000e-01 2.59980000e+01
 -2.51436212e+03  6.58060000e+02  1.09978000e+02  3.72000000e-01 2.59980000e+01
 -2.51436212e+03  6.58060000e+02  1.09978000e+02  3.72000000e-01 2.59980000e+01
 -2.51436212e+03  6.58060000e+02  1.09978000e+02  3.72000000e-01 2.59980000e+01
 -2.51436212e+03  6.58060000e+02  1.09978000e+02  3.72000000e-01 2.59980000e+01
 -2.51436212e+03  6.58060000e+02  1.09978000e+02  3.72000000e-01 2.59980000e+01
 -2.53051028e+03  6.64670000e+02  1.00980000e+02  3.79000000e-01 2.88300000e+01
 -2.53051028e+03  6.64670000e+02  1.00980000e+02  3.79000000e-01 2.88300000e+01
 -2.53051028e+03  6.64670000e+02  1.00980000e+02  3.79000000e-01 2.88300000e+01
 -2.53051028e+03  6.64670000e+02  1.00980000e+02  3.79000000e-01 2.88300000e+01
 -2.51988546e+03  6.62060000e+02  1.04612000e+02  3.56000000e-01 2.51550000e+01
 -2.51988546e+03  6.62060000e+02  1.04612000e+02  3.56000000e-01 2.51550000e+01
 -2.51988546e+03  6.62060000e+02  1.04612000e+02  3.56000000e-01 2.51550000e+01
 -2.53662048e+03  6.66060000e+02  1.10319000e+02  3.61000000e-01 2.47780000e+01
 -2.53662048e+03  6.66060000e+02  1.10319000e+02  3.61000000e-01 2.47780000e+01
 -2.53662048e+03  6.66060000e+02  1.10319000e+02  3.61000000e-01 2.47780000e+01
 -2.53662048e+03  6.66060000e+02  1.10319000e+02  3.61000000e-01 2.47780000e+01
 -2.53662048e+03  6.66060000e+02  1.10319000e+02  3.61000000e-01 2.47780000e+01
 -2.53662048e+03  6.66060000e+02  1.10319000e+02  3.61000000e-01 2.47780000e+01
 -2.53662048e+03  6.66060000e+02  1.10319000e+02  3.61000000e-01 2.47780000e+01
 -2.53662048e+03  6.66060000e+02  1.10319000e+02  3.61000000e-01 2.47780000e+01
 -2.53662048e+03  6.66060000e+02  1.10319000e+02  3.61000000e-01 2.47780000e+01
 -2.54085531e+03  6.68800000e+02  1.06993000e+02  3.62000000e-01 2.72570000e+01
 -2.55312598e+03  6.66800000e+02  1.01429000e+02  3.62000000e-01 2.84480000e+01
 -2.55312598e+03  6.66800000e+02  1.01429000e+02  3.62000000e-01 2.84480000e+01
 -2.55312598e+03  6.66800000e+02  1.01429000e+02  3.62000000e-01 2.84480000e+01
 -2.55312598e+03  6.66800000e+02  1.01429000e+02  3.62000000e-01 2.84480000e+01
 -2.55312598e+03  6.66800000e+02  1.01429000e+02  3.62000000e-01 2.84480000e+01
 -2.55312598e+03  6.66800000e+02  1.01429000e+02  3.62000000e-01 2.84480000e+01
 -2.55312598e+03  6.66800000e+02  1.01429000e+02  3.62000000e-01 2.84480000e+01
 -2.55312598e+03  6.66800000e+02  1.01429000e+02  3.62000000e-01 2.84480000e+01
 -2.55312598e+03  6.66800000e+02  1.01429000e+02  3.62000000e-01 2.84480000e+01
 -2.55207852e+03  6.69800000e+02  1.06873000e+02  3.60000000e-01 2.55990000e+01
 -2.55207852e+03  6.69800000e+02  1.06873000e+02  3.60000000e-01 2.55990000e+01
 -2.55207852e+03  6.69800000e+02  1.06873000e+02  3.60000000e-01 2.55990000e+01
 -2.55207852e+03  6.69800000e+02  1.06873000e+02  3.60000000e-01 2.55990000e+01
 -2.55207852e+03  6.69800000e+02  1.06873000e+02  3.60000000e-01 2.55990000e+01
 -2.55207852e+03  6.69800000e+02  1.06873000e+02  3.60000000e-01 2.55990000e+01
 -2.55207852e+03  6.69800000e+02  1.06873000e+02  3.60000000e-01 2.55990000e+01
 -2.55574196e+03  6.68800000e+02  9.08170000e+01  3.68000000e-01 2.82670000e+01
 -2.55574196e+03  6.68800000e+02  9.08170000e+01  3.68000000e-01 2.82670000e+01
 -2.55574196e+03  6.68800000e+02  9.08170000e+01  3.68000000e-01 2.82670000e+01
 -2.55574196e+03  6.68800000e+02  9.08170000e+01  3.68000000e-01 2.82670000e+01
 -2.55574196e+03  6.68800000e+02  9.08170000e+01  3.68000000e-01 2.82670000e+01
 -2.55574196e+03  6.68800000e+02  9.08170000e+01  3.68000000e-01 2.82670000e+01
 -2.55574196e+03  6.68800000e+02  9.08170000e+01  3.68000000e-01 2.82670000e+01
 -2.55574196e+03  6.68800000e+02  9.08170000e+01  3.68000000e-01 2.82670000e+01
 -2.55574196e+03  6.68800000e+02  9.08170000e+01  3.68000000e-01 2.82670000e+01
 -2.55574196e+03  6.68800000e+02  9.08170000e+01  3.68000000e-01 2.82670000e+01
 -2.56300184e+03  6.71670000e+02  1.05479000e+02  3.60000000e-01 2.60430000e+01
 -2.56300184e+03  6.71670000e+02  1.05479000e+02  3.60000000e-01 2.60430000e+01
 -2.56300184e+03  6.71670000e+02  1.05479000e+02  3.60000000e-01 2.60430000e+01
 -2.56300184e+03  6.71670000e+02  1.05479000e+02  3.60000000e-01 2.60430000e+01
 -2.56300184e+03  6.71670000e+02  1.05479000e+02  3.60000000e-01 2.60430000e+01
 -2.56300184e+03  6.71670000e+02  1.05479000e+02  3.60000000e-01 2.60430000e+01
 -2.56300184e+03  6.71670000e+02  1.05479000e+02  3.60000000e-01 2.60430000e+01
 -2.56300184e+03  6.71670000e+02  1.05479000e+02  3.60000000e-01 2.60430000e+01
 -2.56300184e+03  6.71670000e+02  1.05479000e+02  3.60000000e-01 2.60430000e+01
 -2.56300184e+03  6.71670000e+02  1.05479000e+02  3.60000000e-01 2.60430000e+01
 -2.57418734e+03  6.75410000e+02  9.76500000e+01  3.60000000e-01 2.49670000e+01
 -2.57418734e+03  6.75410000e+02  9.76500000e+01  3.60000000e-01 2.49670000e+01
 -2.57418734e+03  6.75410000e+02  9.76500000e+01  3.60000000e-01 2.49670000e+01
 -2.57418734e+03  6.75410000e+02  9.76500000e+01  3.60000000e-01 2.49670000e+01
 -2.56991211e+03  6.75020000e+02  1.09494000e+02  3.49000000e-01 2.55890000e+01
 -2.56991211e+03  6.75020000e+02  1.09494000e+02  3.49000000e-01 2.55890000e+01
 -2.56991211e+03  6.75020000e+02  1.09494000e+02  3.49000000e-01 2.55890000e+01
 -2.56991211e+03  6.75020000e+02  1.09494000e+02  3.49000000e-01 2.55890000e+01
 -2.56991211e+03  6.75020000e+02  1.09494000e+02  3.49000000e-01 2.55890000e+01
 -2.56991211e+03  6.75020000e+02  1.09494000e+02  3.49000000e-01 2.55890000e+01
 -2.56957691e+03  6.75020000e+02  9.85860000e+01  3.76000000e-01 2.58830000e+01
 -2.56957691e+03  6.75020000e+02  9.85860000e+01  3.76000000e-01 2.58830000e+01
 -2.56957691e+03  6.75020000e+02  9.85860000e+01  3.76000000e-01 2.58830000e+01
 -2.56074193e+03  6.75020000e+02  1.11315000e+02  3.55000000e-01 2.68600000e+01
 -2.56074193e+03  6.75020000e+02  1.11315000e+02  3.55000000e-01 2.68600000e+01
 -2.56074193e+03  6.75020000e+02  1.11315000e+02  3.55000000e-01 2.68600000e+01
 -2.56074193e+03  6.75020000e+02  1.11315000e+02  3.55000000e-01 2.68600000e+01
 -2.56074193e+03  6.75020000e+02  1.11315000e+02  3.55000000e-01 2.68600000e+01
 -2.56074193e+03  6.75020000e+02  1.11315000e+02  3.55000000e-01 2.68600000e+01
 -2.56074193e+03  6.75020000e+02  1.11315000e+02  3.55000000e-01 2.68600000e+01
 -2.57955917e+03  6.74760000e+02  1.00231000e+02  3.86000000e-01 2.71140000e+01
 -2.57955917e+03  6.74760000e+02  1.00231000e+02  3.86000000e-01 2.71140000e+01
 -2.57922844e+03  6.72890000e+02  9.54870000e+01  3.67000000e-01 2.00750000e+01
 -2.57922844e+03  6.72890000e+02  9.54870000e+01  3.67000000e-01 2.00750000e+01
 -2.57922844e+03  6.72890000e+02  9.54870000e+01  3.67000000e-01 2.00750000e+01
 -2.57922844e+03  6.72890000e+02  9.54870000e+01  3.67000000e-01 2.00750000e+01
 -2.57922844e+03  6.72890000e+02  9.54870000e+01  3.67000000e-01 2.00750000e+01
 -2.57922844e+03  6.72890000e+02  9.54870000e+01  3.67000000e-01 2.00750000e+01
 -2.57922844e+03  6.72890000e+02  9.54870000e+01  3.67000000e-01 2.00750000e+01
 -2.57922844e+03  6.72890000e+02  9.54870000e+01  3.67000000e-01 2.00750000e+01
 -2.57922844e+03  6.72890000e+02  9.54870000e+01  3.67000000e-01 2.00750000e+01
 -2.58029880e+03  6.75630000e+02  9.54500000e+01  3.71000000e-01 2.48070000e+01
 -2.58029880e+03  6.75630000e+02  9.54500000e+01  3.71000000e-01 2.48070000e+01
 -2.58029880e+03  6.75630000e+02  9.54500000e+01  3.71000000e-01 2.48070000e+01
 -2.58029880e+03  6.75630000e+02  9.54500000e+01  3.71000000e-01 2.48070000e+01
 -2.58029880e+03  6.75630000e+02  9.54500000e+01  3.71000000e-01 2.48070000e+01
 -2.58029880e+03  6.75630000e+02  9.54500000e+01  3.71000000e-01 2.48070000e+01
 -2.58029880e+03  6.75630000e+02  9.54500000e+01  3.71000000e-01 2.48070000e+01
 -2.58029880e+03  6.75630000e+02  9.54500000e+01  3.71000000e-01 2.48070000e+01
 -2.58029880e+03  6.75630000e+02  9.54500000e+01  3.71000000e-01 2.48070000e+01
 -2.58029880e+03  6.75630000e+02  9.54500000e+01  3.71000000e-01 2.48070000e+01
 -2.58029880e+03  6.75630000e+02  9.54500000e+01  3.71000000e-01 2.48070000e+01
 -2.58029880e+03  6.75630000e+02  9.54500000e+01  3.71000000e-01 2.48070000e+01
 -2.58029880e+03  6.75630000e+02  9.54500000e+01  3.71000000e-01 2.48070000e+01
 -2.58029880e+03  6.75630000e+02  9.54500000e+01  3.71000000e-01 2.48070000e+01
 -2.58029880e+03  6.75630000e+02  9.54500000e+01  3.71000000e-01 2.48070000e+01
 -2.57329673e+03  6.74500000e+02  1.12806000e+02  3.70000000e-01 2.58710000e+01
 -2.57329673e+03  6.74500000e+02  1.12806000e+02  3.70000000e-01 2.58710000e+01
 -2.57329673e+03  6.74500000e+02  1.12806000e+02  3.70000000e-01 2.58710000e+01
 -2.58881645e+03  6.78110000e+02  1.04742000e+02  3.60000000e-01 2.59780000e+01
 -2.58881645e+03  6.78110000e+02  1.04742000e+02  3.60000000e-01 2.59780000e+01
 -2.58042265e+03  6.77240000e+02  1.00282000e+02  3.68000000e-01 2.69620000e+01
 -2.58042265e+03  6.77240000e+02  1.00282000e+02  3.68000000e-01 2.69620000e+01
 -2.58042265e+03  6.77240000e+02  1.00282000e+02  3.68000000e-01 2.69620000e+01
 -2.58042265e+03  6.77240000e+02  1.00282000e+02  3.68000000e-01 2.69620000e+01
 -2.59759591e+03  6.78110000e+02  1.09670000e+02  3.65000000e-01 2.69590000e+01
 -2.59759591e+03  6.78110000e+02  1.09670000e+02  3.65000000e-01 2.69590000e+01
 -2.59759591e+03  6.78110000e+02  1.09670000e+02  3.65000000e-01 2.69590000e+01
 -2.59759591e+03  6.78110000e+02  1.09670000e+02  3.65000000e-01 2.69590000e+01
 -2.59759591e+03  6.78110000e+02  1.09670000e+02  3.65000000e-01 2.69590000e+01
 -2.59038651e+03  6.79980000e+02  1.05038000e+02  3.68000000e-01 2.64930000e+01
 -2.59038651e+03  6.79980000e+02  1.05038000e+02  3.68000000e-01 2.64930000e+01
 -2.59038651e+03  6.79980000e+02  1.05038000e+02  3.68000000e-01 2.64930000e+01
 -2.59038651e+03  6.79980000e+02  1.05038000e+02  3.68000000e-01 2.64930000e+01
 -2.59038651e+03  6.79980000e+02  1.05038000e+02  3.68000000e-01 2.64930000e+01
 -2.59038651e+03  6.79980000e+02  1.05038000e+02  3.68000000e-01 2.64930000e+01
 -2.59038651e+03  6.79980000e+02  1.05038000e+02  3.68000000e-01 2.64930000e+01
 -2.59038651e+03  6.79980000e+02  1.05038000e+02  3.68000000e-01 2.64930000e+01
 -2.59038651e+03  6.79980000e+02  1.05038000e+02  3.68000000e-01 2.64930000e+01
 -2.59038651e+03  6.79980000e+02  1.05038000e+02  3.68000000e-01 2.64930000e+01
 -2.58659504e+03  6.79980000e+02  1.13610000e+02  3.63000000e-01 2.79810000e+01
 -2.58659504e+03  6.79980000e+02  1.13610000e+02  3.63000000e-01 2.79810000e+01
 -2.58659504e+03  6.79980000e+02  1.13610000e+02  3.63000000e-01 2.79810000e+01
 -2.58659504e+03  6.79980000e+02  1.13610000e+02  3.63000000e-01 2.79810000e+01
 -2.60834412e+03  6.82850000e+02  1.08470000e+02  3.68000000e-01 2.72290000e+01
 -2.60834412e+03  6.82850000e+02  1.08470000e+02  3.68000000e-01 2.72290000e+01
 -2.60834412e+03  6.82850000e+02  1.08470000e+02  3.68000000e-01 2.72290000e+01
 -2.60834412e+03  6.82850000e+02  1.08470000e+02  3.68000000e-01 2.72290000e+01
 -2.60834412e+03  6.82850000e+02  1.08470000e+02  3.68000000e-01 2.72290000e+01
 -2.60834412e+03  6.82850000e+02  1.08470000e+02  3.68000000e-01 2.72290000e+01
 -2.60834412e+03  6.82850000e+02  1.08470000e+02  3.68000000e-01 2.72290000e+01
 -2.60834412e+03  6.82850000e+02  1.08470000e+02  3.68000000e-01 2.72290000e+01
 -2.60834412e+03  6.82850000e+02  1.08470000e+02  3.68000000e-01 2.72290000e+01
 -2.60834412e+03  6.82850000e+02  1.08470000e+02  3.68000000e-01 2.72290000e+01
 -2.60834412e+03  6.82850000e+02  1.08470000e+02  3.68000000e-01 2.72290000e+01
 -2.60834412e+03  6.82850000e+02  1.08470000e+02  3.68000000e-01 2.72290000e+01
 -2.60834412e+03  6.82850000e+02  1.08470000e+02  3.68000000e-01 2.72290000e+01
 -2.60834412e+03  6.82850000e+02  1.08470000e+02  3.68000000e-01 2.72290000e+01
 -2.60834412e+03  6.82850000e+02  1.08470000e+02  3.68000000e-01 2.72290000e+01
 -2.60834412e+03  6.82850000e+02  1.08470000e+02  3.68000000e-01 2.72290000e+01
 -2.60834412e+03  6.82850000e+02  1.08470000e+02  3.68000000e-01 2.72290000e+01
 -2.60834412e+03  6.82850000e+02  1.08470000e+02  3.68000000e-01 2.72290000e+01
 -2.60834412e+03  6.82850000e+02  1.08470000e+02  3.68000000e-01 2.72290000e+01
 -2.60834412e+03  6.82850000e+02  1.08470000e+02  3.68000000e-01 2.72290000e+01
 -2.60834412e+03  6.82850000e+02  1.08470000e+02  3.68000000e-01 2.72290000e+01
 -2.60834412e+03  6.82850000e+02  1.08470000e+02  3.68000000e-01 2.72290000e+01
 -2.60834412e+03  6.82850000e+02  1.08470000e+02  3.68000000e-01 2.72290000e+01
 -2.60834412e+03  6.82850000e+02  1.08470000e+02  3.68000000e-01 2.72290000e+01
 -2.60834412e+03  6.82850000e+02  1.08470000e+02  3.68000000e-01 2.72290000e+01
 -2.60834412e+03  6.82850000e+02  1.08470000e+02  3.68000000e-01 2.72290000e+01
 -2.60834412e+03  6.82850000e+02  1.08470000e+02  3.68000000e-01 2.72290000e+01
 -2.60834412e+03  6.82850000e+02  1.08470000e+02  3.68000000e-01 2.72290000e+01
 -2.60834412e+03  6.82850000e+02  1.08470000e+02  3.68000000e-01 2.72290000e+01
 -2.60834412e+03  6.82850000e+02  1.08470000e+02  3.68000000e-01 2.72290000e+01
 -2.60834412e+03  6.82850000e+02  1.08470000e+02  3.68000000e-01 2.72290000e+01
 -2.60834412e+03  6.82850000e+02  1.08470000e+02  3.68000000e-01 2.72290000e+01
 -2.60834412e+03  6.82850000e+02  1.08470000e+02  3.68000000e-01 2.72290000e+01
 -2.60834412e+03  6.82850000e+02  1.08470000e+02  3.68000000e-01 2.72290000e+01
 -2.60834412e+03  6.82850000e+02  1.08470000e+02  3.68000000e-01 2.72290000e+01
 -2.60834412e+03  6.82850000e+02  1.08470000e+02  3.68000000e-01 2.72290000e+01
 -2.60834412e+03  6.82850000e+02  1.08470000e+02  3.68000000e-01 2.72290000e+01
 -2.60834412e+03  6.82850000e+02  1.08470000e+02  3.68000000e-01 2.72290000e+01
 -2.60834412e+03  6.82850000e+02  1.08470000e+02  3.68000000e-01 2.72290000e+01
 -2.60834412e+03  6.82850000e+02  1.08470000e+02  3.68000000e-01 2.72290000e+01
 -2.60834412e+03  6.82850000e+02  1.08470000e+02  3.68000000e-01 2.72290000e+01
 -2.60834412e+03  6.82850000e+02  1.08470000e+02  3.68000000e-01 2.72290000e+01
 -2.60834412e+03  6.82850000e+02  1.08470000e+02  3.68000000e-01 2.72290000e+01
 -2.60834412e+03  6.82850000e+02  1.08470000e+02  3.68000000e-01 2.72290000e+01
 -2.60834412e+03  6.82850000e+02  1.08470000e+02  3.68000000e-01 2.72290000e+01
 -2.60834412e+03  6.82850000e+02  1.08470000e+02  3.68000000e-01 2.72290000e+01
 -2.60834412e+03  6.82850000e+02  1.08470000e+02  3.68000000e-01 2.72290000e+01
 -2.60834412e+03  6.82850000e+02  1.08470000e+02  3.68000000e-01 2.72290000e+01
 -2.60834412e+03  6.82850000e+02  1.08470000e+02  3.68000000e-01 2.72290000e+01
 -2.60834412e+03  6.82850000e+02  1.08470000e+02  3.68000000e-01 2.72290000e+01
 -2.60834412e+03  6.82850000e+02  1.08470000e+02  3.68000000e-01 2.72290000e+01
 -2.60834412e+03  6.82850000e+02  1.08470000e+02  3.68000000e-01 2.72290000e+01
 -2.60834412e+03  6.82850000e+02  1.08470000e+02  3.68000000e-01 2.72290000e+01
 -2.60834412e+03  6.82850000e+02  1.08470000e+02  3.68000000e-01 2.72290000e+01
 -2.60834412e+03  6.82850000e+02  1.08470000e+02  3.68000000e-01 2.72290000e+01
 -2.60834412e+03  6.82850000e+02  1.08470000e+02  3.68000000e-01 2.72290000e+01
 -2.60834412e+03  6.82850000e+02  1.08470000e+02  3.68000000e-01 2.72290000e+01
 -2.60834412e+03  6.82850000e+02  1.08470000e+02  3.68000000e-01 2.72290000e+01
 -2.60834412e+03  6.82850000e+02  1.08470000e+02  3.68000000e-01 2.72290000e+01
 -2.60834412e+03  6.82850000e+02  1.08470000e+02  3.68000000e-01 2.72290000e+01
 -2.60834412e+03  6.82850000e+02  1.08470000e+02  3.68000000e-01 2.72290000e+01
 -2.60834412e+03  6.82850000e+02  1.08470000e+02  3.68000000e-01 2.72290000e+01
 -2.60834412e+03  6.82850000e+02  1.08470000e+02  3.68000000e-01 2.72290000e+01
 -2.60834412e+03  6.82850000e+02  1.08470000e+02  3.68000000e-01 2.72290000e+01
 -2.60834412e+03  6.82850000e+02  1.08470000e+02  3.68000000e-01 2.72290000e+01
 -2.60834412e+03  6.82850000e+02  1.08470000e+02  3.68000000e-01 2.72290000e+01
 -2.60834412e+03  6.82850000e+02  1.08470000e+02  3.68000000e-01 2.72290000e+01
 -2.60834412e+03  6.82850000e+02  1.08470000e+02  3.68000000e-01 2.72290000e+01
 -2.60834412e+03  6.82850000e+02  1.08470000e+02  3.68000000e-01 2.72290000e+01
 -2.60834412e+03  6.82850000e+02  1.08470000e+02  3.68000000e-01 2.72290000e+01
 -2.60834412e+03  6.82850000e+02  1.08470000e+02  3.68000000e-01 2.72290000e+01
 -2.61554164e+03  6.86590000e+02  1.03085000e+02  3.64000000e-01 2.65420000e+01
 -2.61554164e+03  6.86590000e+02  1.03085000e+02  3.64000000e-01 2.65420000e+01
 -2.61554164e+03  6.86590000e+02  1.03085000e+02  3.64000000e-01 2.65420000e+01
 -2.61554164e+03  6.86590000e+02  1.03085000e+02  3.64000000e-01 2.65420000e+01
 -2.61554164e+03  6.86590000e+02  1.03085000e+02  3.64000000e-01 2.65420000e+01
 -2.61554164e+03  6.86590000e+02  1.03085000e+02  3.64000000e-01 2.65420000e+01
 -2.61554164e+03  6.86590000e+02  1.03085000e+02  3.64000000e-01 2.65420000e+01
 -2.61554164e+03  6.86590000e+02  1.03085000e+02  3.64000000e-01 2.65420000e+01
 -2.61205008e+03  6.84590000e+02  1.17330000e+02  3.70000000e-01 2.68490000e+01
 -2.61205008e+03  6.84590000e+02  1.17330000e+02  3.70000000e-01 2.68490000e+01
 -2.61205008e+03  6.84590000e+02  1.17330000e+02  3.70000000e-01 2.68490000e+01
 -2.62234755e+03  6.86460000e+02  1.02175000e+02  3.65000000e-01 2.64360000e+01
 -2.62234755e+03  6.86460000e+02  1.02175000e+02  3.65000000e-01 2.64360000e+01
 -2.62234755e+03  6.86460000e+02  1.02175000e+02  3.65000000e-01 2.64360000e+01
 -2.62234755e+03  6.86460000e+02  1.02175000e+02  3.65000000e-01 2.64360000e+01
 -2.62234755e+03  6.86460000e+02  1.02175000e+02  3.65000000e-01 2.64360000e+01
 -2.62234755e+03  6.86460000e+02  1.02175000e+02  3.65000000e-01 2.64360000e+01
 -2.62234755e+03  6.86460000e+02  1.02175000e+02  3.65000000e-01 2.64360000e+01
 -2.62234755e+03  6.86460000e+02  1.02175000e+02  3.65000000e-01 2.64360000e+01
 -2.62234755e+03  6.86460000e+02  1.02175000e+02  3.65000000e-01 2.64360000e+01
 -2.62234755e+03  6.86460000e+02  1.02175000e+02  3.65000000e-01 2.64360000e+01
 -2.62234755e+03  6.86460000e+02  1.02175000e+02  3.65000000e-01 2.64360000e+01
 -2.62234755e+03  6.86460000e+02  1.02175000e+02  3.65000000e-01 2.64360000e+01
 -2.62234755e+03  6.86460000e+02  1.02175000e+02  3.65000000e-01 2.64360000e+01
 -2.61758709e+03  6.86200000e+02  1.09741000e+02  3.72000000e-01 2.66110000e+01
 -2.61758709e+03  6.86200000e+02  1.09741000e+02  3.72000000e-01 2.66110000e+01
 -2.61758709e+03  6.86200000e+02  1.09741000e+02  3.72000000e-01 2.66110000e+01
 -2.61758709e+03  6.86200000e+02  1.09741000e+02  3.72000000e-01 2.66110000e+01
 -2.62816724e+03  6.87200000e+02  1.12083000e+02  3.56000000e-01 2.38290000e+01
 -2.62816724e+03  6.87200000e+02  1.12083000e+02  3.56000000e-01 2.38290000e+01
 -2.62816724e+03  6.87200000e+02  1.12083000e+02  3.56000000e-01 2.38290000e+01
 -2.62816724e+03  6.87200000e+02  1.12083000e+02  3.56000000e-01 2.38290000e+01
 -2.62816724e+03  6.87200000e+02  1.12083000e+02  3.56000000e-01 2.38290000e+01
 -2.62816724e+03  6.87200000e+02  1.12083000e+02  3.56000000e-01 2.38290000e+01
 -2.62816724e+03  6.87200000e+02  1.12083000e+02  3.56000000e-01 2.38290000e+01
 -2.62816724e+03  6.87200000e+02  1.12083000e+02  3.56000000e-01 2.38290000e+01
 -2.62816724e+03  6.87200000e+02  1.12083000e+02  3.56000000e-01 2.38290000e+01
 -2.62816724e+03  6.87200000e+02  1.12083000e+02  3.56000000e-01 2.38290000e+01
 -2.63665778e+03  6.92680000e+02  9.90000000e+01  3.67000000e-01 2.46580000e+01
 -2.63665778e+03  6.92680000e+02  9.90000000e+01  3.67000000e-01 2.46580000e+01
 -2.63665778e+03  6.92680000e+02  9.90000000e+01  3.67000000e-01 2.46580000e+01
 -2.63665778e+03  6.92680000e+02  9.90000000e+01  3.67000000e-01 2.46580000e+01
 -2.63665778e+03  6.92680000e+02  9.90000000e+01  3.67000000e-01 2.46580000e+01
 -2.63665778e+03  6.92680000e+02  9.90000000e+01  3.67000000e-01 2.46580000e+01
 -2.63665778e+03  6.92680000e+02  9.90000000e+01  3.67000000e-01 2.46580000e+01
 -2.63665778e+03  6.92680000e+02  9.90000000e+01  3.67000000e-01 2.46580000e+01
 -2.63400352e+03  6.90810000e+02  1.18786000e+02  3.61000000e-01 2.48760000e+01
 -2.63400352e+03  6.90810000e+02  1.18786000e+02  3.61000000e-01 2.48760000e+01
 -2.63400352e+03  6.90810000e+02  1.18786000e+02  3.61000000e-01 2.48760000e+01
 -2.63400352e+03  6.90810000e+02  1.18786000e+02  3.61000000e-01 2.48760000e+01
 -2.63400352e+03  6.90810000e+02  1.18786000e+02  3.61000000e-01 2.48760000e+01
 -2.63400352e+03  6.90810000e+02  1.18786000e+02  3.61000000e-01 2.48760000e+01
 -2.63177464e+03  6.88940000e+02  1.07917000e+02  3.56000000e-01 2.69360000e+01
 -2.63177464e+03  6.88940000e+02  1.07917000e+02  3.56000000e-01 2.69360000e+01
 -2.63177464e+03  6.88940000e+02  1.07917000e+02  3.56000000e-01 2.69360000e+01
 -2.63177464e+03  6.88940000e+02  1.07917000e+02  3.56000000e-01 2.69360000e+01
 -2.63177464e+03  6.88940000e+02  1.07917000e+02  3.56000000e-01 2.69360000e+01
 -2.63177464e+03  6.88940000e+02  1.07917000e+02  3.56000000e-01 2.69360000e+01
 -2.63177464e+03  6.88940000e+02  1.07917000e+02  3.56000000e-01 2.69360000e+01
 -2.63177464e+03  6.88940000e+02  1.07917000e+02  3.56000000e-01 2.69360000e+01
 -2.63177464e+03  6.88940000e+02  1.07917000e+02  3.56000000e-01 2.69360000e+01
 -2.63177464e+03  6.88940000e+02  1.07917000e+02  3.56000000e-01 2.69360000e+01
 -2.63177464e+03  6.88940000e+02  1.07917000e+02  3.56000000e-01 2.69360000e+01
 -2.63177464e+03  6.88940000e+02  1.07917000e+02  3.56000000e-01 2.69360000e+01
 -2.63177464e+03  6.88940000e+02  1.07917000e+02  3.56000000e-01 2.69360000e+01
 -2.63177464e+03  6.88940000e+02  1.07917000e+02  3.56000000e-01 2.69360000e+01
 -2.63177464e+03  6.88940000e+02  1.07917000e+02  3.56000000e-01 2.69360000e+01
 -2.63177464e+03  6.88940000e+02  1.07917000e+02  3.56000000e-01 2.69360000e+01
 -2.63177464e+03  6.88940000e+02  1.07917000e+02  3.56000000e-01 2.69360000e+01
 -2.63177464e+03  6.88940000e+02  1.07917000e+02  3.56000000e-01 2.69360000e+01
 -2.63177464e+03  6.88940000e+02  1.07917000e+02  3.56000000e-01 2.69360000e+01
 -2.63177464e+03  6.88940000e+02  1.07917000e+02  3.56000000e-01 2.69360000e+01
 -2.63177464e+03  6.88940000e+02  1.07917000e+02  3.56000000e-01 2.69360000e+01
 -2.63177464e+03  6.88940000e+02  1.07917000e+02  3.56000000e-01 2.69360000e+01
 -2.63177464e+03  6.88940000e+02  1.07917000e+02  3.56000000e-01 2.69360000e+01
 -2.63177464e+03  6.88940000e+02  1.07917000e+02  3.56000000e-01 2.69360000e+01
 -2.63177464e+03  6.88940000e+02  1.07917000e+02  3.56000000e-01 2.69360000e+01
 -2.63177464e+03  6.88940000e+02  1.07917000e+02  3.56000000e-01 2.69360000e+01
 -2.63177464e+03  6.88940000e+02  1.07917000e+02  3.56000000e-01 2.69360000e+01
 -2.63177464e+03  6.88940000e+02  1.07917000e+02  3.56000000e-01 2.69360000e+01
 -2.63078362e+03  6.90940000e+02  1.11492000e+02  3.59000000e-01 2.67680000e+01
 -2.63078362e+03  6.90940000e+02  1.11492000e+02  3.59000000e-01 2.67680000e+01
 -2.63676480e+03  6.91680000e+02  1.12332000e+02  3.64000000e-01 2.51410000e+01
 -2.63676480e+03  6.91680000e+02  1.12332000e+02  3.64000000e-01 2.51410000e+01
 -2.63676480e+03  6.91680000e+02  1.12332000e+02  3.64000000e-01 2.51410000e+01
 -2.63676480e+03  6.91680000e+02  1.12332000e+02  3.64000000e-01 2.51410000e+01
 -2.63676480e+03  6.91680000e+02  1.12332000e+02  3.64000000e-01 2.51410000e+01
 -2.63676480e+03  6.91680000e+02  1.12332000e+02  3.64000000e-01 2.51410000e+01
 -2.63676480e+03  6.91680000e+02  1.12332000e+02  3.64000000e-01 2.51410000e+01
 -2.63676480e+03  6.91680000e+02  1.12332000e+02  3.64000000e-01 2.51410000e+01
 -2.63676480e+03  6.91680000e+02  1.12332000e+02  3.64000000e-01 2.51410000e+01
 -2.63676480e+03  6.91680000e+02  1.12332000e+02  3.64000000e-01 2.51410000e+01
 -2.63676480e+03  6.91680000e+02  1.12332000e+02  3.64000000e-01 2.51410000e+01
 -2.63676480e+03  6.91680000e+02  1.12332000e+02  3.64000000e-01 2.51410000e+01
 -2.63676480e+03  6.91680000e+02  1.12332000e+02  3.64000000e-01 2.51410000e+01
 -2.63676480e+03  6.91680000e+02  1.12332000e+02  3.64000000e-01 2.51410000e+01
 -2.63676480e+03  6.91680000e+02  1.12332000e+02  3.64000000e-01 2.51410000e+01
 -2.63676480e+03  6.91680000e+02  1.12332000e+02  3.64000000e-01 2.51410000e+01
 -2.63676480e+03  6.91680000e+02  1.12332000e+02  3.64000000e-01 2.51410000e+01
 -2.63676480e+03  6.91680000e+02  1.12332000e+02  3.64000000e-01 2.51410000e+01
 -2.63676480e+03  6.91680000e+02  1.12332000e+02  3.64000000e-01 2.51410000e+01
 -2.63676480e+03  6.91680000e+02  1.12332000e+02  3.64000000e-01 2.51410000e+01
 -2.63676480e+03  6.91680000e+02  1.12332000e+02  3.64000000e-01 2.51410000e+01
 -2.63676480e+03  6.91680000e+02  1.12332000e+02  3.64000000e-01 2.51410000e+01
 -2.63676480e+03  6.91680000e+02  1.12332000e+02  3.64000000e-01 2.51410000e+01
 -2.63676480e+03  6.91680000e+02  1.12332000e+02  3.64000000e-01 2.51410000e+01
 -2.63676480e+03  6.91680000e+02  1.12332000e+02  3.64000000e-01 2.51410000e+01
 -2.63676480e+03  6.91680000e+02  1.12332000e+02  3.64000000e-01 2.51410000e+01
 -2.64489757e+03  6.91810000e+02  1.04544000e+02  3.62000000e-01 2.66640000e+01
 -2.64936775e+03  6.95420000e+02  1.16050000e+02  3.60000000e-01 2.60690000e+01
 -2.64936775e+03  6.95420000e+02  1.16050000e+02  3.60000000e-01 2.60690000e+01
 -2.64936775e+03  6.95420000e+02  1.16050000e+02  3.60000000e-01 2.60690000e+01
 -2.64936775e+03  6.95420000e+02  1.16050000e+02  3.60000000e-01 2.60690000e+01
 -2.64936775e+03  6.95420000e+02  1.16050000e+02  3.60000000e-01 2.60690000e+01
 -2.64936775e+03  6.95420000e+02  1.16050000e+02  3.60000000e-01 2.60690000e+01
 -2.64936775e+03  6.95420000e+02  1.16050000e+02  3.60000000e-01 2.60690000e+01
 -2.64936775e+03  6.95420000e+02  1.16050000e+02  3.60000000e-01 2.60690000e+01
 -2.64936775e+03  6.95420000e+02  1.16050000e+02  3.60000000e-01 2.60690000e+01
 -2.64936775e+03  6.95420000e+02  1.16050000e+02  3.60000000e-01 2.60690000e+01
 -2.64936775e+03  6.95420000e+02  1.16050000e+02  3.60000000e-01 2.60690000e+01
 -2.64936775e+03  6.95420000e+02  1.16050000e+02  3.60000000e-01 2.60690000e+01
 -2.64936775e+03  6.95420000e+02  1.16050000e+02  3.60000000e-01 2.60690000e+01
 -2.64936775e+03  6.95420000e+02  1.16050000e+02  3.60000000e-01 2.60690000e+01
 -2.65276749e+03  6.96550000e+02  1.06984000e+02  3.72000000e-01 2.47750000e+01
 -2.65276749e+03  6.96550000e+02  1.06984000e+02  3.72000000e-01 2.47750000e+01
 -2.65276749e+03  6.96550000e+02  1.06984000e+02  3.72000000e-01 2.47750000e+01
 -2.65276749e+03  6.96550000e+02  1.06984000e+02  3.72000000e-01 2.47750000e+01
 -2.65276749e+03  6.96550000e+02  1.06984000e+02  3.72000000e-01 2.47750000e+01
 -2.65276749e+03  6.96550000e+02  1.06984000e+02  3.72000000e-01 2.47750000e+01
 -2.66838338e+03  7.00160000e+02  1.02500000e+02  3.47000000e-01 2.36130000e+01
 -2.66838338e+03  7.00160000e+02  1.02500000e+02  3.47000000e-01 2.36130000e+01
 -2.66838338e+03  7.00160000e+02  1.02500000e+02  3.47000000e-01 2.36130000e+01
 -2.66838338e+03  7.00160000e+02  1.02500000e+02  3.47000000e-01 2.36130000e+01
 -2.66838338e+03  7.00160000e+02  1.02500000e+02  3.47000000e-01 2.36130000e+01
 -2.66838338e+03  7.00160000e+02  1.02500000e+02  3.47000000e-01 2.36130000e+01
 -2.66838338e+03  7.00160000e+02  1.02500000e+02  3.47000000e-01 2.36130000e+01
 -2.66838338e+03  7.00160000e+02  1.02500000e+02  3.47000000e-01 2.36130000e+01
 -2.66838338e+03  7.00160000e+02  1.02500000e+02  3.47000000e-01 2.36130000e+01
 -2.66838338e+03  7.00160000e+02  1.02500000e+02  3.47000000e-01 2.36130000e+01
 -2.66838338e+03  7.00160000e+02  1.02500000e+02  3.47000000e-01 2.36130000e+01
 -2.66838338e+03  7.00160000e+02  1.02500000e+02  3.47000000e-01 2.36130000e+01
 -2.66848221e+03  7.01420000e+02  1.02335000e+02  3.56000000e-01 2.36670000e+01
 -2.66848221e+03  7.01420000e+02  1.02335000e+02  3.56000000e-01 2.36670000e+01
 -2.69582402e+03  7.07030000e+02  1.07499000e+02  3.62000000e-01 2.80980000e+01
 -2.69582402e+03  7.07030000e+02  1.07499000e+02  3.62000000e-01 2.80980000e+01
 -2.69582402e+03  7.07030000e+02  1.07499000e+02  3.62000000e-01 2.80980000e+01
 -2.69582402e+03  7.07030000e+02  1.07499000e+02  3.62000000e-01 2.80980000e+01
 -2.69582402e+03  7.07030000e+02  1.07499000e+02  3.62000000e-01 2.80980000e+01
 -2.69582402e+03  7.07030000e+02  1.07499000e+02  3.62000000e-01 2.80980000e+01
 -2.69582402e+03  7.07030000e+02  1.07499000e+02  3.62000000e-01 2.80980000e+01
 -2.69582402e+03  7.07030000e+02  1.07499000e+02  3.62000000e-01 2.80980000e+01
 -2.69582402e+03  7.07030000e+02  1.07499000e+02  3.62000000e-01 2.80980000e+01
 -2.69582402e+03  7.07030000e+02  1.07499000e+02  3.62000000e-01 2.80980000e+01
 -2.69582402e+03  7.07030000e+02  1.07499000e+02  3.62000000e-01 2.80980000e+01
 -2.69582402e+03  7.07030000e+02  1.07499000e+02  3.62000000e-01 2.80980000e+01
 -2.69582402e+03  7.07030000e+02  1.07499000e+02  3.62000000e-01 2.80980000e+01
 -2.69582402e+03  7.07030000e+02  1.07499000e+02  3.62000000e-01 2.80980000e+01
 -2.69582402e+03  7.07030000e+02  1.07499000e+02  3.62000000e-01 2.80980000e+01
 -2.69582402e+03  7.07030000e+02  1.07499000e+02  3.62000000e-01 2.80980000e+01
 -2.69582402e+03  7.07030000e+02  1.07499000e+02  3.62000000e-01 2.80980000e+01
 -2.69582402e+03  7.07030000e+02  1.07499000e+02  3.62000000e-01 2.80980000e+01
 -2.69582402e+03  7.07030000e+02  1.07499000e+02  3.62000000e-01 2.80980000e+01
 -2.69582402e+03  7.07030000e+02  1.07499000e+02  3.62000000e-01 2.80980000e+01
 -2.69582402e+03  7.07030000e+02  1.07499000e+02  3.62000000e-01 2.80980000e+01
 -2.69582402e+03  7.07030000e+02  1.07499000e+02  3.62000000e-01 2.80980000e+01
 -2.69582402e+03  7.07030000e+02  1.07499000e+02  3.62000000e-01 2.80980000e+01
 -2.69582402e+03  7.07030000e+02  1.07499000e+02  3.62000000e-01 2.80980000e+01
 -2.69582402e+03  7.07030000e+02  1.07499000e+02  3.62000000e-01 2.80980000e+01
 -2.69582402e+03  7.07030000e+02  1.07499000e+02  3.62000000e-01 2.80980000e+01
 -2.69957146e+03  7.08160000e+02  1.03638000e+02  3.74000000e-01 2.59030000e+01
 -2.69957146e+03  7.08160000e+02  1.03638000e+02  3.74000000e-01 2.59030000e+01
 -2.69957146e+03  7.08160000e+02  1.03638000e+02  3.74000000e-01 2.59030000e+01
 -2.69957146e+03  7.08160000e+02  1.03638000e+02  3.74000000e-01 2.59030000e+01
 -2.69957146e+03  7.08160000e+02  1.03638000e+02  3.74000000e-01 2.59030000e+01
 -2.69957146e+03  7.08160000e+02  1.03638000e+02  3.74000000e-01 2.59030000e+01
 -2.69957146e+03  7.08160000e+02  1.03638000e+02  3.74000000e-01 2.59030000e+01
 -2.69957146e+03  7.08160000e+02  1.03638000e+02  3.74000000e-01 2.59030000e+01
 -2.69957146e+03  7.08160000e+02  1.03638000e+02  3.74000000e-01 2.59030000e+01
 -2.69957146e+03  7.08160000e+02  1.03638000e+02  3.74000000e-01 2.59030000e+01
 -2.69957146e+03  7.08160000e+02  1.03638000e+02  3.74000000e-01 2.59030000e+01
 -2.69957146e+03  7.08160000e+02  1.03638000e+02  3.74000000e-01 2.59030000e+01
 -2.69957146e+03  7.08160000e+02  1.03638000e+02  3.74000000e-01 2.59030000e+01
 -2.69957146e+03  7.08160000e+02  1.03638000e+02  3.74000000e-01 2.59030000e+01
 -2.69957146e+03  7.08160000e+02  1.03638000e+02  3.74000000e-01 2.59030000e+01
 -2.69957146e+03  7.08160000e+02  1.03638000e+02  3.74000000e-01 2.59030000e+01
 -2.69957146e+03  7.08160000e+02  1.03638000e+02  3.74000000e-01 2.59030000e+01
 -2.69957146e+03  7.08160000e+02  1.03638000e+02  3.74000000e-01 2.59030000e+01
 -2.69957146e+03  7.08160000e+02  1.03638000e+02  3.74000000e-01 2.59030000e+01
 -2.69957146e+03  7.08160000e+02  1.03638000e+02  3.74000000e-01 2.59030000e+01
 -2.69957146e+03  7.08160000e+02  1.03638000e+02  3.74000000e-01 2.59030000e+01
 -2.69957146e+03  7.08160000e+02  1.03638000e+02  3.74000000e-01 2.59030000e+01
 -2.69957146e+03  7.08160000e+02  1.03638000e+02  3.74000000e-01 2.59030000e+01
 -2.69957146e+03  7.08160000e+02  1.03638000e+02  3.74000000e-01 2.59030000e+01
 -2.71517967e+03  7.08900000e+02  9.46070000e+01  3.59000000e-01 2.63480000e+01
 -2.71517967e+03  7.08900000e+02  9.46070000e+01  3.59000000e-01 2.63480000e+01
 -2.71517967e+03  7.08900000e+02  9.46070000e+01  3.59000000e-01 2.63480000e+01
 -2.71517967e+03  7.08900000e+02  9.46070000e+01  3.59000000e-01 2.63480000e+01
 -2.71517967e+03  7.08900000e+02  9.46070000e+01  3.59000000e-01 2.63480000e+01
 -2.71517967e+03  7.08900000e+02  9.46070000e+01  3.59000000e-01 2.63480000e+01
 -2.71517967e+03  7.08900000e+02  9.46070000e+01  3.59000000e-01 2.63480000e+01
 -2.71517967e+03  7.08900000e+02  9.46070000e+01  3.59000000e-01 2.63480000e+01
 -2.71517967e+03  7.08900000e+02  9.46070000e+01  3.59000000e-01 2.63480000e+01
 -2.71517967e+03  7.08900000e+02  9.46070000e+01  3.59000000e-01 2.63480000e+01
 -2.71517967e+03  7.08900000e+02  9.46070000e+01  3.59000000e-01 2.63480000e+01
 -2.71517967e+03  7.08900000e+02  9.46070000e+01  3.59000000e-01 2.63480000e+01
 -2.71517967e+03  7.08900000e+02  9.46070000e+01  3.59000000e-01 2.63480000e+01
 -2.71517967e+03  7.08900000e+02  9.46070000e+01  3.59000000e-01 2.63480000e+01
 -2.71517967e+03  7.08900000e+02  9.46070000e+01  3.59000000e-01 2.63480000e+01
 -2.71517967e+03  7.08900000e+02  9.46070000e+01  3.59000000e-01 2.63480000e+01
 -2.71517967e+03  7.08900000e+02  9.46070000e+01  3.59000000e-01 2.63480000e+01
 -2.71517967e+03  7.08900000e+02  9.46070000e+01  3.59000000e-01 2.63480000e+01
 -2.71517967e+03  7.08900000e+02  9.46070000e+01  3.59000000e-01 2.63480000e+01
 -2.71517967e+03  7.08900000e+02  9.46070000e+01  3.59000000e-01 2.63480000e+01
 -2.71517967e+03  7.08900000e+02  9.46070000e+01  3.59000000e-01 2.63480000e+01
 -2.71517967e+03  7.08900000e+02  9.46070000e+01  3.59000000e-01 2.63480000e+01
 -2.71517967e+03  7.08900000e+02  9.46070000e+01  3.59000000e-01 2.63480000e+01
 -2.71517967e+03  7.08900000e+02  9.46070000e+01  3.59000000e-01 2.63480000e+01
 -2.71517967e+03  7.08900000e+02  9.46070000e+01  3.59000000e-01 2.63480000e+01
 -2.71517967e+03  7.08900000e+02  9.46070000e+01  3.59000000e-01 2.63480000e+01
 -2.71517967e+03  7.08900000e+02  9.46070000e+01  3.59000000e-01 2.63480000e+01
 -2.71517967e+03  7.08900000e+02  9.46070000e+01  3.59000000e-01 2.63480000e+01
 -2.71517967e+03  7.08900000e+02  9.46070000e+01  3.59000000e-01 2.63480000e+01
 -2.71517967e+03  7.08900000e+02  9.46070000e+01  3.59000000e-01 2.63480000e+01
 -2.71517967e+03  7.08900000e+02  9.46070000e+01  3.59000000e-01 2.63480000e+01
 -2.71517967e+03  7.08900000e+02  9.46070000e+01  3.59000000e-01 2.63480000e+01
 -2.71517967e+03  7.08900000e+02  9.46070000e+01  3.59000000e-01 2.63480000e+01
 -2.71517967e+03  7.08900000e+02  9.46070000e+01  3.59000000e-01 2.63480000e+01
 -2.71517967e+03  7.08900000e+02  9.46070000e+01  3.59000000e-01 2.63480000e+01
 -2.71517967e+03  7.08900000e+02  9.46070000e+01  3.59000000e-01 2.63480000e+01
 -2.71517967e+03  7.08900000e+02  9.46070000e+01  3.59000000e-01 2.63480000e+01
 -2.71517967e+03  7.08900000e+02  9.46070000e+01  3.59000000e-01 2.63480000e+01
 -2.71517967e+03  7.08900000e+02  9.46070000e+01  3.59000000e-01 2.63480000e+01
 -2.71517967e+03  7.08900000e+02  9.46070000e+01  3.59000000e-01 2.63480000e+01
 -2.71517967e+03  7.08900000e+02  9.46070000e+01  3.59000000e-01 2.63480000e+01
 -2.71517967e+03  7.08900000e+02  9.46070000e+01  3.59000000e-01 2.63480000e+01
 -2.71517967e+03  7.08900000e+02  9.46070000e+01  3.59000000e-01 2.63480000e+01
 -2.71517967e+03  7.08900000e+02  9.46070000e+01  3.59000000e-01 2.63480000e+01
 -2.71517967e+03  7.08900000e+02  9.46070000e+01  3.59000000e-01 2.63480000e+01
 -2.71517967e+03  7.08900000e+02  9.46070000e+01  3.59000000e-01 2.63480000e+01
 -2.71517967e+03  7.08900000e+02  9.46070000e+01  3.59000000e-01 2.63480000e+01
 -2.71517967e+03  7.08900000e+02  9.46070000e+01  3.59000000e-01 2.63480000e+01
 -2.71517967e+03  7.08900000e+02  9.46070000e+01  3.59000000e-01 2.63480000e+01
 -2.71517967e+03  7.08900000e+02  9.46070000e+01  3.59000000e-01 2.63480000e+01
 -2.71517967e+03  7.08900000e+02  9.46070000e+01  3.59000000e-01 2.63480000e+01
 -2.71517967e+03  7.08900000e+02  9.46070000e+01  3.59000000e-01 2.63480000e+01
 -2.71517967e+03  7.08900000e+02  9.46070000e+01  3.59000000e-01 2.63480000e+01
 -2.71517967e+03  7.08900000e+02  9.46070000e+01  3.59000000e-01 2.63480000e+01
 -2.71517967e+03  7.08900000e+02  9.46070000e+01  3.59000000e-01 2.63480000e+01
 -2.71517967e+03  7.08900000e+02  9.46070000e+01  3.59000000e-01 2.63480000e+01
 -2.71517967e+03  7.08900000e+02  9.46070000e+01  3.59000000e-01 2.63480000e+01
 -2.71517967e+03  7.08900000e+02  9.46070000e+01  3.59000000e-01 2.63480000e+01
 -2.71517967e+03  7.08900000e+02  9.46070000e+01  3.59000000e-01 2.63480000e+01
 -2.71517967e+03  7.08900000e+02  9.46070000e+01  3.59000000e-01 2.63480000e+01
 -2.71517967e+03  7.08900000e+02  9.46070000e+01  3.59000000e-01 2.63480000e+01
 -2.71517967e+03  7.08900000e+02  9.46070000e+01  3.59000000e-01 2.63480000e+01
 -2.71517967e+03  7.08900000e+02  9.46070000e+01  3.59000000e-01 2.63480000e+01
 -2.71517967e+03  7.08900000e+02  9.46070000e+01  3.59000000e-01 2.63480000e+01
 -2.71517967e+03  7.08900000e+02  9.46070000e+01  3.59000000e-01 2.63480000e+01
 -2.71517967e+03  7.08900000e+02  9.46070000e+01  3.59000000e-01 2.63480000e+01
 -2.71517967e+03  7.08900000e+02  9.46070000e+01  3.59000000e-01 2.63480000e+01
 -2.71517967e+03  7.08900000e+02  9.46070000e+01  3.59000000e-01 2.63480000e+01
 -2.71517967e+03  7.08900000e+02  9.46070000e+01  3.59000000e-01 2.63480000e+01
 -2.71517967e+03  7.08900000e+02  9.46070000e+01  3.59000000e-01 2.63480000e+01
 -2.71517967e+03  7.08900000e+02  9.46070000e+01  3.59000000e-01 2.63480000e+01
 -2.71517967e+03  7.08900000e+02  9.46070000e+01  3.59000000e-01 2.63480000e+01
 -2.71517967e+03  7.08900000e+02  9.46070000e+01  3.59000000e-01 2.63480000e+01
 -2.71517967e+03  7.08900000e+02  9.46070000e+01  3.59000000e-01 2.63480000e+01
 -2.71517967e+03  7.08900000e+02  9.46070000e+01  3.59000000e-01 2.63480000e+01
 -2.71517967e+03  7.08900000e+02  9.46070000e+01  3.59000000e-01 2.63480000e+01
 -2.71517967e+03  7.08900000e+02  9.46070000e+01  3.59000000e-01 2.63480000e+01
 -2.71517967e+03  7.08900000e+02  9.46070000e+01  3.59000000e-01 2.63480000e+01
 -2.71517967e+03  7.08900000e+02  9.46070000e+01  3.59000000e-01 2.63480000e+01
 -2.71517967e+03  7.08900000e+02  9.46070000e+01  3.59000000e-01 2.63480000e+01
 -2.71517967e+03  7.08900000e+02  9.46070000e+01  3.59000000e-01 2.63480000e+01
 -2.71517967e+03  7.08900000e+02  9.46070000e+01  3.59000000e-01 2.63480000e+01
 -2.71517967e+03  7.08900000e+02  9.46070000e+01  3.59000000e-01 2.63480000e+01
 -2.71517967e+03  7.08900000e+02  9.46070000e+01  3.59000000e-01 2.63480000e+01
 -2.71517967e+03  7.08900000e+02  9.46070000e+01  3.59000000e-01 2.63480000e+01
 -2.71517967e+03  7.08900000e+02  9.46070000e+01  3.59000000e-01 2.63480000e+01
 -2.71517967e+03  7.08900000e+02  9.46070000e+01  3.59000000e-01 2.63480000e+01
 -2.71517967e+03  7.08900000e+02  9.46070000e+01  3.59000000e-01 2.63480000e+01
 -2.71517967e+03  7.08900000e+02  9.46070000e+01  3.59000000e-01 2.63480000e+01
 -2.71517967e+03  7.08900000e+02  9.46070000e+01  3.59000000e-01 2.63480000e+01
 -2.71517967e+03  7.08900000e+02  9.46070000e+01  3.59000000e-01 2.63480000e+01
 -2.71517967e+03  7.08900000e+02  9.46070000e+01  3.59000000e-01 2.63480000e+01
 -2.71517967e+03  7.08900000e+02  9.46070000e+01  3.59000000e-01 2.63480000e+01
 -2.71517967e+03  7.08900000e+02  9.46070000e+01  3.59000000e-01 2.63480000e+01
 -2.71517967e+03  7.08900000e+02  9.46070000e+01  3.59000000e-01 2.63480000e+01
 -2.71517967e+03  7.08900000e+02  9.46070000e+01  3.59000000e-01 2.63480000e+01
 -2.71517967e+03  7.08900000e+02  9.46070000e+01  3.59000000e-01 2.63480000e+01
 -2.71517967e+03  7.08900000e+02  9.46070000e+01  3.59000000e-01 2.63480000e+01
 -2.71517967e+03  7.08900000e+02  9.46070000e+01  3.59000000e-01 2.63480000e+01
 -2.71517967e+03  7.08900000e+02  9.46070000e+01  3.59000000e-01 2.63480000e+01
 -2.71517967e+03  7.08900000e+02  9.46070000e+01  3.59000000e-01 2.63480000e+01
 -2.71517967e+03  7.08900000e+02  9.46070000e+01  3.59000000e-01 2.63480000e+01
 -2.71517967e+03  7.08900000e+02  9.46070000e+01  3.59000000e-01 2.63480000e+01
 -2.71517967e+03  7.08900000e+02  9.46070000e+01  3.59000000e-01 2.63480000e+01
 -2.71517967e+03  7.08900000e+02  9.46070000e+01  3.59000000e-01 2.63480000e+01
 -2.71517967e+03  7.08900000e+02  9.46070000e+01  3.59000000e-01 2.63480000e+01
 -2.71517967e+03  7.08900000e+02  9.46070000e+01  3.59000000e-01 2.63480000e+01
 -2.71517967e+03  7.08900000e+02  9.46070000e+01  3.59000000e-01 2.63480000e+01
 -2.71517967e+03  7.08900000e+02  9.46070000e+01  3.59000000e-01 2.63480000e+01
 -2.71517967e+03  7.08900000e+02  9.46070000e+01  3.59000000e-01 2.63480000e+01
 -2.71517967e+03  7.08900000e+02  9.46070000e+01  3.59000000e-01 2.63480000e+01
 -2.71517967e+03  7.08900000e+02  9.46070000e+01  3.59000000e-01 2.63480000e+01
 -2.71517967e+03  7.08900000e+02  9.46070000e+01  3.59000000e-01 2.63480000e+01
 -2.71517967e+03  7.08900000e+02  9.46070000e+01  3.59000000e-01 2.63480000e+01
 -2.71517967e+03  7.08900000e+02  9.46070000e+01  3.59000000e-01 2.63480000e+01
 -2.71517967e+03  7.08900000e+02  9.46070000e+01  3.59000000e-01 2.63480000e+01
 -2.71517967e+03  7.08900000e+02  9.46070000e+01  3.59000000e-01 2.63480000e+01
 -2.71517967e+03  7.08900000e+02  9.46070000e+01  3.59000000e-01 2.63480000e+01
 -2.71517967e+03  7.08900000e+02  9.46070000e+01  3.59000000e-01 2.63480000e+01
 -2.71517967e+03  7.08900000e+02  9.46070000e+01  3.59000000e-01 2.63480000e+01
 -2.71517967e+03  7.08900000e+02  9.46070000e+01  3.59000000e-01 2.63480000e+01
 -2.71517967e+03  7.08900000e+02  9.46070000e+01  3.59000000e-01 2.63480000e+01
 -2.71517967e+03  7.08900000e+02  9.46070000e+01  3.59000000e-01 2.63480000e+01
 -2.71517967e+03  7.08900000e+02  9.46070000e+01  3.59000000e-01 2.63480000e+01
 -2.71517967e+03  7.08900000e+02  9.46070000e+01  3.59000000e-01 2.63480000e+01
 -2.71517967e+03  7.08900000e+02  9.46070000e+01  3.59000000e-01 2.63480000e+01
 -2.71517967e+03  7.08900000e+02  9.46070000e+01  3.59000000e-01 2.63480000e+01
 -2.71517967e+03  7.08900000e+02  9.46070000e+01  3.59000000e-01 2.63480000e+01
 -2.71517967e+03  7.08900000e+02  9.46070000e+01  3.59000000e-01 2.63480000e+01
 -2.71517967e+03  7.08900000e+02  9.46070000e+01  3.59000000e-01 2.63480000e+01
 -2.71517967e+03  7.08900000e+02  9.46070000e+01  3.59000000e-01 2.63480000e+01
 -2.71517967e+03  7.08900000e+02  9.46070000e+01  3.59000000e-01 2.63480000e+01
 -2.71517967e+03  7.08900000e+02  9.46070000e+01  3.59000000e-01 2.63480000e+01
 -2.71517967e+03  7.08900000e+02  9.46070000e+01  3.59000000e-01 2.63480000e+01
 -2.71517967e+03  7.08900000e+02  9.46070000e+01  3.59000000e-01 2.63480000e+01
 -2.71517967e+03  7.08900000e+02  9.46070000e+01  3.59000000e-01 2.63480000e+01
 -2.71517967e+03  7.08900000e+02  9.46070000e+01  3.59000000e-01 2.63480000e+01
 -2.71517967e+03  7.08900000e+02  9.46070000e+01  3.59000000e-01 2.63480000e+01
 -2.71517967e+03  7.08900000e+02  9.46070000e+01  3.59000000e-01 2.63480000e+01
 -2.71517967e+03  7.08900000e+02  9.46070000e+01  3.59000000e-01 2.63480000e+01
 -2.71517967e+03  7.08900000e+02  9.46070000e+01  3.59000000e-01 2.63480000e+01
 -2.71517967e+03  7.08900000e+02  9.46070000e+01  3.59000000e-01 2.63480000e+01
 -2.71517967e+03  7.08900000e+02  9.46070000e+01  3.59000000e-01 2.63480000e+01
 -2.71517967e+03  7.08900000e+02  9.46070000e+01  3.59000000e-01 2.63480000e+01
 -2.71517967e+03  7.08900000e+02  9.46070000e+01  3.59000000e-01 2.63480000e+01
 -2.71517967e+03  7.08900000e+02  9.46070000e+01  3.59000000e-01 2.63480000e+01
 -2.71517967e+03  7.08900000e+02  9.46070000e+01  3.59000000e-01 2.63480000e+01
 -2.71517967e+03  7.08900000e+02  9.46070000e+01  3.59000000e-01 2.63480000e+01
 -2.71517967e+03  7.08900000e+02  9.46070000e+01  3.59000000e-01 2.63480000e+01
 -2.71517967e+03  7.08900000e+02  9.46070000e+01  3.59000000e-01 2.63480000e+01
 -2.71517967e+03  7.08900000e+02  9.46070000e+01  3.59000000e-01 2.63480000e+01
 -2.71517967e+03  7.08900000e+02  9.46070000e+01  3.59000000e-01 2.63480000e+01
 -2.71517967e+03  7.08900000e+02  9.46070000e+01  3.59000000e-01 2.63480000e+01
 -2.71517967e+03  7.08900000e+02  9.46070000e+01  3.59000000e-01 2.63480000e+01
 -2.71517967e+03  7.08900000e+02  9.46070000e+01  3.59000000e-01 2.63480000e+01
 -2.71517967e+03  7.08900000e+02  9.46070000e+01  3.59000000e-01 2.63480000e+01
 -2.71517967e+03  7.08900000e+02  9.46070000e+01  3.59000000e-01 2.63480000e+01
 -2.71517967e+03  7.08900000e+02  9.46070000e+01  3.59000000e-01 2.63480000e+01
 -2.71517967e+03  7.08900000e+02  9.46070000e+01  3.59000000e-01 2.63480000e+01
 -2.71517967e+03  7.08900000e+02  9.46070000e+01  3.59000000e-01 2.63480000e+01
 -2.71517967e+03  7.08900000e+02  9.46070000e+01  3.59000000e-01 2.63480000e+01
 -2.71517967e+03  7.08900000e+02  9.46070000e+01  3.59000000e-01 2.63480000e+01
 -2.71517967e+03  7.08900000e+02  9.46070000e+01  3.59000000e-01 2.63480000e+01
 -2.71517967e+03  7.08900000e+02  9.46070000e+01  3.59000000e-01 2.63480000e+01
 -2.71517967e+03  7.08900000e+02  9.46070000e+01  3.59000000e-01 2.63480000e+01
 -2.71517967e+03  7.08900000e+02  9.46070000e+01  3.59000000e-01 2.63480000e+01
 -2.71517967e+03  7.08900000e+02  9.46070000e+01  3.59000000e-01 2.63480000e+01
 -2.71517967e+03  7.08900000e+02  9.46070000e+01  3.59000000e-01 2.63480000e+01
 -2.71517967e+03  7.08900000e+02  9.46070000e+01  3.59000000e-01 2.63480000e+01
 -2.71517967e+03  7.08900000e+02  9.46070000e+01  3.59000000e-01 2.63480000e+01
 -2.71517967e+03  7.08900000e+02  9.46070000e+01  3.59000000e-01 2.63480000e+01
 -2.71517967e+03  7.08900000e+02  9.46070000e+01  3.59000000e-01 2.63480000e+01
 -2.71517967e+03  7.08900000e+02  9.46070000e+01  3.59000000e-01 2.63480000e+01