-2.39862285e+03  6.25620000e+02  1.14852000e+02  3.64000000e-01 2.73120000e+01
 -2.42054139e+03  6.32970000e+02  1.19858000e+02  3.51000000e-01 3.05750000e+01
 -2.40526193e+03  6.30710000e+02  1.07872000e+02  3.63000000e-01 2.45180000e+01
 -2.39773186e+03  6.32230000e+02  1.16272000e+02  3.77000000e-01 2.86990000e+01
 -2.34829882e+03  6.18530000e+02  1.06891000e+02  3.61000000e-01 2.86790000e+01
 -2.34829882e+03  6.18530000e+02  1.06891000e+02  3.61000000e-01 2.86790000e+01
 -2.41503300e+03  6.34750000e+02  1.00315000e+02  3.68000000e-01 2.75310000e+01
 -2.41933737e+03  6.32620000e+02  1.13959000e+02  3.66000000e-01 2.94230000e+01
 -2.38455812e+03  6.27620000e+02  1.21486000e+02  3.64000000e-01 2.92260000e+01
 -2.39662696e+03  6.26490000e+02  1.25281000e+02  3.74000000e-01 2.67060000e+01
 -2.38702461e+03  6.26140000e+02  1.04381000e+02  3.67000000e-01 2.76100000e+01
 -2.37296072e+03  6.22660000e+02  1.03742000e+02  3.68000000e-01 2.63770000e+01
 -2.37484852e+03  6.22140000e+02  1.09354000e+02  3.71000000e-01 2.98130000e+01
 -2.39613701e+03  6.28010000e+02  1.18478000e+02  3.86000000e-01 2.60300000e+01
 -2.39613701e+03  6.28010000e+02  1.18478000e+02  3.86000000e-01 2.60300000e+01
 -2.39172446e+03  6.29010000e+02  1.08536000e+02  3.58000000e-01 2.86010000e+01
 -2.39172446e+03  6.29010000e+02  1.08536000e+02  3.58000000e-01 2.86010000e+01
 -2.39172446e+03  6.29010000e+02  1.08536000e+02  3.58000000e-01 2.86010000e+01
 -2.39198908e+03  6.30660000e+02  1.04438000e+02  3.69000000e-01 2.92750000e+01
 -2.39198908e+03  6.30660000e+02  1.04438000e+02  3.69000000e-01 2.92750000e+01
 -2.40765663e+03  6.33270000e+02  1.09616000e+02  3.54000000e-01 2.79220000e+01
 -2.35303886e+03  6.18050000e+02  1.06691000e+02  3.57000000e-01 2.75490000e+01
 -2.41086051e+03  6.30880000e+02  1.09268000e+02  3.80000000e-01 2.94630000e+01
 -2.41937250e+03  6.39010000e+02  1.07754000e+02  3.57000000e-01 3.10160000e+01
 -2.41937250e+03  6.39010000e+02  1.07754000e+02  3.57000000e-01 3.10160000e+01
 -2.39352051e+03  6.26400000e+02  1.09535000e+02  3.80000000e-01 2.83790000e+01
 -2.37953483e+03  6.28880000e+02  1.07956000e+02  3.76000000e-01 2.93200000e+01
 -2.37953483e+03  6.28880000e+02  1.07956000e+02  3.76000000e-01 2.93200000e+01
 -2.40035068e+03  6.27750000e+02  1.09766000e+02  3.73000000e-01 2.59930000e+01
 -2.40035068e+03  6.27750000e+02  1.09766000e+02  3.73000000e-01 2.59930000e+01
 -2.40035068e+03  6.27750000e+02  1.09766000e+02  3.73000000e-01 2.59930000e+01
 -2.40035068e+03  6.27750000e+02  1.09766000e+02  3.73000000e-01 2.59930000e+01
 -2.40330990e+03  6.28490000e+02  1.16032000e+02  3.73000000e-01 2.91770000e+01
 -2.40330990e+03  6.28490000e+02  1.16032000e+02  3.73000000e-01 2.91770000e+01
 -2.44805540e+03  6.43580000e+02  1.08119000e+02  3.64000000e-01 2.70890000e+01
 -2.44805540e+03  6.43580000e+02  1.08119000e+02  3.64000000e-01 2.70890000e+01
 -2.47099029e+03  6.48320000e+02  1.02541000e+02  3.76000000e-01 2.98880000e+01
 -2.47484000e+03  6.49100000e+02  1.13955000e+02  3.69000000e-01 2.79030000e+01
 -2.49229594e+03  6.52930000e+02  1.14289000e+02  3.52000000e-01 2.65760000e+01
 -2.43671072e+03  6.39840000e+02  1.16401000e+02  3.52000000e-01 2.68190000e+01
 -2.43671072e+03  6.39840000e+02  1.16401000e+02  3.52000000e-01 2.68190000e+01
 -2.48231586e+03  6.51450000e+02  1.05989000e+02  3.57000000e-01 2.59710000e+01
 -2.48231586e+03  6.51450000e+02  1.05989000e+02  3.57000000e-01 2.59710000e+01
 -2.48231586e+03  6.51450000e+02  1.05989000e+02  3.57000000e-01 2.59710000e+01
 -2.48231586e+03  6.51450000e+02  1.05989000e+02  3.57000000e-01 2.59710000e+01
 -2.40690063e+03  6.29880000e+02  1.14669000e+02  3.56000000e-01 2.85520000e+01
 -2.40690063e+03  6.29880000e+02  1.14669000e+02  3.56000000e-01 2.85520000e+01
 -2.34590058e+03  6.14530000e+02  1.20782000e+02  3.84000000e-01 2.71450000e+01
 -2.34590058e+03  6.14530000e+02  1.20782000e+02  3.84000000e-01 2.71450000e+01
 -2.34590058e+03  6.14530000e+02  1.20782000e+02  3.84000000e-01 2.71450000e+01
 -2.38684590e+03  6.23880000e+02  1.03006000e+02  3.61000000e-01 2.69140000e+01
 -2.41437988e+03  6.33490000e+02  1.22583000e+02  3.64000000e-01 2.98880000e+01
 -2.41437988e+03  6.33490000e+02  1.22583000e+02  3.64000000e-01 2.98880000e+01
 -2.35919326e+03  6.21880000e+02  1.12849000e+02  3.68000000e-01 2.76730000e+01
 -2.39291424e+03  6.28400000e+02  9.81230000e+01  3.66000000e-01 2.72480000e+01
 -2.39310454e+03  6.28790000e+02  1.03157000e+02  3.63000000e-01 2.82690000e+01
 -2.34226013e+03  6.12310000e+02  1.16956000e+02  3.67000000e-01 2.84460000e+01
 -2.29952379e+03  6.01960000e+02  1.15149000e+02  3.68000000e-01 2.89950000e+01
 -2.29952379e+03  6.01960000e+02  1.15149000e+02  3.68000000e-01 2.89950000e+01
 -2.33122094e+03  6.12530000e+02  1.27701000e+02  3.80000000e-01 2.79340000e+01
 -2.39104102e+03  6.22620000e+02  1.12563000e+02  3.55000000e-01 2.80970000e+01
 -2.39462502e+03  6.29880000e+02  1.06663000e+02  3.64000000e-01 2.88090000e+01
 -2.47153706e+03  6.48710000e+02  1.07823000e+02  3.68000000e-01 2.82710000e+01
 -2.46328257e+03  6.47970000e+02  1.01535000e+02  3.77000000e-01 2.58080000e+01
 -2.46328257e+03  6.47970000e+02  1.01535000e+02  3.77000000e-01 2.58080000e+01
 -2.46328257e+03  6.47970000e+02  1.01535000e+02  3.77000000e-01 2.58080000e+01
 -2.46328257e+03  6.47970000e+02  1.01535000e+02  3.77000000e-01 2.58080000e+01
 -2.44858771e+03  6.41840000e+02  1.17407000e+02  3.65000000e-01 2.77290000e+01
 -2.44026808e+03  6.39970000e+02  1.08547000e+02  3.57000000e-01 2.71370000e+01
 -2.44026808e+03  6.39970000e+02  1.08547000e+02  3.57000000e-01 2.71370000e+01
 -2.47509044e+03  6.49930000e+02  1.13946000e+02  3.63000000e-01 2.58310000e+01
 -2.43365579e+03  6.33190000e+02  1.09449000e+02  3.64000000e-01 2.79670000e+01
 -2.38205051e+03  6.26230000e+02  1.08770000e+02  3.59000000e-01 2.76890000e+01
 -2.37994249e+03  6.22750000e+02  1.15581000e+02  3.71000000e-01 2.76610000e+01
 -2.38408214e+03  6.28970000e+02  1.11877000e+02  3.63000000e-01 2.84090000e+01
 -2.38408214e+03  6.28970000e+02  1.11877000e+02  3.63000000e-01 2.84090000e+01
 -2.39423694e+03  6.29010000e+02  1.14126000e+02  3.65000000e-01 2.78460000e+01
 -2.39968941e+03  6.26230000e+02  1.09825000e+02  3.78000000e-01 2.75860000e+01
 -2.37358842e+03  6.21100000e+02  1.11214000e+02  3.72000000e-01 2.90770000e+01
 -2.37358842e+03  6.21100000e+02  1.11214000e+02  3.72000000e-01 2.90770000e+01
 -2.32756315e+03  6.13010000e+02  1.17146000e+02  3.69000000e-01 2.78930000e+01
 -2.34597624e+03  6.18490000e+02  1.36795000e+02  3.70000000e-01 2.76790000e+01
 -2.27515310e+03  5.96050000e+02  1.17052000e+02  3.90000000e-01 2.98660000e+01
 -2.27515310e+03  5.96050000e+02  1.17052000e+02  3.90000000e-01 2.98660000e+01
 -2.34375899e+03  6.17140000e+02  1.10780000e+02  3.69000000e-01 2.78610000e+01
 -2.33726980e+03  6.13270000e+02  1.16934000e+02  3.80000000e-01 2.82250000e+01
 -2.33726980e+03  6.13270000e+02  1.16934000e+02  3.80000000e-01 2.82250000e+01
 -2.33726980e+03  6.13270000e+02  1.16934000e+02  3.80000000e-01 2.82250000e+01
 -2.36792215e+03  6.21620000e+02  1.17019000e+02  3.71000000e-01 2.87040000e+01
 -2.36792215e+03  6.21620000e+02  1.17019000e+02  3.71000000e-01 2.87040000e+01
 -2.36792215e+03  6.21620000e+02  1.17019000e+02  3.71000000e-01 2.87040000e+01
 -2.43966012e+03  6.37840000e+02  1.15465000e+02  3.71000000e-01 2.69990000e+01
 -2.47959107e+03  6.49450000e+02  1.08617000e+02  3.75000000e-01 2.74110000e+01
 -2.42464788e+03  6.33230000e+02  1.08511000e+02  3.72000000e-01 2.57660000e+01
 -2.41781148e+03  6.34450000e+02  1.16744000e+02  3.69000000e-01 2.67640000e+01
 -2.41781148e+03  6.34450000e+02  1.16744000e+02  3.69000000e-01 2.67640000e+01
 -2.40049289e+03  6.31230000e+02  1.18721000e+02  3.71000000e-01 2.78390000e+01
 -2.45676190e+03  6.44930000e+02  1.13995000e+02  3.58000000e-01 2.73590000e+01
 -2.43901249e+03  6.43190000e+02  1.10904000e+02  3.79000000e-01 2.83540000e+01
 -2.43901249e+03  6.43190000e+02  1.10904000e+02  3.79000000e-01 2.83540000e+01
 -2.43901249e+03  6.43190000e+02  1.10904000e+02  3.79000000e-01 2.83540000e+01
 -2.43901249e+03  6.43190000e+02  1.10904000e+02  3.79000000e-01 2.83540000e+01
 -2.40314074e+03  6.29360000e+02  1.10080000e+02  3.75000000e-01 2.74020000e+01
 -2.45312721e+03  6.42320000e+02  1.05587000e+02  3.79000000e-01 2.36830000e+01
 -2.45312721e+03  6.42320000e+02  1.05587000e+02  3.79000000e-01 2.36830000e+01
 -2.45312721e+03  6.42320000e+02  1.05587000e+02  3.79000000e-01 2.36830000e+01
 -2.39253704e+03  6.30710000e+02  1.04571000e+02  3.64000000e-01 3.04720000e+01
 -2.38036638e+03  6.26790000e+02  1.08454000e+02  3.74000000e-01 2.70950000e+01
 -2.38036638e+03  6.26790000e+02  1.08454000e+02  3.74000000e-01 2.70950000e+01
 -2.38036638e+03  6.26790000e+02  1.08454000e+02  3.74000000e-01 2.70950000e+01
 -2.38201794e+03  6.26620000e+02  1.11698000e+02  3.67000000e-01 2.57360000e+01
 -2.38201794e+03  6.26620000e+02  1.11698000e+02  3.67000000e-01 2.57360000e+01
 -2.38201794e+03  6.26620000e+02  1.11698000e+02  3.67000000e-01 2.57360000e+01
 -2.39642150e+03  6.27620000e+02  1.13094000e+02  3.55000000e-01 2.87050000e+01
 -2.35591751e+03  6.17270000e+02  1.20380000e+02  3.71000000e-01 2.94010000e+01
 -2.36443101e+03  6.17660000e+02  1.14838000e+02  3.57000000e-01 2.63110000e+01
 -2.36306269e+03  6.18270000e+02  1.07235000e+02  3.58000000e-01 2.64890000e+01
 -2.42395935e+03  6.38450000e+02  1.06832000e+02  3.76000000e-01 2.83570000e+01
 -2.39650166e+03  6.30620000e+02  1.10429000e+02  3.51000000e-01 2.81050000e+01
 -2.39650166e+03  6.30620000e+02  1.10429000e+02  3.51000000e-01 2.81050000e+01
 -2.39650166e+03  6.30620000e+02  1.10429000e+02  3.51000000e-01 2.81050000e+01
 -2.42081589e+03  6.36490000e+02  1.09625000e+02  3.73000000e-01 2.96900000e+01
 -2.42081589e+03  6.36490000e+02  1.09625000e+02  3.73000000e-01 2.96900000e+01
 -2.43998126e+03  6.42840000e+02  1.13655000e+02  3.62000000e-01 2.89040000e+01
 -2.43998126e+03  6.42840000e+02  1.13655000e+02  3.62000000e-01 2.89040000e+01
 -2.44145998e+03  6.42840000e+02  1.12951000e+02  3.49000000e-01 2.78220000e+01
 -2.44145998e+03  6.42840000e+02  1.12951000e+02  3.49000000e-01 2.78220000e+01
 -2.46616007e+03  6.46450000e+02  1.11129000e+02  3.75000000e-01 2.76510000e+01
 -2.46616007e+03  6.46450000e+02  1.11129000e+02  3.75000000e-01 2.76510000e+01
 -2.46616007e+03  6.46450000e+02  1.11129000e+02  3.75000000e-01 2.76510000e+01
 -2.46616007e+03  6.46450000e+02  1.11129000e+02  3.75000000e-01 2.76510000e+01
 -2.46616007e+03  6.46450000e+02  1.11129000e+02  3.75000000e-01 2.76510000e+01
 -2.48109420e+03  6.50450000e+02  1.08549000e+02  3.62000000e-01 2.66060000e+01
 -2.48109420e+03  6.50450000e+02  1.08549000e+02  3.62000000e-01 2.66060000e+01
 -2.48109420e+03  6.50450000e+02  1.08549000e+02  3.62000000e-01 2.66060000e+01
 -2.49153045e+03  6.56320000e+02  1.13649000e+02  3.68000000e-01 2.76510000e+01
 -2.46912847e+03  6.51100000e+02  1.11947000e+02  3.74000000e-01 2.88270000e+01
 -2.46912847e+03  6.51100000e+02  1.11947000e+02  3.74000000e-01 2.88270000e+01
 -2.46912847e+03  6.51100000e+02  1.11947000e+02  3.74000000e-01 2.88270000e+01
 -2.46912847e+03  6.51100000e+02  1.11947000e+02  3.74000000e-01 2.88270000e+01
 -2.43670681e+03  6.42100000e+02  1.11659000e+02  3.73000000e-01 2.63580000e+01
 -2.43670681e+03  6.42100000e+02  1.11659000e+02  3.73000000e-01 2.63580000e+01
 -2.43670681e+03  6.42100000e+02  1.11659000e+02  3.73000000e-01 2.63580000e+01
 -2.41050580e+03  6.30140000e+02  1.06663000e+02  3.68000000e-01 2.75400000e+01
 -2.41050580e+03  6.30140000e+02  1.06663000e+02  3.68000000e-01 2.75400000e+01
 -2.41050580e+03  6.30140000e+02  1.06663000e+02  3.68000000e-01 2.75400000e+01
 -2.39603391e+03  6.27010000e+02  1.10080000e+02  3.57000000e-01 2.84090000e+01
 -2.39603391e+03  6.27010000e+02  1.10080000e+02  3.57000000e-01 2.84090000e+01
 -2.41533672e+03  6.32750000e+02  1.08050000e+02  3.63000000e-01 2.67290000e+01
 -2.38105850e+03  6.20750000e+02  1.16711000e+02  3.84000000e-01 2.79920000e+01
 -2.38903423e+03  6.26230000e+02  1.08964000e+02  3.61000000e-01 2.57650000e+01
 -2.38903423e+03  6.26230000e+02  1.08964000e+02  3.61000000e-01 2.57650000e+01
 -2.37711256e+03  6.23620000e+02  1.12459000e+02  3.79000000e-01 2.90260000e+01
 -2.37711256e+03  6.23620000e+02  1.12459000e+02  3.79000000e-01 2.90260000e+01
 -2.37711256e+03  6.23620000e+02  1.12459000e+02  3.79000000e-01 2.90260000e+01
 -2.37331140e+03  6.23360000e+02  1.11851000e+02  3.68000000e-01 2.83620000e+01
 -2.37331140e+03  6.23360000e+02  1.11851000e+02  3.68000000e-01 2.83620000e+01
 -2.33122713e+03  6.10530000e+02  1.10525000e+02  3.74000000e-01 3.00040000e+01
 -2.33122713e+03  6.10530000e+02  1.10525000e+02  3.74000000e-01 3.00040000e+01
 -2.33122713e+03  6.10530000e+02  1.10525000e+02  3.74000000e-01 3.00040000e+01
 -2.35420186e+03  6.17270000e+02  1.16173000e+02  3.68000000e-01 2.76010000e+01
 -2.38763394e+03  6.26010000e+02  1.14448000e+02  3.66000000e-01 2.74660000e+01
 -2.38763394e+03  6.26010000e+02  1.14448000e+02  3.66000000e-01 2.74660000e+01
 -2.40297554e+03  6.29490000e+02  1.21443000e+02  3.64000000e-01 2.89710000e+01
 -2.41175094e+03  6.32750000e+02  1.08523000e+02  3.51000000e-01 2.84320000e+01
 -2.41175094e+03  6.32750000e+02  1.08523000e+02  3.51000000e-01 2.84320000e+01
 -2.41175094e+03  6.32750000e+02  1.08523000e+02  3.51000000e-01 2.84320000e+01
 -2.41175094e+03  6.32750000e+02  1.08523000e+02  3.51000000e-01 2.84320000e+01
 -2.41175094e+03  6.32750000e+02  1.08523000e+02  3.51000000e-01 2.84320000e+01
 -2.41175094e+03  6.32750000e+02  1.08523000e+02  3.51000000e-01 2.84320000e+01
 -2.38570344e+03  6.23750000e+02  1.19337000e+02  3.68000000e-01 2.54120000e+01
 -2.38570344e+03  6.23750000e+02  1.19337000e+02  3.68000000e-01 2.54120000e+01
 -2.42023517e+03  6.35360000e+02  1.09907000e+02  3.81000000e-01 2.81960000e+01
 -2.47067241e+03  6.48580000e+02  1.10205000e+02  3.73000000e-01 2.59080000e+01
 -2.47067241e+03  6.48580000e+02  1.10205000e+02  3.73000000e-01 2.59080000e+01
 -2.47067241e+03  6.48580000e+02  1.10205000e+02  3.73000000e-01 2.59080000e+01
 -2.47067241e+03  6.48580000e+02  1.10205000e+02  3.73000000e-01 2.59080000e+01
 -2.47067241e+03  6.48580000e+02  1.10205000e+02  3.73000000e-01 2.59080000e+01
 -2.47067241e+03  6.48580000e+02  1.10205000e+02  3.73000000e-01 2.59080000e+01
 -2.46726147e+03  6.48450000e+02  1.19027000e+02  3.64000000e-01 2.68540000e+01
 -2.46726147e+03  6.48450000e+02  1.19027000e+02  3.64000000e-01 2.68540000e+01
 -2.46726147e+03  6.48450000e+02  1.19027000e+02  3.64000000e-01 2.68540000e+01
 -2.46726147e+03  6.48450000e+02  1.19027000e+02  3.64000000e-01 2.68540000e+01
 -2.46726147e+03  6.48450000e+02  1.19027000e+02  3.64000000e-01 2.68540000e+01
 -2.46726147e+03  6.48450000e+02  1.19027000e+02  3.64000000e-01 2.68540000e+01
 -2.46726147e+03  6.48450000e+02  1.19027000e+02  3.64000000e-01 2.68540000e+01
 -2.46726147e+03  6.48450000e+02  1.19027000e+02  3.64000000e-01 2.68540000e+01
 -2.46726147e+03  6.48450000e+02  1.19027000e+02  3.64000000e-01 2.68540000e+01
 -2.46726147e+03  6.48450000e+02  1.19027000e+02  3.64000000e-01 2.68540000e+01
 -2.46312657e+03  6.46410000e+02  1.16315000e+02  3.58000000e-01 2.62350000e+01
 -2.46312657e+03  6.46410000e+02  1.16315000e+02  3.58000000e-01 2.62350000e+01
 -2.46312657e+03  6.46410000e+02  1.16315000e+02  3.58000000e-01 2.62350000e+01
 -2.46312657e+03  6.46410000e+02  1.16315000e+02  3.58000000e-01 2.62350000e+01
 -2.50707093e+03  6.56020000e+02  1.14622000e+02  3.55000000e-01 2.57590000e+01
 -2.49132825e+03  6.54540000e+02  1.13151000e+02  3.65000000e-01 2.67120000e+01
 -2.49965861e+03  6.57670000e+02  1.19917000e+02  3.64000000e-01 2.82360000e+01
 -2.49965861e+03  6.57670000e+02  1.19917000e+02  3.64000000e-01 2.82360000e+01
 -2.49965861e+03  6.57670000e+02  1.19917000e+02  3.64000000e-01 2.82360000e+01
 -2.49965861e+03  6.57670000e+02  1.19917000e+02  3.64000000e-01 2.82360000e+01
 -2.49965861e+03  6.57670000e+02  1.19917000e+02  3.64000000e-01 2.82360000e+01
 -2.49965861e+03  6.57670000e+02  1.19917000e+02  3.64000000e-01 2.82360000e+01
 -2.49965861e+03  6.57670000e+02  1.19917000e+02  3.64000000e-01 2.82360000e+01
 -2.49965861e+03  6.57670000e+02  1.19917000e+02  3.64000000e-01 2.82360000e+01
 -2.49965861e+03  6.57670000e+02  1.19917000e+02  3.64000000e-01 2.82360000e+01
 -2.46517150e+03  6.49580000e+02  1.16897000e+02  3.82000000e-01 2.80890000e+01
 -2.46013336e+03  6.47580000e+02  1.13440000e+02  3.49000000e-01 2.72870000e+01
 -2.46013336e+03  6.47580000e+02  1.13440000e+02  3.49000000e-01 2.72870000e+01
 -2.46013336e+03  6.47580000e+02  1.13440000e+02  3.49000000e-01 2.72870000e+01
 -2.45240266e+03  6.44710000e+02  1.04746000e+02  3.69000000e-01 2.94290000e+01
 -2.45240266e+03  6.44710000e+02  1.04746000e+02  3.69000000e-01 2.94290000e+01
 -2.45240266e+03  6.44710000e+02  1.04746000e+02  3.69000000e-01 2.94290000e+01
 -2.45240266e+03  6.44710000e+02  1.04746000e+02  3.69000000e-01 2.94290000e+01
 -2.42123334e+03  6.33970000e+02  1.29568000e+02  3.61000000e-01 2.74880000e+01
 -2.42123334e+03  6.33970000e+02  1.29568000e+02  3.61000000e-01 2.74880000e+01
 -2.42123334e+03  6.33970000e+02  1.29568000e+02  3.61000000e-01 2.74880000e+01
 -2.42123334e+03  6.33970000e+02  1.29568000e+02  3.61000000e-01 2.74880000e+01
 -2.42123334e+03  6.33970000e+02  1.29568000e+02  3.61000000e-01 2.74880000e+01
 -2.42123334e+03  6.33970000e+02  1.29568000e+02  3.61000000e-01 2.74880000e+01
 -2.39771521e+03  6.31620000e+02  1.15669000e+02  3.56000000e-01 2.84590000e+01
 -2.39771521e+03  6.31620000e+02  1.15669000e+02  3.56000000e-01 2.84590000e+01
 -2.39771521e+03  6.31620000e+02  1.15669000e+02  3.56000000e-01 2.84590000e+01
 -2.37712353e+03  6.23790000e+02  1.07460000e+02  3.64000000e-01 2.65210000e+01
 -2.37712353e+03  6.23790000e+02  1.07460000e+02  3.64000000e-01 2.65210000e+01
 -2.36334481e+03  6.21660000e+02  1.08744000e+02  3.65000000e-01 2.75270000e+01
 -2.41035543e+03  6.33100000e+02  1.11688000e+02  3.58000000e-01 2.63060000e+01
 -2.41035543e+03  6.33100000e+02  1.11688000e+02  3.58000000e-01 2.63060000e+01
 -2.41035543e+03  6.33100000e+02  1.11688000e+02  3.58000000e-01 2.63060000e+01
 -2.41035543e+03  6.33100000e+02  1.11688000e+02  3.58000000e-01 2.63060000e+01
 -2.39480891e+03  6.29490000e+02  1.17573000e+02  3.77000000e-01 2.93540000e+01
 -2.42711967e+03  6.35710000e+02  1.24063000e+02  3.61000000e-01 2.92490000e+01
 -2.42711967e+03  6.35710000e+02  1.24063000e+02  3.61000000e-01 2.92490000e+01
 -2.42711967e+03  6.35710000e+02  1.24063000e+02  3.61000000e-01 2.92490000e+01
 -2.42711967e+03  6.35710000e+02  1.24063000e+02  3.61000000e-01 2.92490000e+01
 -2.42711967e+03  6.35710000e+02  1.24063000e+02  3.61000000e-01 2.92490000e+01
 -2.42711967e+03  6.35710000e+02  1.24063000e+02  3.61000000e-01 2.92490000e+01
 -2.42211085e+03  6.35710000e+02  1.20300000e+02  3.79000000e-01 2.66680000e+01
 -2.43414197e+03  6.39970000e+02  1.12220000e+02  3.59000000e-01 2.70370000e+01
 -2.43414197e+03  6.39970000e+02  1.12220000e+02  3.59000000e-01 2.70370000e+01
 -2.43414197e+03  6.39970000e+02  1.12220000e+02  3.59000000e-01 2.70370000e+01
 -2.43414197e+03  6.39970000e+02  1.12220000e+02  3.59000000e-01 2.70370000e+01
 -2.44140366e+03  6.39360000e+02  1.07693000e+02  3.62000000e-01 2.82670000e+01
 -2.44140366e+03  6.39360000e+02  1.07693000e+02  3.62000000e-01 2.82670000e+01
 -2.44140366e+03  6.39360000e+02  1.07693000e+02  3.62000000e-01 2.82670000e+01
 -2.44140366e+03  6.39360000e+02  1.07693000e+02  3.62000000e-01 2.82670000e+01
 -2.44140366e+03  6.39360000e+02  1.07693000e+02  3.62000000e-01 2.82670000e+01
 -2.43433815e+03  6.39360000e+02  1.23540000e+02  3.56000000e-01 2.70190000e+01
 -2.43433815e+03  6.39360000e+02  1.23540000e+02  3.56000000e-01 2.70190000e+01
 -2.43433815e+03  6.39360000e+02  1.23540000e+02  3.56000000e-01 2.70190000e+01
 -2.43433815e+03  6.39360000e+02  1.23540000e+02  3.56000000e-01 2.70190000e+01
 -2.43433815e+03  6.39360000e+02  1.23540000e+02  3.56000000e-01 2.70190000e+01
 -2.43433815e+03  6.39360000e+02  1.23540000e+02  3.56000000e-01 2.70190000e+01
 -2.43433815e+03  6.39360000e+02  1.23540000e+02  3.56000000e-01 2.70190000e+01
 -2.42188869e+03  6.36490000e+02  1.21515000e+02  3.66000000e-01 2.81940000e+01
 -2.47173648e+03  6.46580000e+02  1.08325000e+02  3.58000000e-01 2.52020000e+01
 -2.47173648e+03  6.46580000e+02  1.08325000e+02  3.58000000e-01 2.52020000e+01
 -2.47173648e+03  6.46580000e+02  1.08325000e+02  3.58000000e-01 2.52020000e+01
 -2.47173648e+03  6.46580000e+02  1.08325000e+02  3.58000000e-01 2.52020000e+01
 -2.47173648e+03  6.46580000e+02  1.08325000e+02  3.58000000e-01 2.52020000e+01
 -2.47173648e+03  6.46580000e+02  1.08325000e+02  3.58000000e-01 2.52020000e+01
 -2.43763821e+03  6.41840000e+02  1.15454000e+02  3.69000000e-01 2.68200000e+01
 -2.43763821e+03  6.41840000e+02  1.15454000e+02  3.69000000e-01 2.68200000e+01
 -2.43763821e+03  6.41840000e+02  1.15454000e+02  3.69000000e-01 2.68200000e+01
 -2.43763821e+03  6.41840000e+02  1.15454000e+02  3.69000000e-01 2.68200000e+01
 -2.40648340e+03  6.31270000e+02  1.08550000e+02  3.68000000e-01 2.77550000e+01
 -2.40648340e+03  6.31270000e+02  1.08550000e+02  3.68000000e-01 2.77550000e+01
 -2.40648340e+03  6.31270000e+02  1.08550000e+02  3.68000000e-01 2.77550000e+01
 -2.40648340e+03  6.31270000e+02  1.08550000e+02  3.68000000e-01 2.77550000e+01
 -2.48013253e+03  6.48580000e+02  1.11473000e+02  3.77000000e-01 2.53080000e+01
 -2.48013253e+03  6.48580000e+02  1.11473000e+02  3.77000000e-01 2.53080000e+01
 -2.48013253e+03  6.48580000e+02  1.11473000e+02  3.77000000e-01 2.53080000e+01
 -2.48013253e+03  6.48580000e+02  1.11473000e+02  3.77000000e-01 2.53080000e+01
 -2.48013253e+03  6.48580000e+02  1.11473000e+02  3.77000000e-01 2.53080000e+01
 -2.48013253e+03  6.48580000e+02  1.11473000e+02  3.77000000e-01 2.53080000e+01
 -2.48013253e+03  6.48580000e+02  1.11473000e+02  3.77000000e-01 2.53080000e+01
 -2.48013253e+03  6.48580000e+02  1.11473000e+02  3.77000000e-01 2.53080000e+01
 -2.48013253e+03  6.48580000e+02  1.11473000e+02  3.77000000e-01 2.53080000e+01
 -2.48013253e+03  6.48580000e+02  1.11473000e+02  3.77000000e-01 2.53080000e+01
 -2.48013253e+03  6.48580000e+02  1.11473000e+02  3.77000000e-01 2.53080000e+01
 -2.46986619e+03  6.50580000e+02  9.92350000e+01  3.59000000e-01 2.89950000e+01
 -2.49036264e+03  6.52800000e+02  1.12454000e+02  3.65000000e-01 2.57510000e+01
 -2.49036264e+03  6.52800000e+02  1.12454000e+02  3.65000000e-01 2.57510000e+01
 -2.49036264e+03  6.52800000e+02  1.12454000e+02  3.65000000e-01 2.57510000e+01
 -2.49036264e+03  6.52800000e+02  1.12454000e+02  3.65000000e-01 2.57510000e+01
 -2.49036264e+03  6.52800000e+02  1.12454000e+02  3.65000000e-01 2.57510000e+01
 -2.49036264e+03  6.52800000e+02  1.12454000e+02  3.65000000e-01 2.57510000e+01
 -2.49036264e+03  6.52800000e+02  1.12454000e+02  3.65000000e-01 2.57510000e+01
 -2.49036264e+03  6.52800000e+02  1.12454000e+02  3.65000000e-01 2.57510000e+01
 -2.49036264e+03  6.52800000e+02  1.12454000e+02  3.65000000e-01 2.57510000e+01
 -2.49036264e+03  6.52800000e+02  1.12454000e+02  3.65000000e-01 2.57510000e+01
 -2.49036264e+03  6.52800000e+02  1.12454000e+02  3.65000000e-01 2.57510000e+01
 -2.49036264e+03  6.52800000e+02  1.12454000e+02  3.65000000e-01 2.57510000e+01
 -2.49036264e+03  6.52800000e+02  1.12454000e+02  3.65000000e-01 2.57510000e+01
 -2.49036264e+03  6.52800000e+02  1.12454000e+02  3.65000000e-01 2.57510000e+01
 -2.49036264e+03  6.52800000e+02  1.12454000e+02  3.65000000e-01 2.57510000e+01
 -2.53730042e+03  6.65280000e+02  1.13896000e+02  3.71000000e-01 2.69940000e+01
 -2.53730042e+03  6.65280000e+02  1.13896000e+02  3.71000000e-01 2.69940000e+01
 -2.53730042e+03  6.65280000e+02  1.13896000e+02  3.71000000e-01 2.69940000e+01
 -2.53730042e+03  6.65280000e+02  1.13896000e+02  3.71000000e-01 2.69940000e+01
 -2.53730042e+03  6.65280000e+02  1.13896000e+02  3.71000000e-01 2.69940000e+01
 -2.53730042e+03  6.65280000e+02  1.13896000e+02  3.71000000e-01 2.69940000e+01
 -2.53730042e+03  6.65280000e+02  1.13896000e+02  3.71000000e-01 2.69940000e+01
 -2.53730042e+03  6.65280000e+02  1.13896000e+02  3.71000000e-01 2.69940000e+01
 -2.53730042e+03  6.65280000e+02  1.13896000e+02  3.71000000e-01 2.69940000e+01
 -2.53730042e+03  6.65280000e+02  1.13896000e+02  3.71000000e-01 2.69940000e+01
 -2.53730042e+03  6.65280000e+02  1.13896000e+02  3.71000000e-01 2.69940000e+01
 -2.53730042e+03  6.65280000e+02  1.13896000e+02  3.71000000e-01 2.69940000e+01
 -2.53730042e+03  6.65280000e+02  1.13896000e+02  3.71000000e-01 2.69940000e+01
 -2.53730042e+03  6.65280000e+02  1.13896000e+02  3.71000000e-01 2.69940000e+01
 -2.53730042e+03  6.65280000e+02  1.13896000e+02  3.71000000e-01 2.69940000e+01
 -2.53730042e+03  6.65280000e+02  1.13896000e+02  3.71000000e-01 2.69940000e+01
 -2.53730042e+03  6.65280000e+02  1.13896000e+02  3.71000000e-01 2.69940000e+01
 -2.53730042e+03  6.65280000e+02  1.13896000e+02  3.71000000e-01 2.69940000e+01
 -2.53730042e+03  6.65280000e+02  1.13896000e+02  3.71000000e-01 2.69940000e+01
 -2.53730042e+03  6.65280000e+02  1.13896000e+02  3.71000000e-01 2.69940000e+01
 -2.53730042e+03  6.65280000e+02  1.13896000e+02  3.71000000e-01 2.69940000e+01
 -2.53730042e+03  6.65280000e+02  1.13896000e+02  3.71000000e-01 2.69940000e+01
 -2.53730042e+03  6.65280000e+02  1.13896000e+02  3.71000000e-01 2.69940000e+01
 -2.53730042e+03  6.65280000e+02  1.13896000e+02  3.71000000e-01 2.69940000e+01
 -2.53730042e+03  6.65280000e+02  1.13896000e+02  3.71000000e-01 2.69940000e+01
 -2.53730042e+03  6.65280000e+02  1.13896000e+02  3.71000000e-01 2.69940000e+01
 -2.53730042e+03  6.65280000e+02  1.13896000e+02  3.71000000e-01 2.69940000e+01
 -2.53730042e+03  6.65280000e+02  1.13896000e+02  3.71000000e-01 2.69940000e+01
 -2.53730042e+03  6.65280000e+02  1.13896000e+02  3.71000000e-01 2.69940000e+01
 -2.53730042e+03  6.65280000e+02  1.13896000e+02  3.71000000e-01 2.69940000e+01
 -2.53730042e+03  6.65280000e+02  1.13896000e+02  3.71000000e-01 2.69940000e+01
 -2.53730042e+03  6.65280000e+02  1.13896000e+02  3.71000000e-01 2.69940000e+01
 -2.53730042e+03  6.65280000e+02  1.13896000e+02  3.71000000e-01 2.69940000e+01
 -2.53730042e+03  6.65280000e+02  1.13896000e+02  3.71000000e-01 2.69940000e+01
 -2.53730042e+03  6.65280000e+02  1.13896000e+02  3.71000000e-01 2.69940000e+01
 -2.53730042e+03  6.65280000e+02  1.13896000e+02  3.71000000e-01 2.69940000e+01
 -2.53730042e+03  6.65280000e+02  1.13896000e+02  3.71000000e-01 2.69940000e+01
 -2.53730042e+03  6.65280000e+02  1.13896000e+02  3.71000000e-01 2.69940000e+01
 -2.51479213e+03  6.60150000e+02  1.03761000e+02  3.72000000e-01 2.78880000e+01
 -2.51479213e+03  6.60150000e+02  1.03761000e+02  3.72000000e-01 2.78880000e+01
 -2.51479213e+03  6.60150000e+02  1.03761000e+02  3.72000000e-01 2.78880000e+01
 -2.51479213e+03  6.60150000e+02  1.03761000e+02  3.72000000e-01 2.78880000e+01
 -2.51479213e+03  6.60150000e+02  1.03761000e+02  3.72000000e-01 2.78880000e+01
 -2.51479213e+03  6.60150000e+02  1.03761000e+02  3.72000000e-01 2.78880000e+01
 -2.48658931e+03  6.52890000e+02  1.16585000e+02  3.56000000e-01 2.57880000e+01
 -2.48658931e+03  6.52890000e+02  1.16585000e+02  3.56000000e-01 2.57880000e+01
 -2.46432178e+03  6.45060000e+02  1.14008000e+02  3.61000000e-01 2.55860000e+01
 -2.46432178e+03  6.45060000e+02  1.14008000e+02  3.61000000e-01 2.55860000e+01
 -2.46432178e+03  6.45060000e+02  1.14008000e+02  3.61000000e-01 2.55860000e+01
 -2.46432178e+03  6.45060000e+02  1.14008000e+02  3.61000000e-01 2.55860000e+01
 -2.46432178e+03  6.45060000e+02  1.14008000e+02  3.61000000e-01 2.55860000e+01
 -2.46432178e+03  6.45060000e+02  1.14008000e+02  3.61000000e-01 2.55860000e+01
 -2.46432178e+03  6.45060000e+02  1.14008000e+02  3.61000000e-01 2.55860000e+01
 -2.46432178e+03  6.45060000e+02  1.14008000e+02  3.61000000e-01 2.55860000e+01
 -2.46432178e+03  6.45060000e+02  1.14008000e+02  3.61000000e-01 2.55860000e+01
 -2.46432178e+03  6.45060000e+02  1.14008000e+02  3.61000000e-01 2.55860000e+01
 -2.46432178e+03  6.45060000e+02  1.14008000e+02  3.61000000e-01 2.55860000e+01
 -2.46432178e+03  6.45060000e+02  1.14008000e+02  3.61000000e-01 2.55860000e+01
 -2.46432178e+03  6.45060000e+02  1.14008000e+02  3.61000000e-01 2.55860000e+01
 -2.46432178e+03  6.45060000e+02  1.14008000e+02  3.61000000e-01 2.55860000e+01
 -2.46860335e+03  6.49060000e+02  1.03597000e+02  3.60000000e-01 2.61880000e+01
 -2.46860335e+03  6.49060000e+02  1.03597000e+02  3.60000000e-01 2.61880000e+01
 -2.46860335e+03  6.49060000e+02  1.03597000e+02  3.60000000e-01 2.61880000e+01
 -2.46860335e+03  6.49060000e+02  1.03597000e+02  3.60000000e-01 2.61880000e+01
 -2.46860335e+03  6.49060000e+02  1.03597000e+02  3.60000000e-01 2.61880000e+01
 -2.47402052e+03  6.47150000e+02  1.09859000e+02  3.77000000e-01 2.71280000e+01
 -2.45705350e+03  6.43800000e+02  1.10772000e+02  3.65000000e-01 2.75630000e+01
 -2.45705350e+03  6.43800000e+02  1.10772000e+02  3.65000000e-01 2.75630000e+01
 -2.45705350e+03  6.43800000e+02  1.10772000e+02  3.65000000e-01 2.75630000e+01
 -2.45705350e+03  6.43800000e+02  1.10772000e+02  3.65000000e-01 2.75630000e+01
 -2.45705350e+03  6.43800000e+02  1.10772000e+02  3.65000000e-01 2.75630000e+01
 -2.44899171e+03  6.40450000e+02  1.04179000e+02  3.70000000e-01 2.62790000e+01
 -2.44899171e+03  6.40450000e+02  1.04179000e+02  3.70000000e-01 2.62790000e+01
 -2.46017543e+03  6.48320000e+02  1.14136000e+02  3.68000000e-01 2.77980000e+01
 -2.48603900e+03  6.52800000e+02  1.11343000e+02  3.82000000e-01 2.71940000e+01
 -2.48603900e+03  6.52800000e+02  1.11343000e+02  3.82000000e-01 2.71940000e+01
 -2.48603900e+03  6.52800000e+02  1.11343000e+02  3.82000000e-01 2.71940000e+01
 -2.48603900e+03  6.52800000e+02  1.11343000e+02  3.82000000e-01 2.71940000e+01
 -2.48603900e+03  6.52800000e+02  1.11343000e+02  3.82000000e-01 2.71940000e+01
 -2.46118560e+03  6.49060000e+02  1.08408000e+02  3.75000000e-01 2.51290000e+01
 -2.46118560e+03  6.49060000e+02  1.08408000e+02  3.75000000e-01 2.51290000e+01
 -2.46118560e+03  6.49060000e+02  1.08408000e+02  3.75000000e-01 2.51290000e+01
 -2.46118560e+03  6.49060000e+02  1.08408000e+02  3.75000000e-01 2.51290000e+01
 -2.46113235e+03  6.48670000e+02  1.06828000e+02  3.72000000e-01 2.68440000e+01
 -2.46113235e+03  6.48670000e+02  1.06828000e+02  3.72000000e-01 2.68440000e+01
 -2.46272309e+03  6.47060000e+02  1.15452000e+02  3.62000000e-01 2.78120000e+01
 -2.48774739e+03  6.54450000e+02  1.05785000e+02  3.61000000e-01 2.84110000e+01
 -2.48774739e+03  6.54450000e+02  1.05785000e+02  3.61000000e-01 2.84110000e+01
 -2.48774739e+03  6.54450000e+02  1.05785000e+02  3.61000000e-01 2.84110000e+01
 -2.48774739e+03  6.54450000e+02  1.05785000e+02  3.61000000e-01 2.84110000e+01
 -2.48774739e+03  6.54450000e+02  1.05785000e+02  3.61000000e-01 2.84110000e+01
 -2.48774739e+03  6.54450000e+02  1.05785000e+02  3.61000000e-01 2.84110000e+01
 -2.48774739e+03  6.54450000e+02  1.05785000e+02  3.61000000e-01 2.84110000e+01
 -2.48774739e+03  6.54450000e+02  1.05785000e+02  3.61000000e-01 2.84110000e+01
 -2.48774739e+03  6.54450000e+02  1.05785000e+02  3.61000000e-01 2.84110000e+01
 -2.48774739e+03  6.54450000e+02  1.05785000e+02  3.61000000e-01 2.84110000e+01
 -2.48774739e+03  6.54450000e+02  1.05785000e+02  3.61000000e-01 2.84110000e+01
 -2.48774739e+03  6.54450000e+02  1.05785000e+02  3.61000000e-01 2.84110000e+01
 -2.48774739e+03  6.54450000e+02  1.05785000e+02  3.61000000e-01 2.84110000e+01
 -2.47399429e+03  6.50670000e+02  1.14418000e+02  3.71000000e-01 2.84430000e+01
 -2.47399429e+03  6.50670000e+02  1.14418000e+02  3.71000000e-01 2.84430000e+01
 -2.47399429e+03  6.50670000e+02  1.14418000e+02  3.71000000e-01 2.84430000e+01
 -2.47399429e+03  6.50670000e+02  1.14418000e+02  3.71000000e-01 2.84430000e+01
 -2.47399429e+03  6.50670000e+02  1.14418000e+02  3.71000000e-01 2.84430000e+01
 -2.47399429e+03  6.50670000e+02  1.14418000e+02  3.71000000e-01 2.84430000e+01
 -2.47399429e+03  6.50670000e+02  1.14418000e+02  3.71000000e-01 2.84430000e+01
 -2.47399429e+03  6.50670000e+02  1.14418000e+02  3.71000000e-01 2.84430000e+01
 -2.47399429e+03  6.50670000e+02  1.14418000e+02  3.71000000e-01 2.84430000e+01
 -2.47399429e+03  6.50670000e+02  1.14418000e+02  3.71000000e-01 2.84430000e+01
 -2.47399429e+03  6.50670000e+02  1.14418000e+02  3.71000000e-01 2.84430000e+01
 -2.47399429e+03  6.50670000e+02  1.14418000e+02  3.71000000e-01 2.84430000e+01
 -2.47399429e+03  6.50670000e+02  1.14418000e+02  3.71000000e-01 2.84430000e+01
 -2.47399429e+03  6.50670000e+02  1.14418000e+02  3.71000000e-01 2.84430000e+01
 -2.47399429e+03  6.50670000e+02  1.14418000e+02  3.71000000e-01 2.84430000e+01
 -2.47399429e+03  6.50670000e+02  1.14418000e+02  3.71000000e-01 2.84430000e+01
 -2.47399429e+03  6.50670000e+02  1.14418000e+02  3.71000000e-01 2.84430000e+01
 -2.47399429e+03  6.50670000e+02  1.14418000e+02  3.71000000e-01 2.84430000e+01
 -2.47399429e+03  6.50670000e+02  1.14418000e+02  3.71000000e-01 2.84430000e+01
 -2.47399429e+03  6.50670000e+02  1.14418000e+02  3.71000000e-01 2.84430000e+01
 -2.47399429e+03  6.50670000e+02  1.14418000e+02  3.71000000e-01 2.84430000e+01
 -2.47399429e+03  6.50670000e+02  1.14418000e+02  3.71000000e-01 2.84430000e+01
 -2.46899373e+03  6.48800000e+02  1.17131000e+02  3.63000000e-01 2.71690000e+01
 -2.46899373e+03  6.48800000e+02  1.17131000e+02  3.63000000e-01 2.71690000e+01
 -2.46899373e+03  6.48800000e+02  1.17131000e+02  3.63000000e-01 2.71690000e+01
 -2.45491317e+03  6.46930000e+02  1.11123000e+02  3.72000000e-01 2.88440000e+01
 -2.48074541e+03  6.50800000e+02  1.16564000e+02  3.77000000e-01 2.55900000e+01
 -2.48368142e+03  6.52540000e+02  1.11367000e+02  3.40000000e-01 2.81570000e+01
 -2.48368142e+03  6.52540000e+02  1.11367000e+02  3.40000000e-01 2.81570000e+01
 -2.48368142e+03  6.52540000e+02  1.11367000e+02  3.40000000e-01 2.81570000e+01
 -2.48368142e+03  6.52540000e+02  1.11367000e+02  3.40000000e-01 2.81570000e+01
 -2.48368142e+03  6.52540000e+02  1.11367000e+02  3.40000000e-01 2.81570000e+01
 -2.48368142e+03  6.52540000e+02  1.11367000e+02  3.40000000e-01 2.81570000e+01
 -2.49674622e+03  6.52540000e+02  1.10063000e+02  3.71000000e-01 2.54790000e+01
 -2.49674622e+03  6.52540000e+02  1.10063000e+02  3.71000000e-01 2.54790000e+01
 -2.49674622e+03  6.52540000e+02  1.10063000e+02  3.71000000e-01 2.54790000e+01
 -2.49674622e+03  6.52540000e+02  1.10063000e+02  3.71000000e-01 2.54790000e+01
 -2.49674622e+03  6.52540000e+02  1.10063000e+02  3.71000000e-01 2.54790000e+01
 -2.49674622e+03  6.52540000e+02  1.10063000e+02  3.71000000e-01 2.54790000e+01
 -2.49674622e+03  6.52540000e+02  1.10063000e+02  3.71000000e-01 2.54790000e+01
 -2.49674622e+03  6.52540000e+02  1.10063000e+02  3.71000000e-01 2.54790000e+01
 -2.49674622e+03  6.52540000e+02  1.10063000e+02  3.71000000e-01 2.54790000e+01
 -2.49674622e+03  6.52540000e+02  1.10063000e+02  3.71000000e-01 2.54790000e+01
 -2.50562104e+03  6.57280000e+02  1.14573000e+02  3.56000000e-01 2.81190000e+01
 -2.50612662e+03  6.60020000e+02  1.10665000e+02  3.61000000e-01 2.47440000e+01
 -2.50612662e+03  6.60020000e+02  1.10665000e+02  3.61000000e-01 2.47440000e+01
 -2.49791840e+03  6.54540000e+02  1.12065000e+02  3.80000000e-01 2.82460000e+01
 -2.50839033e+03  6.57150000e+02  1.00278000e+02  3.67000000e-01 2.73570000e+01
 -2.50839033e+03  6.57150000e+02  1.00278000e+02  3.67000000e-01 2.73570000e+01
 -2.50839033e+03  6.57150000e+02  1.00278000e+02  3.67000000e-01 2.73570000e+01
 -2.50839033e+03  6.57150000e+02  1.00278000e+02  3.67000000e-01 2.73570000e+01
 -2.50839033e+03  6.57150000e+02  1.00278000e+02  3.67000000e-01 2.73570000e+01
 -2.49149706e+03  6.53540000e+02  1.18876000e+02  3.63000000e-01 2.56120000e+01
 -2.49149706e+03  6.53540000e+02  1.18876000e+02  3.63000000e-01 2.56120000e+01
 -2.50540814e+03  6.58150000e+02  1.14075000e+02  3.60000000e-01 2.59670000e+01
 -2.50960239e+03  6.57150000e+02  1.19190000e+02  3.60000000e-01 2.51810000e+01
 -2.49544560e+03  6.51670000e+02  1.13038000e+02  3.52000000e-01 2.48720000e+01
 -2.50245680e+03  6.55890000e+02  1.21088000e+02  3.68000000e-01 2.60950000e+01
 -2.50245680e+03  6.55890000e+02  1.21088000e+02  3.68000000e-01 2.60950000e+01
 -2.50245680e+03  6.55890000e+02  1.21088000e+02  3.68000000e-01 2.60950000e+01
 -2.50245680e+03  6.55890000e+02  1.21088000e+02  3.68000000e-01 2.60950000e+01
 -2.50245680e+03  6.55890000e+02  1.21088000e+02  3.68000000e-01 2.60950000e+01
 -2.50245680e+03  6.55890000e+02  1.21088000e+02  3.68000000e-01 2.60950000e+01
 -2.50245680e+03  6.55890000e+02  1.21088000e+02  3.68000000e-01 2.60950000e+01
 -2.50245680e+03  6.55890000e+02  1.21088000e+02  3.68000000e-01 2.60950000e+01
 -2.50821853e+03  6.58630000e+02  1.01879000e+02  3.66000000e-01 2.50540000e+01
 -2.50821853e+03  6.58630000e+02  1.01879000e+02  3.66000000e-01 2.50540000e+01
 -2.51331069e+03  6.61760000e+02  1.20247000e+02  3.64000000e-01 2.52360000e+01
 -2.51128493e+03  6.59150000e+02  1.16340000e+02  3.72000000e-01 2.77840000e+01
 -2.51128493e+03  6.59150000e+02  1.16340000e+02  3.72000000e-01 2.77840000e+01
 -2.51128493e+03  6.59150000e+02  1.16340000e+02  3.72000000e-01 2.77840000e+01
 -2.51128493e+03  6.59150000e+02  1.16340000e+02  3.72000000e-01 2.77840000e+01
 -2.51128493e+03  6.59150000e+02  1.16340000e+02  3.72000000e-01 2.77840000e+01
 -2.51507252e+03  6.61150000e+02  1.13755000e+02  3.57000000e-01 2.51330000e+01
 -2.51507252e+03  6.61150000e+02  1.13755000e+02  3.57000000e-01 2.51330000e+01
 -2.51507252e+03  6.61150000e+02  1.13755000e+02  3.57000000e-01 2.51330000e+01
 -2.51507252e+03  6.61150000e+02  1.13755000e+02  3.57000000e-01 2.51330000e+01
 -2.51507252e+03  6.61150000e+02  1.13755000e+02  3.57000000e-01 2.51330000e+01
 -2.51507252e+03  6.61150000e+02  1.13755000e+02  3.57000000e-01 2.51330000e+01
 -2.51507252e+03  6.61150000e+02  1.13755000e+02  3.57000000e-01 2.51330000e+01
 -2.51507252e+03  6.61150000e+02  1.13755000e+02  3.57000000e-01 2.51330000e+01
 -2.51507252e+03  6.61150000e+02  1.13755000e+02  3.57000000e-01 2.51330000e+01
 -2.51507252e+03  6.61150000e+02  1.13755000e+02  3.57000000e-01 2.51330000e+01
 -2.52161140e+03  6.62890000e+02  1.18054000e+02  3.53000000e-01 2.63690000e+01
 -2.52161140e+03  6.62890000e+02  1.18054000e+02  3.53000000e-01 2.63690000e+01
 -2.53152923e+03  6.64890000e+02  1.00767000e+02  3.82000000e-01 2.58060000e+01
 -2.53152923e+03  6.64890000e+02  1.00767000e+02  3.82000000e-01 2.58060000e+01
 -2.53152923e+03  6.64890000e+02  1.00767000e+02  3.82000000e-01 2.58060000e+01
 -2.52594457e+03  6.63150000e+02  1.09741000e+02  3.74000000e-01 2.61440000e+01
 -2.52594457e+03  6.63150000e+02  1.09741000e+02  3.74000000e-01 2.61440000e+01
 -2.52594457e+03  6.63150000e+02  1.09741000e+02  3.74000000e-01 2.61440000e+01
 -2.52594457e+03  6.63150000e+02  1.09741000e+02  3.74000000e-01 2.61440000e+01
 -2.54909234e+03  6.67760000e+02  1.13922000e+02  3.60000000e-01 2.88160000e+01
 -2.54909234e+03  6.67760000e+02  1.13922000e+02  3.60000000e-01 2.88160000e+01
 -2.54909234e+03  6.67760000e+02  1.13922000e+02  3.60000000e-01 2.88160000e+01
 -2.54909234e+03  6.67760000e+02  1.13922000e+02  3.60000000e-01 2.88160000e+01
 -2.54971592e+03  6.67760000e+02  1.04154000e+02  3.65000000e-01 2.66110000e+01
 -2.54971592e+03  6.67760000e+02  1.04154000e+02  3.65000000e-01 2.66110000e+01
 -2.54971592e+03  6.67760000e+02  1.04154000e+02  3.65000000e-01 2.66110000e+01
 -2.54971592e+03  6.67760000e+02  1.04154000e+02  3.65000000e-01 2.66110000e+01
 -2.54971592e+03  6.67760000e+02  1.04154000e+02  3.65000000e-01 2.66110000e+01
 -2.54971592e+03  6.67760000e+02  1.04154000e+02  3.65000000e-01 2.66110000e+01
 -2.54971592e+03  6.67760000e+02  1.04154000e+02  3.65000000e-01 2.66110000e+01
 -2.54893748e+03  6.69760000e+02  1.07209000e+02  3.61000000e-01 2.60980000e+01
 -2.54500080e+03  6.70630000e+02  9.95230000e+01  3.51000000e-01 2.53070000e+01
 -2.54500080e+03  6.70630000e+02  9.95230000e+01  3.51000000e-01 2.53070000e+01
 -2.54500080e+03  6.70630000e+02  9.95230000e+01  3.51000000e-01 2.53070000e+01
 -2.54500080e+03  6.70630000e+02  9.95230000e+01  3.51000000e-01 2.53070000e+01
 -2.54500080e+03  6.70630000e+02  9.95230000e+01  3.51000000e-01 2.53070000e+01
 -2.54568035e+03  6.69630000e+02  9.60240000e+01  3.54000000e-01 2.49850000e+01
 -2.54568035e+03  6.69630000e+02  9.60240000e+01  3.54000000e-01 2.49850000e+01
 -2.54568035e+03  6.69630000e+02  9.60240000e+01  3.54000000e-01 2.49850000e+01
 -2.54568035e+03  6.69630000e+02  9.60240000e+01  3.54000000e-01 2.49850000e+01
 -2.54568035e+03  6.69630000e+02  9.60240000e+01  3.54000000e-01 2.49850000e+01
 -2.54744885e+03  6.70630000e+02  1.13590000e+02  3.60000000e-01 2.79600000e+01
 -2.54744885e+03  6.70630000e+02  1.13590000e+02  3.60000000e-01 2.79600000e+01
 -2.54705211e+03  6.68150000e+02  9.77210000e+01  3.77000000e-01 2.71500000e+01
 -2.54705211e+03  6.68150000e+02  9.77210000e+01  3.77000000e-01 2.71500000e+01
 -2.54705211e+03  6.68150000e+02  9.77210000e+01  3.77000000e-01 2.71500000e+01
 -2.55768761e+03  6.70890000e+02  1.15058000e+02  3.64000000e-01 2.51970000e+01
 -2.55206489e+03  6.70020000e+02  1.07176000e+02  3.75000000e-01 2.51020000e+01
 -2.55206489e+03  6.70020000e+02  1.07176000e+02  3.75000000e-01 2.51020000e+01
 -2.55206489e+03  6.70020000e+02  1.07176000e+02  3.75000000e-01 2.51020000e+01
 -2.56683053e+03  6.72760000e+02  1.04756000e+02  3.63000000e-01 2.50440000e+01
 -2.56683053e+03  6.72760000e+02  1.04756000e+02  3.63000000e-01 2.50440000e+01
 -2.56683053e+03  6.72760000e+02  1.04756000e+02  3.63000000e-01 2.50440000e+01
 -2.56683053e+03  6.72760000e+02  1.04756000e+02  3.63000000e-01 2.50440000e+01
 -2.56918945e+03  6.71890000e+02  9.84680000e+01  3.73000000e-01 2.42370000e+01
 -2.56918945e+03  6.71890000e+02  9.84680000e+01  3.73000000e-01 2.42370000e+01
 -2.56918945e+03  6.71890000e+02  9.84680000e+01  3.73000000e-01 2.42370000e+01
 -2.56918945e+03  6.71890000e+02  9.84680000e+01  3.73000000e-01 2.42370000e+01
 -2.56918945e+03  6.71890000e+02  9.84680000e+01  3.73000000e-01 2.42370000e+01
 -2.56918945e+03  6.71890000e+02  9.84680000e+01  3.73000000e-01 2.42370000e+01
 -2.56918945e+03  6.71890000e+02  9.84680000e+01  3.73000000e-01 2.42370000e+01
 -2.55953034e+03  6.69020000e+02  1.04293000e+02  3.57000000e-01 2.63790000e+01
 -2.55953034e+03  6.69020000e+02  1.04293000e+02  3.57000000e-01 2.63790000e+01
 -2.55953034e+03  6.69020000e+02  1.04293000e+02  3.57000000e-01 2.63790000e+01
 -2.55953034e+03  6.69020000e+02  1.04293000e+02  3.57000000e-01 2.63790000e+01
 -2.57332473e+03  6.74630000e+02  1.10027000e+02  3.61000000e-01 2.34200000e+01
 -2.57332473e+03  6.74630000e+02  1.10027000e+02  3.61000000e-01 2.34200000e+01
 -2.57332473e+03  6.74630000e+02  1.10027000e+02  3.61000000e-01 2.34200000e+01
 -2.57579892e+03  6.76760000e+02  1.04138000e+02  3.59000000e-01 2.73130000e+01
 -2.57579892e+03  6.76760000e+02  1.04138000e+02  3.59000000e-01 2.73130000e+01
 -2.57579892e+03  6.76760000e+02  1.04138000e+02  3.59000000e-01 2.73130000e+01
 -2.56318303e+03  6.74890000e+02  9.74560000e+01  3.58000000e-01 2.73730000e+01
 -2.56318303e+03  6.74890000e+02  9.74560000e+01  3.58000000e-01 2.73730000e+01
 -2.56194245e+03  6.73890000e+02  1.03987000e+02  3.73000000e-01 2.40120000e+01
 -2.56194245e+03  6.73890000e+02  1.03987000e+02  3.73000000e-01 2.40120000e+01
 -2.56194245e+03  6.73890000e+02  1.03987000e+02  3.73000000e-01 2.40120000e+01
 -2.56194245e+03  6.73890000e+02  1.03987000e+02  3.73000000e-01 2.40120000e+01
 -2.55256807e+03  6.71280000e+02  1.06627000e+02  3.71000000e-01 2.43070000e+01
 -2.55256807e+03  6.71280000e+02  1.06627000e+02  3.71000000e-01 2.43070000e+01
 -2.55256807e+03  6.71280000e+02  1.06627000e+02  3.71000000e-01 2.43070000e+01
 -2.54702207e+03  6.67410000e+02  1.07303000e+02  3.59000000e-01 2.49050000e+01
 -2.53959140e+03  6.66540000e+02  1.14173000e+02  3.62000000e-01 2.65720000e+01
 -2.53959140e+03  6.66540000e+02  1.14173000e+02  3.62000000e-01 2.65720000e+01
 -2.54831399e+03  6.71020000e+02  1.18468000e+02  3.56000000e-01 2.73960000e+01
 -2.54558661e+03  6.69890000e+02  1.10441000e+02  3.65000000e-01 2.72690000e+01
 -2.54558661e+03  6.69890000e+02  1.10441000e+02  3.65000000e-01 2.72690000e+01
 -2.53408465e+03  6.66410000e+02  9.74740000e+01  3.70000000e-01 2.81120000e+01
 -2.54130392e+03  6.66150000e+02  1.08239000e+02  3.59000000e-01 2.79740000e+01
 -2.54130392e+03  6.66150000e+02  1.08239000e+02  3.59000000e-01 2.79740000e+01
 -2.54130392e+03  6.66150000e+02  1.08239000e+02  3.59000000e-01 2.79740000e+01
 -2.54130392e+03  6.66150000e+02  1.08239000e+02  3.59000000e-01 2.79740000e+01
 -2.54130392e+03  6.66150000e+02  1.08239000e+02  3.59000000e-01 2.79740000e+01
 -2.54130392e+03  6.66150000e+02  1.08239000e+02  3.59000000e-01 2.79740000e+01
 -2.56257028e+03  6.70890000e+02  1.07917000e+02  3.70000000e-01 2.77810000e+01
 -2.56257028e+03  6.70890000e+02  1.07917000e+02  3.70000000e-01 2.77810000e+01
 -2.56257028e+03  6.70890000e+02  1.07917000e+02  3.70000000e-01 2.77810000e+01
 -2.56257028e+03  6.70890000e+02  1.07917000e+02  3.70000000e-01 2.77810000e+01
 -2.56257028e+03  6.70890000e+02  1.07917000e+02  3.70000000e-01 2.77810000e+01
 -2.56257028e+03  6.70890000e+02  1.07917000e+02  3.70000000e-01 2.77810000e+01
 -2.56257028e+03  6.70890000e+02  1.07917000e+02  3.70000000e-01 2.77810000e+01
 -2.56257028e+03  6.70890000e+02  1.07917000e+02  3.70000000e-01 2.77810000e+01
 -2.56257028e+03  6.70890000e+02  1.07917000e+02  3.70000000e-01 2.77810000e+01
 -2.56257028e+03  6.70890000e+02  1.07917000e+02  3.70000000e-01 2.77810000e+01
 -2.56257028e+03  6.70890000e+02  1.07917000e+02  3.70000000e-01 2.77810000e+01
 -2.56257028e+03  6.70890000e+02  1.07917000e+02  3.70000000e-01 2.77810000e+01
 -2.58325106e+03  6.75500000e+02  1.09551000e+02  3.72000000e-01 2.48630000e+01
 -2.58325106e+03  6.75500000e+02  1.09551000e+02  3.72000000e-01 2.48630000e+01
 -2.58325106e+03  6.75500000e+02  1.09551000e+02  3.72000000e-01 2.48630000e+01
 -2.58325106e+03  6.75500000e+02  1.09551000e+02  3.72000000e-01 2.48630000e+01
 -2.58325106e+03  6.75500000e+02  1.09551000e+02  3.72000000e-01 2.48630000e+01
 -2.58325106e+03  6.75500000e+02  1.09551000e+02  3.72000000e-01 2.48630000e+01
 -2.58325106e+03  6.75500000e+02  1.09551000e+02  3.72000000e-01 2.48630000e+01
 -2.58325106e+03  6.75500000e+02  1.09551000e+02  3.72000000e-01 2.48630000e+01
 -2.58325106e+03  6.75500000e+02  1.09551000e+02  3.72000000e-01 2.48630000e+01
 -2.58325106e+03  6.75500000e+02  1.09551000e+02  3.72000000e-01 2.48630000e+01
 -2.58325106e+03  6.75500000e+02  1.09551000e+02  3.72000000e-01 2.48630000e+01
 -2.59405302e+03  6.78500000e+02  1.02092000e+02  3.69000000e-01 2.55020000e+01
 -2.59405302e+03  6.78500000e+02  1.02092000e+02  3.69000000e-01 2.55020000e+01
 -2.59405302e+03  6.78500000e+02  1.02092000e+02  3.69000000e-01 2.55020000e+01
 -2.59405302e+03  6.78500000e+02  1.02092000e+02  3.69000000e-01 2.55020000e+01
 -2.59405302e+03  6.78500000e+02  1.02092000e+02  3.69000000e-01 2.55020000e+01
 -2.59405302e+03  6.78500000e+02  1.02092000e+02  3.69000000e-01 2.55020000e+01
 -2.59405302e+03  6.78500000e+02  1.02092000e+02  3.69000000e-01 2.55020000e+01
 -2.59405302e+03  6.78500000e+02  1.02092000e+02  3.69000000e-01 2.55020000e+01
 -2.59405302e+03  6.78500000e+02  1.02092000e+02  3.69000000e-01 2.55020000e+01
 -2.59405302e+03  6.78500000e+02  1.02092000e+02  3.69000000e-01 2.55020000e+01
 -2.59405302e+03  6.78500000e+02  1.02092000e+02  3.69000000e-01 2.55020000e+01
 -2.59405302e+03  6.78500000e+02  1.02092000e+02  3.69000000e-01 2.55020000e+01
 -2.59405302e+03  6.78500000e+02  1.02092000e+02  3.69000000e-01 2.55020000e+01
 -2.59405302e+03  6.78500000e+02  1.02092000e+02  3.69000000e-01 2.55020000e+01
 -2.59405302e+03  6.78500000e+02  1.02092000e+02  3.69000000e-01 2.55020000e+01
 -2.59405302e+03  6.78500000e+02  1.02092000e+02  3.69000000e-01 2.55020000e+01
 -2.59405302e+03  6.78500000e+02  1.02092000e+02  3.69000000e-01 2.55020000e+01
 -2.59405302e+03  6.78500000e+02  1.02092000e+02  3.69000000e-01 2.55020000e+01
 -2.59405302e+03  6.78500000e+02  1.02092000e+02  3.69000000e-01 2.55020000e+01
 -2.59405302e+03  6.78500000e+02  1.02092000e+02  3.69000000e-01 2.55020000e+01
 -2.59405302e+03  6.78500000e+02  1.02092000e+02  3.69000000e-01 2.55020000e+01
 -2.59405302e+03  6.78500000e+02  1.02092000e+02  3.69000000e-01 2.55020000e+01
 -2.59405302e+03  6.78500000e+02  1.02092000e+02  3.69000000e-01 2.55020000e+01
 -2.59405302e+03  6.78500000e+02  1.02092000e+02  3.69000000e-01 2.55020000e+01
 -2.59405302e+03  6.78500000e+02  1.02092000e+02  3.69000000e-01 2.55020000e+01
 -2.59405302e+03  6.78500000e+02  1.02092000e+02  3.69000000e-01 2.55020000e+01
 -2.59405302e+03  6.78500000e+02  1.02092000e+02  3.69000000e-01 2.55020000e+01
 -2.59405302e+03  6.78500000e+02  1.02092000e+02  3.69000000e-01 2.55020000e+01
 -2.59405302e+03  6.78500000e+02  1.02092000e+02  3.69000000e-01 2.55020000e+01
 -2.59405302e+03  6.78500000e+02  1.02092000e+02  3.69000000e-01 2.55020000e+01
 -2.59405302e+03  6.78500000e+02  1.02092000e+02  3.69000000e-01 2.55020000e+01
 -2.59405302e+03  6.78500000e+02  1.02092000e+02  3.69000000e-01 2.55020000e+01
 -2.59405302e+03  6.78500000e+02  1.02092000e+02  3.69000000e-01 2.55020000e+01
 -2.59857164e+03  6.81240000e+02  9.68340000e+01  3.67000000e-01 2.55860000e+01
 -2.59857164e+03  6.81240000e+02  9.68340000e+01  3.67000000e-01 2.55860000e+01
 -2.59857164e+03  6.81240000e+02  9.68340000e+01  3.67000000e-01 2.55860000e+01
 -2.59857164e+03  6.81240000e+02  9.68340000e+01  3.67000000e-01 2.55860000e+01
 -2.59857164e+03  6.81240000e+02  9.68340000e+01  3.67000000e-01 2.55860000e+01
 -2.59857164e+03  6.81240000e+02  9.68340000e+01  3.67000000e-01 2.55860000e+01
 -2.59857164e+03  6.81240000e+02  9.68340000e+01  3.67000000e-01 2.55860000e+01
 -2.59857164e+03  6.81240000e+02  9.68340000e+01  3.67000000e-01 2.55860000e+01
 -2.59857164e+03  6.81240000e+02  9.68340000e+01  3.67000000e-01 2.55860000e+01
 -2.59857164e+03  6.81240000e+02  9.68340000e+01  3.67000000e-01 2.55860000e+01
 -2.59857164e+03  6.81240000e+02  9.68340000e+01  3.67000000e-01 2.55860000e+01
 -2.59857164e+03  6.81240000e+02  9.68340000e+01  3.67000000e-01 2.55860000e+01
 -2.59857164e+03  6.81240000e+02  9.68340000e+01  3.67000000e-01 2.55860000e+01
 -2.59857164e+03  6.81240000e+02  9.68340000e+01  3.67000000e-01 2.55860000e+01
 -2.59857164e+03  6.81240000e+02  9.68340000e+01  3.67000000e-01 2.55860000e+01
 -2.59857164e+03  6.81240000e+02  9.68340000e+01  3.67000000e-01 2.55860000e+01
 -2.59857164e+03  6.81240000e+02  9.68340000e+01  3.67000000e-01 2.55860000e+01
 -2.59857164e+03  6.81240000e+02  9.68340000e+01  3.67000000e-01 2.55860000e+01
 -2.59857164e+03  6.81240000e+02  9.68340000e+01  3.67000000e-01 2.55860000e+01
 -2.59857164e+03  6.81240000e+02  9.68340000e+01  3.67000000e-01 2.55860000e+01
 -2.60053578e+03  6.84110000e+02  9.66190000e+01  3.58000000e-01 2.52240000e+01
 -2.60053578e+03  6.84110000e+02  9.66190000e+01  3.58000000e-01 2.52240000e+01
 -2.61234677e+03  6.82240000e+02  1.05207000e+02  3.66000000e-01 2.54050000e+01
 -2.61234677e+03  6.82240000e+02  1.05207000e+02  3.66000000e-01 2.54050000e+01
 -2.61234677e+03  6.82240000e+02  1.05207000e+02  3.66000000e-01 2.54050000e+01
 -2.61234677e+03  6.82240000e+02  1.05207000e+02  3.66000000e-01 2.54050000e+01
 -2.61234677e+03  6.82240000e+02  1.05207000e+02  3.66000000e-01 2.54050000e+01
 -2.61234677e+03  6.82240000e+02  1.05207000e+02  3.66000000e-01 2.54050000e+01
 -2.61234677e+03  6.82240000e+02  1.05207000e+02  3.66000000e-01 2.54050000e+01
 -2.61234677e+03  6.82240000e+02  1.05207000e+02  3.66000000e-01 2.54050000e+01
 -2.61234677e+03  6.82240000e+02  1.05207000e+02  3.66000000e-01 2.54050000e+01
 -2.61234677e+03  6.82240000e+02  1.05207000e+02  3.66000000e-01 2.54050000e+01
 -2.61234677e+03  6.82240000e+02  1.05207000e+02  3.66000000e-01 2.54050000e+01
 -2.61234677e+03  6.82240000e+02  1.05207000e+02  3.66000000e-01 2.54050000e+01
 -2.61234677e+03  6.82240000e+02  1.05207000e+02  3.66000000e-01 2.54050000e+01
 -2.61234677e+03  6.82240000e+02  1.05207000e+02  3.66000000e-01 2.54050000e+01
 -2.61234677e+03  6.82240000e+02  1.05207000e+02  3.66000000e-01 2.54050000e+01
 -2.61234677e+03  6.82240000e+02  1.05207000e+02  3.66000000e-01 2.54050000e+01
 -2.61234677e+03  6.82240000e+02  1.05207000e+02  3.66000000e-01 2.54050000e+01
 -2.61234677e+03  6.82240000e+02  1.05207000e+02  3.66000000e-01 2.54050000e+01
 -2.61234677e+03  6.82240000e+02  1.05207000e+02  3.66000000e-01 2.54050000e+01
 -2.61234677e+03  6.82240000e+02  1.05207000e+02  3.66000000e-01 2.54050000e+01
 -2.61234677e+03  6.82240000e+02  1.05207000e+02  3.66000000e-01 2.54050000e+01
 -2.61234677e+03  6.82240000e+02  1.05207000e+02  3.66000000e-01 2.54050000e+01
 -2.61234677e+03  6.82240000e+02  1.05207000e+02  3.66000000e-01 2.54050000e+01
 -2.61234677e+03  6.82240000e+02  1.05207000e+02  3.66000000e-01 2.54050000e+01
 -2.61234677e+03  6.82240000e+02  1.05207000e+02  3.66000000e-01 2.54050000e+01
 -2.61234677e+03  6.82240000e+02  1.05207000e+02  3.66000000e-01 2.54050000e+01
 -2.61234677e+03  6.82240000e+02  1.05207000e+02  3.66000000e-01 2.54050000e+01
 -2.61234677e+03  6.82240000e+02  1.05207000e+02  3.66000000e-01 2.54050000e+01
 -2.61234677e+03  6.82240000e+02  1.05207000e+02  3.66000000e-01 2.54050000e+01
 -2.61234677e+03  6.82240000e+02  1.05207000e+02  3.66000000e-01 2.54050000e+01
 -2.61234677e+03  6.82240000e+02  1.05207000e+02  3.66000000e-01 2.54050000e+01
 -2.61234677e+03  6.82240000e+02  1.05207000e+02  3.66000000e-01 2.54050000e+01
 -2.61234677e+03  6.82240000e+02  1.05207000e+02  3.66000000e-01 2.54050000e+01
 -2.61234677e+03  6.82240000e+02  1.05207000e+02  3.66000000e-01 2.54050000e+01
 -2.61234677e+03  6.82240000e+02  1.05207000e+02  3.66000000e-01 2.54050000e+01
 -2.61234677e+03  6.82240000e+02  1.05207000e+02  3.66000000e-01 2.54050000e+01
 -2.61234677e+03  6.82240000e+02  1.05207000e+02  3.66000000e-01 2.54050000e+01
 -2.61234677e+03  6.82240000e+02  1.05207000e+02  3.66000000e-01 2.54050000e+01
 -2.61234677e+03  6.82240000e+02  1.05207000e+02  3.66000000e-01 2.54050000e+01
 -2.61234677e+03  6.82240000e+02  1.05207000e+02  3.66000000e-01 2.54050000e+01
 -2.61234677e+03  6.82240000e+02  1.05207000e+02  3.66000000e-01 2.54050000e+01
 -2.61234677e+03  6.82240000e+02  1.05207000e+02  3.66000000e-01 2.54050000e+01
 -2.61234677e+03  6.82240000e+02  1.05207000e+02  3.66000000e-01 2.54050000e+01
 -2.61234677e+03  6.82240000e+02  1.05207000e+02  3.66000000e-01 2.54050000e+01
 -2.61234677e+03  6.82240000e+02  1.05207000e+02  3.66000000e-01 2.54050000e+01
 -2.61234677e+03  6.82240000e+02  1.05207000e+02  3.66000000e-01 2.54050000e+01
 -2.61234677e+03  6.82240000e+02  1.05207000e+02  3.66000000e-01 2.54050000e+01
 -2.61234677e+03  6.82240000e+02  1.05207000e+02  3.66000000e-01 2.54050000e+01
 -2.61234677e+03  6.82240000e+02  1.05207000e+02  3.66000000e-01 2.54050000e+01
 -2.61234677e+03  6.82240000e+02  1.05207000e+02  3.66000000e-01 2.54050000e+01
 -2.61234677e+03  6.82240000e+02  1.05207000e+02  3.66000000e-01 2.54050000e+01
 -2.61234677e+03  6.82240000e+02  1.05207000e+02  3.66000000e-01 2.54050000e+01
 -2.61234677e+03  6.82240000e+02  1.05207000e+02  3.66000000e-01 2.54050000e+01
 -2.61234677e+03  6.82240000e+02  1.05207000e+02  3.66000000e-01 2.54050000e+01
 -2.61234677e+03  6.82240000e+02  1.05207000e+02  3.66000000e-01 2.54050000e+01
 -2.61234677e+03  6.82240000e+02  1.05207000e+02  3.66000000e-01 2.54050000e+01
 -2.61234677e+03  6.82240000e+02  1.05207000e+02  3.66000000e-01 2.54050000e+01
 -2.61234677e+03  6.82240000e+02  1.05207000e+02  3.66000000e-01 2.54050000e+01
 -2.61234677e+03  6.82240000e+02  1.05207000e+02  3.66000000e-01 2.54050000e+01
 -2.61234677e+03  6.82240000e+02  1.05207000e+02  3.66000000e-01 2.54050000e+01
 -2.61234677e+03  6.82240000e+02  1.05207000e+02  3.66000000e-01 2.54050000e+01
 -2.61234677e+03  6.82240000e+02  1.05207000e+02  3.66000000e-01 2.54050000e+01
 -2.61234677e+03  6.82240000e+02  1.05207000e+02  3.66000000e-01 2.54050000e+01
 -2.61234677e+03  6.82240000e+02  1.05207000e+02  3.66000000e-01 2.54050000e+01
 -2.61234677e+03  6.82240000e+02  1.05207000e+02  3.66000000e-01 2.54050000e+01
 -2.61234677e+03  6.82240000e+02  1.05207000e+02  3.66000000e-01 2.54050000e+01
 -2.61234677e+03  6.82240000e+02  1.05207000e+02  3.66000000e-01 2.54050000e+01
 -2.61234677e+03  6.82240000e+02  1.05207000e+02  3.66000000e-01 2.54050000e+01
 -2.61234677e+03  6.82240000e+02  1.05207000e+02  3.66000000e-01 2.54050000e+01
 -2.61234677e+03  6.82240000e+02  1.05207000e+02  3.66000000e-01 2.54050000e+01
 -2.61234677e+03  6.82240000e+02  1.05207000e+02  3.66000000e-01 2.54050000e+01
 -2.61234677e+03  6.82240000e+02  1.05207000e+02  3.66000000e-01 2.54050000e+01
 -2.61234677e+03  6.82240000e+02  1.05207000e+02  3.66000000e-01 2.54050000e+01
 -2.61234677e+03  6.82240000e+02  1.05207000e+02  3.66000000e-01 2.54050000e+01
 -2.61234677e+03  6.82240000e+02  1.05207000e+02  3.66000000e-01 2.54050000e+01
 -2.61234677e+03  6.82240000e+02  1.05207000e+02  3.66000000e-01 2.54050000e+01
 -2.61234677e+03  6.82240000e+02  1.05207000e+02  3.66000000e-01 2.54050000e+01
 -2.61234677e+03  6.82240000e+02  1.05207000e+02  3.66000000e-01 2.54050000e+01
 -2.61234677e+03  6.82240000e+02  1.05207000e+02  3.66000000e-01 2.54050000e+01
 -2.61234677e+03  6.82240000e+02  1.05207000e+02  3.66000000e-01 2.54050000e+01
 -2.61234677e+03  6.82240000e+02  1.05207000e+02  3.66000000e-01 2.54050000e+01
 -2.61234677e+03  6.82240000e+02  1.05207000e+02  3.66000000e-01 2.54050000e+01
 -2.61234677e+03  6.82240000e+02  1.05207000e+02  3.66000000e-01 2.54050000e+01
 -2.61234677e+03  6.82240000e+02  1.05207000e+02  3.66000000e-01 2.54050000e+01
 -2.61234677e+03  6.82240000e+02  1.05207000e+02  3.66000000e-01 2.54050000e+01
 -2.61234677e+03  6.82240000e+02  1.05207000e+02  3.66000000e-01 2.54050000e+01
 -2.61234677e+03  6.82240000e+02  1.05207000e+02  3.66000000e-01 2.54050000e+01
 -2.61234677e+03  6.82240000e+02  1.05207000e+02  3.66000000e-01 2.54050000e+01
 -2.61234677e+03  6.82240000e+02  1.05207000e+02  3.66000000e-01 2.54050000e+01
 -2.61234677e+03  6.82240000e+02  1.05207000e+02  3.66000000e-01 2.54050000e+01
 -2.61234677e+03  6.82240000e+02  1.05207000e+02  3.66000000e-01 2.54050000e+01
 -2.61234677e+03  6.82240000e+02  1.05207000e+02  3.66000000e-01 2.54050000e+01
 -2.61234677e+03  6.82240000e+02  1.05207000e+02  3.66000000e-01 2.54050000e+01
 -2.61234677e+03  6.82240000e+02  1.05207000e+02  3.66000000e-01 2.54050000e+01
 -2.61234677e+03  6.82240000e+02  1.05207000e+02  3.66000000e-01 2.54050000e+01
 -2.61234677e+03  6.82240000e+02  1.05207000e+02  3.66000000e-01 2.54050000e+01
 -2.61234677e+03  6.82240000e+02  1.05207000e+02  3.66000000e-01 2.54050000e+01
 -2.61234677e+03  6.82240000e+02  1.05207000e+02  3.66000000e-01 2.54050000e+01
 -2.61234677e+03  6.82240000e+02  1.05207000e+02  3.66000000e-01 2.54050000e+01
 -2.61234677e+03  6.82240000e+02  1.05207000e+02  3.66000000e-01 2.54050000e+01
 -2.61234677e+03  6.82240000e+02  1.05207000e+02  3.66000000e-01 2.54050000e+01
 -2.61234677e+03  6.82240000e+02  1.05207000e+02  3.66000000e-01 2.54050000e+01
 -2.61234677e+03  6.82240000e+02  1.05207000e+02  3.66000000e-01 2.54050000e+01
 -2.61234677e+03  6.82240000e+02  1.05207000e+02  3.66000000e-01 2.54050000e+01
 -2.61234677e+03  6.82240000e+02  1.05207000e+02  3.66000000e-01 2.54050000e+01
 -2.61234677e+03  6.82240000e+02  1.05207000e+02  3.66000000e-01 2.54050000e+01
 -2.61234677e+03  6.82240000e+02  1.05207000e+02  3.66000000e-01 2.54050000e+01
 -2.61234677e+03  6.82240000e+02  1.05207000e+02  3.66000000e-01 2.54050000e+01
 -2.61234677e+03  6.82240000e+02  1.05207000e+02  3.66000000e-01 2.54050000e+01
 -2.61234677e+03  6.82240000e+02  1.05207000e+02  3.66000000e-01 2.54050000e+01
 -2.61234677e+03  6.82240000e+02  1.05207000e+02  3.66000000e-01 2.54050000e+01
 -2.61234677e+03  6.82240000e+02  1.05207000e+02  3.66000000e-01 2.54050000e+01
 -2.61234677e+03  6.82240000e+02  1.05207000e+02  3.66000000e-01 2.54050000e+01
 -2.61234677e+03  6.82240000e+02  1.05207000e+02  3.66000000e-01 2.54050000e+01
 -2.61234677e+03  6.82240000e+02  1.05207000e+02  3.66000000e-01 2.54050000e+01
 -2.61234677e+03  6.82240000e+02  1.05207000e+02  3.66000000e-01 2.54050000e+01
 -2.61234677e+03  6.82240000e+02  1.05207000e+02  3.66000000e-01 2.54050000e+01
 -2.61234677e+03  6.82240000e+02  1.05207000e+02  3.66000000e-01 2.54050000e+01
 -2.61234677e+03  6.82240000e+02  1.05207000e+02  3.66000000e-01 2.54050000e+01
 -2.61234677e+03  6.82240000e+02  1.05207000e+02  3.66000000e-01 2.54050000e+01
 -2.61234677e+03  6.82240000e+02  1.05207000e+02  3.66000000e-01 2.54050000e+01
 -2.61234677e+03  6.82240000e+02  1.05207000e+02  3.66000000e-01 2.54050000e+01
 -2.61234677e+03  6.82240000e+02  1.05207000e+02  3.66000000e-01 2.54050000e+01
 -2.61234677e+03  6.82240000e+02  1.05207000e+02  3.66000000e-01 2.54050000e+01
 -2.61234677e+03  6.82240000e+02  1.05207000e+02  3.66000000e-01 2.54050000e+01
 -2.61234677e+03  6.82240000e+02  1.05207000e+02  3.66000000e-01 2.54050000e+01
 -2.61234677e+03  6.82240000e+02  1.05207000e+02  3.66000000e-01 2.54050000e+01
 -2.61234677e+03  6.82240000e+02  1.05207000e+02  3.66000000e-01 2.54050000e+01
 -2.61234677e+03  6.82240000e+02  1.05207000e+02  3.66000000e-01 2.54050000e+01
 -2.61234677e+03  6.82240000e+02  1.05207000e+02  3.66000000e-01 2.54050000e+01
 -2.61234677e+03  6.82240000e+02  1.05207000e+02  3.66000000e-01 2.54050000e+01
 -2.61234677e+03  6.82240000e+02  1.05207000e+02  3.66000000e-01 2.54050000e+01
 -2.61234677e+03  6.82240000e+02  1.05207000e+02  3.66000000e-01 2.54050000e+01
 -2.61234677e+03  6.82240000e+02  1.05207000e+02  3.66000000e-01 2.54050000e+01
 -2.61234677e+03  6.82240000e+02  1.05207000e+02  3.66000000e-01 2.54050000e+01
 -2.61234677e+03  6.82240000e+02  1.05207000e+02  3.66000000e-01 2.54050000e+01
 -2.61234677e+03  6.82240000e+02  1.05207000e+02  3.66000000e-01 2.54050000e+01
 -2.61234677e+03  6.82240000e+02  1.05207000e+02  3.66000000e-01 2.54050000e+01
 -2.61234677e+03  6.82240000e+02  1.05207000e+02  3.66000000e-01 2.54050000e+01
 -2.61234677e+03  6.82240000e+02  1.05207000e+02  3.66000000e-01 2.54050000e+01
 -2.61234677e+03  6.82240000e+02  1.05207000e+02  3.66000000e-01 2.54050000e+01
 -2.61234677e+03  6.82240000e+02  1.05207000e+02  3.66000000e-01 2.54050000e+01
 -2.61234677e+03  6.82240000e+02  1.05207000e+02  3.66000000e-01 2.54050000e+01
 -2.61234677e+03  6.82240000e+02  1.05207000e+02  3.66000000e-01 2.54050000e+01
 -2.61234677e+03  6.82240000e+02  1.05207000e+02  3.66000000e-01 2.54050000e+01
 -2.61234677e+03  6.82240000e+02  1.05207000e+02  3.66000000e-01 2.54050000e+01
 -2.61234677e+03  6.82240000e+02  1.05207000e+02  3.66000000e-01 2.54050000e+01
 -2.61234677e+03  6.82240000e+02  1.05207000e+02  3.66000000e-01 2.54050000e+01
 -2.61234677e+03  6.82240000e+02  1.05207000e+02  3.66000000e-01 2.54050000e+01
 -2.61234677e+03  6.82240000e+02  1.05207000e+02  3.66000000e-01 2.54050000e+01
 -2.61234677e+03  6.82240000e+02  1.05207000e+02  3.66000000e-01 2.54050000e+01
 -2.61234677e+03  6.82240000e+02  1.05207000e+02  3.66000000e-01 2.54050000e+01
 -2.61234677e+03  6.82240000e+02  1.05207000e+02  3.66000000e-01 2.54050000e+01
 -2.61234677e+03  6.82240000e+02  1.05207000e+02  3.66000000e-01 2.54050000e+01
 -2.61234677e+03  6.82240000e+02  1.05207000e+02  3.66000000e-01 2.54050000e+01
 -2.61234677e+03  6.82240000e+02  1.05207000e+02  3.66000000e-01 2.54050000e+01
 -2.61234677e+03  6.82240000e+02  1.05207000e+02  3.66000000e-01 2.54050000e+01
 -2.61234677e+03  6.82240000e+02  1.05207000e+02  3.66000000e-01 2.54050000e+01
 -2.61234677e+03  6.82240000e+02  1.05207000e+02  3.66000000e-01 2.54050000e+01
 -2.61234677e+03  6.82240000e+02  1.05207000e+02  3.66000000e-01 2.54050000e+01
 -2.61234677e+03  6.82240000e+02  1.05207000e+02  3.66000000e-01 2.54050000e+01
 -2.61234677e+03  6.82240000e+02  1.05207000e+02  3.66000000e-01 2.54050000e+01
 -2.61234677e+03  6.82240000e+02  1.05207000e+02  3.66000000e-01 2.54050000e+01
 -2.61234677e+03  6.82240000e+02  1.05207000e+02  3.66000000e-01 2.54050000e+01
 -2.61234677e+03  6.82240000e+02  1.05207000e+02  3.66000000e-01 2.54050000e+01
 -2.61234677e+03  6.82240000e+02  1.05207000e+02  3.66000000e-01 2.54050000e+01
 -2.61234677e+03  6.82240000e+02  1.05207000e+02  3.66000000e-01 2.54050000e+01
 -2.61234677e+03  6.82240000e+02  1.05207000e+02  3.66000000e-01 2.54050000e+01
 -2.61234677e+03  6.82240000e+02  1.05207000e+02  3.66000000e-01 2.54050000e+01
 -2.61234677e+03  6.82240000e+02  1.05207000e+02  3.66000000e-01 2.54050000e+01
 -2.61234677e+03  6.82240000e+02  1.05207000e+02  3.66000000e-01 2.54050000e+01
 -2.61234677e+03  6.82240000e+02  1.05207000e+02  3.66000000e-01 2.54050000e+01
 -2.61234677e+03  6.82240000e+02  1.05207000e+02  3.66000000e-01 2.54050000e+01
 -2.61234677e+03  6.82240000e+02  1.05207000e+02  3.66000000e-01 2.54050000e+01
 -2.61234677e+03  6.82240000e+02  1.05207000e+02  3.66000000e-01 2.54050000e+01
 -2.61234677e+03  6.82240000e+02  1.05207000e+02  3.66000000e-01 2.54050000e+01
 -2.61234677e+03  6.82240000e+02  1.05207000e+02  3.66000000e-01 2.54050000e+01
 -2.61234677e+03  6.82240000e+02  1.05207000e+02  3.66000000e-01 2.54050000e+01
 -2.61234677e+03  6.82240000e+02  1.05207000e+02  3.66000000e-01 2.54050000e+01
 -2.61234677e+03  6.82240000e+02  1.05207000e+02  3.66000000e-01 2.54050000e+01
 -2.61234677e+03  6.82240000e+02  1.05207000e+02  3.66000000e-01 2.54050000e+01
 -2.61234677e+03  6.82240000e+02  1.05207000e+02  3.66000000e-01 2.54050000e+01
 -2.61234677e+03  6.82240000e+02  1.05207000e+02  3.66000000e-01 2.54050000e+01
 -2.61234677e+03  6.82240000e+02  1.05207000e+02  3.66000000e-01 2.54050000e+01
 -2.61234677e+03  6.82240000e+02  1.05207000e+02  3.66000000e-01 2.54050000e+01
 -2.61234677e+03  6.82240000e+02  1.05207000e+02  3.66000000e-01 2.54050000e+01
 -2.61234677e+03  6.82240000e+02  1.05207000e+02  3.66000000e-01 2.54050000e+01
 -2.61234677e+03  6.82240000e+02  1.05207000e+02  3.66000000e-01 2.54050000e+01
 -2.61234677e+03  6.82240000e+02  1.05207000e+02  3.66000000e-01 2.54050000e+01
 -2.61234677e+03  6.82240000e+02  1.05207000e+02  3.66000000e-01 2.54050000e+01
 -2.61234677e+03  6.82240000e+02  1.05207000e+02  3.66000000e-01 2.54050000e+01
 -2.61234677e+03  6.82240000e+02  1.05207000e+02  3.66000000e-01 2.54050000e+01
 -2.61234677e+03  6.82240000e+02  1.05207000e+02  3.66000000e-01 2.54050000e+01
 -2.61234677e+03  6.82240000e+02  1.05207000e+02  3.66000000e-01 2.54050000e+01
 -2.61234677e+03  6.82240000e+02  1.05207000e+02  3.66000000e-01 2.54050000e+01
 -2.61234677e+03  6.82240000e+02  1.05207000e+02  3.66000000e-01 2.54050000e+01
 -2.61234677e+03  6.82240000e+02  1.05207000e+02  3.66000000e-01 2.54050000e+01
 -2.61234677e+03  6.82240000e+02  1.05207000e+02  3.66000000e-01 2.54050000e+01
 -2.61234677e+03  6.82240000e+02  1.05207000e+02  3.66000000e-01 2.54050000e+01
 -2.61234677e+03  6.82240000e+02  1.05207000e+02  3.66000000e-01 2.54050000e+01
 -2.61234677e+03  6.82240000e+02  1.05207000e+02  3.66000000e-01 2.54050000e+01
 -2.61234677e+03  6.82240000e+02  1.05207000e+02  3.66000000e-01 2.54050000e+01
 -2.61234677e+03  6.82240000e+02  1.05207000e+02  3.66000000e-01 2.54050000e+01
 -2.61234677e+03  6.82240000e+02  1.05207000e+02  3.66000000e-01 2.54050000e+01
 -2.61234677e+03  6.82240000e+02  1.05207000e+02  3.66000000e-01 2.54050000e+01
 -2.61234677e+03  6.82240000e+02  1.05207000e+02  3.66000000e-01 2.54050000e+01
 -2.61234677e+03  6.82240000e+02  1.05207000e+02  3.66000000e-01 2.54050000e+01
 -2.61234677e+03  6.82240000e+02  1.05207000e+02  3.66000000e-01 2.54050000e+01
 -2.61234677e+03  6.82240000e+02  1.05207000e+02  3.66000000e-01 2.54050000e+01
 -2.61234677e+03  6.82240000e+02  1.05207000e+02  3.66000000e-01 2.54050000e+01
 -2.61234677e+03  6.82240000e+02  1.05207000e+02  3.66000000e-01 2.54050000e+01
 -2.61234677e+03  6.82240000e+02  1.05207000e+02  3.66000000e-01 2.54050000e+01
 -2.61234677e+03  6.82240000e+02  1.05207000e+02  3.66000000e-01 2.54050000e+01
 -2.61234677e+03  6.82240000e+02  1.05207000e+02  3.66000000e-01 2.54050000e+01
 -2.61234677e+03  6.82240000e+02  1.05207000e+02  3.66000000e-01 2.54050000e+01
 -2.61234677e+03  6.82240000e+02  1.05207000e+02  3.66000000e-01 2.54050000e+01
 -2.61234677e+03  6.82240000e+02  1.05207000e+02  3.66000000e-01 2.54050000e+01
 -2.61234677e+03  6.82240000e+02  1.05207000e+02  3.66000000e-01 2.54050000e+01
 -2.61234677e+03  6.82240000e+02  1.05207000e+02  3.66000000e-01 2.54050000e+01
 -2.61234677e+03  6.82240000e+02  1.05207000e+02  3.66000000e-01 2.54050000e+01
 -2.61234677e+03  6.82240000e+02  1.05207000e+02  3.66000000e-01 2.54050000e+01
 -2.61234677e+03  6.82240000e+02  1.05207000e+02  3.66000000e-01 2.54050000e+01
 -2.61234677e+03  6.82240000e+02  1.05207000e+02  3.66000000e-01 2.54050000e+01
 -2.61234677e+03  6.82240000e+02  1.05207000e+02  3.66000000e-01 2.54050000e+01
 -2.61234677e+03  6.82240000e+02  1.05207000e+02  3.66000000e-01 2.54050000e+01
 -2.61234677e+03  6.82240000e+02  1.05207000e+02  3.66000000e-01 2.54050000e+01
 -2.61234677e+03  6.82240000e+02  1.05207000e+02  3.66000000e-01 2.54050000e+01
 -2.61234677e+03  6.82240000e+02  1.05207000e+02  3.66000000e-01 2.54050000e+01
 -2.61234677e+03  6.82240000e+02  1.05207000e+02  3.66000000e-01 2.54050000e+01
 -2.61234677e+03  6.82240000e+02  1.05207000e+02  3.66000000e-01 2.54050000e+01
 -2.61234677e+03  6.82240000e+02  1.05207000e+02  3.66000000e-01 2.54050000e+01