-4.59438505e+03  4.93293000e+03  1.20734800e+03  6.37000000e-01 7.89530000e+01
 -4.59438505e+03  4.93293000e+03  1.20734800e+03  6.37000000e-01 7.89530000e+01
 -4.59438505e+03  4.93293000e+03  1.20734800e+03  6.37000000e-01 7.89530000e+01
 -4.59438505e+03  4.93293000e+03  1.20734800e+03  6.37000000e-01 7.89530000e+01
 -4.59438505e+03  4.93293000e+03  1.20734800e+03  6.37000000e-01 7.89530000e+01
 -4.59438505e+03  4.93293000e+03  1.20734800e+03  6.37000000e-01 7.89530000e+01
 -4.59438505e+03  4.93293000e+03  1.20734800e+03  6.37000000e-01 7.89530000e+01
 -4.59438505e+03  4.93293000e+03  1.20734800e+03  6.37000000e-01 7.89530000e+01
 -4.59438505e+03  4.93293000e+03  1.20734800e+03  6.37000000e-01 7.89530000e+01
 -4.59438505e+03  4.93293000e+03  1.20734800e+03  6.37000000e-01 7.89530000e+01
 -4.59438505e+03  4.93293000e+03  1.20734800e+03  6.37000000e-01 7.89530000e+01
 -4.59438505e+03  4.93293000e+03  1.20734800e+03  6.37000000e-01 7.89530000e+01
 -4.59438505e+03  4.93293000e+03  1.20734800e+03  6.37000000e-01 7.89530000e+01
 -4.59438505e+03  4.93293000e+03  1.20734800e+03  6.37000000e-01 7.89530000e+01
 -4.59438505e+03  4.93293000e+03  1.20734800e+03  6.37000000e-01 7.89530000e+01
 -4.59438505e+03  4.93293000e+03  1.20734800e+03  6.37000000e-01 7.89530000e+01
 -4.59438505e+03  4.93293000e+03  1.20734800e+03  6.37000000e-01 7.89530000e+01
 -4.59438505e+03  4.93293000e+03  1.20734800e+03  6.37000000e-01 7.89530000e+01
 -4.59438505e+03  4.93293000e+03  1.20734800e+03  6.37000000e-01 7.89530000e+01
 -4.59438505e+03  4.93293000e+03  1.20734800e+03  6.37000000e-01 7.89530000e+01
 -4.59438505e+03  4.93293000e+03  1.20734800e+03  6.37000000e-01 7.89530000e+01
 -4.59438505e+03  4.93293000e+03  1.20734800e+03  6.37000000e-01 7.89530000e+01
 -4.59438505e+03  4.93293000e+03  1.20734800e+03  6.37000000e-01 7.89530000e+01
 -4.59438505e+03  4.93293000e+03  1.20734800e+03  6.37000000e-01 7.89530000e+01
 -4.59438505e+03  4.93293000e+03  1.20734800e+03  6.37000000e-01 7.89530000e+01
 -4.59438505e+03  4.93293000e+03  1.20734800e+03  6.37000000e-01 7.89530000e+01
 -4.59438505e+03  4.93293000e+03  1.20734800e+03  6.37000000e-01 7.89530000e+01
 -4.59438505e+03  4.93293000e+03  1.20734800e+03  6.37000000e-01 7.89530000e+01
 -4.59438505e+03  4.93293000e+03  1.20734800e+03  6.37000000e-01 7.89530000e+01
 -4.59438505e+03  4.93293000e+03  1.20734800e+03  6.37000000e-01 7.89530000e+01
 -4.59438505e+03  4.93293000e+03  1.20734800e+03  6.37000000e-01 7.89530000e+01
 -4.59438505e+03  4.93293000e+03  1.20734800e+03  6.37000000e-01 7.89530000e+01
 -4.59438505e+03  4.93293000e+03  1.20734800e+03  6.37000000e-01 7.89530000e+01
 -4.59438505e+03  4.93293000e+03  1.20734800e+03  6.37000000e-01 7.89530000e+01
 -4.59438505e+03  4.93293000e+03  1.20734800e+03  6.37000000e-01 7.89530000e+01
 -4.59438505e+03  4.93293000e+03  1.20734800e+03  6.37000000e-01 7.89530000e+01
 -4.59438505e+03  4.93293000e+03  1.20734800e+03  6.37000000e-01 7.89530000e+01
 -4.59438505e+03  4.93293000e+03  1.20734800e+03  6.37000000e-01 7.89530000e+01
 -4.59438505e+03  4.93293000e+03  1.20734800e+03  6.37000000e-01 7.89530000e+01
 -4.59438505e+03  4.93293000e+03  1.20734800e+03  6.37000000e-01 7.89530000e+01
 -4.59438505e+03  4.93293000e+03  1.20734800e+03  6.37000000e-01 7.89530000e+01
 -4.59438505e+03  4.93293000e+03  1.20734800e+03  6.37000000e-01 7.89530000e+01
 -4.59438505e+03  4.93293000e+03  1.20734800e+03  6.37000000e-01 7.89530000e+01
 -4.59438505e+03  4.93293000e+03  1.20734800e+03  6.37000000e-01 7.89530000e+01
 -4.59438505e+03  4.93293000e+03  1.20734800e+03  6.37000000e-01 7.89530000e+01
 -4.59438505e+03  4.93293000e+03  1.20734800e+03  6.37000000e-01 7.89530000e+01
 -4.59438505e+03  4.93293000e+03  1.20734800e+03  6.37000000e-01 7.89530000e+01
 -4.59438505e+03  4.93293000e+03  1.20734800e+03  6.37000000e-01 7.89530000e+01
 -4.59438505e+03  4.93293000e+03  1.20734800e+03  6.37000000e-01 7.89530000e+01
 -4.59438505e+03  4.93293000e+03  1.20734800e+03  6.37000000e-01 7.89530000e+01
 -4.59438505e+03  4.93293000e+03  1.20734800e+03  6.37000000e-01 7.89530000e+01
 -4.59438505e+03  4.93293000e+03  1.20734800e+03  6.37000000e-01 7.89530000e+01
 -4.59438505e+03  4.93293000e+03  1.20734800e+03  6.37000000e-01 7.89530000e+01
 -4.59438505e+03  4.93293000e+03  1.20734800e+03  6.37000000e-01 7.89530000e+01
 -4.59438505e+03  4.93293000e+03  1.20734800e+03  6.37000000e-01 7.89530000e+01
 -4.59438505e+03  4.93293000e+03  1.20734800e+03  6.37000000e-01 7.89530000e+01
 -4.59438505e+03  4.93293000e+03  1.20734800e+03  6.37000000e-01 7.89530000e+01
 -4.59438505e+03  4.93293000e+03  1.20734800e+03  6.37000000e-01 7.89530000e+01
 -4.59438505e+03  4.93293000e+03  1.20734800e+03  6.37000000e-01 7.89530000e+01
 -4.59438505e+03  4.93293000e+03  1.20734800e+03  6.37000000e-01 7.89530000e+01
 -4.59438505e+03  4.93293000e+03  1.20734800e+03  6.37000000e-01 7.89530000e+01
 -4.59438505e+03  4.93293000e+03  1.20734800e+03  6.37000000e-01 7.89530000e+01
 -4.59438505e+03  4.93293000e+03  1.20734800e+03  6.37000000e-01 7.89530000e+01
 -4.59438505e+03  4.93293000e+03  1.20734800e+03  6.37000000e-01 7.89530000e+01
 -4.59438505e+03  4.93293000e+03  1.20734800e+03  6.37000000e-01 7.89530000e+01
 -4.59438505e+03  4.93293000e+03  1.20734800e+03  6.37000000e-01 7.89530000e+01
 -4.59438505e+03  4.93293000e+03  1.20734800e+03  6.37000000e-01 7.89530000e+01
 -4.59438505e+03  4.93293000e+03  1.20734800e+03  6.37000000e-01 7.89530000e+01
 -4.59438505e+03  4.93293000e+03  1.20734800e+03  6.37000000e-01 7.89530000e+01
 -4.59438505e+03  4.93293000e+03  1.20734800e+03  6.37000000e-01 7.89530000e+01
 -4.59438505e+03  4.93293000e+03  1.20734800e+03  6.37000000e-01 7.89530000e+01
 -4.59438505e+03  4.93293000e+03  1.20734800e+03  6.37000000e-01 7.89530000e+01
 -4.59438505e+03  4.93293000e+03  1.20734800e+03  6.37000000e-01 7.89530000e+01
 -4.59438505e+03  4.93293000e+03  1.20734800e+03  6.37000000e-01 7.89530000e+01
 -4.59438505e+03  4.93293000e+03  1.20734800e+03  6.37000000e-01 7.89530000e+01
 -4.59438505e+03  4.93293000e+03  1.20734800e+03  6.37000000e-01 7.89530000e+01
 -4.59438505e+03  4.93293000e+03  1.20734800e+03  6.37000000e-01 7.89530000e+01
 -4.59438505e+03  4.93293000e+03  1.20734800e+03  6.37000000e-01 7.89530000e+01
 -4.59438505e+03  4.93293000e+03  1.20734800e+03  6.37000000e-01 7.89530000e+01
 -4.59438505e+03  4.93293000e+03  1.20734800e+03  6.37000000e-01 7.89530000e+01
 -4.59438505e+03  4.93293000e+03  1.20734800e+03  6.37000000e-01 7.89530000e+01
 -4.59438505e+03  4.93293000e+03  1.20734800e+03  6.37000000e-01 7.89530000e+01
 -4.59438505e+03  4.93293000e+03  1.20734800e+03  6.37000000e-01 7.89530000e+01
 -4.59438505e+03  4.93293000e+03  1.20734800e+03  6.37000000e-01 7.89530000e+01
 -4.59438505e+03  4.93293000e+03  1.20734800e+03  6.37000000e-01 7.89530000e+01
 -4.59438505e+03  4.93293000e+03  1.20734800e+03  6.37000000e-01 7.89530000e+01
 -4.59438505e+03  4.93293000e+03  1.20734800e+03  6.37000000e-01 7.89530000e+01
 -4.59438505e+03  4.93293000e+03  1.20734800e+03  6.37000000e-01 7.89530000e+01
 -4.59438505e+03  4.93293000e+03  1.20734800e+03  6.37000000e-01 7.89530000e+01
 -4.59438505e+03  4.93293000e+03  1.20734800e+03  6.37000000e-01 7.89530000e+01
 -4.59438505e+03  4.93293000e+03  1.20734800e+03  6.37000000e-01 7.89530000e+01
 -4.59438505e+03  4.93293000e+03  1.20734800e+03  6.37000000e-01 7.89530000e+01
 -4.59438505e+03  4.93293000e+03  1.20734800e+03  6.37000000e-01 7.89530000e+01
 -4.59438505e+03  4.93293000e+03  1.20734800e+03  6.37000000e-01 7.89530000e+01
 -4.59438505e+03  4.93293000e+03  1.20734800e+03  6.37000000e-01 7.89530000e+01
 -4.59438505e+03  4.93293000e+03  1.20734800e+03  6.37000000e-01 7.89530000e+01
 -4.59438505e+03  4.93293000e+03  1.20734800e+03  6.37000000e-01 7.89530000e+01
 -4.59438505e+03  4.93293000e+03  1.20734800e+03  6.37000000e-01 7.89530000e+01
 -4.59438505e+03  4.93293000e+03  1.20734800e+03  6.37000000e-01 7.89530000e+01
 -4.59438505e+03  4.93293000e+03  1.20734800e+03  6.37000000e-01 7.89530000e+01