-4.58901987e+03  4.93731000e+03  1.16081800e+03  6.47000000e-01 8.05930000e+01
 -4.58901987e+03  4.93731000e+03  1.16081800e+03  6.47000000e-01 8.05930000e+01
 -4.58901987e+03  4.93731000e+03  1.16081800e+03  6.47000000e-01 8.05930000e+01
 -4.58901987e+03  4.93731000e+03  1.16081800e+03  6.47000000e-01 8.05930000e+01
 -4.58901987e+03  4.93731000e+03  1.16081800e+03  6.47000000e-01 8.05930000e+01
 -4.58901987e+03  4.93731000e+03  1.16081800e+03  6.47000000e-01 8.05930000e+01
 -4.58901987e+03  4.93731000e+03  1.16081800e+03  6.47000000e-01 8.05930000e+01
 -4.58901987e+03  4.93731000e+03  1.16081800e+03  6.47000000e-01 8.05930000e+01
 -4.58901987e+03  4.93731000e+03  1.16081800e+03  6.47000000e-01 8.05930000e+01
 -4.58901987e+03  4.93731000e+03  1.16081800e+03  6.47000000e-01 8.05930000e+01
 -4.58901987e+03  4.93731000e+03  1.16081800e+03  6.47000000e-01 8.05930000e+01
 -4.58901987e+03  4.93731000e+03  1.16081800e+03  6.47000000e-01 8.05930000e+01
 -4.58901987e+03  4.93731000e+03  1.16081800e+03  6.47000000e-01 8.05930000e+01
 -4.58901987e+03  4.93731000e+03  1.16081800e+03  6.47000000e-01 8.05930000e+01
 -4.58901987e+03  4.93731000e+03  1.16081800e+03  6.47000000e-01 8.05930000e+01
 -4.58901987e+03  4.93731000e+03  1.16081800e+03  6.47000000e-01 8.05930000e+01
 -4.58901987e+03  4.93731000e+03  1.16081800e+03  6.47000000e-01 8.05930000e+01
 -4.58901987e+03  4.93731000e+03  1.16081800e+03  6.47000000e-01 8.05930000e+01
 -4.58901987e+03  4.93731000e+03  1.16081800e+03  6.47000000e-01 8.05930000e+01
 -4.58901987e+03  4.93731000e+03  1.16081800e+03  6.47000000e-01 8.05930000e+01
 -4.58901987e+03  4.93731000e+03  1.16081800e+03  6.47000000e-01 8.05930000e+01
 -4.58901987e+03  4.93731000e+03  1.16081800e+03  6.47000000e-01 8.05930000e+01
 -4.58901987e+03  4.93731000e+03  1.16081800e+03  6.47000000e-01 8.05930000e+01
 -4.58901987e+03  4.93731000e+03  1.16081800e+03  6.47000000e-01 8.05930000e+01
 -4.58901987e+03  4.93731000e+03  1.16081800e+03  6.47000000e-01 8.05930000e+01
 -4.58901987e+03  4.93731000e+03  1.16081800e+03  6.47000000e-01 8.05930000e+01
 -4.58901987e+03  4.93731000e+03  1.16081800e+03  6.47000000e-01 8.05930000e+01
 -4.58901987e+03  4.93731000e+03  1.16081800e+03  6.47000000e-01 8.05930000e+01
 -4.58901987e+03  4.93731000e+03  1.16081800e+03  6.47000000e-01 8.05930000e+01
 -4.58901987e+03  4.93731000e+03  1.16081800e+03  6.47000000e-01 8.05930000e+01
 -4.58901987e+03  4.93731000e+03  1.16081800e+03  6.47000000e-01 8.05930000e+01
 -4.58901987e+03  4.93731000e+03  1.16081800e+03  6.47000000e-01 8.05930000e+01
 -4.58901987e+03  4.93731000e+03  1.16081800e+03  6.47000000e-01 8.05930000e+01
 -4.58901987e+03  4.93731000e+03  1.16081800e+03  6.47000000e-01 8.05930000e+01
 -4.58901987e+03  4.93731000e+03  1.16081800e+03  6.47000000e-01 8.05930000e+01
 -4.58901987e+03  4.93731000e+03  1.16081800e+03  6.47000000e-01 8.05930000e+01
 -4.58901987e+03  4.93731000e+03  1.16081800e+03  6.47000000e-01 8.05930000e+01
 -4.58901987e+03  4.93731000e+03  1.16081800e+03  6.47000000e-01 8.05930000e+01
 -4.58901987e+03  4.93731000e+03  1.16081800e+03  6.47000000e-01 8.05930000e+01
 -4.58901987e+03  4.93731000e+03  1.16081800e+03  6.47000000e-01 8.05930000e+01
 -4.58901987e+03  4.93731000e+03  1.16081800e+03  6.47000000e-01 8.05930000e+01
 -4.58901987e+03  4.93731000e+03  1.16081800e+03  6.47000000e-01 8.05930000e+01
 -4.58901987e+03  4.93731000e+03  1.16081800e+03  6.47000000e-01 8.05930000e+01
 -4.58901987e+03  4.93731000e+03  1.16081800e+03  6.47000000e-01 8.05930000e+01
 -4.58901987e+03  4.93731000e+03  1.16081800e+03  6.47000000e-01 8.05930000e+01
 -4.58901987e+03  4.93731000e+03  1.16081800e+03  6.47000000e-01 8.05930000e+01
 -4.58901987e+03  4.93731000e+03  1.16081800e+03  6.47000000e-01 8.05930000e+01
 -4.58901987e+03  4.93731000e+03  1.16081800e+03  6.47000000e-01 8.05930000e+01
 -4.58901987e+03  4.93731000e+03  1.16081800e+03  6.47000000e-01 8.05930000e+01
 -4.58901987e+03  4.93731000e+03  1.16081800e+03  6.47000000e-01 8.05930000e+01
 -4.58901987e+03  4.93731000e+03  1.16081800e+03  6.47000000e-01 8.05930000e+01
 -4.58901987e+03  4.93731000e+03  1.16081800e+03  6.47000000e-01 8.05930000e+01
 -4.58901987e+03  4.93731000e+03  1.16081800e+03  6.47000000e-01 8.05930000e+01
 -4.58901987e+03  4.93731000e+03  1.16081800e+03  6.47000000e-01 8.05930000e+01
 -4.58901987e+03  4.93731000e+03  1.16081800e+03  6.47000000e-01 8.05930000e+01
 -4.58901987e+03  4.93731000e+03  1.16081800e+03  6.47000000e-01 8.05930000e+01
 -4.58901987e+03  4.93731000e+03  1.16081800e+03  6.47000000e-01 8.05930000e+01
 -4.58901987e+03  4.93731000e+03  1.16081800e+03  6.47000000e-01 8.05930000e+01
 -4.58901987e+03  4.93731000e+03  1.16081800e+03  6.47000000e-01 8.05930000e+01
 -4.58901987e+03  4.93731000e+03  1.16081800e+03  6.47000000e-01 8.05930000e+01
 -4.58901987e+03  4.93731000e+03  1.16081800e+03  6.47000000e-01 8.05930000e+01
 -4.58901987e+03  4.93731000e+03  1.16081800e+03  6.47000000e-01 8.05930000e+01
 -4.58901987e+03  4.93731000e+03  1.16081800e+03  6.47000000e-01 8.05930000e+01
 -4.58901987e+03  4.93731000e+03  1.16081800e+03  6.47000000e-01 8.05930000e+01
 -4.58901987e+03  4.93731000e+03  1.16081800e+03  6.47000000e-01 8.05930000e+01
 -4.58901987e+03  4.93731000e+03  1.16081800e+03  6.47000000e-01 8.05930000e+01
 -4.58901987e+03  4.93731000e+03  1.16081800e+03  6.47000000e-01 8.05930000e+01
 -4.58901987e+03  4.93731000e+03  1.16081800e+03  6.47000000e-01 8.05930000e+01
 -4.58901987e+03  4.93731000e+03  1.16081800e+03  6.47000000e-01 8.05930000e+01
 -4.58901987e+03  4.93731000e+03  1.16081800e+03  6.47000000e-01 8.05930000e+01
 -4.58901987e+03  4.93731000e+03  1.16081800e+03  6.47000000e-01 8.05930000e+01
 -4.58901987e+03  4.93731000e+03  1.16081800e+03  6.47000000e-01 8.05930000e+01
 -4.58901987e+03  4.93731000e+03  1.16081800e+03  6.47000000e-01 8.05930000e+01
 -4.58901987e+03  4.93731000e+03  1.16081800e+03  6.47000000e-01 8.05930000e+01
 -4.58901987e+03  4.93731000e+03  1.16081800e+03  6.47000000e-01 8.05930000e+01
 -4.58901987e+03  4.93731000e+03  1.16081800e+03  6.47000000e-01 8.05930000e+01
 -4.58901987e+03  4.93731000e+03  1.16081800e+03  6.47000000e-01 8.05930000e+01
 -4.58901987e+03  4.93731000e+03  1.16081800e+03  6.47000000e-01 8.05930000e+01
 -4.58901987e+03  4.93731000e+03  1.16081800e+03  6.47000000e-01 8.05930000e+01
 -4.58901987e+03  4.93731000e+03  1.16081800e+03  6.47000000e-01 8.05930000e+01
 -4.58901987e+03  4.93731000e+03  1.16081800e+03  6.47000000e-01 8.05930000e+01
 -4.58901987e+03  4.93731000e+03  1.16081800e+03  6.47000000e-01 8.05930000e+01
 -4.58901987e+03  4.93731000e+03  1.16081800e+03  6.47000000e-01 8.05930000e+01
 -4.58901987e+03  4.93731000e+03  1.16081800e+03  6.47000000e-01 8.05930000e+01
 -4.58901987e+03  4.93731000e+03  1.16081800e+03  6.47000000e-01 8.05930000e+01
 -4.58901987e+03  4.93731000e+03  1.16081800e+03  6.47000000e-01 8.05930000e+01
 -4.58901987e+03  4.93731000e+03  1.16081800e+03  6.47000000e-01 8.05930000e+01
 -4.58901987e+03  4.93731000e+03  1.16081800e+03  6.47000000e-01 8.05930000e+01
 -4.58901987e+03  4.93731000e+03  1.16081800e+03  6.47000000e-01 8.05930000e+01
 -4.58901987e+03  4.93731000e+03  1.16081800e+03  6.47000000e-01 8.05930000e+01
 -4.58901987e+03  4.93731000e+03  1.16081800e+03  6.47000000e-01 8.05930000e+01
 -4.58901987e+03  4.93731000e+03  1.16081800e+03  6.47000000e-01 8.05930000e+01
 -4.58901987e+03  4.93731000e+03  1.16081800e+03  6.47000000e-01 8.05930000e+01
 -4.58901987e+03  4.93731000e+03  1.16081800e+03  6.47000000e-01 8.05930000e+01
 -4.58901987e+03  4.93731000e+03  1.16081800e+03  6.47000000e-01 8.05930000e+01
 -4.58901987e+03  4.93731000e+03  1.16081800e+03  6.47000000e-01 8.05930000e+01
 -4.58901987e+03  4.93731000e+03  1.16081800e+03  6.47000000e-01 8.05930000e+01
 -4.58901987e+03  4.93731000e+03  1.16081800e+03  6.47000000e-01 8.05930000e+01
 -4.58901987e+03  4.93731000e+03  1.16081800e+03  6.47000000e-01 8.05930000e+01
 -4.58901987e+03  4.93731000e+03  1.16081800e+03  6.47000000e-01 8.05930000e+01