-4.58689183e+03  4.92662000e+03  1.18105500e+03  6.48000000e-01 8.71350000e+01
 -4.58689183e+03  4.92662000e+03  1.18105500e+03  6.48000000e-01 8.71350000e+01
 -4.58689183e+03  4.92662000e+03  1.18105500e+03  6.48000000e-01 8.71350000e+01
 -4.58689183e+03  4.92662000e+03  1.18105500e+03  6.48000000e-01 8.71350000e+01
 -4.58689183e+03  4.92662000e+03  1.18105500e+03  6.48000000e-01 8.71350000e+01
 -4.58689183e+03  4.92662000e+03  1.18105500e+03  6.48000000e-01 8.71350000e+01
 -4.58689183e+03  4.92662000e+03  1.18105500e+03  6.48000000e-01 8.71350000e+01
 -4.58689183e+03  4.92662000e+03  1.18105500e+03  6.48000000e-01 8.71350000e+01
 -4.58689183e+03  4.92662000e+03  1.18105500e+03  6.48000000e-01 8.71350000e+01
 -4.58689183e+03  4.92662000e+03  1.18105500e+03  6.48000000e-01 8.71350000e+01
 -4.58689183e+03  4.92662000e+03  1.18105500e+03  6.48000000e-01 8.71350000e+01
 -4.58689183e+03  4.92662000e+03  1.18105500e+03  6.48000000e-01 8.71350000e+01
 -4.58689183e+03  4.92662000e+03  1.18105500e+03  6.48000000e-01 8.71350000e+01
 -4.58689183e+03  4.92662000e+03  1.18105500e+03  6.48000000e-01 8.71350000e+01
 -4.58689183e+03  4.92662000e+03  1.18105500e+03  6.48000000e-01 8.71350000e+01
 -4.58689183e+03  4.92662000e+03  1.18105500e+03  6.48000000e-01 8.71350000e+01
 -4.58689183e+03  4.92662000e+03  1.18105500e+03  6.48000000e-01 8.71350000e+01
 -4.58689183e+03  4.92662000e+03  1.18105500e+03  6.48000000e-01 8.71350000e+01
 -4.58689183e+03  4.92662000e+03  1.18105500e+03  6.48000000e-01 8.71350000e+01
 -4.58689183e+03  4.92662000e+03  1.18105500e+03  6.48000000e-01 8.71350000e+01
 -4.58689183e+03  4.92662000e+03  1.18105500e+03  6.48000000e-01 8.71350000e+01
 -4.58689183e+03  4.92662000e+03  1.18105500e+03  6.48000000e-01 8.71350000e+01
 -4.58689183e+03  4.92662000e+03  1.18105500e+03  6.48000000e-01 8.71350000e+01
 -4.58689183e+03  4.92662000e+03  1.18105500e+03  6.48000000e-01 8.71350000e+01
 -4.58689183e+03  4.92662000e+03  1.18105500e+03  6.48000000e-01 8.71350000e+01
 -4.58689183e+03  4.92662000e+03  1.18105500e+03  6.48000000e-01 8.71350000e+01
 -4.58689183e+03  4.92662000e+03  1.18105500e+03  6.48000000e-01 8.71350000e+01
 -4.58689183e+03  4.92662000e+03  1.18105500e+03  6.48000000e-01 8.71350000e+01
 -4.58689183e+03  4.92662000e+03  1.18105500e+03  6.48000000e-01 8.71350000e+01
 -4.58689183e+03  4.92662000e+03  1.18105500e+03  6.48000000e-01 8.71350000e+01
 -4.58689183e+03  4.92662000e+03  1.18105500e+03  6.48000000e-01 8.71350000e+01
 -4.58689183e+03  4.92662000e+03  1.18105500e+03  6.48000000e-01 8.71350000e+01
 -4.58689183e+03  4.92662000e+03  1.18105500e+03  6.48000000e-01 8.71350000e+01
 -4.58689183e+03  4.92662000e+03  1.18105500e+03  6.48000000e-01 8.71350000e+01
 -4.58689183e+03  4.92662000e+03  1.18105500e+03  6.48000000e-01 8.71350000e+01
 -4.58689183e+03  4.92662000e+03  1.18105500e+03  6.48000000e-01 8.71350000e+01
 -4.58689183e+03  4.92662000e+03  1.18105500e+03  6.48000000e-01 8.71350000e+01
 -4.58689183e+03  4.92662000e+03  1.18105500e+03  6.48000000e-01 8.71350000e+01
 -4.58689183e+03  4.92662000e+03  1.18105500e+03  6.48000000e-01 8.71350000e+01
 -4.58689183e+03  4.92662000e+03  1.18105500e+03  6.48000000e-01 8.71350000e+01
 -4.58689183e+03  4.92662000e+03  1.18105500e+03  6.48000000e-01 8.71350000e+01
 -4.58689183e+03  4.92662000e+03  1.18105500e+03  6.48000000e-01 8.71350000e+01
 -4.58689183e+03  4.92662000e+03  1.18105500e+03  6.48000000e-01 8.71350000e+01
 -4.58689183e+03  4.92662000e+03  1.18105500e+03  6.48000000e-01 8.71350000e+01
 -4.58689183e+03  4.92662000e+03  1.18105500e+03  6.48000000e-01 8.71350000e+01
 -4.58689183e+03  4.92662000e+03  1.18105500e+03  6.48000000e-01 8.71350000e+01
 -4.58689183e+03  4.92662000e+03  1.18105500e+03  6.48000000e-01 8.71350000e+01
 -4.58689183e+03  4.92662000e+03  1.18105500e+03  6.48000000e-01 8.71350000e+01
 -4.58689183e+03  4.92662000e+03  1.18105500e+03  6.48000000e-01 8.71350000e+01
 -4.58689183e+03  4.92662000e+03  1.18105500e+03  6.48000000e-01 8.71350000e+01
 -4.58689183e+03  4.92662000e+03  1.18105500e+03  6.48000000e-01 8.71350000e+01
 -4.58689183e+03  4.92662000e+03  1.18105500e+03  6.48000000e-01 8.71350000e+01
 -4.58689183e+03  4.92662000e+03  1.18105500e+03  6.48000000e-01 8.71350000e+01
 -4.58689183e+03  4.92662000e+03  1.18105500e+03  6.48000000e-01 8.71350000e+01
 -4.58689183e+03  4.92662000e+03  1.18105500e+03  6.48000000e-01 8.71350000e+01
 -4.58689183e+03  4.92662000e+03  1.18105500e+03  6.48000000e-01 8.71350000e+01
 -4.58689183e+03  4.92662000e+03  1.18105500e+03  6.48000000e-01 8.71350000e+01
 -4.58689183e+03  4.92662000e+03  1.18105500e+03  6.48000000e-01 8.71350000e+01
 -4.58689183e+03  4.92662000e+03  1.18105500e+03  6.48000000e-01 8.71350000e+01
 -4.58689183e+03  4.92662000e+03  1.18105500e+03  6.48000000e-01 8.71350000e+01
 -4.58689183e+03  4.92662000e+03  1.18105500e+03  6.48000000e-01 8.71350000e+01
 -4.58689183e+03  4.92662000e+03  1.18105500e+03  6.48000000e-01 8.71350000e+01
 -4.58689183e+03  4.92662000e+03  1.18105500e+03  6.48000000e-01 8.71350000e+01
 -4.58689183e+03  4.92662000e+03  1.18105500e+03  6.48000000e-01 8.71350000e+01
 -4.58689183e+03  4.92662000e+03  1.18105500e+03  6.48000000e-01 8.71350000e+01
 -4.58689183e+03  4.92662000e+03  1.18105500e+03  6.48000000e-01 8.71350000e+01
 -4.58689183e+03  4.92662000e+03  1.18105500e+03  6.48000000e-01 8.71350000e+01
 -4.58689183e+03  4.92662000e+03  1.18105500e+03  6.48000000e-01 8.71350000e+01
 -4.58689183e+03  4.92662000e+03  1.18105500e+03  6.48000000e-01 8.71350000e+01
 -4.58689183e+03  4.92662000e+03  1.18105500e+03  6.48000000e-01 8.71350000e+01
 -4.58689183e+03  4.92662000e+03  1.18105500e+03  6.48000000e-01 8.71350000e+01
 -4.58689183e+03  4.92662000e+03  1.18105500e+03  6.48000000e-01 8.71350000e+01
 -4.58689183e+03  4.92662000e+03  1.18105500e+03  6.48000000e-01 8.71350000e+01
 -4.58689183e+03  4.92662000e+03  1.18105500e+03  6.48000000e-01 8.71350000e+01
 -4.58689183e+03  4.92662000e+03  1.18105500e+03  6.48000000e-01 8.71350000e+01
 -4.58689183e+03  4.92662000e+03  1.18105500e+03  6.48000000e-01 8.71350000e+01
 -4.58689183e+03  4.92662000e+03  1.18105500e+03  6.48000000e-01 8.71350000e+01
 -4.58689183e+03  4.92662000e+03  1.18105500e+03  6.48000000e-01 8.71350000e+01
 -4.58689183e+03  4.92662000e+03  1.18105500e+03  6.48000000e-01 8.71350000e+01
 -4.58689183e+03  4.92662000e+03  1.18105500e+03  6.48000000e-01 8.71350000e+01
 -4.58689183e+03  4.92662000e+03  1.18105500e+03  6.48000000e-01 8.71350000e+01
 -4.58689183e+03  4.92662000e+03  1.18105500e+03  6.48000000e-01 8.71350000e+01
 -4.58689183e+03  4.92662000e+03  1.18105500e+03  6.48000000e-01 8.71350000e+01
 -4.58689183e+03  4.92662000e+03  1.18105500e+03  6.48000000e-01 8.71350000e+01
 -4.58689183e+03  4.92662000e+03  1.18105500e+03  6.48000000e-01 8.71350000e+01
 -4.58689183e+03  4.92662000e+03  1.18105500e+03  6.48000000e-01 8.71350000e+01
 -4.58689183e+03  4.92662000e+03  1.18105500e+03  6.48000000e-01 8.71350000e+01
 -4.58689183e+03  4.92662000e+03  1.18105500e+03  6.48000000e-01 8.71350000e+01
 -4.58689183e+03  4.92662000e+03  1.18105500e+03  6.48000000e-01 8.71350000e+01
 -4.58689183e+03  4.92662000e+03  1.18105500e+03  6.48000000e-01 8.71350000e+01
 -4.58689183e+03  4.92662000e+03  1.18105500e+03  6.48000000e-01 8.71350000e+01
 -4.58689183e+03  4.92662000e+03  1.18105500e+03  6.48000000e-01 8.71350000e+01
 -4.58689183e+03  4.92662000e+03  1.18105500e+03  6.48000000e-01 8.71350000e+01
 -4.58689183e+03  4.92662000e+03  1.18105500e+03  6.48000000e-01 8.71350000e+01
 -4.58689183e+03  4.92662000e+03  1.18105500e+03  6.48000000e-01 8.71350000e+01
 -4.58689183e+03  4.92662000e+03  1.18105500e+03  6.48000000e-01 8.71350000e+01
 -4.58689183e+03  4.92662000e+03  1.18105500e+03  6.48000000e-01 8.71350000e+01
 -4.58689183e+03  4.92662000e+03  1.18105500e+03  6.48000000e-01 8.71350000e+01
 -4.58689183e+03  4.92662000e+03  1.18105500e+03  6.48000000e-01 8.71350000e+01
 -4.58689183e+03  4.92662000e+03  1.18105500e+03  6.48000000e-01 8.71350000e+01