-4.58467207e+03  4.92514000e+03  1.20650400e+03  6.47000000e-01 7.88940000e+01
 -4.58467207e+03  4.92514000e+03  1.20650400e+03  6.47000000e-01 7.88940000e+01
 -4.58467207e+03  4.92514000e+03  1.20650400e+03  6.47000000e-01 7.88940000e+01
 -4.58467207e+03  4.92514000e+03  1.20650400e+03  6.47000000e-01 7.88940000e+01
 -4.58467207e+03  4.92514000e+03  1.20650400e+03  6.47000000e-01 7.88940000e+01
 -4.58467207e+03  4.92514000e+03  1.20650400e+03  6.47000000e-01 7.88940000e+01
 -4.58467207e+03  4.92514000e+03  1.20650400e+03  6.47000000e-01 7.88940000e+01
 -4.58467207e+03  4.92514000e+03  1.20650400e+03  6.47000000e-01 7.88940000e+01
 -4.58467207e+03  4.92514000e+03  1.20650400e+03  6.47000000e-01 7.88940000e+01
 -4.58467207e+03  4.92514000e+03  1.20650400e+03  6.47000000e-01 7.88940000e+01
 -4.58467207e+03  4.92514000e+03  1.20650400e+03  6.47000000e-01 7.88940000e+01
 -4.58467207e+03  4.92514000e+03  1.20650400e+03  6.47000000e-01 7.88940000e+01
 -4.58467207e+03  4.92514000e+03  1.20650400e+03  6.47000000e-01 7.88940000e+01
 -4.58467207e+03  4.92514000e+03  1.20650400e+03  6.47000000e-01 7.88940000e+01
 -4.58467207e+03  4.92514000e+03  1.20650400e+03  6.47000000e-01 7.88940000e+01
 -4.58467207e+03  4.92514000e+03  1.20650400e+03  6.47000000e-01 7.88940000e+01
 -4.58467207e+03  4.92514000e+03  1.20650400e+03  6.47000000e-01 7.88940000e+01
 -4.58467207e+03  4.92514000e+03  1.20650400e+03  6.47000000e-01 7.88940000e+01
 -4.58467207e+03  4.92514000e+03  1.20650400e+03  6.47000000e-01 7.88940000e+01
 -4.58467207e+03  4.92514000e+03  1.20650400e+03  6.47000000e-01 7.88940000e+01
 -4.58467207e+03  4.92514000e+03  1.20650400e+03  6.47000000e-01 7.88940000e+01
 -4.58467207e+03  4.92514000e+03  1.20650400e+03  6.47000000e-01 7.88940000e+01
 -4.58467207e+03  4.92514000e+03  1.20650400e+03  6.47000000e-01 7.88940000e+01
 -4.58467207e+03  4.92514000e+03  1.20650400e+03  6.47000000e-01 7.88940000e+01
 -4.58467207e+03  4.92514000e+03  1.20650400e+03  6.47000000e-01 7.88940000e+01
 -4.58467207e+03  4.92514000e+03  1.20650400e+03  6.47000000e-01 7.88940000e+01
 -4.58467207e+03  4.92514000e+03  1.20650400e+03  6.47000000e-01 7.88940000e+01
 -4.58467207e+03  4.92514000e+03  1.20650400e+03  6.47000000e-01 7.88940000e+01
 -4.58467207e+03  4.92514000e+03  1.20650400e+03  6.47000000e-01 7.88940000e+01
 -4.58467207e+03  4.92514000e+03  1.20650400e+03  6.47000000e-01 7.88940000e+01
 -4.58467207e+03  4.92514000e+03  1.20650400e+03  6.47000000e-01 7.88940000e+01
 -4.58467207e+03  4.92514000e+03  1.20650400e+03  6.47000000e-01 7.88940000e+01
 -4.58467207e+03  4.92514000e+03  1.20650400e+03  6.47000000e-01 7.88940000e+01
 -4.58467207e+03  4.92514000e+03  1.20650400e+03  6.47000000e-01 7.88940000e+01
 -4.58467207e+03  4.92514000e+03  1.20650400e+03  6.47000000e-01 7.88940000e+01
 -4.58467207e+03  4.92514000e+03  1.20650400e+03  6.47000000e-01 7.88940000e+01
 -4.58467207e+03  4.92514000e+03  1.20650400e+03  6.47000000e-01 7.88940000e+01
 -4.58467207e+03  4.92514000e+03  1.20650400e+03  6.47000000e-01 7.88940000e+01
 -4.58467207e+03  4.92514000e+03  1.20650400e+03  6.47000000e-01 7.88940000e+01
 -4.58467207e+03  4.92514000e+03  1.20650400e+03  6.47000000e-01 7.88940000e+01
 -4.58467207e+03  4.92514000e+03  1.20650400e+03  6.47000000e-01 7.88940000e+01
 -4.58467207e+03  4.92514000e+03  1.20650400e+03  6.47000000e-01 7.88940000e+01
 -4.58467207e+03  4.92514000e+03  1.20650400e+03  6.47000000e-01 7.88940000e+01
 -4.58467207e+03  4.92514000e+03  1.20650400e+03  6.47000000e-01 7.88940000e+01
 -4.58467207e+03  4.92514000e+03  1.20650400e+03  6.47000000e-01 7.88940000e+01
 -4.58467207e+03  4.92514000e+03  1.20650400e+03  6.47000000e-01 7.88940000e+01
 -4.58467207e+03  4.92514000e+03  1.20650400e+03  6.47000000e-01 7.88940000e+01
 -4.58467207e+03  4.92514000e+03  1.20650400e+03  6.47000000e-01 7.88940000e+01
 -4.58467207e+03  4.92514000e+03  1.20650400e+03  6.47000000e-01 7.88940000e+01
 -4.58467207e+03  4.92514000e+03  1.20650400e+03  6.47000000e-01 7.88940000e+01
 -4.58467207e+03  4.92514000e+03  1.20650400e+03  6.47000000e-01 7.88940000e+01
 -4.58467207e+03  4.92514000e+03  1.20650400e+03  6.47000000e-01 7.88940000e+01
 -4.58467207e+03  4.92514000e+03  1.20650400e+03  6.47000000e-01 7.88940000e+01
 -4.58467207e+03  4.92514000e+03  1.20650400e+03  6.47000000e-01 7.88940000e+01
 -4.58467207e+03  4.92514000e+03  1.20650400e+03  6.47000000e-01 7.88940000e+01
 -4.58467207e+03  4.92514000e+03  1.20650400e+03  6.47000000e-01 7.88940000e+01
 -4.58467207e+03  4.92514000e+03  1.20650400e+03  6.47000000e-01 7.88940000e+01
 -4.58467207e+03  4.92514000e+03  1.20650400e+03  6.47000000e-01 7.88940000e+01
 -4.58467207e+03  4.92514000e+03  1.20650400e+03  6.47000000e-01 7.88940000e+01
 -4.58467207e+03  4.92514000e+03  1.20650400e+03  6.47000000e-01 7.88940000e+01
 -4.58467207e+03  4.92514000e+03  1.20650400e+03  6.47000000e-01 7.88940000e+01
 -4.58467207e+03  4.92514000e+03  1.20650400e+03  6.47000000e-01 7.88940000e+01
 -4.58467207e+03  4.92514000e+03  1.20650400e+03  6.47000000e-01 7.88940000e+01
 -4.58467207e+03  4.92514000e+03  1.20650400e+03  6.47000000e-01 7.88940000e+01
 -4.58467207e+03  4.92514000e+03  1.20650400e+03  6.47000000e-01 7.88940000e+01
 -4.58467207e+03  4.92514000e+03  1.20650400e+03  6.47000000e-01 7.88940000e+01
 -4.58467207e+03  4.92514000e+03  1.20650400e+03  6.47000000e-01 7.88940000e+01
 -4.58467207e+03  4.92514000e+03  1.20650400e+03  6.47000000e-01 7.88940000e+01
 -4.58467207e+03  4.92514000e+03  1.20650400e+03  6.47000000e-01 7.88940000e+01
 -4.58467207e+03  4.92514000e+03  1.20650400e+03  6.47000000e-01 7.88940000e+01
 -4.58467207e+03  4.92514000e+03  1.20650400e+03  6.47000000e-01 7.88940000e+01
 -4.58467207e+03  4.92514000e+03  1.20650400e+03  6.47000000e-01 7.88940000e+01
 -4.58467207e+03  4.92514000e+03  1.20650400e+03  6.47000000e-01 7.88940000e+01
 -4.58467207e+03  4.92514000e+03  1.20650400e+03  6.47000000e-01 7.88940000e+01
 -4.58467207e+03  4.92514000e+03  1.20650400e+03  6.47000000e-01 7.88940000e+01
 -4.58467207e+03  4.92514000e+03  1.20650400e+03  6.47000000e-01 7.88940000e+01
 -4.58467207e+03  4.92514000e+03  1.20650400e+03  6.47000000e-01 7.88940000e+01
 -4.58467207e+03  4.92514000e+03  1.20650400e+03  6.47000000e-01 7.88940000e+01
 -4.58467207e+03  4.92514000e+03  1.20650400e+03  6.47000000e-01 7.88940000e+01
 -4.58467207e+03  4.92514000e+03  1.20650400e+03  6.47000000e-01 7.88940000e+01
 -4.58467207e+03  4.92514000e+03  1.20650400e+03  6.47000000e-01 7.88940000e+01
 -4.58467207e+03  4.92514000e+03  1.20650400e+03  6.47000000e-01 7.88940000e+01
 -4.58467207e+03  4.92514000e+03  1.20650400e+03  6.47000000e-01 7.88940000e+01
 -4.58467207e+03  4.92514000e+03  1.20650400e+03  6.47000000e-01 7.88940000e+01
 -4.58467207e+03  4.92514000e+03  1.20650400e+03  6.47000000e-01 7.88940000e+01
 -4.58467207e+03  4.92514000e+03  1.20650400e+03  6.47000000e-01 7.88940000e+01
 -4.58467207e+03  4.92514000e+03  1.20650400e+03  6.47000000e-01 7.88940000e+01
 -4.58467207e+03  4.92514000e+03  1.20650400e+03  6.47000000e-01 7.88940000e+01
 -4.58467207e+03  4.92514000e+03  1.20650400e+03  6.47000000e-01 7.88940000e+01
 -4.58467207e+03  4.92514000e+03  1.20650400e+03  6.47000000e-01 7.88940000e+01
 -4.58467207e+03  4.92514000e+03  1.20650400e+03  6.47000000e-01 7.88940000e+01
 -4.58467207e+03  4.92514000e+03  1.20650400e+03  6.47000000e-01 7.88940000e+01
 -4.58467207e+03  4.92514000e+03  1.20650400e+03  6.47000000e-01 7.88940000e+01
 -4.58467207e+03  4.92514000e+03  1.20650400e+03  6.47000000e-01 7.88940000e+01
 -4.58467207e+03  4.92514000e+03  1.20650400e+03  6.47000000e-01 7.88940000e+01
 -4.58467207e+03  4.92514000e+03  1.20650400e+03  6.47000000e-01 7.88940000e+01
 -4.58467207e+03  4.92514000e+03  1.20650400e+03  6.47000000e-01 7.88940000e+01
 -4.58467207e+03  4.92514000e+03  1.20650400e+03  6.47000000e-01 7.88940000e+01
 -4.58467207e+03  4.92514000e+03  1.20650400e+03  6.47000000e-01 7.88940000e+01
 -4.58467207e+03  4.92514000e+03  1.20650400e+03  6.47000000e-01 7.88940000e+01