-4.62922524e+03  4.98337000e+03  1.21115100e+03  6.37000000e-01 8.40630000e+01
 -4.62922524e+03  4.98337000e+03  1.21115100e+03  6.37000000e-01 8.40630000e+01
 -4.62922524e+03  4.98337000e+03  1.21115100e+03  6.37000000e-01 8.40630000e+01
 -4.62922524e+03  4.98337000e+03  1.21115100e+03  6.37000000e-01 8.40630000e+01
 -4.62922524e+03  4.98337000e+03  1.21115100e+03  6.37000000e-01 8.40630000e+01
 -4.62922524e+03  4.98337000e+03  1.21115100e+03  6.37000000e-01 8.40630000e+01
 -4.62922524e+03  4.98337000e+03  1.21115100e+03  6.37000000e-01 8.40630000e+01
 -4.62922524e+03  4.98337000e+03  1.21115100e+03  6.37000000e-01 8.40630000e+01
 -4.62922524e+03  4.98337000e+03  1.21115100e+03  6.37000000e-01 8.40630000e+01
 -4.62922524e+03  4.98337000e+03  1.21115100e+03  6.37000000e-01 8.40630000e+01
 -4.62922524e+03  4.98337000e+03  1.21115100e+03  6.37000000e-01 8.40630000e+01
 -4.62922524e+03  4.98337000e+03  1.21115100e+03  6.37000000e-01 8.40630000e+01
 -4.62922524e+03  4.98337000e+03  1.21115100e+03  6.37000000e-01 8.40630000e+01
 -4.62922524e+03  4.98337000e+03  1.21115100e+03  6.37000000e-01 8.40630000e+01
 -4.62922524e+03  4.98337000e+03  1.21115100e+03  6.37000000e-01 8.40630000e+01
 -4.62922524e+03  4.98337000e+03  1.21115100e+03  6.37000000e-01 8.40630000e+01
 -4.62922524e+03  4.98337000e+03  1.21115100e+03  6.37000000e-01 8.40630000e+01
 -4.62922524e+03  4.98337000e+03  1.21115100e+03  6.37000000e-01 8.40630000e+01
 -4.62922524e+03  4.98337000e+03  1.21115100e+03  6.37000000e-01 8.40630000e+01
 -4.62922524e+03  4.98337000e+03  1.21115100e+03  6.37000000e-01 8.40630000e+01
 -4.62922524e+03  4.98337000e+03  1.21115100e+03  6.37000000e-01 8.40630000e+01
 -4.62922524e+03  4.98337000e+03  1.21115100e+03  6.37000000e-01 8.40630000e+01
 -4.62922524e+03  4.98337000e+03  1.21115100e+03  6.37000000e-01 8.40630000e+01
 -4.62922524e+03  4.98337000e+03  1.21115100e+03  6.37000000e-01 8.40630000e+01
 -4.62922524e+03  4.98337000e+03  1.21115100e+03  6.37000000e-01 8.40630000e+01
 -4.62922524e+03  4.98337000e+03  1.21115100e+03  6.37000000e-01 8.40630000e+01
 -4.62922524e+03  4.98337000e+03  1.21115100e+03  6.37000000e-01 8.40630000e+01
 -4.62922524e+03  4.98337000e+03  1.21115100e+03  6.37000000e-01 8.40630000e+01
 -4.62922524e+03  4.98337000e+03  1.21115100e+03  6.37000000e-01 8.40630000e+01
 -4.62922524e+03  4.98337000e+03  1.21115100e+03  6.37000000e-01 8.40630000e+01
 -4.62922524e+03  4.98337000e+03  1.21115100e+03  6.37000000e-01 8.40630000e+01
 -4.62922524e+03  4.98337000e+03  1.21115100e+03  6.37000000e-01 8.40630000e+01
 -4.62922524e+03  4.98337000e+03  1.21115100e+03  6.37000000e-01 8.40630000e+01
 -4.62922524e+03  4.98337000e+03  1.21115100e+03  6.37000000e-01 8.40630000e+01
 -4.62922524e+03  4.98337000e+03  1.21115100e+03  6.37000000e-01 8.40630000e+01
 -4.62922524e+03  4.98337000e+03  1.21115100e+03  6.37000000e-01 8.40630000e+01
 -4.62922524e+03  4.98337000e+03  1.21115100e+03  6.37000000e-01 8.40630000e+01
 -4.62922524e+03  4.98337000e+03  1.21115100e+03  6.37000000e-01 8.40630000e+01
 -4.62922524e+03  4.98337000e+03  1.21115100e+03  6.37000000e-01 8.40630000e+01
 -4.62922524e+03  4.98337000e+03  1.21115100e+03  6.37000000e-01 8.40630000e+01
 -4.62922524e+03  4.98337000e+03  1.21115100e+03  6.37000000e-01 8.40630000e+01
 -4.62922524e+03  4.98337000e+03  1.21115100e+03  6.37000000e-01 8.40630000e+01
 -4.62922524e+03  4.98337000e+03  1.21115100e+03  6.37000000e-01 8.40630000e+01
 -4.62922524e+03  4.98337000e+03  1.21115100e+03  6.37000000e-01 8.40630000e+01
 -4.62922524e+03  4.98337000e+03  1.21115100e+03  6.37000000e-01 8.40630000e+01
 -4.62922524e+03  4.98337000e+03  1.21115100e+03  6.37000000e-01 8.40630000e+01
 -4.62922524e+03  4.98337000e+03  1.21115100e+03  6.37000000e-01 8.40630000e+01
 -4.62922524e+03  4.98337000e+03  1.21115100e+03  6.37000000e-01 8.40630000e+01
 -4.62922524e+03  4.98337000e+03  1.21115100e+03  6.37000000e-01 8.40630000e+01
 -4.62922524e+03  4.98337000e+03  1.21115100e+03  6.37000000e-01 8.40630000e+01
 -4.62922524e+03  4.98337000e+03  1.21115100e+03  6.37000000e-01 8.40630000e+01
 -4.62922524e+03  4.98337000e+03  1.21115100e+03  6.37000000e-01 8.40630000e+01
 -4.62922524e+03  4.98337000e+03  1.21115100e+03  6.37000000e-01 8.40630000e+01
 -4.62922524e+03  4.98337000e+03  1.21115100e+03  6.37000000e-01 8.40630000e+01
 -4.62922524e+03  4.98337000e+03  1.21115100e+03  6.37000000e-01 8.40630000e+01
 -4.62922524e+03  4.98337000e+03  1.21115100e+03  6.37000000e-01 8.40630000e+01
 -4.62922524e+03  4.98337000e+03  1.21115100e+03  6.37000000e-01 8.40630000e+01
 -4.62922524e+03  4.98337000e+03  1.21115100e+03  6.37000000e-01 8.40630000e+01
 -4.62922524e+03  4.98337000e+03  1.21115100e+03  6.37000000e-01 8.40630000e+01
 -4.62922524e+03  4.98337000e+03  1.21115100e+03  6.37000000e-01 8.40630000e+01
 -4.62922524e+03  4.98337000e+03  1.21115100e+03  6.37000000e-01 8.40630000e+01
 -4.62922524e+03  4.98337000e+03  1.21115100e+03  6.37000000e-01 8.40630000e+01
 -4.62922524e+03  4.98337000e+03  1.21115100e+03  6.37000000e-01 8.40630000e+01
 -4.62922524e+03  4.98337000e+03  1.21115100e+03  6.37000000e-01 8.40630000e+01
 -4.62922524e+03  4.98337000e+03  1.21115100e+03  6.37000000e-01 8.40630000e+01
 -4.62922524e+03  4.98337000e+03  1.21115100e+03  6.37000000e-01 8.40630000e+01
 -4.62922524e+03  4.98337000e+03  1.21115100e+03  6.37000000e-01 8.40630000e+01
 -4.62922524e+03  4.98337000e+03  1.21115100e+03  6.37000000e-01 8.40630000e+01
 -4.62922524e+03  4.98337000e+03  1.21115100e+03  6.37000000e-01 8.40630000e+01
 -4.62922524e+03  4.98337000e+03  1.21115100e+03  6.37000000e-01 8.40630000e+01
 -4.62922524e+03  4.98337000e+03  1.21115100e+03  6.37000000e-01 8.40630000e+01
 -4.62922524e+03  4.98337000e+03  1.21115100e+03  6.37000000e-01 8.40630000e+01
 -4.62922524e+03  4.98337000e+03  1.21115100e+03  6.37000000e-01 8.40630000e+01
 -4.62922524e+03  4.98337000e+03  1.21115100e+03  6.37000000e-01 8.40630000e+01
 -4.62922524e+03  4.98337000e+03  1.21115100e+03  6.37000000e-01 8.40630000e+01
 -4.62922524e+03  4.98337000e+03  1.21115100e+03  6.37000000e-01 8.40630000e+01
 -4.62922524e+03  4.98337000e+03  1.21115100e+03  6.37000000e-01 8.40630000e+01
 -4.62922524e+03  4.98337000e+03  1.21115100e+03  6.37000000e-01 8.40630000e+01
 -4.62922524e+03  4.98337000e+03  1.21115100e+03  6.37000000e-01 8.40630000e+01
 -4.62922524e+03  4.98337000e+03  1.21115100e+03  6.37000000e-01 8.40630000e+01
 -4.62922524e+03  4.98337000e+03  1.21115100e+03  6.37000000e-01 8.40630000e+01
 -4.62922524e+03  4.98337000e+03  1.21115100e+03  6.37000000e-01 8.40630000e+01
 -4.62922524e+03  4.98337000e+03  1.21115100e+03  6.37000000e-01 8.40630000e+01
 -4.62922524e+03  4.98337000e+03  1.21115100e+03  6.37000000e-01 8.40630000e+01
 -4.62922524e+03  4.98337000e+03  1.21115100e+03  6.37000000e-01 8.40630000e+01
 -4.62922524e+03  4.98337000e+03  1.21115100e+03  6.37000000e-01 8.40630000e+01
 -4.62922524e+03  4.98337000e+03  1.21115100e+03  6.37000000e-01 8.40630000e+01
 -4.62922524e+03  4.98337000e+03  1.21115100e+03  6.37000000e-01 8.40630000e+01
 -4.62922524e+03  4.98337000e+03  1.21115100e+03  6.37000000e-01 8.40630000e+01
 -4.62922524e+03  4.98337000e+03  1.21115100e+03  6.37000000e-01 8.40630000e+01
 -4.62922524e+03  4.98337000e+03  1.21115100e+03  6.37000000e-01 8.40630000e+01
 -4.62922524e+03  4.98337000e+03  1.21115100e+03  6.37000000e-01 8.40630000e+01
 -4.62922524e+03  4.98337000e+03  1.21115100e+03  6.37000000e-01 8.40630000e+01
 -4.62922524e+03  4.98337000e+03  1.21115100e+03  6.37000000e-01 8.40630000e+01
 -4.62922524e+03  4.98337000e+03  1.21115100e+03  6.37000000e-01 8.40630000e+01
 -4.62922524e+03  4.98337000e+03  1.21115100e+03  6.37000000e-01 8.40630000e+01
 -4.62922524e+03  4.98337000e+03  1.21115100e+03  6.37000000e-01 8.40630000e+01
 -4.62922524e+03  4.98337000e+03  1.21115100e+03  6.37000000e-01 8.40630000e+01
 -4.62922524e+03  4.98337000e+03  1.21115100e+03  6.37000000e-01 8.40630000e+01
 -4.62922524e+03  4.98337000e+03  1.21115100e+03  6.37000000e-01 8.40630000e+01