-4.58162675e+03  4.91953000e+03  1.19098600e+03  6.38000000e-01 7.83070000e+01
 -4.58162675e+03  4.91953000e+03  1.19098600e+03  6.38000000e-01 7.83070000e+01
 -4.58162675e+03  4.91953000e+03  1.19098600e+03  6.38000000e-01 7.83070000e+01
 -4.58162675e+03  4.91953000e+03  1.19098600e+03  6.38000000e-01 7.83070000e+01
 -4.58162675e+03  4.91953000e+03  1.19098600e+03  6.38000000e-01 7.83070000e+01
 -4.58162675e+03  4.91953000e+03  1.19098600e+03  6.38000000e-01 7.83070000e+01
 -4.58162675e+03  4.91953000e+03  1.19098600e+03  6.38000000e-01 7.83070000e+01
 -4.58162675e+03  4.91953000e+03  1.19098600e+03  6.38000000e-01 7.83070000e+01
 -4.58162675e+03  4.91953000e+03  1.19098600e+03  6.38000000e-01 7.83070000e+01
 -4.58162675e+03  4.91953000e+03  1.19098600e+03  6.38000000e-01 7.83070000e+01
 -4.58162675e+03  4.91953000e+03  1.19098600e+03  6.38000000e-01 7.83070000e+01
 -4.58162675e+03  4.91953000e+03  1.19098600e+03  6.38000000e-01 7.83070000e+01
 -4.58162675e+03  4.91953000e+03  1.19098600e+03  6.38000000e-01 7.83070000e+01
 -4.58162675e+03  4.91953000e+03  1.19098600e+03  6.38000000e-01 7.83070000e+01
 -4.58162675e+03  4.91953000e+03  1.19098600e+03  6.38000000e-01 7.83070000e+01
 -4.58162675e+03  4.91953000e+03  1.19098600e+03  6.38000000e-01 7.83070000e+01
 -4.58162675e+03  4.91953000e+03  1.19098600e+03  6.38000000e-01 7.83070000e+01
 -4.58162675e+03  4.91953000e+03  1.19098600e+03  6.38000000e-01 7.83070000e+01
 -4.58162675e+03  4.91953000e+03  1.19098600e+03  6.38000000e-01 7.83070000e+01
 -4.58162675e+03  4.91953000e+03  1.19098600e+03  6.38000000e-01 7.83070000e+01
 -4.58162675e+03  4.91953000e+03  1.19098600e+03  6.38000000e-01 7.83070000e+01
 -4.58162675e+03  4.91953000e+03  1.19098600e+03  6.38000000e-01 7.83070000e+01
 -4.58162675e+03  4.91953000e+03  1.19098600e+03  6.38000000e-01 7.83070000e+01
 -4.58162675e+03  4.91953000e+03  1.19098600e+03  6.38000000e-01 7.83070000e+01
 -4.58162675e+03  4.91953000e+03  1.19098600e+03  6.38000000e-01 7.83070000e+01
 -4.58162675e+03  4.91953000e+03  1.19098600e+03  6.38000000e-01 7.83070000e+01
 -4.58162675e+03  4.91953000e+03  1.19098600e+03  6.38000000e-01 7.83070000e+01
 -4.58162675e+03  4.91953000e+03  1.19098600e+03  6.38000000e-01 7.83070000e+01
 -4.58162675e+03  4.91953000e+03  1.19098600e+03  6.38000000e-01 7.83070000e+01
 -4.58162675e+03  4.91953000e+03  1.19098600e+03  6.38000000e-01 7.83070000e+01
 -4.58162675e+03  4.91953000e+03  1.19098600e+03  6.38000000e-01 7.83070000e+01
 -4.58162675e+03  4.91953000e+03  1.19098600e+03  6.38000000e-01 7.83070000e+01
 -4.58162675e+03  4.91953000e+03  1.19098600e+03  6.38000000e-01 7.83070000e+01
 -4.58162675e+03  4.91953000e+03  1.19098600e+03  6.38000000e-01 7.83070000e+01
 -4.58162675e+03  4.91953000e+03  1.19098600e+03  6.38000000e-01 7.83070000e+01
 -4.58162675e+03  4.91953000e+03  1.19098600e+03  6.38000000e-01 7.83070000e+01
 -4.58162675e+03  4.91953000e+03  1.19098600e+03  6.38000000e-01 7.83070000e+01
 -4.58162675e+03  4.91953000e+03  1.19098600e+03  6.38000000e-01 7.83070000e+01
 -4.58162675e+03  4.91953000e+03  1.19098600e+03  6.38000000e-01 7.83070000e+01
 -4.58162675e+03  4.91953000e+03  1.19098600e+03  6.38000000e-01 7.83070000e+01
 -4.58162675e+03  4.91953000e+03  1.19098600e+03  6.38000000e-01 7.83070000e+01
 -4.58162675e+03  4.91953000e+03  1.19098600e+03  6.38000000e-01 7.83070000e+01
 -4.58162675e+03  4.91953000e+03  1.19098600e+03  6.38000000e-01 7.83070000e+01
 -4.58162675e+03  4.91953000e+03  1.19098600e+03  6.38000000e-01 7.83070000e+01
 -4.58162675e+03  4.91953000e+03  1.19098600e+03  6.38000000e-01 7.83070000e+01
 -4.58162675e+03  4.91953000e+03  1.19098600e+03  6.38000000e-01 7.83070000e+01
 -4.58162675e+03  4.91953000e+03  1.19098600e+03  6.38000000e-01 7.83070000e+01
 -4.58162675e+03  4.91953000e+03  1.19098600e+03  6.38000000e-01 7.83070000e+01
 -4.58162675e+03  4.91953000e+03  1.19098600e+03  6.38000000e-01 7.83070000e+01
 -4.58162675e+03  4.91953000e+03  1.19098600e+03  6.38000000e-01 7.83070000e+01
 -4.58162675e+03  4.91953000e+03  1.19098600e+03  6.38000000e-01 7.83070000e+01
 -4.58162675e+03  4.91953000e+03  1.19098600e+03  6.38000000e-01 7.83070000e+01
 -4.58162675e+03  4.91953000e+03  1.19098600e+03  6.38000000e-01 7.83070000e+01
 -4.58162675e+03  4.91953000e+03  1.19098600e+03  6.38000000e-01 7.83070000e+01
 -4.58162675e+03  4.91953000e+03  1.19098600e+03  6.38000000e-01 7.83070000e+01
 -4.58162675e+03  4.91953000e+03  1.19098600e+03  6.38000000e-01 7.83070000e+01
 -4.58162675e+03  4.91953000e+03  1.19098600e+03  6.38000000e-01 7.83070000e+01
 -4.58162675e+03  4.91953000e+03  1.19098600e+03  6.38000000e-01 7.83070000e+01
 -4.58162675e+03  4.91953000e+03  1.19098600e+03  6.38000000e-01 7.83070000e+01
 -4.58162675e+03  4.91953000e+03  1.19098600e+03  6.38000000e-01 7.83070000e+01
 -4.58162675e+03  4.91953000e+03  1.19098600e+03  6.38000000e-01 7.83070000e+01
 -4.58162675e+03  4.91953000e+03  1.19098600e+03  6.38000000e-01 7.83070000e+01
 -4.58162675e+03  4.91953000e+03  1.19098600e+03  6.38000000e-01 7.83070000e+01
 -4.58162675e+03  4.91953000e+03  1.19098600e+03  6.38000000e-01 7.83070000e+01
 -4.58162675e+03  4.91953000e+03  1.19098600e+03  6.38000000e-01 7.83070000e+01
 -4.58162675e+03  4.91953000e+03  1.19098600e+03  6.38000000e-01 7.83070000e+01
 -4.58162675e+03  4.91953000e+03  1.19098600e+03  6.38000000e-01 7.83070000e+01
 -4.58162675e+03  4.91953000e+03  1.19098600e+03  6.38000000e-01 7.83070000e+01
 -4.58162675e+03  4.91953000e+03  1.19098600e+03  6.38000000e-01 7.83070000e+01
 -4.58162675e+03  4.91953000e+03  1.19098600e+03  6.38000000e-01 7.83070000e+01
 -4.58162675e+03  4.91953000e+03  1.19098600e+03  6.38000000e-01 7.83070000e+01
 -4.58162675e+03  4.91953000e+03  1.19098600e+03  6.38000000e-01 7.83070000e+01
 -4.58162675e+03  4.91953000e+03  1.19098600e+03  6.38000000e-01 7.83070000e+01
 -4.58162675e+03  4.91953000e+03  1.19098600e+03  6.38000000e-01 7.83070000e+01
 -4.58162675e+03  4.91953000e+03  1.19098600e+03  6.38000000e-01 7.83070000e+01
 -4.58162675e+03  4.91953000e+03  1.19098600e+03  6.38000000e-01 7.83070000e+01
 -4.58162675e+03  4.91953000e+03  1.19098600e+03  6.38000000e-01 7.83070000e+01
 -4.58162675e+03  4.91953000e+03  1.19098600e+03  6.38000000e-01 7.83070000e+01
 -4.58162675e+03  4.91953000e+03  1.19098600e+03  6.38000000e-01 7.83070000e+01
 -4.58162675e+03  4.91953000e+03  1.19098600e+03  6.38000000e-01 7.83070000e+01
 -4.58162675e+03  4.91953000e+03  1.19098600e+03  6.38000000e-01 7.83070000e+01
 -4.58162675e+03  4.91953000e+03  1.19098600e+03  6.38000000e-01 7.83070000e+01
 -4.58162675e+03  4.91953000e+03  1.19098600e+03  6.38000000e-01 7.83070000e+01
 -4.58162675e+03  4.91953000e+03  1.19098600e+03  6.38000000e-01 7.83070000e+01
 -4.58162675e+03  4.91953000e+03  1.19098600e+03  6.38000000e-01 7.83070000e+01
 -4.58162675e+03  4.91953000e+03  1.19098600e+03  6.38000000e-01 7.83070000e+01
 -4.58162675e+03  4.91953000e+03  1.19098600e+03  6.38000000e-01 7.83070000e+01
 -4.58162675e+03  4.91953000e+03  1.19098600e+03  6.38000000e-01 7.83070000e+01
 -4.58162675e+03  4.91953000e+03  1.19098600e+03  6.38000000e-01 7.83070000e+01
 -4.58162675e+03  4.91953000e+03  1.19098600e+03  6.38000000e-01 7.83070000e+01
 -4.58162675e+03  4.91953000e+03  1.19098600e+03  6.38000000e-01 7.83070000e+01
 -4.58162675e+03  4.91953000e+03  1.19098600e+03  6.38000000e-01 7.83070000e+01
 -4.58162675e+03  4.91953000e+03  1.19098600e+03  6.38000000e-01 7.83070000e+01
 -4.58162675e+03  4.91953000e+03  1.19098600e+03  6.38000000e-01 7.83070000e+01
 -4.58162675e+03  4.91953000e+03  1.19098600e+03  6.38000000e-01 7.83070000e+01
 -4.58162675e+03  4.91953000e+03  1.19098600e+03  6.38000000e-01 7.83070000e+01
 -4.58162675e+03  4.91953000e+03  1.19098600e+03  6.38000000e-01 7.83070000e+01
 -4.58162675e+03  4.91953000e+03  1.19098600e+03  6.38000000e-01 7.83070000e+01
 -4.58162675e+03  4.91953000e+03  1.19098600e+03  6.38000000e-01 7.83070000e+01
 -4.58162675e+03  4.91953000e+03  1.19098600e+03  6.38000000e-01 7.83070000e+01