-4.58635354e+03  4.92345000e+03  1.20343500e+03  6.46000000e-01 8.64730000e+01
 -4.58635354e+03  4.92345000e+03  1.20343500e+03  6.46000000e-01 8.64730000e+01
 -4.58635354e+03  4.92345000e+03  1.20343500e+03  6.46000000e-01 8.64730000e+01
 -4.58635354e+03  4.92345000e+03  1.20343500e+03  6.46000000e-01 8.64730000e+01
 -4.58635354e+03  4.92345000e+03  1.20343500e+03  6.46000000e-01 8.64730000e+01
 -4.58635354e+03  4.92345000e+03  1.20343500e+03  6.46000000e-01 8.64730000e+01
 -4.58635354e+03  4.92345000e+03  1.20343500e+03  6.46000000e-01 8.64730000e+01
 -4.58635354e+03  4.92345000e+03  1.20343500e+03  6.46000000e-01 8.64730000e+01
 -4.58635354e+03  4.92345000e+03  1.20343500e+03  6.46000000e-01 8.64730000e+01
 -4.58635354e+03  4.92345000e+03  1.20343500e+03  6.46000000e-01 8.64730000e+01
 -4.58635354e+03  4.92345000e+03  1.20343500e+03  6.46000000e-01 8.64730000e+01
 -4.58635354e+03  4.92345000e+03  1.20343500e+03  6.46000000e-01 8.64730000e+01
 -4.58635354e+03  4.92345000e+03  1.20343500e+03  6.46000000e-01 8.64730000e+01
 -4.58635354e+03  4.92345000e+03  1.20343500e+03  6.46000000e-01 8.64730000e+01
 -4.58635354e+03  4.92345000e+03  1.20343500e+03  6.46000000e-01 8.64730000e+01
 -4.58635354e+03  4.92345000e+03  1.20343500e+03  6.46000000e-01 8.64730000e+01
 -4.58635354e+03  4.92345000e+03  1.20343500e+03  6.46000000e-01 8.64730000e+01
 -4.58635354e+03  4.92345000e+03  1.20343500e+03  6.46000000e-01 8.64730000e+01
 -4.58635354e+03  4.92345000e+03  1.20343500e+03  6.46000000e-01 8.64730000e+01
 -4.58635354e+03  4.92345000e+03  1.20343500e+03  6.46000000e-01 8.64730000e+01
 -4.58635354e+03  4.92345000e+03  1.20343500e+03  6.46000000e-01 8.64730000e+01
 -4.58635354e+03  4.92345000e+03  1.20343500e+03  6.46000000e-01 8.64730000e+01
 -4.58635354e+03  4.92345000e+03  1.20343500e+03  6.46000000e-01 8.64730000e+01
 -4.58635354e+03  4.92345000e+03  1.20343500e+03  6.46000000e-01 8.64730000e+01
 -4.58635354e+03  4.92345000e+03  1.20343500e+03  6.46000000e-01 8.64730000e+01
 -4.58635354e+03  4.92345000e+03  1.20343500e+03  6.46000000e-01 8.64730000e+01
 -4.58635354e+03  4.92345000e+03  1.20343500e+03  6.46000000e-01 8.64730000e+01
 -4.58635354e+03  4.92345000e+03  1.20343500e+03  6.46000000e-01 8.64730000e+01
 -4.58635354e+03  4.92345000e+03  1.20343500e+03  6.46000000e-01 8.64730000e+01
 -4.58635354e+03  4.92345000e+03  1.20343500e+03  6.46000000e-01 8.64730000e+01
 -4.58635354e+03  4.92345000e+03  1.20343500e+03  6.46000000e-01 8.64730000e+01
 -4.58635354e+03  4.92345000e+03  1.20343500e+03  6.46000000e-01 8.64730000e+01
 -4.58635354e+03  4.92345000e+03  1.20343500e+03  6.46000000e-01 8.64730000e+01
 -4.58635354e+03  4.92345000e+03  1.20343500e+03  6.46000000e-01 8.64730000e+01
 -4.58635354e+03  4.92345000e+03  1.20343500e+03  6.46000000e-01 8.64730000e+01
 -4.58635354e+03  4.92345000e+03  1.20343500e+03  6.46000000e-01 8.64730000e+01
 -4.58635354e+03  4.92345000e+03  1.20343500e+03  6.46000000e-01 8.64730000e+01
 -4.58635354e+03  4.92345000e+03  1.20343500e+03  6.46000000e-01 8.64730000e+01
 -4.58635354e+03  4.92345000e+03  1.20343500e+03  6.46000000e-01 8.64730000e+01
 -4.58635354e+03  4.92345000e+03  1.20343500e+03  6.46000000e-01 8.64730000e+01
 -4.58635354e+03  4.92345000e+03  1.20343500e+03  6.46000000e-01 8.64730000e+01
 -4.58635354e+03  4.92345000e+03  1.20343500e+03  6.46000000e-01 8.64730000e+01
 -4.58635354e+03  4.92345000e+03  1.20343500e+03  6.46000000e-01 8.64730000e+01
 -4.58635354e+03  4.92345000e+03  1.20343500e+03  6.46000000e-01 8.64730000e+01
 -4.58635354e+03  4.92345000e+03  1.20343500e+03  6.46000000e-01 8.64730000e+01
 -4.58635354e+03  4.92345000e+03  1.20343500e+03  6.46000000e-01 8.64730000e+01
 -4.58635354e+03  4.92345000e+03  1.20343500e+03  6.46000000e-01 8.64730000e+01
 -4.58635354e+03  4.92345000e+03  1.20343500e+03  6.46000000e-01 8.64730000e+01
 -4.58635354e+03  4.92345000e+03  1.20343500e+03  6.46000000e-01 8.64730000e+01
 -4.58635354e+03  4.92345000e+03  1.20343500e+03  6.46000000e-01 8.64730000e+01
 -4.58635354e+03  4.92345000e+03  1.20343500e+03  6.46000000e-01 8.64730000e+01
 -4.58635354e+03  4.92345000e+03  1.20343500e+03  6.46000000e-01 8.64730000e+01
 -4.58635354e+03  4.92345000e+03  1.20343500e+03  6.46000000e-01 8.64730000e+01
 -4.58635354e+03  4.92345000e+03  1.20343500e+03  6.46000000e-01 8.64730000e+01
 -4.58635354e+03  4.92345000e+03  1.20343500e+03  6.46000000e-01 8.64730000e+01
 -4.58635354e+03  4.92345000e+03  1.20343500e+03  6.46000000e-01 8.64730000e+01
 -4.58635354e+03  4.92345000e+03  1.20343500e+03  6.46000000e-01 8.64730000e+01
 -4.58635354e+03  4.92345000e+03  1.20343500e+03  6.46000000e-01 8.64730000e+01
 -4.58635354e+03  4.92345000e+03  1.20343500e+03  6.46000000e-01 8.64730000e+01
 -4.58635354e+03  4.92345000e+03  1.20343500e+03  6.46000000e-01 8.64730000e+01
 -4.58635354e+03  4.92345000e+03  1.20343500e+03  6.46000000e-01 8.64730000e+01
 -4.58635354e+03  4.92345000e+03  1.20343500e+03  6.46000000e-01 8.64730000e+01
 -4.58635354e+03  4.92345000e+03  1.20343500e+03  6.46000000e-01 8.64730000e+01
 -4.58635354e+03  4.92345000e+03  1.20343500e+03  6.46000000e-01 8.64730000e+01
 -4.58635354e+03  4.92345000e+03  1.20343500e+03  6.46000000e-01 8.64730000e+01
 -4.58635354e+03  4.92345000e+03  1.20343500e+03  6.46000000e-01 8.64730000e+01
 -4.58635354e+03  4.92345000e+03  1.20343500e+03  6.46000000e-01 8.64730000e+01
 -4.58635354e+03  4.92345000e+03  1.20343500e+03  6.46000000e-01 8.64730000e+01
 -4.58635354e+03  4.92345000e+03  1.20343500e+03  6.46000000e-01 8.64730000e+01
 -4.58635354e+03  4.92345000e+03  1.20343500e+03  6.46000000e-01 8.64730000e+01
 -4.58635354e+03  4.92345000e+03  1.20343500e+03  6.46000000e-01 8.64730000e+01
 -4.58635354e+03  4.92345000e+03  1.20343500e+03  6.46000000e-01 8.64730000e+01
 -4.58635354e+03  4.92345000e+03  1.20343500e+03  6.46000000e-01 8.64730000e+01
 -4.58635354e+03  4.92345000e+03  1.20343500e+03  6.46000000e-01 8.64730000e+01
 -4.58635354e+03  4.92345000e+03  1.20343500e+03  6.46000000e-01 8.64730000e+01
 -4.58635354e+03  4.92345000e+03  1.20343500e+03  6.46000000e-01 8.64730000e+01
 -4.58635354e+03  4.92345000e+03  1.20343500e+03  6.46000000e-01 8.64730000e+01
 -4.58635354e+03  4.92345000e+03  1.20343500e+03  6.46000000e-01 8.64730000e+01
 -4.58635354e+03  4.92345000e+03  1.20343500e+03  6.46000000e-01 8.64730000e+01
 -4.58635354e+03  4.92345000e+03  1.20343500e+03  6.46000000e-01 8.64730000e+01
 -4.58635354e+03  4.92345000e+03  1.20343500e+03  6.46000000e-01 8.64730000e+01
 -4.58635354e+03  4.92345000e+03  1.20343500e+03  6.46000000e-01 8.64730000e+01
 -4.58635354e+03  4.92345000e+03  1.20343500e+03  6.46000000e-01 8.64730000e+01
 -4.58635354e+03  4.92345000e+03  1.20343500e+03  6.46000000e-01 8.64730000e+01
 -4.58635354e+03  4.92345000e+03  1.20343500e+03  6.46000000e-01 8.64730000e+01
 -4.58635354e+03  4.92345000e+03  1.20343500e+03  6.46000000e-01 8.64730000e+01
 -4.58635354e+03  4.92345000e+03  1.20343500e+03  6.46000000e-01 8.64730000e+01
 -4.58635354e+03  4.92345000e+03  1.20343500e+03  6.46000000e-01 8.64730000e+01
 -4.58635354e+03  4.92345000e+03  1.20343500e+03  6.46000000e-01 8.64730000e+01
 -4.58635354e+03  4.92345000e+03  1.20343500e+03  6.46000000e-01 8.64730000e+01
 -4.58635354e+03  4.92345000e+03  1.20343500e+03  6.46000000e-01 8.64730000e+01
 -4.58635354e+03  4.92345000e+03  1.20343500e+03  6.46000000e-01 8.64730000e+01
 -4.58635354e+03  4.92345000e+03  1.20343500e+03  6.46000000e-01 8.64730000e+01
 -4.58635354e+03  4.92345000e+03  1.20343500e+03  6.46000000e-01 8.64730000e+01
 -4.58635354e+03  4.92345000e+03  1.20343500e+03  6.46000000e-01 8.64730000e+01
 -4.58635354e+03  4.92345000e+03  1.20343500e+03  6.46000000e-01 8.64730000e+01
 -4.58635354e+03  4.92345000e+03  1.20343500e+03  6.46000000e-01 8.64730000e+01
 -4.58635354e+03  4.92345000e+03  1.20343500e+03  6.46000000e-01 8.64730000e+01
 -4.58635354e+03  4.92345000e+03  1.20343500e+03  6.46000000e-01 8.64730000e+01
 -4.58635354e+03  4.92345000e+03  1.20343500e+03  6.46000000e-01 8.64730000e+01