-4.5757657e+03  4.9077900e+03  1.2157100e+03  6.3700000e-01 8.4899000e+01
 -4.5757657e+03  4.9077900e+03  1.2157100e+03  6.3700000e-01 8.4899000e+01
 -4.5757657e+03  4.9077900e+03  1.2157100e+03  6.3700000e-01 8.4899000e+01
 -4.5757657e+03  4.9077900e+03  1.2157100e+03  6.3700000e-01 8.4899000e+01
 -4.5757657e+03  4.9077900e+03  1.2157100e+03  6.3700000e-01 8.4899000e+01
 -4.5757657e+03  4.9077900e+03  1.2157100e+03  6.3700000e-01 8.4899000e+01
 -4.5757657e+03  4.9077900e+03  1.2157100e+03  6.3700000e-01 8.4899000e+01
 -4.5757657e+03  4.9077900e+03  1.2157100e+03  6.3700000e-01 8.4899000e+01
 -4.5757657e+03  4.9077900e+03  1.2157100e+03  6.3700000e-01 8.4899000e+01
 -4.5757657e+03  4.9077900e+03  1.2157100e+03  6.3700000e-01 8.4899000e+01
 -4.5757657e+03  4.9077900e+03  1.2157100e+03  6.3700000e-01 8.4899000e+01
 -4.5757657e+03  4.9077900e+03  1.2157100e+03  6.3700000e-01 8.4899000e+01
 -4.5757657e+03  4.9077900e+03  1.2157100e+03  6.3700000e-01 8.4899000e+01
 -4.5757657e+03  4.9077900e+03  1.2157100e+03  6.3700000e-01 8.4899000e+01
 -4.5757657e+03  4.9077900e+03  1.2157100e+03  6.3700000e-01 8.4899000e+01
 -4.5757657e+03  4.9077900e+03  1.2157100e+03  6.3700000e-01 8.4899000e+01
 -4.5757657e+03  4.9077900e+03  1.2157100e+03  6.3700000e-01 8.4899000e+01
 -4.5757657e+03  4.9077900e+03  1.2157100e+03  6.3700000e-01 8.4899000e+01
 -4.5757657e+03  4.9077900e+03  1.2157100e+03  6.3700000e-01 8.4899000e+01
 -4.5757657e+03  4.9077900e+03  1.2157100e+03  6.3700000e-01 8.4899000e+01
 -4.5757657e+03  4.9077900e+03  1.2157100e+03  6.3700000e-01 8.4899000e+01
 -4.5757657e+03  4.9077900e+03  1.2157100e+03  6.3700000e-01 8.4899000e+01
 -4.5757657e+03  4.9077900e+03  1.2157100e+03  6.3700000e-01 8.4899000e+01
 -4.5757657e+03  4.9077900e+03  1.2157100e+03  6.3700000e-01 8.4899000e+01
 -4.5757657e+03  4.9077900e+03  1.2157100e+03  6.3700000e-01 8.4899000e+01
 -4.5757657e+03  4.9077900e+03  1.2157100e+03  6.3700000e-01 8.4899000e+01
 -4.5757657e+03  4.9077900e+03  1.2157100e+03  6.3700000e-01 8.4899000e+01
 -4.5757657e+03  4.9077900e+03  1.2157100e+03  6.3700000e-01 8.4899000e+01
 -4.5757657e+03  4.9077900e+03  1.2157100e+03  6.3700000e-01 8.4899000e+01
 -4.5757657e+03  4.9077900e+03  1.2157100e+03  6.3700000e-01 8.4899000e+01
 -4.5757657e+03  4.9077900e+03  1.2157100e+03  6.3700000e-01 8.4899000e+01
 -4.5757657e+03  4.9077900e+03  1.2157100e+03  6.3700000e-01 8.4899000e+01
 -4.5757657e+03  4.9077900e+03  1.2157100e+03  6.3700000e-01 8.4899000e+01
 -4.5757657e+03  4.9077900e+03  1.2157100e+03  6.3700000e-01 8.4899000e+01
 -4.5757657e+03  4.9077900e+03  1.2157100e+03  6.3700000e-01 8.4899000e+01
 -4.5757657e+03  4.9077900e+03  1.2157100e+03  6.3700000e-01 8.4899000e+01
 -4.5757657e+03  4.9077900e+03  1.2157100e+03  6.3700000e-01 8.4899000e+01
 -4.5757657e+03  4.9077900e+03  1.2157100e+03  6.3700000e-01 8.4899000e+01
 -4.5757657e+03  4.9077900e+03  1.2157100e+03  6.3700000e-01 8.4899000e+01
 -4.5757657e+03  4.9077900e+03  1.2157100e+03  6.3700000e-01 8.4899000e+01
 -4.5757657e+03  4.9077900e+03  1.2157100e+03  6.3700000e-01 8.4899000e+01
 -4.5757657e+03  4.9077900e+03  1.2157100e+03  6.3700000e-01 8.4899000e+01
 -4.5757657e+03  4.9077900e+03  1.2157100e+03  6.3700000e-01 8.4899000e+01
 -4.5757657e+03  4.9077900e+03  1.2157100e+03  6.3700000e-01 8.4899000e+01
 -4.5757657e+03  4.9077900e+03  1.2157100e+03  6.3700000e-01 8.4899000e+01
 -4.5757657e+03  4.9077900e+03  1.2157100e+03  6.3700000e-01 8.4899000e+01
 -4.5757657e+03  4.9077900e+03  1.2157100e+03  6.3700000e-01 8.4899000e+01
 -4.5757657e+03  4.9077900e+03  1.2157100e+03  6.3700000e-01 8.4899000e+01
 -4.5757657e+03  4.9077900e+03  1.2157100e+03  6.3700000e-01 8.4899000e+01
 -4.5757657e+03  4.9077900e+03  1.2157100e+03  6.3700000e-01 8.4899000e+01
 -4.5757657e+03  4.9077900e+03  1.2157100e+03  6.3700000e-01 8.4899000e+01
 -4.5757657e+03  4.9077900e+03  1.2157100e+03  6.3700000e-01 8.4899000e+01
 -4.5757657e+03  4.9077900e+03  1.2157100e+03  6.3700000e-01 8.4899000e+01
 -4.5757657e+03  4.9077900e+03  1.2157100e+03  6.3700000e-01 8.4899000e+01
 -4.5757657e+03  4.9077900e+03  1.2157100e+03  6.3700000e-01 8.4899000e+01
 -4.5757657e+03  4.9077900e+03  1.2157100e+03  6.3700000e-01 8.4899000e+01
 -4.5757657e+03  4.9077900e+03  1.2157100e+03  6.3700000e-01 8.4899000e+01
 -4.5757657e+03  4.9077900e+03  1.2157100e+03  6.3700000e-01 8.4899000e+01
 -4.5757657e+03  4.9077900e+03  1.2157100e+03  6.3700000e-01 8.4899000e+01
 -4.5757657e+03  4.9077900e+03  1.2157100e+03  6.3700000e-01 8.4899000e+01
 -4.5757657e+03  4.9077900e+03  1.2157100e+03  6.3700000e-01 8.4899000e+01
 -4.5757657e+03  4.9077900e+03  1.2157100e+03  6.3700000e-01 8.4899000e+01
 -4.5757657e+03  4.9077900e+03  1.2157100e+03  6.3700000e-01 8.4899000e+01
 -4.5757657e+03  4.9077900e+03  1.2157100e+03  6.3700000e-01 8.4899000e+01
 -4.5757657e+03  4.9077900e+03  1.2157100e+03  6.3700000e-01 8.4899000e+01
 -4.5757657e+03  4.9077900e+03  1.2157100e+03  6.3700000e-01 8.4899000e+01
 -4.5757657e+03  4.9077900e+03  1.2157100e+03  6.3700000e-01 8.4899000e+01
 -4.5757657e+03  4.9077900e+03  1.2157100e+03  6.3700000e-01 8.4899000e+01
 -4.5757657e+03  4.9077900e+03  1.2157100e+03  6.3700000e-01 8.4899000e+01
 -4.5757657e+03  4.9077900e+03  1.2157100e+03  6.3700000e-01 8.4899000e+01
 -4.5757657e+03  4.9077900e+03  1.2157100e+03  6.3700000e-01 8.4899000e+01
 -4.5757657e+03  4.9077900e+03  1.2157100e+03  6.3700000e-01 8.4899000e+01
 -4.5757657e+03  4.9077900e+03  1.2157100e+03  6.3700000e-01 8.4899000e+01
 -4.5757657e+03  4.9077900e+03  1.2157100e+03  6.3700000e-01 8.4899000e+01
 -4.5757657e+03  4.9077900e+03  1.2157100e+03  6.3700000e-01 8.4899000e+01
 -4.5757657e+03  4.9077900e+03  1.2157100e+03  6.3700000e-01 8.4899000e+01
 -4.5757657e+03  4.9077900e+03  1.2157100e+03  6.3700000e-01 8.4899000e+01
 -4.5757657e+03  4.9077900e+03  1.2157100e+03  6.3700000e-01 8.4899000e+01
 -4.5757657e+03  4.9077900e+03  1.2157100e+03  6.3700000e-01 8.4899000e+01
 -4.5757657e+03  4.9077900e+03  1.2157100e+03  6.3700000e-01 8.4899000e+01
 -4.5757657e+03  4.9077900e+03  1.2157100e+03  6.3700000e-01 8.4899000e+01
 -4.5757657e+03  4.9077900e+03  1.2157100e+03  6.3700000e-01 8.4899000e+01
 -4.5757657e+03  4.9077900e+03  1.2157100e+03  6.3700000e-01 8.4899000e+01
 -4.5757657e+03  4.9077900e+03  1.2157100e+03  6.3700000e-01 8.4899000e+01
 -4.5757657e+03  4.9077900e+03  1.2157100e+03  6.3700000e-01 8.4899000e+01
 -4.5757657e+03  4.9077900e+03  1.2157100e+03  6.3700000e-01 8.4899000e+01
 -4.5757657e+03  4.9077900e+03  1.2157100e+03  6.3700000e-01 8.4899000e+01
 -4.5757657e+03  4.9077900e+03  1.2157100e+03  6.3700000e-01 8.4899000e+01
 -4.5757657e+03  4.9077900e+03  1.2157100e+03  6.3700000e-01 8.4899000e+01
 -4.5757657e+03  4.9077900e+03  1.2157100e+03  6.3700000e-01 8.4899000e+01
 -4.5757657e+03  4.9077900e+03  1.2157100e+03  6.3700000e-01 8.4899000e+01
 -4.5757657e+03  4.9077900e+03  1.2157100e+03  6.3700000e-01 8.4899000e+01
 -4.5757657e+03  4.9077900e+03  1.2157100e+03  6.3700000e-01 8.4899000e+01
 -4.5757657e+03  4.9077900e+03  1.2157100e+03  6.3700000e-01 8.4899000e+01
 -4.5757657e+03  4.9077900e+03  1.2157100e+03  6.3700000e-01 8.4899000e+01
 -4.5757657e+03  4.9077900e+03  1.2157100e+03  6.3700000e-01 8.4899000e+01
 -4.5757657e+03  4.9077900e+03  1.2157100e+03  6.3700000e-01 8.4899000e+01
 -4.5757657e+03  4.9077900e+03  1.2157100e+03  6.3700000e-01 8.4899000e+01
 -4.5757657e+03  4.9077900e+03  1.2157100e+03  6.3700000e-01 8.4899000e+01
 -4.5757657e+03  4.9077900e+03  1.2157100e+03  6.3700000e-01 8.4899000e+01