-4.60167178e+03  4.94606000e+03  1.16918400e+03  6.37000000e-01 8.59990000e+01
 -4.60167178e+03  4.94606000e+03  1.16918400e+03  6.37000000e-01 8.59990000e+01
 -4.60167178e+03  4.94606000e+03  1.16918400e+03  6.37000000e-01 8.59990000e+01
 -4.60167178e+03  4.94606000e+03  1.16918400e+03  6.37000000e-01 8.59990000e+01
 -4.60167178e+03  4.94606000e+03  1.16918400e+03  6.37000000e-01 8.59990000e+01
 -4.60167178e+03  4.94606000e+03  1.16918400e+03  6.37000000e-01 8.59990000e+01
 -4.60167178e+03  4.94606000e+03  1.16918400e+03  6.37000000e-01 8.59990000e+01
 -4.60167178e+03  4.94606000e+03  1.16918400e+03  6.37000000e-01 8.59990000e+01
 -4.60167178e+03  4.94606000e+03  1.16918400e+03  6.37000000e-01 8.59990000e+01
 -4.60167178e+03  4.94606000e+03  1.16918400e+03  6.37000000e-01 8.59990000e+01
 -4.60167178e+03  4.94606000e+03  1.16918400e+03  6.37000000e-01 8.59990000e+01
 -4.60167178e+03  4.94606000e+03  1.16918400e+03  6.37000000e-01 8.59990000e+01
 -4.60167178e+03  4.94606000e+03  1.16918400e+03  6.37000000e-01 8.59990000e+01
 -4.60167178e+03  4.94606000e+03  1.16918400e+03  6.37000000e-01 8.59990000e+01
 -4.60167178e+03  4.94606000e+03  1.16918400e+03  6.37000000e-01 8.59990000e+01
 -4.60167178e+03  4.94606000e+03  1.16918400e+03  6.37000000e-01 8.59990000e+01
 -4.60167178e+03  4.94606000e+03  1.16918400e+03  6.37000000e-01 8.59990000e+01
 -4.60167178e+03  4.94606000e+03  1.16918400e+03  6.37000000e-01 8.59990000e+01
 -4.60167178e+03  4.94606000e+03  1.16918400e+03  6.37000000e-01 8.59990000e+01
 -4.60167178e+03  4.94606000e+03  1.16918400e+03  6.37000000e-01 8.59990000e+01
 -4.60167178e+03  4.94606000e+03  1.16918400e+03  6.37000000e-01 8.59990000e+01
 -4.60167178e+03  4.94606000e+03  1.16918400e+03  6.37000000e-01 8.59990000e+01
 -4.60167178e+03  4.94606000e+03  1.16918400e+03  6.37000000e-01 8.59990000e+01
 -4.60167178e+03  4.94606000e+03  1.16918400e+03  6.37000000e-01 8.59990000e+01
 -4.60167178e+03  4.94606000e+03  1.16918400e+03  6.37000000e-01 8.59990000e+01
 -4.60167178e+03  4.94606000e+03  1.16918400e+03  6.37000000e-01 8.59990000e+01
 -4.60167178e+03  4.94606000e+03  1.16918400e+03  6.37000000e-01 8.59990000e+01
 -4.60167178e+03  4.94606000e+03  1.16918400e+03  6.37000000e-01 8.59990000e+01
 -4.60167178e+03  4.94606000e+03  1.16918400e+03  6.37000000e-01 8.59990000e+01
 -4.60167178e+03  4.94606000e+03  1.16918400e+03  6.37000000e-01 8.59990000e+01
 -4.60167178e+03  4.94606000e+03  1.16918400e+03  6.37000000e-01 8.59990000e+01
 -4.60167178e+03  4.94606000e+03  1.16918400e+03  6.37000000e-01 8.59990000e+01
 -4.60167178e+03  4.94606000e+03  1.16918400e+03  6.37000000e-01 8.59990000e+01
 -4.60167178e+03  4.94606000e+03  1.16918400e+03  6.37000000e-01 8.59990000e+01
 -4.60167178e+03  4.94606000e+03  1.16918400e+03  6.37000000e-01 8.59990000e+01
 -4.60167178e+03  4.94606000e+03  1.16918400e+03  6.37000000e-01 8.59990000e+01
 -4.60167178e+03  4.94606000e+03  1.16918400e+03  6.37000000e-01 8.59990000e+01
 -4.60167178e+03  4.94606000e+03  1.16918400e+03  6.37000000e-01 8.59990000e+01
 -4.60167178e+03  4.94606000e+03  1.16918400e+03  6.37000000e-01 8.59990000e+01
 -4.60167178e+03  4.94606000e+03  1.16918400e+03  6.37000000e-01 8.59990000e+01
 -4.60167178e+03  4.94606000e+03  1.16918400e+03  6.37000000e-01 8.59990000e+01
 -4.60167178e+03  4.94606000e+03  1.16918400e+03  6.37000000e-01 8.59990000e+01
 -4.60167178e+03  4.94606000e+03  1.16918400e+03  6.37000000e-01 8.59990000e+01
 -4.60167178e+03  4.94606000e+03  1.16918400e+03  6.37000000e-01 8.59990000e+01
 -4.60167178e+03  4.94606000e+03  1.16918400e+03  6.37000000e-01 8.59990000e+01
 -4.60167178e+03  4.94606000e+03  1.16918400e+03  6.37000000e-01 8.59990000e+01
 -4.60167178e+03  4.94606000e+03  1.16918400e+03  6.37000000e-01 8.59990000e+01
 -4.60167178e+03  4.94606000e+03  1.16918400e+03  6.37000000e-01 8.59990000e+01
 -4.60167178e+03  4.94606000e+03  1.16918400e+03  6.37000000e-01 8.59990000e+01
 -4.60167178e+03  4.94606000e+03  1.16918400e+03  6.37000000e-01 8.59990000e+01
 -4.60167178e+03  4.94606000e+03  1.16918400e+03  6.37000000e-01 8.59990000e+01
 -4.60167178e+03  4.94606000e+03  1.16918400e+03  6.37000000e-01 8.59990000e+01
 -4.60167178e+03  4.94606000e+03  1.16918400e+03  6.37000000e-01 8.59990000e+01
 -4.60167178e+03  4.94606000e+03  1.16918400e+03  6.37000000e-01 8.59990000e+01
 -4.60167178e+03  4.94606000e+03  1.16918400e+03  6.37000000e-01 8.59990000e+01
 -4.60167178e+03  4.94606000e+03  1.16918400e+03  6.37000000e-01 8.59990000e+01
 -4.60167178e+03  4.94606000e+03  1.16918400e+03  6.37000000e-01 8.59990000e+01
 -4.60167178e+03  4.94606000e+03  1.16918400e+03  6.37000000e-01 8.59990000e+01
 -4.60167178e+03  4.94606000e+03  1.16918400e+03  6.37000000e-01 8.59990000e+01
 -4.60167178e+03  4.94606000e+03  1.16918400e+03  6.37000000e-01 8.59990000e+01
 -4.60167178e+03  4.94606000e+03  1.16918400e+03  6.37000000e-01 8.59990000e+01
 -4.60167178e+03  4.94606000e+03  1.16918400e+03  6.37000000e-01 8.59990000e+01
 -4.60167178e+03  4.94606000e+03  1.16918400e+03  6.37000000e-01 8.59990000e+01
 -4.60167178e+03  4.94606000e+03  1.16918400e+03  6.37000000e-01 8.59990000e+01
 -4.60167178e+03  4.94606000e+03  1.16918400e+03  6.37000000e-01 8.59990000e+01
 -4.60167178e+03  4.94606000e+03  1.16918400e+03  6.37000000e-01 8.59990000e+01
 -4.60167178e+03  4.94606000e+03  1.16918400e+03  6.37000000e-01 8.59990000e+01
 -4.60167178e+03  4.94606000e+03  1.16918400e+03  6.37000000e-01 8.59990000e+01
 -4.60167178e+03  4.94606000e+03  1.16918400e+03  6.37000000e-01 8.59990000e+01
 -4.60167178e+03  4.94606000e+03  1.16918400e+03  6.37000000e-01 8.59990000e+01
 -4.60167178e+03  4.94606000e+03  1.16918400e+03  6.37000000e-01 8.59990000e+01
 -4.60167178e+03  4.94606000e+03  1.16918400e+03  6.37000000e-01 8.59990000e+01
 -4.60167178e+03  4.94606000e+03  1.16918400e+03  6.37000000e-01 8.59990000e+01
 -4.60167178e+03  4.94606000e+03  1.16918400e+03  6.37000000e-01 8.59990000e+01
 -4.60167178e+03  4.94606000e+03  1.16918400e+03  6.37000000e-01 8.59990000e+01
 -4.60167178e+03  4.94606000e+03  1.16918400e+03  6.37000000e-01 8.59990000e+01
 -4.60167178e+03  4.94606000e+03  1.16918400e+03  6.37000000e-01 8.59990000e+01
 -4.60167178e+03  4.94606000e+03  1.16918400e+03  6.37000000e-01 8.59990000e+01
 -4.60167178e+03  4.94606000e+03  1.16918400e+03  6.37000000e-01 8.59990000e+01
 -4.60167178e+03  4.94606000e+03  1.16918400e+03  6.37000000e-01 8.59990000e+01
 -4.60167178e+03  4.94606000e+03  1.16918400e+03  6.37000000e-01 8.59990000e+01
 -4.60167178e+03  4.94606000e+03  1.16918400e+03  6.37000000e-01 8.59990000e+01
 -4.60167178e+03  4.94606000e+03  1.16918400e+03  6.37000000e-01 8.59990000e+01
 -4.60167178e+03  4.94606000e+03  1.16918400e+03  6.37000000e-01 8.59990000e+01
 -4.60167178e+03  4.94606000e+03  1.16918400e+03  6.37000000e-01 8.59990000e+01
 -4.60167178e+03  4.94606000e+03  1.16918400e+03  6.37000000e-01 8.59990000e+01
 -4.60167178e+03  4.94606000e+03  1.16918400e+03  6.37000000e-01 8.59990000e+01
 -4.60167178e+03  4.94606000e+03  1.16918400e+03  6.37000000e-01 8.59990000e+01
 -4.60167178e+03  4.94606000e+03  1.16918400e+03  6.37000000e-01 8.59990000e+01
 -4.60167178e+03  4.94606000e+03  1.16918400e+03  6.37000000e-01 8.59990000e+01
 -4.60167178e+03  4.94606000e+03  1.16918400e+03  6.37000000e-01 8.59990000e+01
 -4.60167178e+03  4.94606000e+03  1.16918400e+03  6.37000000e-01 8.59990000e+01
 -4.60167178e+03  4.94606000e+03  1.16918400e+03  6.37000000e-01 8.59990000e+01
 -4.60167178e+03  4.94606000e+03  1.16918400e+03  6.37000000e-01 8.59990000e+01
 -4.60167178e+03  4.94606000e+03  1.16918400e+03  6.37000000e-01 8.59990000e+01
 -4.60167178e+03  4.94606000e+03  1.16918400e+03  6.37000000e-01 8.59990000e+01
 -4.60167178e+03  4.94606000e+03  1.16918400e+03  6.37000000e-01 8.59990000e+01
 -4.60167178e+03  4.94606000e+03  1.16918400e+03  6.37000000e-01 8.59990000e+01
 -4.60167178e+03  4.94606000e+03  1.16918400e+03  6.37000000e-01 8.59990000e+01
 -4.60167178e+03  4.94606000e+03  1.16918400e+03  6.37000000e-01 8.59990000e+01