-4.55512691e+03  4.87974000e+03  1.18263100e+03  6.48000000e-01 7.85260000e+01
 -4.55512691e+03  4.87974000e+03  1.18263100e+03  6.48000000e-01 7.85260000e+01
 -4.55512691e+03  4.87974000e+03  1.18263100e+03  6.48000000e-01 7.85260000e+01
 -4.55512691e+03  4.87974000e+03  1.18263100e+03  6.48000000e-01 7.85260000e+01
 -4.55512691e+03  4.87974000e+03  1.18263100e+03  6.48000000e-01 7.85260000e+01
 -4.55512691e+03  4.87974000e+03  1.18263100e+03  6.48000000e-01 7.85260000e+01
 -4.55512691e+03  4.87974000e+03  1.18263100e+03  6.48000000e-01 7.85260000e+01
 -4.55512691e+03  4.87974000e+03  1.18263100e+03  6.48000000e-01 7.85260000e+01
 -4.55512691e+03  4.87974000e+03  1.18263100e+03  6.48000000e-01 7.85260000e+01
 -4.55512691e+03  4.87974000e+03  1.18263100e+03  6.48000000e-01 7.85260000e+01
 -4.55512691e+03  4.87974000e+03  1.18263100e+03  6.48000000e-01 7.85260000e+01
 -4.55512691e+03  4.87974000e+03  1.18263100e+03  6.48000000e-01 7.85260000e+01
 -4.55512691e+03  4.87974000e+03  1.18263100e+03  6.48000000e-01 7.85260000e+01
 -4.55512691e+03  4.87974000e+03  1.18263100e+03  6.48000000e-01 7.85260000e+01
 -4.55512691e+03  4.87974000e+03  1.18263100e+03  6.48000000e-01 7.85260000e+01
 -4.55512691e+03  4.87974000e+03  1.18263100e+03  6.48000000e-01 7.85260000e+01
 -4.55512691e+03  4.87974000e+03  1.18263100e+03  6.48000000e-01 7.85260000e+01
 -4.55512691e+03  4.87974000e+03  1.18263100e+03  6.48000000e-01 7.85260000e+01
 -4.55512691e+03  4.87974000e+03  1.18263100e+03  6.48000000e-01 7.85260000e+01
 -4.55512691e+03  4.87974000e+03  1.18263100e+03  6.48000000e-01 7.85260000e+01
 -4.55512691e+03  4.87974000e+03  1.18263100e+03  6.48000000e-01 7.85260000e+01
 -4.55512691e+03  4.87974000e+03  1.18263100e+03  6.48000000e-01 7.85260000e+01
 -4.55512691e+03  4.87974000e+03  1.18263100e+03  6.48000000e-01 7.85260000e+01
 -4.55512691e+03  4.87974000e+03  1.18263100e+03  6.48000000e-01 7.85260000e+01
 -4.55512691e+03  4.87974000e+03  1.18263100e+03  6.48000000e-01 7.85260000e+01
 -4.55512691e+03  4.87974000e+03  1.18263100e+03  6.48000000e-01 7.85260000e+01
 -4.55512691e+03  4.87974000e+03  1.18263100e+03  6.48000000e-01 7.85260000e+01
 -4.55512691e+03  4.87974000e+03  1.18263100e+03  6.48000000e-01 7.85260000e+01
 -4.55512691e+03  4.87974000e+03  1.18263100e+03  6.48000000e-01 7.85260000e+01
 -4.55512691e+03  4.87974000e+03  1.18263100e+03  6.48000000e-01 7.85260000e+01
 -4.55512691e+03  4.87974000e+03  1.18263100e+03  6.48000000e-01 7.85260000e+01
 -4.55512691e+03  4.87974000e+03  1.18263100e+03  6.48000000e-01 7.85260000e+01
 -4.55512691e+03  4.87974000e+03  1.18263100e+03  6.48000000e-01 7.85260000e+01
 -4.55512691e+03  4.87974000e+03  1.18263100e+03  6.48000000e-01 7.85260000e+01
 -4.55512691e+03  4.87974000e+03  1.18263100e+03  6.48000000e-01 7.85260000e+01
 -4.55512691e+03  4.87974000e+03  1.18263100e+03  6.48000000e-01 7.85260000e+01
 -4.55512691e+03  4.87974000e+03  1.18263100e+03  6.48000000e-01 7.85260000e+01
 -4.55512691e+03  4.87974000e+03  1.18263100e+03  6.48000000e-01 7.85260000e+01
 -4.55512691e+03  4.87974000e+03  1.18263100e+03  6.48000000e-01 7.85260000e+01
 -4.55512691e+03  4.87974000e+03  1.18263100e+03  6.48000000e-01 7.85260000e+01
 -4.55512691e+03  4.87974000e+03  1.18263100e+03  6.48000000e-01 7.85260000e+01
 -4.55512691e+03  4.87974000e+03  1.18263100e+03  6.48000000e-01 7.85260000e+01
 -4.55512691e+03  4.87974000e+03  1.18263100e+03  6.48000000e-01 7.85260000e+01
 -4.55512691e+03  4.87974000e+03  1.18263100e+03  6.48000000e-01 7.85260000e+01
 -4.55512691e+03  4.87974000e+03  1.18263100e+03  6.48000000e-01 7.85260000e+01
 -4.55512691e+03  4.87974000e+03  1.18263100e+03  6.48000000e-01 7.85260000e+01
 -4.55512691e+03  4.87974000e+03  1.18263100e+03  6.48000000e-01 7.85260000e+01
 -4.55512691e+03  4.87974000e+03  1.18263100e+03  6.48000000e-01 7.85260000e+01
 -4.55512691e+03  4.87974000e+03  1.18263100e+03  6.48000000e-01 7.85260000e+01
 -4.55512691e+03  4.87974000e+03  1.18263100e+03  6.48000000e-01 7.85260000e+01
 -4.55512691e+03  4.87974000e+03  1.18263100e+03  6.48000000e-01 7.85260000e+01
 -4.55512691e+03  4.87974000e+03  1.18263100e+03  6.48000000e-01 7.85260000e+01
 -4.55512691e+03  4.87974000e+03  1.18263100e+03  6.48000000e-01 7.85260000e+01
 -4.55512691e+03  4.87974000e+03  1.18263100e+03  6.48000000e-01 7.85260000e+01
 -4.55512691e+03  4.87974000e+03  1.18263100e+03  6.48000000e-01 7.85260000e+01
 -4.55512691e+03  4.87974000e+03  1.18263100e+03  6.48000000e-01 7.85260000e+01
 -4.55512691e+03  4.87974000e+03  1.18263100e+03  6.48000000e-01 7.85260000e+01
 -4.55512691e+03  4.87974000e+03  1.18263100e+03  6.48000000e-01 7.85260000e+01
 -4.55512691e+03  4.87974000e+03  1.18263100e+03  6.48000000e-01 7.85260000e+01
 -4.55512691e+03  4.87974000e+03  1.18263100e+03  6.48000000e-01 7.85260000e+01
 -4.55512691e+03  4.87974000e+03  1.18263100e+03  6.48000000e-01 7.85260000e+01
 -4.55512691e+03  4.87974000e+03  1.18263100e+03  6.48000000e-01 7.85260000e+01
 -4.55512691e+03  4.87974000e+03  1.18263100e+03  6.48000000e-01 7.85260000e+01
 -4.55512691e+03  4.87974000e+03  1.18263100e+03  6.48000000e-01 7.85260000e+01
 -4.55512691e+03  4.87974000e+03  1.18263100e+03  6.48000000e-01 7.85260000e+01
 -4.55512691e+03  4.87974000e+03  1.18263100e+03  6.48000000e-01 7.85260000e+01
 -4.55512691e+03  4.87974000e+03  1.18263100e+03  6.48000000e-01 7.85260000e+01
 -4.55512691e+03  4.87974000e+03  1.18263100e+03  6.48000000e-01 7.85260000e+01
 -4.55512691e+03  4.87974000e+03  1.18263100e+03  6.48000000e-01 7.85260000e+01
 -4.55512691e+03  4.87974000e+03  1.18263100e+03  6.48000000e-01 7.85260000e+01
 -4.55512691e+03  4.87974000e+03  1.18263100e+03  6.48000000e-01 7.85260000e+01
 -4.55512691e+03  4.87974000e+03  1.18263100e+03  6.48000000e-01 7.85260000e+01
 -4.55512691e+03  4.87974000e+03  1.18263100e+03  6.48000000e-01 7.85260000e+01
 -4.55512691e+03  4.87974000e+03  1.18263100e+03  6.48000000e-01 7.85260000e+01
 -4.55512691e+03  4.87974000e+03  1.18263100e+03  6.48000000e-01 7.85260000e+01
 -4.55512691e+03  4.87974000e+03  1.18263100e+03  6.48000000e-01 7.85260000e+01
 -4.55512691e+03  4.87974000e+03  1.18263100e+03  6.48000000e-01 7.85260000e+01
 -4.55512691e+03  4.87974000e+03  1.18263100e+03  6.48000000e-01 7.85260000e+01
 -4.55512691e+03  4.87974000e+03  1.18263100e+03  6.48000000e-01 7.85260000e+01
 -4.55512691e+03  4.87974000e+03  1.18263100e+03  6.48000000e-01 7.85260000e+01
 -4.55512691e+03  4.87974000e+03  1.18263100e+03  6.48000000e-01 7.85260000e+01
 -4.55512691e+03  4.87974000e+03  1.18263100e+03  6.48000000e-01 7.85260000e+01
 -4.55512691e+03  4.87974000e+03  1.18263100e+03  6.48000000e-01 7.85260000e+01
 -4.55512691e+03  4.87974000e+03  1.18263100e+03  6.48000000e-01 7.85260000e+01
 -4.55512691e+03  4.87974000e+03  1.18263100e+03  6.48000000e-01 7.85260000e+01
 -4.55512691e+03  4.87974000e+03  1.18263100e+03  6.48000000e-01 7.85260000e+01
 -4.55512691e+03  4.87974000e+03  1.18263100e+03  6.48000000e-01 7.85260000e+01
 -4.55512691e+03  4.87974000e+03  1.18263100e+03  6.48000000e-01 7.85260000e+01
 -4.55512691e+03  4.87974000e+03  1.18263100e+03  6.48000000e-01 7.85260000e+01
 -4.55512691e+03  4.87974000e+03  1.18263100e+03  6.48000000e-01 7.85260000e+01
 -4.55512691e+03  4.87974000e+03  1.18263100e+03  6.48000000e-01 7.85260000e+01
 -4.55512691e+03  4.87974000e+03  1.18263100e+03  6.48000000e-01 7.85260000e+01
 -4.55512691e+03  4.87974000e+03  1.18263100e+03  6.48000000e-01 7.85260000e+01
 -4.55512691e+03  4.87974000e+03  1.18263100e+03  6.48000000e-01 7.85260000e+01
 -4.55512691e+03  4.87974000e+03  1.18263100e+03  6.48000000e-01 7.85260000e+01
 -4.55512691e+03  4.87974000e+03  1.18263100e+03  6.48000000e-01 7.85260000e+01
 -4.55512691e+03  4.87974000e+03  1.18263100e+03  6.48000000e-01 7.85260000e+01
 -4.55512691e+03  4.87974000e+03  1.18263100e+03  6.48000000e-01 7.85260000e+01
 -4.55512691e+03  4.87974000e+03  1.18263100e+03  6.48000000e-01 7.85260000e+01
 -4.55512691e+03  4.87974000e+03  1.18263100e+03  6.48000000e-01 7.85260000e+01