-4.55702176e+03  4.89000000e+03  1.16181400e+03  6.46000000e-01 8.65530000e+01
 -4.55702176e+03  4.89000000e+03  1.16181400e+03  6.46000000e-01 8.65530000e+01
 -4.55702176e+03  4.89000000e+03  1.16181400e+03  6.46000000e-01 8.65530000e+01
 -4.55702176e+03  4.89000000e+03  1.16181400e+03  6.46000000e-01 8.65530000e+01
 -4.55702176e+03  4.89000000e+03  1.16181400e+03  6.46000000e-01 8.65530000e+01
 -4.55702176e+03  4.89000000e+03  1.16181400e+03  6.46000000e-01 8.65530000e+01
 -4.55702176e+03  4.89000000e+03  1.16181400e+03  6.46000000e-01 8.65530000e+01
 -4.55702176e+03  4.89000000e+03  1.16181400e+03  6.46000000e-01 8.65530000e+01
 -4.55702176e+03  4.89000000e+03  1.16181400e+03  6.46000000e-01 8.65530000e+01
 -4.55702176e+03  4.89000000e+03  1.16181400e+03  6.46000000e-01 8.65530000e+01
 -4.55702176e+03  4.89000000e+03  1.16181400e+03  6.46000000e-01 8.65530000e+01
 -4.55702176e+03  4.89000000e+03  1.16181400e+03  6.46000000e-01 8.65530000e+01
 -4.55702176e+03  4.89000000e+03  1.16181400e+03  6.46000000e-01 8.65530000e+01
 -4.55702176e+03  4.89000000e+03  1.16181400e+03  6.46000000e-01 8.65530000e+01
 -4.55702176e+03  4.89000000e+03  1.16181400e+03  6.46000000e-01 8.65530000e+01
 -4.55702176e+03  4.89000000e+03  1.16181400e+03  6.46000000e-01 8.65530000e+01
 -4.55702176e+03  4.89000000e+03  1.16181400e+03  6.46000000e-01 8.65530000e+01
 -4.55702176e+03  4.89000000e+03  1.16181400e+03  6.46000000e-01 8.65530000e+01
 -4.55702176e+03  4.89000000e+03  1.16181400e+03  6.46000000e-01 8.65530000e+01
 -4.55702176e+03  4.89000000e+03  1.16181400e+03  6.46000000e-01 8.65530000e+01
 -4.55702176e+03  4.89000000e+03  1.16181400e+03  6.46000000e-01 8.65530000e+01
 -4.55702176e+03  4.89000000e+03  1.16181400e+03  6.46000000e-01 8.65530000e+01
 -4.55702176e+03  4.89000000e+03  1.16181400e+03  6.46000000e-01 8.65530000e+01
 -4.55702176e+03  4.89000000e+03  1.16181400e+03  6.46000000e-01 8.65530000e+01
 -4.55702176e+03  4.89000000e+03  1.16181400e+03  6.46000000e-01 8.65530000e+01
 -4.55702176e+03  4.89000000e+03  1.16181400e+03  6.46000000e-01 8.65530000e+01
 -4.55702176e+03  4.89000000e+03  1.16181400e+03  6.46000000e-01 8.65530000e+01
 -4.55702176e+03  4.89000000e+03  1.16181400e+03  6.46000000e-01 8.65530000e+01
 -4.55702176e+03  4.89000000e+03  1.16181400e+03  6.46000000e-01 8.65530000e+01
 -4.55702176e+03  4.89000000e+03  1.16181400e+03  6.46000000e-01 8.65530000e+01
 -4.55702176e+03  4.89000000e+03  1.16181400e+03  6.46000000e-01 8.65530000e+01
 -4.55702176e+03  4.89000000e+03  1.16181400e+03  6.46000000e-01 8.65530000e+01
 -4.55702176e+03  4.89000000e+03  1.16181400e+03  6.46000000e-01 8.65530000e+01
 -4.55702176e+03  4.89000000e+03  1.16181400e+03  6.46000000e-01 8.65530000e+01
 -4.55702176e+03  4.89000000e+03  1.16181400e+03  6.46000000e-01 8.65530000e+01
 -4.55702176e+03  4.89000000e+03  1.16181400e+03  6.46000000e-01 8.65530000e+01
 -4.55702176e+03  4.89000000e+03  1.16181400e+03  6.46000000e-01 8.65530000e+01
 -4.55702176e+03  4.89000000e+03  1.16181400e+03  6.46000000e-01 8.65530000e+01
 -4.55702176e+03  4.89000000e+03  1.16181400e+03  6.46000000e-01 8.65530000e+01
 -4.55702176e+03  4.89000000e+03  1.16181400e+03  6.46000000e-01 8.65530000e+01
 -4.55702176e+03  4.89000000e+03  1.16181400e+03  6.46000000e-01 8.65530000e+01
 -4.55702176e+03  4.89000000e+03  1.16181400e+03  6.46000000e-01 8.65530000e+01
 -4.55702176e+03  4.89000000e+03  1.16181400e+03  6.46000000e-01 8.65530000e+01
 -4.55702176e+03  4.89000000e+03  1.16181400e+03  6.46000000e-01 8.65530000e+01
 -4.55702176e+03  4.89000000e+03  1.16181400e+03  6.46000000e-01 8.65530000e+01
 -4.55702176e+03  4.89000000e+03  1.16181400e+03  6.46000000e-01 8.65530000e+01
 -4.55702176e+03  4.89000000e+03  1.16181400e+03  6.46000000e-01 8.65530000e+01
 -4.55702176e+03  4.89000000e+03  1.16181400e+03  6.46000000e-01 8.65530000e+01
 -4.55702176e+03  4.89000000e+03  1.16181400e+03  6.46000000e-01 8.65530000e+01
 -4.55702176e+03  4.89000000e+03  1.16181400e+03  6.46000000e-01 8.65530000e+01
 -4.55702176e+03  4.89000000e+03  1.16181400e+03  6.46000000e-01 8.65530000e+01
 -4.55702176e+03  4.89000000e+03  1.16181400e+03  6.46000000e-01 8.65530000e+01
 -4.55702176e+03  4.89000000e+03  1.16181400e+03  6.46000000e-01 8.65530000e+01
 -4.55702176e+03  4.89000000e+03  1.16181400e+03  6.46000000e-01 8.65530000e+01
 -4.55702176e+03  4.89000000e+03  1.16181400e+03  6.46000000e-01 8.65530000e+01
 -4.55702176e+03  4.89000000e+03  1.16181400e+03  6.46000000e-01 8.65530000e+01
 -4.55702176e+03  4.89000000e+03  1.16181400e+03  6.46000000e-01 8.65530000e+01
 -4.55702176e+03  4.89000000e+03  1.16181400e+03  6.46000000e-01 8.65530000e+01
 -4.55702176e+03  4.89000000e+03  1.16181400e+03  6.46000000e-01 8.65530000e+01
 -4.55702176e+03  4.89000000e+03  1.16181400e+03  6.46000000e-01 8.65530000e+01
 -4.55702176e+03  4.89000000e+03  1.16181400e+03  6.46000000e-01 8.65530000e+01
 -4.55702176e+03  4.89000000e+03  1.16181400e+03  6.46000000e-01 8.65530000e+01
 -4.55702176e+03  4.89000000e+03  1.16181400e+03  6.46000000e-01 8.65530000e+01
 -4.55702176e+03  4.89000000e+03  1.16181400e+03  6.46000000e-01 8.65530000e+01
 -4.55702176e+03  4.89000000e+03  1.16181400e+03  6.46000000e-01 8.65530000e+01
 -4.55702176e+03  4.89000000e+03  1.16181400e+03  6.46000000e-01 8.65530000e+01
 -4.55702176e+03  4.89000000e+03  1.16181400e+03  6.46000000e-01 8.65530000e+01
 -4.55702176e+03  4.89000000e+03  1.16181400e+03  6.46000000e-01 8.65530000e+01
 -4.55702176e+03  4.89000000e+03  1.16181400e+03  6.46000000e-01 8.65530000e+01
 -4.55702176e+03  4.89000000e+03  1.16181400e+03  6.46000000e-01 8.65530000e+01
 -4.55702176e+03  4.89000000e+03  1.16181400e+03  6.46000000e-01 8.65530000e+01
 -4.55702176e+03  4.89000000e+03  1.16181400e+03  6.46000000e-01 8.65530000e+01
 -4.55702176e+03  4.89000000e+03  1.16181400e+03  6.46000000e-01 8.65530000e+01
 -4.55702176e+03  4.89000000e+03  1.16181400e+03  6.46000000e-01 8.65530000e+01
 -4.55702176e+03  4.89000000e+03  1.16181400e+03  6.46000000e-01 8.65530000e+01
 -4.55702176e+03  4.89000000e+03  1.16181400e+03  6.46000000e-01 8.65530000e+01
 -4.55702176e+03  4.89000000e+03  1.16181400e+03  6.46000000e-01 8.65530000e+01
 -4.55702176e+03  4.89000000e+03  1.16181400e+03  6.46000000e-01 8.65530000e+01
 -4.55702176e+03  4.89000000e+03  1.16181400e+03  6.46000000e-01 8.65530000e+01
 -4.55702176e+03  4.89000000e+03  1.16181400e+03  6.46000000e-01 8.65530000e+01
 -4.55702176e+03  4.89000000e+03  1.16181400e+03  6.46000000e-01 8.65530000e+01
 -4.55702176e+03  4.89000000e+03  1.16181400e+03  6.46000000e-01 8.65530000e+01
 -4.55702176e+03  4.89000000e+03  1.16181400e+03  6.46000000e-01 8.65530000e+01
 -4.55702176e+03  4.89000000e+03  1.16181400e+03  6.46000000e-01 8.65530000e+01
 -4.55702176e+03  4.89000000e+03  1.16181400e+03  6.46000000e-01 8.65530000e+01
 -4.55702176e+03  4.89000000e+03  1.16181400e+03  6.46000000e-01 8.65530000e+01
 -4.55702176e+03  4.89000000e+03  1.16181400e+03  6.46000000e-01 8.65530000e+01
 -4.55702176e+03  4.89000000e+03  1.16181400e+03  6.46000000e-01 8.65530000e+01
 -4.55702176e+03  4.89000000e+03  1.16181400e+03  6.46000000e-01 8.65530000e+01
 -4.55702176e+03  4.89000000e+03  1.16181400e+03  6.46000000e-01 8.65530000e+01
 -4.55702176e+03  4.89000000e+03  1.16181400e+03  6.46000000e-01 8.65530000e+01
 -4.55702176e+03  4.89000000e+03  1.16181400e+03  6.46000000e-01 8.65530000e+01
 -4.55702176e+03  4.89000000e+03  1.16181400e+03  6.46000000e-01 8.65530000e+01
 -4.55702176e+03  4.89000000e+03  1.16181400e+03  6.46000000e-01 8.65530000e+01
 -4.55702176e+03  4.89000000e+03  1.16181400e+03  6.46000000e-01 8.65530000e+01
 -4.55702176e+03  4.89000000e+03  1.16181400e+03  6.46000000e-01 8.65530000e+01
 -4.55702176e+03  4.89000000e+03  1.16181400e+03  6.46000000e-01 8.65530000e+01
 -4.55702176e+03  4.89000000e+03  1.16181400e+03  6.46000000e-01 8.65530000e+01
 -4.55702176e+03  4.89000000e+03  1.16181400e+03  6.46000000e-01 8.65530000e+01
 -4.55702176e+03  4.89000000e+03  1.16181400e+03  6.46000000e-01 8.65530000e+01