-4.56980593e+03  4.89786000e+03  1.16703600e+03  6.47000000e-01 7.72590000e+01
 -4.56980593e+03  4.89786000e+03  1.16703600e+03  6.47000000e-01 7.72590000e+01
 -4.56980593e+03  4.89786000e+03  1.16703600e+03  6.47000000e-01 7.72590000e+01
 -4.56980593e+03  4.89786000e+03  1.16703600e+03  6.47000000e-01 7.72590000e+01
 -4.56980593e+03  4.89786000e+03  1.16703600e+03  6.47000000e-01 7.72590000e+01
 -4.56980593e+03  4.89786000e+03  1.16703600e+03  6.47000000e-01 7.72590000e+01
 -4.56980593e+03  4.89786000e+03  1.16703600e+03  6.47000000e-01 7.72590000e+01
 -4.56980593e+03  4.89786000e+03  1.16703600e+03  6.47000000e-01 7.72590000e+01
 -4.56980593e+03  4.89786000e+03  1.16703600e+03  6.47000000e-01 7.72590000e+01
 -4.56980593e+03  4.89786000e+03  1.16703600e+03  6.47000000e-01 7.72590000e+01
 -4.56980593e+03  4.89786000e+03  1.16703600e+03  6.47000000e-01 7.72590000e+01
 -4.56980593e+03  4.89786000e+03  1.16703600e+03  6.47000000e-01 7.72590000e+01
 -4.56980593e+03  4.89786000e+03  1.16703600e+03  6.47000000e-01 7.72590000e+01
 -4.56980593e+03  4.89786000e+03  1.16703600e+03  6.47000000e-01 7.72590000e+01
 -4.56980593e+03  4.89786000e+03  1.16703600e+03  6.47000000e-01 7.72590000e+01
 -4.56980593e+03  4.89786000e+03  1.16703600e+03  6.47000000e-01 7.72590000e+01
 -4.56980593e+03  4.89786000e+03  1.16703600e+03  6.47000000e-01 7.72590000e+01
 -4.56980593e+03  4.89786000e+03  1.16703600e+03  6.47000000e-01 7.72590000e+01
 -4.56980593e+03  4.89786000e+03  1.16703600e+03  6.47000000e-01 7.72590000e+01
 -4.56980593e+03  4.89786000e+03  1.16703600e+03  6.47000000e-01 7.72590000e+01
 -4.56980593e+03  4.89786000e+03  1.16703600e+03  6.47000000e-01 7.72590000e+01
 -4.56980593e+03  4.89786000e+03  1.16703600e+03  6.47000000e-01 7.72590000e+01
 -4.56980593e+03  4.89786000e+03  1.16703600e+03  6.47000000e-01 7.72590000e+01
 -4.56980593e+03  4.89786000e+03  1.16703600e+03  6.47000000e-01 7.72590000e+01
 -4.56980593e+03  4.89786000e+03  1.16703600e+03  6.47000000e-01 7.72590000e+01
 -4.56980593e+03  4.89786000e+03  1.16703600e+03  6.47000000e-01 7.72590000e+01
 -4.56980593e+03  4.89786000e+03  1.16703600e+03  6.47000000e-01 7.72590000e+01
 -4.56980593e+03  4.89786000e+03  1.16703600e+03  6.47000000e-01 7.72590000e+01
 -4.56980593e+03  4.89786000e+03  1.16703600e+03  6.47000000e-01 7.72590000e+01
 -4.56980593e+03  4.89786000e+03  1.16703600e+03  6.47000000e-01 7.72590000e+01
 -4.56980593e+03  4.89786000e+03  1.16703600e+03  6.47000000e-01 7.72590000e+01
 -4.56980593e+03  4.89786000e+03  1.16703600e+03  6.47000000e-01 7.72590000e+01
 -4.56980593e+03  4.89786000e+03  1.16703600e+03  6.47000000e-01 7.72590000e+01
 -4.56980593e+03  4.89786000e+03  1.16703600e+03  6.47000000e-01 7.72590000e+01
 -4.56980593e+03  4.89786000e+03  1.16703600e+03  6.47000000e-01 7.72590000e+01
 -4.56980593e+03  4.89786000e+03  1.16703600e+03  6.47000000e-01 7.72590000e+01
 -4.56980593e+03  4.89786000e+03  1.16703600e+03  6.47000000e-01 7.72590000e+01
 -4.56980593e+03  4.89786000e+03  1.16703600e+03  6.47000000e-01 7.72590000e+01
 -4.56980593e+03  4.89786000e+03  1.16703600e+03  6.47000000e-01 7.72590000e+01
 -4.56980593e+03  4.89786000e+03  1.16703600e+03  6.47000000e-01 7.72590000e+01
 -4.56980593e+03  4.89786000e+03  1.16703600e+03  6.47000000e-01 7.72590000e+01
 -4.56980593e+03  4.89786000e+03  1.16703600e+03  6.47000000e-01 7.72590000e+01
 -4.56980593e+03  4.89786000e+03  1.16703600e+03  6.47000000e-01 7.72590000e+01
 -4.56980593e+03  4.89786000e+03  1.16703600e+03  6.47000000e-01 7.72590000e+01
 -4.56980593e+03  4.89786000e+03  1.16703600e+03  6.47000000e-01 7.72590000e+01
 -4.56980593e+03  4.89786000e+03  1.16703600e+03  6.47000000e-01 7.72590000e+01
 -4.56980593e+03  4.89786000e+03  1.16703600e+03  6.47000000e-01 7.72590000e+01
 -4.56980593e+03  4.89786000e+03  1.16703600e+03  6.47000000e-01 7.72590000e+01
 -4.56980593e+03  4.89786000e+03  1.16703600e+03  6.47000000e-01 7.72590000e+01
 -4.56980593e+03  4.89786000e+03  1.16703600e+03  6.47000000e-01 7.72590000e+01
 -4.56980593e+03  4.89786000e+03  1.16703600e+03  6.47000000e-01 7.72590000e+01
 -4.56980593e+03  4.89786000e+03  1.16703600e+03  6.47000000e-01 7.72590000e+01
 -4.56980593e+03  4.89786000e+03  1.16703600e+03  6.47000000e-01 7.72590000e+01
 -4.56980593e+03  4.89786000e+03  1.16703600e+03  6.47000000e-01 7.72590000e+01
 -4.56980593e+03  4.89786000e+03  1.16703600e+03  6.47000000e-01 7.72590000e+01
 -4.56980593e+03  4.89786000e+03  1.16703600e+03  6.47000000e-01 7.72590000e+01
 -4.56980593e+03  4.89786000e+03  1.16703600e+03  6.47000000e-01 7.72590000e+01
 -4.56980593e+03  4.89786000e+03  1.16703600e+03  6.47000000e-01 7.72590000e+01
 -4.56980593e+03  4.89786000e+03  1.16703600e+03  6.47000000e-01 7.72590000e+01
 -4.56980593e+03  4.89786000e+03  1.16703600e+03  6.47000000e-01 7.72590000e+01
 -4.56980593e+03  4.89786000e+03  1.16703600e+03  6.47000000e-01 7.72590000e+01
 -4.56980593e+03  4.89786000e+03  1.16703600e+03  6.47000000e-01 7.72590000e+01
 -4.56980593e+03  4.89786000e+03  1.16703600e+03  6.47000000e-01 7.72590000e+01
 -4.56980593e+03  4.89786000e+03  1.16703600e+03  6.47000000e-01 7.72590000e+01
 -4.56980593e+03  4.89786000e+03  1.16703600e+03  6.47000000e-01 7.72590000e+01
 -4.56980593e+03  4.89786000e+03  1.16703600e+03  6.47000000e-01 7.72590000e+01
 -4.56980593e+03  4.89786000e+03  1.16703600e+03  6.47000000e-01 7.72590000e+01
 -4.56980593e+03  4.89786000e+03  1.16703600e+03  6.47000000e-01 7.72590000e+01
 -4.56980593e+03  4.89786000e+03  1.16703600e+03  6.47000000e-01 7.72590000e+01
 -4.56980593e+03  4.89786000e+03  1.16703600e+03  6.47000000e-01 7.72590000e+01
 -4.56980593e+03  4.89786000e+03  1.16703600e+03  6.47000000e-01 7.72590000e+01
 -4.56980593e+03  4.89786000e+03  1.16703600e+03  6.47000000e-01 7.72590000e+01
 -4.56980593e+03  4.89786000e+03  1.16703600e+03  6.47000000e-01 7.72590000e+01
 -4.56980593e+03  4.89786000e+03  1.16703600e+03  6.47000000e-01 7.72590000e+01
 -4.56980593e+03  4.89786000e+03  1.16703600e+03  6.47000000e-01 7.72590000e+01
 -4.56980593e+03  4.89786000e+03  1.16703600e+03  6.47000000e-01 7.72590000e+01
 -4.56980593e+03  4.89786000e+03  1.16703600e+03  6.47000000e-01 7.72590000e+01
 -4.56980593e+03  4.89786000e+03  1.16703600e+03  6.47000000e-01 7.72590000e+01
 -4.56980593e+03  4.89786000e+03  1.16703600e+03  6.47000000e-01 7.72590000e+01
 -4.56980593e+03  4.89786000e+03  1.16703600e+03  6.47000000e-01 7.72590000e+01
 -4.56980593e+03  4.89786000e+03  1.16703600e+03  6.47000000e-01 7.72590000e+01
 -4.56980593e+03  4.89786000e+03  1.16703600e+03  6.47000000e-01 7.72590000e+01
 -4.56980593e+03  4.89786000e+03  1.16703600e+03  6.47000000e-01 7.72590000e+01
 -4.56980593e+03  4.89786000e+03  1.16703600e+03  6.47000000e-01 7.72590000e+01
 -4.56980593e+03  4.89786000e+03  1.16703600e+03  6.47000000e-01 7.72590000e+01
 -4.56980593e+03  4.89786000e+03  1.16703600e+03  6.47000000e-01 7.72590000e+01
 -4.56980593e+03  4.89786000e+03  1.16703600e+03  6.47000000e-01 7.72590000e+01
 -4.56980593e+03  4.89786000e+03  1.16703600e+03  6.47000000e-01 7.72590000e+01
 -4.56980593e+03  4.89786000e+03  1.16703600e+03  6.47000000e-01 7.72590000e+01
 -4.56980593e+03  4.89786000e+03  1.16703600e+03  6.47000000e-01 7.72590000e+01
 -4.56980593e+03  4.89786000e+03  1.16703600e+03  6.47000000e-01 7.72590000e+01
 -4.56980593e+03  4.89786000e+03  1.16703600e+03  6.47000000e-01 7.72590000e+01
 -4.56980593e+03  4.89786000e+03  1.16703600e+03  6.47000000e-01 7.72590000e+01
 -4.56980593e+03  4.89786000e+03  1.16703600e+03  6.47000000e-01 7.72590000e+01
 -4.56980593e+03  4.89786000e+03  1.16703600e+03  6.47000000e-01 7.72590000e+01
 -4.56980593e+03  4.89786000e+03  1.16703600e+03  6.47000000e-01 7.72590000e+01
 -4.56980593e+03  4.89786000e+03  1.16703600e+03  6.47000000e-01 7.72590000e+01
 -4.56980593e+03  4.89786000e+03  1.16703600e+03  6.47000000e-01 7.72590000e+01
 -4.56980593e+03  4.89786000e+03  1.16703600e+03  6.47000000e-01 7.72590000e+01
 -4.56980593e+03  4.89786000e+03  1.16703600e+03  6.47000000e-01 7.72590000e+01