-4.61564554e+03  4.95945000e+03  1.23033700e+03  6.46000000e-01 7.87320000e+01
 -4.61564554e+03  4.95945000e+03  1.23033700e+03  6.46000000e-01 7.87320000e+01
 -4.61564554e+03  4.95945000e+03  1.23033700e+03  6.46000000e-01 7.87320000e+01
 -4.61564554e+03  4.95945000e+03  1.23033700e+03  6.46000000e-01 7.87320000e+01
 -4.61564554e+03  4.95945000e+03  1.23033700e+03  6.46000000e-01 7.87320000e+01
 -4.61564554e+03  4.95945000e+03  1.23033700e+03  6.46000000e-01 7.87320000e+01
 -4.61564554e+03  4.95945000e+03  1.23033700e+03  6.46000000e-01 7.87320000e+01
 -4.61564554e+03  4.95945000e+03  1.23033700e+03  6.46000000e-01 7.87320000e+01
 -4.61564554e+03  4.95945000e+03  1.23033700e+03  6.46000000e-01 7.87320000e+01
 -4.61564554e+03  4.95945000e+03  1.23033700e+03  6.46000000e-01 7.87320000e+01
 -4.61564554e+03  4.95945000e+03  1.23033700e+03  6.46000000e-01 7.87320000e+01
 -4.61564554e+03  4.95945000e+03  1.23033700e+03  6.46000000e-01 7.87320000e+01
 -4.61564554e+03  4.95945000e+03  1.23033700e+03  6.46000000e-01 7.87320000e+01
 -4.61564554e+03  4.95945000e+03  1.23033700e+03  6.46000000e-01 7.87320000e+01
 -4.61564554e+03  4.95945000e+03  1.23033700e+03  6.46000000e-01 7.87320000e+01
 -4.61564554e+03  4.95945000e+03  1.23033700e+03  6.46000000e-01 7.87320000e+01
 -4.61564554e+03  4.95945000e+03  1.23033700e+03  6.46000000e-01 7.87320000e+01
 -4.61564554e+03  4.95945000e+03  1.23033700e+03  6.46000000e-01 7.87320000e+01
 -4.61564554e+03  4.95945000e+03  1.23033700e+03  6.46000000e-01 7.87320000e+01
 -4.61564554e+03  4.95945000e+03  1.23033700e+03  6.46000000e-01 7.87320000e+01
 -4.61564554e+03  4.95945000e+03  1.23033700e+03  6.46000000e-01 7.87320000e+01
 -4.61564554e+03  4.95945000e+03  1.23033700e+03  6.46000000e-01 7.87320000e+01
 -4.61564554e+03  4.95945000e+03  1.23033700e+03  6.46000000e-01 7.87320000e+01
 -4.61564554e+03  4.95945000e+03  1.23033700e+03  6.46000000e-01 7.87320000e+01
 -4.61564554e+03  4.95945000e+03  1.23033700e+03  6.46000000e-01 7.87320000e+01
 -4.61564554e+03  4.95945000e+03  1.23033700e+03  6.46000000e-01 7.87320000e+01
 -4.61564554e+03  4.95945000e+03  1.23033700e+03  6.46000000e-01 7.87320000e+01
 -4.61564554e+03  4.95945000e+03  1.23033700e+03  6.46000000e-01 7.87320000e+01
 -4.61564554e+03  4.95945000e+03  1.23033700e+03  6.46000000e-01 7.87320000e+01
 -4.61564554e+03  4.95945000e+03  1.23033700e+03  6.46000000e-01 7.87320000e+01
 -4.61564554e+03  4.95945000e+03  1.23033700e+03  6.46000000e-01 7.87320000e+01
 -4.61564554e+03  4.95945000e+03  1.23033700e+03  6.46000000e-01 7.87320000e+01
 -4.61564554e+03  4.95945000e+03  1.23033700e+03  6.46000000e-01 7.87320000e+01
 -4.61564554e+03  4.95945000e+03  1.23033700e+03  6.46000000e-01 7.87320000e+01
 -4.61564554e+03  4.95945000e+03  1.23033700e+03  6.46000000e-01 7.87320000e+01
 -4.61564554e+03  4.95945000e+03  1.23033700e+03  6.46000000e-01 7.87320000e+01
 -4.61564554e+03  4.95945000e+03  1.23033700e+03  6.46000000e-01 7.87320000e+01
 -4.61564554e+03  4.95945000e+03  1.23033700e+03  6.46000000e-01 7.87320000e+01
 -4.61564554e+03  4.95945000e+03  1.23033700e+03  6.46000000e-01 7.87320000e+01
 -4.61564554e+03  4.95945000e+03  1.23033700e+03  6.46000000e-01 7.87320000e+01
 -4.61564554e+03  4.95945000e+03  1.23033700e+03  6.46000000e-01 7.87320000e+01
 -4.61564554e+03  4.95945000e+03  1.23033700e+03  6.46000000e-01 7.87320000e+01
 -4.61564554e+03  4.95945000e+03  1.23033700e+03  6.46000000e-01 7.87320000e+01
 -4.61564554e+03  4.95945000e+03  1.23033700e+03  6.46000000e-01 7.87320000e+01
 -4.61564554e+03  4.95945000e+03  1.23033700e+03  6.46000000e-01 7.87320000e+01
 -4.61564554e+03  4.95945000e+03  1.23033700e+03  6.46000000e-01 7.87320000e+01
 -4.61564554e+03  4.95945000e+03  1.23033700e+03  6.46000000e-01 7.87320000e+01
 -4.61564554e+03  4.95945000e+03  1.23033700e+03  6.46000000e-01 7.87320000e+01
 -4.61564554e+03  4.95945000e+03  1.23033700e+03  6.46000000e-01 7.87320000e+01
 -4.61564554e+03  4.95945000e+03  1.23033700e+03  6.46000000e-01 7.87320000e+01
 -4.61564554e+03  4.95945000e+03  1.23033700e+03  6.46000000e-01 7.87320000e+01
 -4.61564554e+03  4.95945000e+03  1.23033700e+03  6.46000000e-01 7.87320000e+01
 -4.61564554e+03  4.95945000e+03  1.23033700e+03  6.46000000e-01 7.87320000e+01
 -4.61564554e+03  4.95945000e+03  1.23033700e+03  6.46000000e-01 7.87320000e+01
 -4.61564554e+03  4.95945000e+03  1.23033700e+03  6.46000000e-01 7.87320000e+01
 -4.61564554e+03  4.95945000e+03  1.23033700e+03  6.46000000e-01 7.87320000e+01
 -4.61564554e+03  4.95945000e+03  1.23033700e+03  6.46000000e-01 7.87320000e+01
 -4.61564554e+03  4.95945000e+03  1.23033700e+03  6.46000000e-01 7.87320000e+01
 -4.61564554e+03  4.95945000e+03  1.23033700e+03  6.46000000e-01 7.87320000e+01
 -4.61564554e+03  4.95945000e+03  1.23033700e+03  6.46000000e-01 7.87320000e+01
 -4.61564554e+03  4.95945000e+03  1.23033700e+03  6.46000000e-01 7.87320000e+01
 -4.61564554e+03  4.95945000e+03  1.23033700e+03  6.46000000e-01 7.87320000e+01
 -4.61564554e+03  4.95945000e+03  1.23033700e+03  6.46000000e-01 7.87320000e+01
 -4.61564554e+03  4.95945000e+03  1.23033700e+03  6.46000000e-01 7.87320000e+01
 -4.61564554e+03  4.95945000e+03  1.23033700e+03  6.46000000e-01 7.87320000e+01
 -4.61564554e+03  4.95945000e+03  1.23033700e+03  6.46000000e-01 7.87320000e+01
 -4.61564554e+03  4.95945000e+03  1.23033700e+03  6.46000000e-01 7.87320000e+01
 -4.61564554e+03  4.95945000e+03  1.23033700e+03  6.46000000e-01 7.87320000e+01
 -4.61564554e+03  4.95945000e+03  1.23033700e+03  6.46000000e-01 7.87320000e+01
 -4.61564554e+03  4.95945000e+03  1.23033700e+03  6.46000000e-01 7.87320000e+01
 -4.61564554e+03  4.95945000e+03  1.23033700e+03  6.46000000e-01 7.87320000e+01
 -4.61564554e+03  4.95945000e+03  1.23033700e+03  6.46000000e-01 7.87320000e+01
 -4.61564554e+03  4.95945000e+03  1.23033700e+03  6.46000000e-01 7.87320000e+01
 -4.61564554e+03  4.95945000e+03  1.23033700e+03  6.46000000e-01 7.87320000e+01
 -4.61564554e+03  4.95945000e+03  1.23033700e+03  6.46000000e-01 7.87320000e+01
 -4.61564554e+03  4.95945000e+03  1.23033700e+03  6.46000000e-01 7.87320000e+01
 -4.61564554e+03  4.95945000e+03  1.23033700e+03  6.46000000e-01 7.87320000e+01
 -4.61564554e+03  4.95945000e+03  1.23033700e+03  6.46000000e-01 7.87320000e+01
 -4.61564554e+03  4.95945000e+03  1.23033700e+03  6.46000000e-01 7.87320000e+01
 -4.61564554e+03  4.95945000e+03  1.23033700e+03  6.46000000e-01 7.87320000e+01
 -4.61564554e+03  4.95945000e+03  1.23033700e+03  6.46000000e-01 7.87320000e+01
 -4.61564554e+03  4.95945000e+03  1.23033700e+03  6.46000000e-01 7.87320000e+01
 -4.61564554e+03  4.95945000e+03  1.23033700e+03  6.46000000e-01 7.87320000e+01
 -4.61564554e+03  4.95945000e+03  1.23033700e+03  6.46000000e-01 7.87320000e+01
 -4.61564554e+03  4.95945000e+03  1.23033700e+03  6.46000000e-01 7.87320000e+01
 -4.61564554e+03  4.95945000e+03  1.23033700e+03  6.46000000e-01 7.87320000e+01
 -4.61564554e+03  4.95945000e+03  1.23033700e+03  6.46000000e-01 7.87320000e+01
 -4.61564554e+03  4.95945000e+03  1.23033700e+03  6.46000000e-01 7.87320000e+01
 -4.61564554e+03  4.95945000e+03  1.23033700e+03  6.46000000e-01 7.87320000e+01
 -4.61564554e+03  4.95945000e+03  1.23033700e+03  6.46000000e-01 7.87320000e+01
 -4.61564554e+03  4.95945000e+03  1.23033700e+03  6.46000000e-01 7.87320000e+01
 -4.61564554e+03  4.95945000e+03  1.23033700e+03  6.46000000e-01 7.87320000e+01
 -4.61564554e+03  4.95945000e+03  1.23033700e+03  6.46000000e-01 7.87320000e+01
 -4.61564554e+03  4.95945000e+03  1.23033700e+03  6.46000000e-01 7.87320000e+01
 -4.61564554e+03  4.95945000e+03  1.23033700e+03  6.46000000e-01 7.87320000e+01
 -4.61564554e+03  4.95945000e+03  1.23033700e+03  6.46000000e-01 7.87320000e+01
 -4.61564554e+03  4.95945000e+03  1.23033700e+03  6.46000000e-01 7.87320000e+01
 -4.61564554e+03  4.95945000e+03  1.23033700e+03  6.46000000e-01 7.87320000e+01
 -4.61564554e+03  4.95945000e+03  1.23033700e+03  6.46000000e-01 7.87320000e+01
 -4.61564554e+03  4.95945000e+03  1.23033700e+03  6.46000000e-01 7.87320000e+01