-4.58108739e+03  4.92279000e+03  1.19927800e+03  6.37000000e-01 7.76500000e+01
 -4.58108739e+03  4.92279000e+03  1.19927800e+03  6.37000000e-01 7.76500000e+01
 -4.58108739e+03  4.92279000e+03  1.19927800e+03  6.37000000e-01 7.76500000e+01
 -4.58108739e+03  4.92279000e+03  1.19927800e+03  6.37000000e-01 7.76500000e+01
 -4.58108739e+03  4.92279000e+03  1.19927800e+03  6.37000000e-01 7.76500000e+01
 -4.58108739e+03  4.92279000e+03  1.19927800e+03  6.37000000e-01 7.76500000e+01
 -4.58108739e+03  4.92279000e+03  1.19927800e+03  6.37000000e-01 7.76500000e+01
 -4.58108739e+03  4.92279000e+03  1.19927800e+03  6.37000000e-01 7.76500000e+01
 -4.58108739e+03  4.92279000e+03  1.19927800e+03  6.37000000e-01 7.76500000e+01
 -4.58108739e+03  4.92279000e+03  1.19927800e+03  6.37000000e-01 7.76500000e+01
 -4.58108739e+03  4.92279000e+03  1.19927800e+03  6.37000000e-01 7.76500000e+01
 -4.58108739e+03  4.92279000e+03  1.19927800e+03  6.37000000e-01 7.76500000e+01
 -4.58108739e+03  4.92279000e+03  1.19927800e+03  6.37000000e-01 7.76500000e+01
 -4.58108739e+03  4.92279000e+03  1.19927800e+03  6.37000000e-01 7.76500000e+01
 -4.58108739e+03  4.92279000e+03  1.19927800e+03  6.37000000e-01 7.76500000e+01
 -4.58108739e+03  4.92279000e+03  1.19927800e+03  6.37000000e-01 7.76500000e+01
 -4.58108739e+03  4.92279000e+03  1.19927800e+03  6.37000000e-01 7.76500000e+01
 -4.58108739e+03  4.92279000e+03  1.19927800e+03  6.37000000e-01 7.76500000e+01
 -4.58108739e+03  4.92279000e+03  1.19927800e+03  6.37000000e-01 7.76500000e+01
 -4.58108739e+03  4.92279000e+03  1.19927800e+03  6.37000000e-01 7.76500000e+01
 -4.58108739e+03  4.92279000e+03  1.19927800e+03  6.37000000e-01 7.76500000e+01
 -4.58108739e+03  4.92279000e+03  1.19927800e+03  6.37000000e-01 7.76500000e+01
 -4.58108739e+03  4.92279000e+03  1.19927800e+03  6.37000000e-01 7.76500000e+01
 -4.58108739e+03  4.92279000e+03  1.19927800e+03  6.37000000e-01 7.76500000e+01
 -4.58108739e+03  4.92279000e+03  1.19927800e+03  6.37000000e-01 7.76500000e+01
 -4.58108739e+03  4.92279000e+03  1.19927800e+03  6.37000000e-01 7.76500000e+01
 -4.58108739e+03  4.92279000e+03  1.19927800e+03  6.37000000e-01 7.76500000e+01
 -4.58108739e+03  4.92279000e+03  1.19927800e+03  6.37000000e-01 7.76500000e+01
 -4.58108739e+03  4.92279000e+03  1.19927800e+03  6.37000000e-01 7.76500000e+01
 -4.58108739e+03  4.92279000e+03  1.19927800e+03  6.37000000e-01 7.76500000e+01
 -4.58108739e+03  4.92279000e+03  1.19927800e+03  6.37000000e-01 7.76500000e+01
 -4.58108739e+03  4.92279000e+03  1.19927800e+03  6.37000000e-01 7.76500000e+01
 -4.58108739e+03  4.92279000e+03  1.19927800e+03  6.37000000e-01 7.76500000e+01
 -4.58108739e+03  4.92279000e+03  1.19927800e+03  6.37000000e-01 7.76500000e+01
 -4.58108739e+03  4.92279000e+03  1.19927800e+03  6.37000000e-01 7.76500000e+01
 -4.58108739e+03  4.92279000e+03  1.19927800e+03  6.37000000e-01 7.76500000e+01
 -4.58108739e+03  4.92279000e+03  1.19927800e+03  6.37000000e-01 7.76500000e+01
 -4.58108739e+03  4.92279000e+03  1.19927800e+03  6.37000000e-01 7.76500000e+01
 -4.58108739e+03  4.92279000e+03  1.19927800e+03  6.37000000e-01 7.76500000e+01
 -4.58108739e+03  4.92279000e+03  1.19927800e+03  6.37000000e-01 7.76500000e+01
 -4.58108739e+03  4.92279000e+03  1.19927800e+03  6.37000000e-01 7.76500000e+01
 -4.58108739e+03  4.92279000e+03  1.19927800e+03  6.37000000e-01 7.76500000e+01
 -4.58108739e+03  4.92279000e+03  1.19927800e+03  6.37000000e-01 7.76500000e+01
 -4.58108739e+03  4.92279000e+03  1.19927800e+03  6.37000000e-01 7.76500000e+01
 -4.58108739e+03  4.92279000e+03  1.19927800e+03  6.37000000e-01 7.76500000e+01
 -4.58108739e+03  4.92279000e+03  1.19927800e+03  6.37000000e-01 7.76500000e+01
 -4.58108739e+03  4.92279000e+03  1.19927800e+03  6.37000000e-01 7.76500000e+01
 -4.58108739e+03  4.92279000e+03  1.19927800e+03  6.37000000e-01 7.76500000e+01
 -4.58108739e+03  4.92279000e+03  1.19927800e+03  6.37000000e-01 7.76500000e+01
 -4.58108739e+03  4.92279000e+03  1.19927800e+03  6.37000000e-01 7.76500000e+01
 -4.58108739e+03  4.92279000e+03  1.19927800e+03  6.37000000e-01 7.76500000e+01
 -4.58108739e+03  4.92279000e+03  1.19927800e+03  6.37000000e-01 7.76500000e+01
 -4.58108739e+03  4.92279000e+03  1.19927800e+03  6.37000000e-01 7.76500000e+01
 -4.58108739e+03  4.92279000e+03  1.19927800e+03  6.37000000e-01 7.76500000e+01
 -4.58108739e+03  4.92279000e+03  1.19927800e+03  6.37000000e-01 7.76500000e+01
 -4.58108739e+03  4.92279000e+03  1.19927800e+03  6.37000000e-01 7.76500000e+01
 -4.58108739e+03  4.92279000e+03  1.19927800e+03  6.37000000e-01 7.76500000e+01
 -4.58108739e+03  4.92279000e+03  1.19927800e+03  6.37000000e-01 7.76500000e+01
 -4.58108739e+03  4.92279000e+03  1.19927800e+03  6.37000000e-01 7.76500000e+01
 -4.58108739e+03  4.92279000e+03  1.19927800e+03  6.37000000e-01 7.76500000e+01
 -4.58108739e+03  4.92279000e+03  1.19927800e+03  6.37000000e-01 7.76500000e+01
 -4.58108739e+03  4.92279000e+03  1.19927800e+03  6.37000000e-01 7.76500000e+01
 -4.58108739e+03  4.92279000e+03  1.19927800e+03  6.37000000e-01 7.76500000e+01
 -4.58108739e+03  4.92279000e+03  1.19927800e+03  6.37000000e-01 7.76500000e+01
 -4.58108739e+03  4.92279000e+03  1.19927800e+03  6.37000000e-01 7.76500000e+01
 -4.58108739e+03  4.92279000e+03  1.19927800e+03  6.37000000e-01 7.76500000e+01
 -4.58108739e+03  4.92279000e+03  1.19927800e+03  6.37000000e-01 7.76500000e+01
 -4.58108739e+03  4.92279000e+03  1.19927800e+03  6.37000000e-01 7.76500000e+01
 -4.58108739e+03  4.92279000e+03  1.19927800e+03  6.37000000e-01 7.76500000e+01
 -4.58108739e+03  4.92279000e+03  1.19927800e+03  6.37000000e-01 7.76500000e+01
 -4.58108739e+03  4.92279000e+03  1.19927800e+03  6.37000000e-01 7.76500000e+01
 -4.58108739e+03  4.92279000e+03  1.19927800e+03  6.37000000e-01 7.76500000e+01
 -4.58108739e+03  4.92279000e+03  1.19927800e+03  6.37000000e-01 7.76500000e+01
 -4.58108739e+03  4.92279000e+03  1.19927800e+03  6.37000000e-01 7.76500000e+01
 -4.58108739e+03  4.92279000e+03  1.19927800e+03  6.37000000e-01 7.76500000e+01
 -4.58108739e+03  4.92279000e+03  1.19927800e+03  6.37000000e-01 7.76500000e+01
 -4.58108739e+03  4.92279000e+03  1.19927800e+03  6.37000000e-01 7.76500000e+01
 -4.58108739e+03  4.92279000e+03  1.19927800e+03  6.37000000e-01 7.76500000e+01
 -4.58108739e+03  4.92279000e+03  1.19927800e+03  6.37000000e-01 7.76500000e+01
 -4.58108739e+03  4.92279000e+03  1.19927800e+03  6.37000000e-01 7.76500000e+01
 -4.58108739e+03  4.92279000e+03  1.19927800e+03  6.37000000e-01 7.76500000e+01
 -4.58108739e+03  4.92279000e+03  1.19927800e+03  6.37000000e-01 7.76500000e+01
 -4.58108739e+03  4.92279000e+03  1.19927800e+03  6.37000000e-01 7.76500000e+01
 -4.58108739e+03  4.92279000e+03  1.19927800e+03  6.37000000e-01 7.76500000e+01
 -4.58108739e+03  4.92279000e+03  1.19927800e+03  6.37000000e-01 7.76500000e+01
 -4.58108739e+03  4.92279000e+03  1.19927800e+03  6.37000000e-01 7.76500000e+01
 -4.58108739e+03  4.92279000e+03  1.19927800e+03  6.37000000e-01 7.76500000e+01
 -4.58108739e+03  4.92279000e+03  1.19927800e+03  6.37000000e-01 7.76500000e+01
 -4.58108739e+03  4.92279000e+03  1.19927800e+03  6.37000000e-01 7.76500000e+01
 -4.58108739e+03  4.92279000e+03  1.19927800e+03  6.37000000e-01 7.76500000e+01
 -4.58108739e+03  4.92279000e+03  1.19927800e+03  6.37000000e-01 7.76500000e+01
 -4.58108739e+03  4.92279000e+03  1.19927800e+03  6.37000000e-01 7.76500000e+01
 -4.58108739e+03  4.92279000e+03  1.19927800e+03  6.37000000e-01 7.76500000e+01
 -4.58108739e+03  4.92279000e+03  1.19927800e+03  6.37000000e-01 7.76500000e+01
 -4.58108739e+03  4.92279000e+03  1.19927800e+03  6.37000000e-01 7.76500000e+01
 -4.58108739e+03  4.92279000e+03  1.19927800e+03  6.37000000e-01 7.76500000e+01
 -4.58108739e+03  4.92279000e+03  1.19927800e+03  6.37000000e-01 7.76500000e+01
 -4.58108739e+03  4.92279000e+03  1.19927800e+03  6.37000000e-01 7.76500000e+01
 -4.58108739e+03  4.92279000e+03  1.19927800e+03  6.37000000e-01 7.76500000e+01
 -4.58108739e+03  4.92279000e+03  1.19927800e+03  6.37000000e-01 7.76500000e+01