-2.37106734e+03  6.19100000e+02  1.20834000e+02  3.66000000e-01 2.81330000e+01
 -2.34798128e+03  6.19100000e+02  1.25134000e+02  3.55000000e-01 2.73970000e+01
 -2.35420557e+03  6.19100000e+02  1.20621000e+02  3.73000000e-01 2.83500000e+01
 -2.34584160e+03  6.18230000e+02  1.19609000e+02  3.60000000e-01 2.69190000e+01
 -2.35337899e+03  6.18230000e+02  1.26077000e+02  3.69000000e-01 2.84480000e+01
 -2.35170419e+03  6.17360000e+02  1.21894000e+02  3.75000000e-01 2.80830000e+01
 -2.36604059e+03  6.17360000e+02  1.22237000e+02  3.83000000e-01 2.59140000e+01
 -2.35166899e+03  6.19230000e+02  1.28825000e+02  3.70000000e-01 2.93270000e+01
 -2.37798844e+03  6.20230000e+02  1.32877000e+02  3.72000000e-01 2.85210000e+01
 -2.37798844e+03  6.20230000e+02  1.32877000e+02  3.72000000e-01 2.85210000e+01
 -2.37315678e+03  6.20230000e+02  1.13905000e+02  3.74000000e-01 2.72280000e+01
 -2.37678408e+03  6.21230000e+02  1.14660000e+02  3.76000000e-01 2.73170000e+01
 -2.37173756e+03  6.20230000e+02  1.23626000e+02  3.70000000e-01 2.97200000e+01
 -2.37514884e+03  6.21230000e+02  1.21873000e+02  3.70000000e-01 2.97100000e+01
 -2.37514884e+03  6.21230000e+02  1.21873000e+02  3.70000000e-01 2.97100000e+01
 -2.37514884e+03  6.21230000e+02  1.21873000e+02  3.70000000e-01 2.97100000e+01
 -2.37839377e+03  6.22230000e+02  1.15538000e+02  3.62000000e-01 2.62970000e+01
 -2.37839377e+03  6.22230000e+02  1.15538000e+02  3.62000000e-01 2.62970000e+01
 -2.36711582e+03  6.22230000e+02  1.06668000e+02  3.66000000e-01 2.90270000e+01
 -2.37785556e+03  6.24100000e+02  1.15418000e+02  3.75000000e-01 2.78110000e+01
 -2.37785556e+03  6.24100000e+02  1.15418000e+02  3.75000000e-01 2.78110000e+01
 -2.37647970e+03  6.24100000e+02  1.21945000e+02  3.60000000e-01 2.97030000e+01
 -2.36956004e+03  6.24100000e+02  1.17183000e+02  3.86000000e-01 2.87280000e+01
 -2.36956004e+03  6.24100000e+02  1.17183000e+02  3.86000000e-01 2.87280000e+01
 -2.36471839e+03  6.24100000e+02  1.14912000e+02  3.65000000e-01 2.82890000e+01
 -2.36471839e+03  6.24100000e+02  1.14912000e+02  3.65000000e-01 2.82890000e+01
 -2.37812639e+03  6.24100000e+02  1.15762000e+02  3.72000000e-01 2.79710000e+01
 -2.37812639e+03  6.24100000e+02  1.15762000e+02  3.72000000e-01 2.79710000e+01
 -2.37812639e+03  6.24100000e+02  1.15762000e+02  3.72000000e-01 2.79710000e+01
 -2.38916154e+03  6.25970000e+02  1.17031000e+02  3.63000000e-01 2.87640000e+01
 -2.37300781e+03  6.24100000e+02  1.14385000e+02  3.63000000e-01 2.76890000e+01
 -2.36674867e+03  6.23230000e+02  1.22898000e+02  3.53000000e-01 2.77620000e+01
 -2.39228430e+03  6.25100000e+02  1.12267000e+02  3.60000000e-01 2.68100000e+01
 -2.39228430e+03  6.25100000e+02  1.12267000e+02  3.60000000e-01 2.68100000e+01
 -2.39228430e+03  6.25100000e+02  1.12267000e+02  3.60000000e-01 2.68100000e+01
 -2.37727181e+03  6.25100000e+02  1.15146000e+02  3.63000000e-01 2.67450000e+01
 -2.39662112e+03  6.26970000e+02  1.20545000e+02  3.62000000e-01 2.69520000e+01
 -2.39249604e+03  6.26970000e+02  1.21941000e+02  3.71000000e-01 2.70970000e+01
 -2.38894683e+03  6.26970000e+02  1.22047000e+02  3.56000000e-01 2.57680000e+01
 -2.38894683e+03  6.26970000e+02  1.22047000e+02  3.56000000e-01 2.57680000e+01
 -2.38584308e+03  6.25970000e+02  1.23800000e+02  3.55000000e-01 2.57720000e+01
 -2.39063379e+03  6.25970000e+02  1.15454000e+02  3.54000000e-01 2.69430000e+01
 -2.38487063e+03  6.24970000e+02  1.26054000e+02  3.52000000e-01 2.90670000e+01
 -2.38487063e+03  6.24970000e+02  1.26054000e+02  3.52000000e-01 2.90670000e+01
 -2.38487063e+03  6.24970000e+02  1.26054000e+02  3.52000000e-01 2.90670000e+01
 -2.38149926e+03  6.23970000e+02  1.21292000e+02  3.59000000e-01 2.70310000e+01
 -2.38547518e+03  6.23970000e+02  1.17113000e+02  3.56000000e-01 2.92640000e+01
 -2.38547518e+03  6.23970000e+02  1.17113000e+02  3.56000000e-01 2.92640000e+01
 -2.37200443e+03  6.23970000e+02  1.22249000e+02  3.69000000e-01 2.81650000e+01
 -2.37863551e+03  6.25840000e+02  1.24416000e+02  3.68000000e-01 2.66780000e+01
 -2.37840336e+03  6.24970000e+02  1.15609000e+02  3.78000000e-01 2.80820000e+01
 -2.39067623e+03  6.24970000e+02  1.24916000e+02  3.73000000e-01 2.71890000e+01
 -2.39067623e+03  6.24970000e+02  1.24916000e+02  3.73000000e-01 2.71890000e+01
 -2.38978460e+03  6.25970000e+02  1.14819000e+02  3.48000000e-01 2.71720000e+01
 -2.39215184e+03  6.25970000e+02  1.16209000e+02  3.65000000e-01 2.53170000e+01
 -2.39215184e+03  6.25970000e+02  1.16209000e+02  3.65000000e-01 2.53170000e+01
 -2.38610038e+03  6.25100000e+02  1.18425000e+02  3.72000000e-01 2.88070000e+01
 -2.39503910e+03  6.26970000e+02  1.20039000e+02  3.72000000e-01 2.53820000e+01
 -2.39327566e+03  6.28840000e+02  1.10516000e+02  3.75000000e-01 2.73910000e+01
 -2.39327566e+03  6.28840000e+02  1.10516000e+02  3.75000000e-01 2.73910000e+01
 -2.39327566e+03  6.28840000e+02  1.10516000e+02  3.75000000e-01 2.73910000e+01
 -2.39327566e+03  6.28840000e+02  1.10516000e+02  3.75000000e-01 2.73910000e+01
 -2.39634135e+03  6.26970000e+02  1.08252000e+02  3.64000000e-01 2.80870000e+01
 -2.39905714e+03  6.26970000e+02  1.07376000e+02  3.78000000e-01 2.73820000e+01
 -2.39905714e+03  6.26970000e+02  1.07376000e+02  3.78000000e-01 2.73820000e+01
 -2.40376214e+03  6.26970000e+02  1.11308000e+02  3.76000000e-01 2.74500000e+01
 -2.40602218e+03  6.27840000e+02  1.11616000e+02  3.76000000e-01 2.75720000e+01
 -2.38678903e+03  6.27840000e+02  1.21767000e+02  3.83000000e-01 2.75260000e+01
 -2.38337667e+03  6.25970000e+02  1.18719000e+02  3.80000000e-01 2.92370000e+01
 -2.37329436e+03  6.24970000e+02  1.18352000e+02  3.62000000e-01 3.03290000e+01
 -2.37329436e+03  6.24970000e+02  1.18352000e+02  3.62000000e-01 3.03290000e+01
 -2.36669727e+03  6.23100000e+02  1.17182000e+02  3.69000000e-01 2.73180000e+01
 -2.37269515e+03  6.24970000e+02  1.12661000e+02  3.52000000e-01 2.75100000e+01
 -2.38536727e+03  6.25970000e+02  1.10731000e+02  3.67000000e-01 2.86660000e+01
 -2.36171248e+03  6.24970000e+02  1.24559000e+02  3.66000000e-01 2.82060000e+01
 -2.38017690e+03  6.24100000e+02  1.34520000e+02  3.63000000e-01 2.78060000e+01
 -2.38017690e+03  6.24100000e+02  1.34520000e+02  3.63000000e-01 2.78060000e+01
 -2.38017690e+03  6.24100000e+02  1.34520000e+02  3.63000000e-01 2.78060000e+01
 -2.36660890e+03  6.22230000e+02  1.20641000e+02  3.74000000e-01 2.93860000e+01
 -2.38331033e+03  6.23230000e+02  1.17646000e+02  3.64000000e-01 2.66370000e+01
 -2.38331033e+03  6.23230000e+02  1.17646000e+02  3.64000000e-01 2.66370000e+01
 -2.35999656e+03  6.22230000e+02  1.19376000e+02  3.58000000e-01 2.82750000e+01
 -2.37430787e+03  6.20360000e+02  1.31559000e+02  3.75000000e-01 2.69880000e+01
 -2.35002974e+03  6.18490000e+02  1.19043000e+02  3.75000000e-01 2.82050000e+01
 -2.36195459e+03  6.19490000e+02  1.13144000e+02  3.82000000e-01 2.93540000e+01
 -2.36195459e+03  6.19490000e+02  1.13144000e+02  3.82000000e-01 2.93540000e+01
 -2.35691632e+03  6.18490000e+02  1.19090000e+02  3.83000000e-01 2.67710000e+01
 -2.36351344e+03  6.20360000e+02  1.20855000e+02  3.75000000e-01 2.47260000e+01
 -2.36737287e+03  6.21360000e+02  1.20368000e+02  3.64000000e-01 2.83850000e+01
 -2.37556099e+03  6.21360000e+02  1.03112000e+02  3.68000000e-01 2.69340000e+01
 -2.37305782e+03  6.23230000e+02  1.17430000e+02  3.71000000e-01 2.80240000e+01
 -2.37207792e+03  6.24100000e+02  1.31998000e+02  3.65000000e-01 2.74000000e+01
 -2.37207792e+03  6.24100000e+02  1.31998000e+02  3.65000000e-01 2.74000000e+01
 -2.37722299e+03  6.24100000e+02  1.18974000e+02  3.70000000e-01 2.69070000e+01
 -2.37722299e+03  6.24100000e+02  1.18974000e+02  3.70000000e-01 2.69070000e+01
 -2.37722299e+03  6.24100000e+02  1.18974000e+02  3.70000000e-01 2.69070000e+01
 -2.37448078e+03  6.24970000e+02  1.15736000e+02  3.72000000e-01 2.63820000e+01
 -2.39032225e+03  6.24970000e+02  1.20366000e+02  3.88000000e-01 2.67960000e+01
 -2.38443499e+03  6.26840000e+02  1.09705000e+02  3.42000000e-01 2.72150000e+01
 -2.40309734e+03  6.28710000e+02  1.22983000e+02  3.86000000e-01 2.79120000e+01
 -2.39354965e+03  6.27710000e+02  1.16530000e+02  3.53000000e-01 2.80540000e+01
 -2.39354965e+03  6.27710000e+02  1.16530000e+02  3.53000000e-01 2.80540000e+01
 -2.40225788e+03  6.26840000e+02  1.14979000e+02  3.68000000e-01 2.78200000e+01
 -2.39855971e+03  6.27710000e+02  1.14707000e+02  3.83000000e-01 2.67900000e+01
 -2.40599221e+03  6.29580000e+02  1.17466000e+02  3.77000000e-01 2.69870000e+01
 -2.40219560e+03  6.28710000e+02  1.25968000e+02  3.75000000e-01 2.83290000e+01
 -2.39550283e+03  6.29710000e+02  1.19741000e+02  3.45000000e-01 2.70440000e+01
 -2.39550283e+03  6.29710000e+02  1.19741000e+02  3.45000000e-01 2.70440000e+01
 -2.39550283e+03  6.29710000e+02  1.19741000e+02  3.45000000e-01 2.70440000e+01
 -2.39550283e+03  6.29710000e+02  1.19741000e+02  3.45000000e-01 2.70440000e+01
 -2.39427411e+03  6.29710000e+02  1.13651000e+02  3.54000000e-01 2.77280000e+01
 -2.40423995e+03  6.28840000e+02  1.00009000e+02  3.61000000e-01 2.83490000e+01
 -2.39676923e+03  6.27970000e+02  1.13318000e+02  3.58000000e-01 2.81840000e+01
 -2.40681794e+03  6.29840000e+02  1.12949000e+02  3.83000000e-01 2.70410000e+01
 -2.40402407e+03  6.28970000e+02  1.13281000e+02  3.69000000e-01 2.84920000e+01
 -2.40585941e+03  6.29840000e+02  1.13588000e+02  3.69000000e-01 2.85680000e+01
 -2.40585941e+03  6.29840000e+02  1.13588000e+02  3.69000000e-01 2.85680000e+01
 -2.41172814e+03  6.30840000e+02  1.10182000e+02  3.63000000e-01 2.79750000e+01
 -2.41172814e+03  6.30840000e+02  1.10182000e+02  3.63000000e-01 2.79750000e+01
 -2.40036306e+03  6.28970000e+02  1.15858000e+02  3.64000000e-01 2.80570000e+01
 -2.40036306e+03  6.28970000e+02  1.15858000e+02  3.64000000e-01 2.80570000e+01
 -2.41769691e+03  6.30840000e+02  1.10937000e+02  3.63000000e-01 2.63560000e+01
 -2.41769691e+03  6.30840000e+02  1.10937000e+02  3.63000000e-01 2.63560000e+01
 -2.39319974e+03  6.29840000e+02  1.17346000e+02  3.68000000e-01 2.78790000e+01
 -2.40331267e+03  6.28970000e+02  1.07138000e+02  3.72000000e-01 2.66520000e+01
 -2.40124261e+03  6.30840000e+02  1.09680000e+02  3.66000000e-01 2.74690000e+01
 -2.42118584e+03  6.29840000e+02  1.26536000e+02  3.71000000e-01 2.56900000e+01
 -2.42304536e+03  6.31710000e+02  1.11247000e+02  3.69000000e-01 2.76750000e+01
 -2.42068040e+03  6.30840000e+02  1.12765000e+02  3.56000000e-01 2.73150000e+01
 -2.42068040e+03  6.30840000e+02  1.12765000e+02  3.56000000e-01 2.73150000e+01
 -2.42068040e+03  6.30840000e+02  1.12765000e+02  3.56000000e-01 2.73150000e+01
 -2.42068040e+03  6.30840000e+02  1.12765000e+02  3.56000000e-01 2.73150000e+01
 -2.42068040e+03  6.30840000e+02  1.12765000e+02  3.56000000e-01 2.73150000e+01
 -2.42068040e+03  6.30840000e+02  1.12765000e+02  3.56000000e-01 2.73150000e+01
 -2.39015562e+03  6.28970000e+02  1.14387000e+02  3.79000000e-01 2.69750000e+01
 -2.39330315e+03  6.28970000e+02  1.10341000e+02  3.79000000e-01 2.96650000e+01
 -2.39330315e+03  6.28970000e+02  1.10341000e+02  3.79000000e-01 2.96650000e+01
 -2.39330315e+03  6.28970000e+02  1.10341000e+02  3.79000000e-01 2.96650000e+01
 -2.40536990e+03  6.27100000e+02  1.20831000e+02  3.69000000e-01 2.71900000e+01
 -2.38030208e+03  6.28100000e+02  1.21677000e+02  3.64000000e-01 2.79710000e+01
 -2.38030208e+03  6.28100000e+02  1.21677000e+02  3.64000000e-01 2.79710000e+01
 -2.38030208e+03  6.28100000e+02  1.21677000e+02  3.64000000e-01 2.79710000e+01
 -2.38030208e+03  6.28100000e+02  1.21677000e+02  3.64000000e-01 2.79710000e+01
 -2.39270038e+03  6.29970000e+02  1.07874000e+02  3.84000000e-01 2.69280000e+01
 -2.39270038e+03  6.29970000e+02  1.07874000e+02  3.84000000e-01 2.69280000e+01
 -2.39270038e+03  6.29970000e+02  1.07874000e+02  3.84000000e-01 2.69280000e+01
 -2.40219668e+03  6.29100000e+02  1.21704000e+02  3.40000000e-01 2.80320000e+01
 -2.39954819e+03  6.30100000e+02  1.12267000e+02  3.60000000e-01 2.81050000e+01
 -2.39556097e+03  6.30100000e+02  1.13198000e+02  3.57000000e-01 2.72870000e+01
 -2.38425486e+03  6.29100000e+02  1.09694000e+02  3.72000000e-01 2.75600000e+01
 -2.38425486e+03  6.29100000e+02  1.09694000e+02  3.72000000e-01 2.75600000e+01
 -2.39319980e+03  6.28230000e+02  1.16589000e+02  3.77000000e-01 2.93350000e+01
 -2.40426715e+03  6.30100000e+02  1.18789000e+02  3.62000000e-01 2.86600000e+01
 -2.39338173e+03  6.30100000e+02  1.12406000e+02  3.60000000e-01 2.79080000e+01
 -2.40038667e+03  6.30100000e+02  1.17274000e+02  3.49000000e-01 2.71620000e+01
 -2.40038667e+03  6.30100000e+02  1.17274000e+02  3.49000000e-01 2.71620000e+01
 -2.40038667e+03  6.30100000e+02  1.17274000e+02  3.49000000e-01 2.71620000e+01
 -2.40726233e+03  6.30100000e+02  1.07603000e+02  3.52000000e-01 2.58260000e+01
 -2.40427632e+03  6.30100000e+02  1.14999000e+02  3.62000000e-01 2.85800000e+01
 -2.40427632e+03  6.30100000e+02  1.14999000e+02  3.62000000e-01 2.85800000e+01
 -2.39170207e+03  6.28230000e+02  1.12561000e+02  3.57000000e-01 2.53900000e+01
 -2.40067632e+03  6.28230000e+02  1.21161000e+02  3.48000000e-01 2.82800000e+01
 -2.40922034e+03  6.29100000e+02  1.20143000e+02  3.47000000e-01 2.63160000e+01
 -2.40164262e+03  6.28230000e+02  1.14824000e+02  3.68000000e-01 2.78140000e+01
 -2.40164262e+03  6.28230000e+02  1.14824000e+02  3.68000000e-01 2.78140000e+01
 -2.40164262e+03  6.28230000e+02  1.14824000e+02  3.68000000e-01 2.78140000e+01
 -2.40164262e+03  6.28230000e+02  1.14824000e+02  3.68000000e-01 2.78140000e+01
 -2.40360233e+03  6.27360000e+02  1.25658000e+02  3.58000000e-01 2.68950000e+01
 -2.40352305e+03  6.28230000e+02  1.03777000e+02  3.64000000e-01 2.52290000e+01
 -2.40352305e+03  6.28230000e+02  1.03777000e+02  3.64000000e-01 2.52290000e+01
 -2.40207068e+03  6.30100000e+02  1.12265000e+02  3.61000000e-01 2.68340000e+01
 -2.40207068e+03  6.30100000e+02  1.12265000e+02  3.61000000e-01 2.68340000e+01
 -2.40561848e+03  6.31970000e+02  1.17299000e+02  3.66000000e-01 2.77410000e+01
 -2.40561848e+03  6.31970000e+02  1.17299000e+02  3.66000000e-01 2.77410000e+01
 -2.41791996e+03  6.30970000e+02  1.18091000e+02  3.65000000e-01 2.79650000e+01
 -2.40942322e+03  6.30100000e+02  1.06807000e+02  3.65000000e-01 2.51020000e+01
 -2.41760932e+03  6.29100000e+02  1.19384000e+02  3.79000000e-01 2.58420000e+01
 -2.40123638e+03  6.29100000e+02  1.19967000e+02  3.78000000e-01 2.79820000e+01
 -2.40405093e+03  6.30100000e+02  1.11118000e+02  3.79000000e-01 2.83580000e+01
 -2.40237321e+03  6.29100000e+02  1.14077000e+02  3.77000000e-01 2.81020000e+01
 -2.40237321e+03  6.29100000e+02  1.14077000e+02  3.77000000e-01 2.81020000e+01
 -2.40175145e+03  6.28230000e+02  1.11576000e+02  3.63000000e-01 2.71060000e+01
 -2.40175145e+03  6.28230000e+02  1.11576000e+02  3.63000000e-01 2.71060000e+01
 -2.40175145e+03  6.28230000e+02  1.11576000e+02  3.63000000e-01 2.71060000e+01
 -2.39597806e+03  6.27360000e+02  1.09070000e+02  3.58000000e-01 2.85360000e+01
 -2.39597806e+03  6.27360000e+02  1.09070000e+02  3.58000000e-01 2.85360000e+01
 -2.39597806e+03  6.27360000e+02  1.09070000e+02  3.58000000e-01 2.85360000e+01
 -2.39597806e+03  6.27360000e+02  1.09070000e+02  3.58000000e-01 2.85360000e+01
 -2.39597806e+03  6.27360000e+02  1.09070000e+02  3.58000000e-01 2.85360000e+01
 -2.40794473e+03  6.27360000e+02  1.02353000e+02  3.58000000e-01 2.87610000e+01
 -2.40794473e+03  6.27360000e+02  1.02353000e+02  3.58000000e-01 2.87610000e+01
 -2.39579484e+03  6.28230000e+02  1.15538000e+02  3.70000000e-01 2.55730000e+01
 -2.39579484e+03  6.28230000e+02  1.15538000e+02  3.70000000e-01 2.55730000e+01
 -2.39579484e+03  6.28230000e+02  1.15538000e+02  3.70000000e-01 2.55730000e+01
 -2.39579484e+03  6.28230000e+02  1.15538000e+02  3.70000000e-01 2.55730000e+01
 -2.39579484e+03  6.28230000e+02  1.15538000e+02  3.70000000e-01 2.55730000e+01
 -2.39579484e+03  6.28230000e+02  1.15538000e+02  3.70000000e-01 2.55730000e+01
 -2.39579484e+03  6.28230000e+02  1.15538000e+02  3.70000000e-01 2.55730000e+01
 -2.38956270e+03  6.26360000e+02  1.15538000e+02  3.57000000e-01 2.55370000e+01
 -2.38956270e+03  6.26360000e+02  1.15538000e+02  3.57000000e-01 2.55370000e+01
 -2.38683545e+03  6.26360000e+02  1.05126000e+02  3.52000000e-01 2.43350000e+01
 -2.38736223e+03  6.28230000e+02  1.08976000e+02  3.48000000e-01 2.94590000e+01
 -2.38736223e+03  6.28230000e+02  1.08976000e+02  3.48000000e-01 2.94590000e+01
 -2.38736223e+03  6.28230000e+02  1.08976000e+02  3.48000000e-01 2.94590000e+01
 -2.38736223e+03  6.28230000e+02  1.08976000e+02  3.48000000e-01 2.94590000e+01
 -2.38714107e+03  6.28230000e+02  1.04607000e+02  3.48000000e-01 2.80670000e+01
 -2.39893411e+03  6.29230000e+02  1.11178000e+02  3.63000000e-01 2.72180000e+01
 -2.39257914e+03  6.29230000e+02  1.03551000e+02  3.74000000e-01 2.83590000e+01
 -2.39384780e+03  6.28230000e+02  1.20194000e+02  3.68000000e-01 2.99930000e+01
 -2.38991053e+03  6.29230000e+02  1.16995000e+02  3.66000000e-01 2.88320000e+01
 -2.38991053e+03  6.29230000e+02  1.16995000e+02  3.66000000e-01 2.88320000e+01
 -2.38991053e+03  6.29230000e+02  1.16995000e+02  3.66000000e-01 2.88320000e+01
 -2.38991053e+03  6.29230000e+02  1.16995000e+02  3.66000000e-01 2.88320000e+01
 -2.39780034e+03  6.29230000e+02  1.17352000e+02  3.74000000e-01 2.76880000e+01
 -2.40150642e+03  6.28360000e+02  1.17352000e+02  3.77000000e-01 2.78680000e+01
 -2.40150642e+03  6.28360000e+02  1.17352000e+02  3.77000000e-01 2.78680000e+01
 -2.40150642e+03  6.28360000e+02  1.17352000e+02  3.77000000e-01 2.78680000e+01
 -2.40150642e+03  6.28360000e+02  1.17352000e+02  3.77000000e-01 2.78680000e+01
 -2.40104323e+03  6.26490000e+02  1.05389000e+02  3.74000000e-01 2.89790000e+01
 -2.40104323e+03  6.26490000e+02  1.05389000e+02  3.74000000e-01 2.89790000e+01
 -2.39919399e+03  6.27490000e+02  1.06703000e+02  3.70000000e-01 2.79520000e+01
 -2.39008957e+03  6.27490000e+02  1.08593000e+02  3.81000000e-01 2.78920000e+01
 -2.39078773e+03  6.27490000e+02  1.12079000e+02  3.62000000e-01 3.13710000e+01
 -2.38607274e+03  6.28490000e+02  1.08905000e+02  3.70000000e-01 2.93370000e+01
 -2.40791209e+03  6.29360000e+02  1.04961000e+02  3.76000000e-01 2.61360000e+01
 -2.39462450e+03  6.29360000e+02  1.10339000e+02  3.56000000e-01 2.86590000e+01
 -2.41082742e+03  6.30230000e+02  1.12476000e+02  3.77000000e-01 2.87660000e+01
 -2.40501352e+03  6.28360000e+02  1.12476000e+02  3.77000000e-01 2.88110000e+01
 -2.40501352e+03  6.28360000e+02  1.12476000e+02  3.77000000e-01 2.88110000e+01
 -2.40501352e+03  6.28360000e+02  1.12476000e+02  3.77000000e-01 2.88110000e+01
 -2.39813953e+03  6.29360000e+02  1.11592000e+02  3.61000000e-01 2.77140000e+01
 -2.39813953e+03  6.29360000e+02  1.11592000e+02  3.61000000e-01 2.77140000e+01
 -2.39813953e+03  6.29360000e+02  1.11592000e+02  3.61000000e-01 2.77140000e+01
 -2.40528284e+03  6.30360000e+02  1.06903000e+02  3.73000000e-01 3.00550000e+01
 -2.40151582e+03  6.31360000e+02  1.06807000e+02  3.70000000e-01 2.68850000e+01
 -2.39604172e+03  6.31360000e+02  1.09272000e+02  3.53000000e-01 2.73770000e+01
 -2.41026838e+03  6.32360000e+02  1.10349000e+02  3.67000000e-01 2.77850000e+01
 -2.41660628e+03  6.33230000e+02  1.09056000e+02  3.51000000e-01 2.85320000e+01
 -2.41701650e+03  6.32360000e+02  1.04955000e+02  3.70000000e-01 2.79100000e+01
 -2.40330095e+03  6.33230000e+02  1.12330000e+02  3.52000000e-01 3.07370000e+01
 -2.40330095e+03  6.33230000e+02  1.12330000e+02  3.52000000e-01 3.07370000e+01
 -2.40330095e+03  6.33230000e+02  1.12330000e+02  3.52000000e-01 3.07370000e+01
 -2.40330095e+03  6.33230000e+02  1.12330000e+02  3.52000000e-01 3.07370000e+01
 -2.40776784e+03  6.32360000e+02  1.17620000e+02  3.72000000e-01 2.92920000e+01
 -2.40776784e+03  6.32360000e+02  1.17620000e+02  3.72000000e-01 2.92920000e+01
 -2.40056993e+03  6.31360000e+02  1.08384000e+02  3.79000000e-01 2.77100000e+01
 -2.41285846e+03  6.33230000e+02  1.22300000e+02  3.49000000e-01 2.70380000e+01
 -2.41844356e+03  6.34230000e+02  1.14185000e+02  3.84000000e-01 2.73500000e+01
 -2.41844356e+03  6.34230000e+02  1.14185000e+02  3.84000000e-01 2.73500000e+01
 -2.40990848e+03  6.34230000e+02  1.06450000e+02  3.75000000e-01 2.86750000e+01
 -2.40990848e+03  6.34230000e+02  1.06450000e+02  3.75000000e-01 2.86750000e+01
 -2.40990848e+03  6.34230000e+02  1.06450000e+02  3.75000000e-01 2.86750000e+01
 -2.41780282e+03  6.35100000e+02  1.07576000e+02  3.63000000e-01 2.79950000e+01
 -2.41780282e+03  6.35100000e+02  1.07576000e+02  3.63000000e-01 2.79950000e+01
 -2.42795373e+03  6.34230000e+02  1.12361000e+02  3.69000000e-01 2.68120000e+01
 -2.42795373e+03  6.34230000e+02  1.12361000e+02  3.69000000e-01 2.68120000e+01
 -2.42795373e+03  6.34230000e+02  1.12361000e+02  3.69000000e-01 2.68120000e+01
 -2.42795373e+03  6.34230000e+02  1.12361000e+02  3.69000000e-01 2.68120000e+01
 -2.42795373e+03  6.34230000e+02  1.12361000e+02  3.69000000e-01 2.68120000e+01
 -2.42795373e+03  6.34230000e+02  1.12361000e+02  3.69000000e-01 2.68120000e+01
 -2.42795373e+03  6.34230000e+02  1.12361000e+02  3.69000000e-01 2.68120000e+01
 -2.42427699e+03  6.34230000e+02  1.09698000e+02  3.59000000e-01 2.90610000e+01
 -2.42427699e+03  6.34230000e+02  1.09698000e+02  3.59000000e-01 2.90610000e+01
 -2.42427699e+03  6.34230000e+02  1.09698000e+02  3.59000000e-01 2.90610000e+01
 -2.42427699e+03  6.34230000e+02  1.09698000e+02  3.59000000e-01 2.90610000e+01
 -2.42427699e+03  6.34230000e+02  1.09698000e+02  3.59000000e-01 2.90610000e+01
 -2.42427699e+03  6.34230000e+02  1.09698000e+02  3.59000000e-01 2.90610000e+01
 -2.42427699e+03  6.34230000e+02  1.09698000e+02  3.59000000e-01 2.90610000e+01
 -2.42427699e+03  6.34230000e+02  1.09698000e+02  3.59000000e-01 2.90610000e+01
 -2.41513411e+03  6.34230000e+02  1.04263000e+02  3.70000000e-01 2.77690000e+01
 -2.41521505e+03  6.32360000e+02  1.12149000e+02  3.56000000e-01 2.74290000e+01
 -2.41798403e+03  6.33230000e+02  1.16981000e+02  3.77000000e-01 2.92330000e+01
 -2.42333892e+03  6.32230000e+02  1.06085000e+02  3.73000000e-01 2.81350000e+01
 -2.42271179e+03  6.33100000e+02  1.07895000e+02  3.77000000e-01 2.85320000e+01
 -2.42075920e+03  6.33100000e+02  1.13155000e+02  3.81000000e-01 2.64500000e+01
 -2.41515712e+03  6.34970000e+02  1.08337000e+02  3.74000000e-01 2.78340000e+01
 -2.41547331e+03  6.34100000e+02  1.12029000e+02  3.78000000e-01 2.84760000e+01
 -2.41786528e+03  6.33230000e+02  1.09574000e+02  3.83000000e-01 2.95850000e+01
 -2.41718057e+03  6.34230000e+02  1.06687000e+02  3.79000000e-01 2.73220000e+01
 -2.42517622e+03  6.33230000e+02  1.12526000e+02  3.75000000e-01 2.64500000e+01
 -2.42236877e+03  6.34230000e+02  1.07562000e+02  3.62000000e-01 2.67220000e+01
 -2.42236877e+03  6.34230000e+02  1.07562000e+02  3.62000000e-01 2.67220000e+01
 -2.41405668e+03  6.35100000e+02  9.82910000e+01  3.53000000e-01 2.87200000e+01
 -2.41405668e+03  6.35100000e+02  9.82910000e+01  3.53000000e-01 2.87200000e+01
 -2.42073644e+03  6.36970000e+02  1.18172000e+02  3.65000000e-01 2.85060000e+01
 -2.41405843e+03  6.35100000e+02  1.11331000e+02  3.63000000e-01 2.85870000e+01
 -2.41615111e+03  6.36100000e+02  1.09578000e+02  3.63000000e-01 2.85680000e+01
 -2.41615111e+03  6.36100000e+02  1.09578000e+02  3.63000000e-01 2.85680000e+01
 -2.41708080e+03  6.35100000e+02  1.12441000e+02  3.80000000e-01 2.81090000e+01
 -2.41870863e+03  6.35970000e+02  1.06164000e+02  3.86000000e-01 2.83040000e+01
 -2.42600363e+03  6.35970000e+02  1.04577000e+02  3.66000000e-01 2.76550000e+01
 -2.44012601e+03  6.37840000e+02  1.06081000e+02  3.58000000e-01 2.70020000e+01
 -2.43011594e+03  6.38710000e+02  1.10123000e+02  3.52000000e-01 2.73830000e+01
 -2.43342725e+03  6.38710000e+02  1.16146000e+02  3.71000000e-01 2.58570000e+01
 -2.43342725e+03  6.38710000e+02  1.16146000e+02  3.71000000e-01 2.58570000e+01
 -2.43663328e+03  6.38710000e+02  1.14204000e+02  3.69000000e-01 2.58870000e+01
 -2.43663328e+03  6.38710000e+02  1.14204000e+02  3.69000000e-01 2.58870000e+01
 -2.43479005e+03  6.39710000e+02  1.09755000e+02  3.70000000e-01 2.56830000e+01
 -2.43289921e+03  6.41580000e+02  1.12025000e+02  3.64000000e-01 2.54970000e+01
 -2.43375905e+03  6.42450000e+02  1.13008000e+02  3.62000000e-01 3.05500000e+01
 -2.44651478e+03  6.42450000e+02  1.08711000e+02  3.87000000e-01 2.75890000e+01
 -2.44651478e+03  6.42450000e+02  1.08711000e+02  3.87000000e-01 2.75890000e+01
 -2.44574061e+03  6.44320000e+02  1.15108000e+02  3.60000000e-01 2.59120000e+01
 -2.44574061e+03  6.44320000e+02  1.15108000e+02  3.60000000e-01 2.59120000e+01
 -2.45816909e+03  6.45190000e+02  1.08650000e+02  3.62000000e-01 2.62930000e+01
 -2.45816909e+03  6.45190000e+02  1.08650000e+02  3.62000000e-01 2.62930000e+01
 -2.46808716e+03  6.45190000e+02  1.01996000e+02  3.62000000e-01 2.63260000e+01
 -2.45603295e+03  6.46190000e+02  1.12937000e+02  3.68000000e-01 2.82140000e+01
 -2.45407203e+03  6.45320000e+02  1.16136000e+02  3.69000000e-01 2.73720000e+01
 -2.45407203e+03  6.45320000e+02  1.16136000e+02  3.69000000e-01 2.73720000e+01
 -2.45407203e+03  6.45320000e+02  1.16136000e+02  3.69000000e-01 2.73720000e+01
 -2.46326697e+03  6.47190000e+02  1.05128000e+02  3.73000000e-01 2.68180000e+01
 -2.46715377e+03  6.46320000e+02  1.05932000e+02  3.61000000e-01 2.65880000e+01
 -2.45398021e+03  6.45320000e+02  1.02659000e+02  3.62000000e-01 2.61290000e+01
 -2.45398021e+03  6.45320000e+02  1.02659000e+02  3.62000000e-01 2.61290000e+01
 -2.46226389e+03  6.44450000e+02  1.13891000e+02  3.65000000e-01 2.66080000e+01
 -2.45484449e+03  6.43450000e+02  1.10041000e+02  3.62000000e-01 2.71460000e+01
 -2.45475443e+03  6.44450000e+02  1.13581000e+02  3.53000000e-01 2.69820000e+01
 -2.45149485e+03  6.43580000e+02  1.16885000e+02  3.56000000e-01 2.42260000e+01
 -2.44582640e+03  6.42580000e+02  1.01178000e+02  3.55000000e-01 2.58660000e+01
 -2.44582640e+03  6.42580000e+02  1.01178000e+02  3.55000000e-01 2.58660000e+01
 -2.44582640e+03  6.42580000e+02  1.01178000e+02  3.55000000e-01 2.58660000e+01
 -2.44582640e+03  6.42580000e+02  1.01178000e+02  3.55000000e-01 2.58660000e+01
 -2.43839414e+03  6.43580000e+02  1.14183000e+02  3.56000000e-01 2.62070000e+01
 -2.45404236e+03  6.41710000e+02  1.08713000e+02  3.67000000e-01 2.77580000e+01
 -2.45404236e+03  6.41710000e+02  1.08713000e+02  3.67000000e-01 2.77580000e+01
 -2.45925588e+03  6.42580000e+02  1.07813000e+02  3.52000000e-01 2.47000000e+01
 -2.43007879e+03  6.43450000e+02  1.11149000e+02  3.60000000e-01 2.76940000e+01
 -2.43007879e+03  6.43450000e+02  1.11149000e+02  3.60000000e-01 2.76940000e+01
 -2.44541731e+03  6.42450000e+02  1.18295000e+02  3.56000000e-01 2.80240000e+01
 -2.44541731e+03  6.42450000e+02  1.18295000e+02  3.56000000e-01 2.80240000e+01
 -2.45093621e+03  6.42450000e+02  9.38510000e+01  3.71000000e-01 2.97500000e+01
 -2.44927001e+03  6.43450000e+02  1.02910000e+02  3.54000000e-01 2.75740000e+01
 -2.44927001e+03  6.43450000e+02  1.02910000e+02  3.54000000e-01 2.75740000e+01
 -2.44927001e+03  6.43450000e+02  1.02910000e+02  3.54000000e-01 2.75740000e+01
 -2.44927001e+03  6.43450000e+02  1.02910000e+02  3.54000000e-01 2.75740000e+01
 -2.45010513e+03  6.43450000e+02  1.11665000e+02  3.66000000e-01 2.73590000e+01
 -2.45284186e+03  6.43450000e+02  1.18911000e+02  3.54000000e-01 2.78470000e+01
 -2.45458718e+03  6.44450000e+02  1.11708000e+02  3.59000000e-01 2.70790000e+01
 -2.45458718e+03  6.44450000e+02  1.11708000e+02  3.59000000e-01 2.70790000e+01
 -2.45493842e+03  6.44450000e+02  1.06107000e+02  3.73000000e-01 2.81340000e+01
 -2.45493842e+03  6.44450000e+02  1.06107000e+02  3.73000000e-01 2.81340000e+01
 -2.44844053e+03  6.44450000e+02  1.06021000e+02  3.48000000e-01 2.85470000e+01
 -2.45151786e+03  6.46320000e+02  1.03740000e+02  3.75000000e-01 2.71970000e+01
 -2.45782086e+03  6.46320000e+02  1.17289000e+02  3.70000000e-01 2.67560000e+01
 -2.46345066e+03  6.46320000e+02  9.99020000e+01  3.67000000e-01 2.65290000e+01
 -2.44485541e+03  6.44450000e+02  1.14240000e+02  3.56000000e-01 2.47220000e+01
 -2.45542886e+03  6.44450000e+02  1.11920000e+02  3.45000000e-01 2.81110000e+01
 -2.45511309e+03  6.46320000e+02  1.18468000e+02  3.46000000e-01 2.90340000e+01
 -2.44864026e+03  6.46320000e+02  1.07042000e+02  3.63000000e-01 2.66970000e+01
 -2.44864026e+03  6.46320000e+02  1.07042000e+02  3.63000000e-01 2.66970000e+01
 -2.46925857e+03  6.46320000e+02  1.12465000e+02  3.56000000e-01 2.39860000e+01
 -2.46882554e+03  6.47320000e+02  1.18552000e+02  3.68000000e-01 2.99780000e+01
 -2.46882554e+03  6.47320000e+02  1.18552000e+02  3.68000000e-01 2.99780000e+01
 -2.46882554e+03  6.47320000e+02  1.18552000e+02  3.68000000e-01 2.99780000e+01
 -2.47355322e+03  6.49190000e+02  1.08558000e+02  3.59000000e-01 2.64050000e+01
 -2.47644314e+03  6.50190000e+02  1.13518000e+02  3.73000000e-01 2.71080000e+01
 -2.47483449e+03  6.50190000e+02  1.12749000e+02  3.59000000e-01 2.91110000e+01
 -2.47137452e+03  6.50190000e+02  1.20488000e+02  3.77000000e-01 2.48800000e+01
 -2.46929349e+03  6.48320000e+02  1.16207000e+02  3.53000000e-01 2.72830000e+01
 -2.46929349e+03  6.48320000e+02  1.16207000e+02  3.53000000e-01 2.72830000e+01
 -2.46929349e+03  6.48320000e+02  1.16207000e+02  3.53000000e-01 2.72830000e+01
 -2.47353918e+03  6.48320000e+02  1.09741000e+02  3.55000000e-01 2.72660000e+01
 -2.47353918e+03  6.48320000e+02  1.09741000e+02  3.55000000e-01 2.72660000e+01
 -2.47353918e+03  6.48320000e+02  1.09741000e+02  3.55000000e-01 2.72660000e+01
 -2.47607431e+03  6.49190000e+02  1.10049000e+02  3.55000000e-01 2.72980000e+01
 -2.47607431e+03  6.49190000e+02  1.10049000e+02  3.55000000e-01 2.72980000e+01
 -2.47607431e+03  6.49190000e+02  1.10049000e+02  3.55000000e-01 2.72980000e+01
 -2.47607431e+03  6.49190000e+02  1.10049000e+02  3.55000000e-01 2.72980000e+01
 -2.47081954e+03  6.49190000e+02  1.10810000e+02  3.60000000e-01 2.49000000e+01
 -2.48336651e+03  6.51060000e+02  1.10690000e+02  3.55000000e-01 2.69120000e+01
 -2.48336651e+03  6.51060000e+02  1.10690000e+02  3.55000000e-01 2.69120000e+01
 -2.48336651e+03  6.51060000e+02  1.10690000e+02  3.55000000e-01 2.69120000e+01
 -2.48336651e+03  6.51060000e+02  1.10690000e+02  3.55000000e-01 2.69120000e+01
 -2.48336651e+03  6.51060000e+02  1.10690000e+02  3.55000000e-01 2.69120000e+01
 -2.47322858e+03  6.50060000e+02  1.05113000e+02  3.72000000e-01 2.60080000e+01
 -2.47635654e+03  6.50060000e+02  1.08125000e+02  3.79000000e-01 2.74130000e+01
 -2.48151295e+03  6.50930000e+02  1.09657000e+02  3.65000000e-01 2.86000000e+01
 -2.48151295e+03  6.50930000e+02  1.09657000e+02  3.65000000e-01 2.86000000e+01
 -2.48151295e+03  6.50930000e+02  1.09657000e+02  3.65000000e-01 2.86000000e+01
 -2.48151295e+03  6.50930000e+02  1.09657000e+02  3.65000000e-01 2.86000000e+01
 -2.48151295e+03  6.50930000e+02  1.09657000e+02  3.65000000e-01 2.86000000e+01
 -2.48151295e+03  6.50930000e+02  1.09657000e+02  3.65000000e-01 2.86000000e+01
 -2.48151295e+03  6.50930000e+02  1.09657000e+02  3.65000000e-01 2.86000000e+01
 -2.48151295e+03  6.50930000e+02  1.09657000e+02  3.65000000e-01 2.86000000e+01
 -2.48318301e+03  6.51800000e+02  1.05444000e+02  3.60000000e-01 2.69270000e+01
 -2.48318301e+03  6.51800000e+02  1.05444000e+02  3.60000000e-01 2.69270000e+01
 -2.49140289e+03  6.51800000e+02  1.17186000e+02  3.69000000e-01 2.73360000e+01
 -2.49140289e+03  6.51800000e+02  1.17186000e+02  3.69000000e-01 2.73360000e+01
 -2.48495864e+03  6.51800000e+02  1.10133000e+02  3.70000000e-01 2.71960000e+01
 -2.48495864e+03  6.51800000e+02  1.10133000e+02  3.70000000e-01 2.71960000e+01
 -2.48495864e+03  6.51800000e+02  1.10133000e+02  3.70000000e-01 2.71960000e+01
 -2.48495864e+03  6.51800000e+02  1.10133000e+02  3.70000000e-01 2.71960000e+01
 -2.48495864e+03  6.51800000e+02  1.10133000e+02  3.70000000e-01 2.71960000e+01
 -2.48495864e+03  6.51800000e+02  1.10133000e+02  3.70000000e-01 2.71960000e+01
 -2.48495864e+03  6.51800000e+02  1.10133000e+02  3.70000000e-01 2.71960000e+01
 -2.48584742e+03  6.52670000e+02  1.03489000e+02  3.83000000e-01 2.70680000e+01
 -2.48490871e+03  6.52670000e+02  1.02316000e+02  3.66000000e-01 2.67540000e+01
 -2.47857390e+03  6.51800000e+02  1.05173000e+02  3.56000000e-01 2.67040000e+01
 -2.47857390e+03  6.51800000e+02  1.05173000e+02  3.56000000e-01 2.67040000e+01
 -2.47857390e+03  6.51800000e+02  1.05173000e+02  3.56000000e-01 2.67040000e+01
 -2.49095218e+03  6.52670000e+02  1.19121000e+02  3.81000000e-01 2.81110000e+01
 -2.48142647e+03  6.52670000e+02  1.24022000e+02  3.57000000e-01 2.84400000e+01
 -2.50196265e+03  6.54540000e+02  1.02814000e+02  3.66000000e-01 2.67740000e+01
 -2.49401646e+03  6.52670000e+02  1.02814000e+02  3.66000000e-01 2.68470000e+01
 -2.49401646e+03  6.52670000e+02  1.02814000e+02  3.66000000e-01 2.68470000e+01
 -2.48512611e+03  6.52670000e+02  1.01869000e+02  3.65000000e-01 2.83970000e+01
 -2.48512611e+03  6.52670000e+02  1.01869000e+02  3.65000000e-01 2.83970000e+01
 -2.48512611e+03  6.52670000e+02  1.01869000e+02  3.65000000e-01 2.83970000e+01
 -2.48512611e+03  6.52670000e+02  1.01869000e+02  3.65000000e-01 2.83970000e+01
 -2.48346457e+03  6.52670000e+02  1.06746000e+02  3.68000000e-01 2.66360000e+01
 -2.48346457e+03  6.52670000e+02  1.06746000e+02  3.68000000e-01 2.66360000e+01
 -2.48866904e+03  6.53540000e+02  1.14846000e+02  3.70000000e-01 2.60210000e+01
 -2.48866904e+03  6.53540000e+02  1.14846000e+02  3.70000000e-01 2.60210000e+01
 -2.49651315e+03  6.55410000e+02  1.13449000e+02  3.61000000e-01 2.71780000e+01
 -2.49651315e+03  6.55410000e+02  1.13449000e+02  3.61000000e-01 2.71780000e+01
 -2.49651315e+03  6.55410000e+02  1.13449000e+02  3.61000000e-01 2.71780000e+01
 -2.49651315e+03  6.55410000e+02  1.13449000e+02  3.61000000e-01 2.71780000e+01
 -2.49651315e+03  6.55410000e+02  1.13449000e+02  3.61000000e-01 2.71780000e+01
 -2.49651315e+03  6.55410000e+02  1.13449000e+02  3.61000000e-01 2.71780000e+01
 -2.49651315e+03  6.55410000e+02  1.13449000e+02  3.61000000e-01 2.71780000e+01
 -2.49357865e+03  6.55410000e+02  1.16566000e+02  3.57000000e-01 2.41320000e+01
 -2.49817510e+03  6.54540000e+02  1.12361000e+02  3.69000000e-01 2.46850000e+01
 -2.49817510e+03  6.54540000e+02  1.12361000e+02  3.69000000e-01 2.46850000e+01
 -2.50260019e+03  6.54540000e+02  1.04295000e+02  3.80000000e-01 2.45160000e+01
 -2.48552541e+03  6.53540000e+02  1.14128000e+02  3.69000000e-01 2.64710000e+01
 -2.49455141e+03  6.55410000e+02  1.18200000e+02  3.70000000e-01 2.78930000e+01
 -2.49455141e+03  6.55410000e+02  1.18200000e+02  3.70000000e-01 2.78930000e+01
 -2.50825095e+03  6.55410000e+02  1.06607000e+02  3.61000000e-01 2.69290000e+01
 -2.50825095e+03  6.55410000e+02  1.06607000e+02  3.61000000e-01 2.69290000e+01
 -2.50825095e+03  6.55410000e+02  1.06607000e+02  3.61000000e-01 2.69290000e+01
 -2.50825095e+03  6.55410000e+02  1.06607000e+02  3.61000000e-01 2.69290000e+01
 -2.50825095e+03  6.55410000e+02  1.06607000e+02  3.61000000e-01 2.69290000e+01
 -2.50825095e+03  6.55410000e+02  1.06607000e+02  3.61000000e-01 2.69290000e+01
 -2.50825095e+03  6.55410000e+02  1.06607000e+02  3.61000000e-01 2.69290000e+01
 -2.51202434e+03  6.56280000e+02  1.06915000e+02  3.61000000e-01 2.68110000e+01
 -2.51202434e+03  6.56280000e+02  1.06915000e+02  3.61000000e-01 2.68110000e+01
 -2.51202434e+03  6.56280000e+02  1.06915000e+02  3.61000000e-01 2.68110000e+01
 -2.51202434e+03  6.56280000e+02  1.06915000e+02  3.61000000e-01 2.68110000e+01
 -2.51202434e+03  6.56280000e+02  1.06915000e+02  3.61000000e-01 2.68110000e+01
 -2.50468071e+03  6.56280000e+02  1.08419000e+02  3.64000000e-01 2.72690000e+01
 -2.50468071e+03  6.56280000e+02  1.08419000e+02  3.64000000e-01 2.72690000e+01
 -2.50468071e+03  6.56280000e+02  1.08419000e+02  3.64000000e-01 2.72690000e+01
 -2.50468071e+03  6.56280000e+02  1.08419000e+02  3.64000000e-01 2.72690000e+01
 -2.50468071e+03  6.56280000e+02  1.08419000e+02  3.64000000e-01 2.72690000e+01
 -2.50468071e+03  6.56280000e+02  1.08419000e+02  3.64000000e-01 2.72690000e+01
 -2.50468071e+03  6.56280000e+02  1.08419000e+02  3.64000000e-01 2.72690000e+01
 -2.49165028e+03  6.55280000e+02  1.06676000e+02  3.59000000e-01 2.59570000e+01
 -2.49165028e+03  6.55280000e+02  1.06676000e+02  3.59000000e-01 2.59570000e+01
 -2.49925958e+03  6.57150000e+02  1.09170000e+02  3.63000000e-01 2.64810000e+01
 -2.50206969e+03  6.57150000e+02  1.12575000e+02  3.68000000e-01 2.85900000e+01
 -2.50206969e+03  6.57150000e+02  1.12575000e+02  3.68000000e-01 2.85900000e+01
 -2.50206969e+03  6.57150000e+02  1.12575000e+02  3.68000000e-01 2.85900000e+01
 -2.50201024e+03  6.55280000e+02  1.09184000e+02  3.71000000e-01 2.53280000e+01
 -2.50201024e+03  6.55280000e+02  1.09184000e+02  3.71000000e-01 2.53280000e+01
 -2.50201024e+03  6.55280000e+02  1.09184000e+02  3.71000000e-01 2.53280000e+01
 -2.50215751e+03  6.54280000e+02  1.13495000e+02  3.70000000e-01 2.32890000e+01
 -2.50215751e+03  6.54280000e+02  1.13495000e+02  3.70000000e-01 2.32890000e+01
 -2.50215751e+03  6.54280000e+02  1.13495000e+02  3.70000000e-01 2.32890000e+01
 -2.50215751e+03  6.54280000e+02  1.13495000e+02  3.70000000e-01 2.32890000e+01
 -2.50215751e+03  6.54280000e+02  1.13495000e+02  3.70000000e-01 2.32890000e+01
 -2.50215751e+03  6.54280000e+02  1.13495000e+02  3.70000000e-01 2.32890000e+01
 -2.49043022e+03  6.52410000e+02  1.04711000e+02  3.66000000e-01 2.75370000e+01
 -2.49043022e+03  6.52410000e+02  1.04711000e+02  3.66000000e-01 2.75370000e+01
 -2.49043022e+03  6.52410000e+02  1.04711000e+02  3.66000000e-01 2.75370000e+01
 -2.50197773e+03  6.54280000e+02  1.13299000e+02  3.69000000e-01 2.56230000e+01
 -2.49659046e+03  6.54280000e+02  1.13520000e+02  3.66000000e-01 2.41820000e+01
 -2.50218680e+03  6.55280000e+02  1.20274000e+02  3.71000000e-01 2.50780000e+01
 -2.50141874e+03  6.55280000e+02  1.05644000e+02  3.58000000e-01 2.82110000e+01
 -2.50141874e+03  6.55280000e+02  1.05644000e+02  3.58000000e-01 2.82110000e+01
 -2.50141874e+03  6.55280000e+02  1.05644000e+02  3.58000000e-01 2.82110000e+01
 -2.50141874e+03  6.55280000e+02  1.05644000e+02  3.58000000e-01 2.82110000e+01
 -2.50141874e+03  6.55280000e+02  1.05644000e+02  3.58000000e-01 2.82110000e+01
 -2.50141874e+03  6.55280000e+02  1.05644000e+02  3.58000000e-01 2.82110000e+01
 -2.50258552e+03  6.53410000e+02  1.02045000e+02  3.65000000e-01 2.58580000e+01
 -2.50258552e+03  6.53410000e+02  1.02045000e+02  3.65000000e-01 2.58580000e+01
 -2.50258552e+03  6.53410000e+02  1.02045000e+02  3.65000000e-01 2.58580000e+01
 -2.50258552e+03  6.53410000e+02  1.02045000e+02  3.65000000e-01 2.58580000e+01
 -2.50258552e+03  6.53410000e+02  1.02045000e+02  3.65000000e-01 2.58580000e+01
 -2.50258552e+03  6.53410000e+02  1.02045000e+02  3.65000000e-01 2.58580000e+01
 -2.50073038e+03  6.55280000e+02  1.11612000e+02  3.69000000e-01 2.68660000e+01
 -2.50073038e+03  6.55280000e+02  1.11612000e+02  3.69000000e-01 2.68660000e+01
 -2.50073038e+03  6.55280000e+02  1.11612000e+02  3.69000000e-01 2.68660000e+01
 -2.49686490e+03  6.55280000e+02  1.02165000e+02  3.63000000e-01 2.61140000e+01
 -2.49686490e+03  6.55280000e+02  1.02165000e+02  3.63000000e-01 2.61140000e+01
 -2.49410974e+03  6.54410000e+02  1.02165000e+02  3.63000000e-01 2.60840000e+01
 -2.49410974e+03  6.54410000e+02  1.02165000e+02  3.63000000e-01 2.60840000e+01
 -2.49410974e+03  6.54410000e+02  1.02165000e+02  3.63000000e-01 2.60840000e+01
 -2.49410974e+03  6.54410000e+02  1.02165000e+02  3.63000000e-01 2.60840000e+01
 -2.49942855e+03  6.55280000e+02  1.05479000e+02  3.78000000e-01 2.63680000e+01
 -2.49942855e+03  6.55280000e+02  1.05479000e+02  3.78000000e-01 2.63680000e+01
 -2.50418454e+03  6.56150000e+02  9.90250000e+01  3.78000000e-01 2.60210000e+01
 -2.50996311e+03  6.56150000e+02  1.04165000e+02  3.79000000e-01 2.67450000e+01
 -2.50790502e+03  6.57020000e+02  1.08982000e+02  3.77000000e-01 2.43840000e+01
 -2.50790502e+03  6.57020000e+02  1.08982000e+02  3.77000000e-01 2.43840000e+01
 -2.51134370e+03  6.58020000e+02  1.14063000e+02  3.82000000e-01 2.56640000e+01
 -2.51134370e+03  6.58020000e+02  1.14063000e+02  3.82000000e-01 2.56640000e+01
 -2.50953040e+03  6.57020000e+02  1.09741000e+02  3.82000000e-01 2.46490000e+01
 -2.50953040e+03  6.57020000e+02  1.09741000e+02  3.82000000e-01 2.46490000e+01
 -2.50953040e+03  6.57020000e+02  1.09741000e+02  3.82000000e-01 2.46490000e+01
 -2.50953040e+03  6.57020000e+02  1.09741000e+02  3.82000000e-01 2.46490000e+01
 -2.50953040e+03  6.57020000e+02  1.09741000e+02  3.82000000e-01 2.46490000e+01
 -2.50953040e+03  6.57020000e+02  1.09741000e+02  3.82000000e-01 2.46490000e+01
 -2.50953040e+03  6.57020000e+02  1.09741000e+02  3.82000000e-01 2.46490000e+01
 -2.50953040e+03  6.57020000e+02  1.09741000e+02  3.82000000e-01 2.46490000e+01
 -2.50953040e+03  6.57020000e+02  1.09741000e+02  3.82000000e-01 2.46490000e+01
 -2.50953040e+03  6.57020000e+02  1.09741000e+02  3.82000000e-01 2.46490000e+01
 -2.50953040e+03  6.57020000e+02  1.09741000e+02  3.82000000e-01 2.46490000e+01
 -2.50953040e+03  6.57020000e+02  1.09741000e+02  3.82000000e-01 2.46490000e+01
 -2.50953040e+03  6.57020000e+02  1.09741000e+02  3.82000000e-01 2.46490000e+01
 -2.51814673e+03  6.57020000e+02  1.13638000e+02  3.71000000e-01 2.80750000e+01
 -2.51814673e+03  6.57020000e+02  1.13638000e+02  3.71000000e-01 2.80750000e+01
 -2.51814673e+03  6.57020000e+02  1.13638000e+02  3.71000000e-01 2.80750000e+01
 -2.51814673e+03  6.57020000e+02  1.13638000e+02  3.71000000e-01 2.80750000e+01
 -2.51814673e+03  6.57020000e+02  1.13638000e+02  3.71000000e-01 2.80750000e+01
 -2.51814673e+03  6.57020000e+02  1.13638000e+02  3.71000000e-01 2.80750000e+01
 -2.51814673e+03  6.57020000e+02  1.13638000e+02  3.71000000e-01 2.80750000e+01
 -2.51814673e+03  6.57020000e+02  1.13638000e+02  3.71000000e-01 2.80750000e+01
 -2.51814673e+03  6.57020000e+02  1.13638000e+02  3.71000000e-01 2.80750000e+01
 -2.51814673e+03  6.57020000e+02  1.13638000e+02  3.71000000e-01 2.80750000e+01
 -2.51814673e+03  6.57020000e+02  1.13638000e+02  3.71000000e-01 2.80750000e+01
 -2.51814673e+03  6.57020000e+02  1.13638000e+02  3.71000000e-01 2.80750000e+01
 -2.51814673e+03  6.57020000e+02  1.13638000e+02  3.71000000e-01 2.80750000e+01
 -2.51814673e+03  6.57020000e+02  1.13638000e+02  3.71000000e-01 2.80750000e+01
 -2.51814673e+03  6.57020000e+02  1.13638000e+02  3.71000000e-01 2.80750000e+01
 -2.51814673e+03  6.57020000e+02  1.13638000e+02  3.71000000e-01 2.80750000e+01
 -2.51814673e+03  6.57020000e+02  1.13638000e+02  3.71000000e-01 2.80750000e+01
 -2.51814673e+03  6.57020000e+02  1.13638000e+02  3.71000000e-01 2.80750000e+01
 -2.51814673e+03  6.57020000e+02  1.13638000e+02  3.71000000e-01 2.80750000e+01
 -2.51814673e+03  6.57020000e+02  1.13638000e+02  3.71000000e-01 2.80750000e+01
 -2.51814673e+03  6.57020000e+02  1.13638000e+02  3.71000000e-01 2.80750000e+01
 -2.51814673e+03  6.57020000e+02  1.13638000e+02  3.71000000e-01 2.80750000e+01
 -2.51814673e+03  6.57020000e+02  1.13638000e+02  3.71000000e-01 2.80750000e+01
 -2.51814673e+03  6.57020000e+02  1.13638000e+02  3.71000000e-01 2.80750000e+01
 -2.51814673e+03  6.57020000e+02  1.13638000e+02  3.71000000e-01 2.80750000e+01
 -2.51814673e+03  6.57020000e+02  1.13638000e+02  3.71000000e-01 2.80750000e+01
 -2.51814673e+03  6.57020000e+02  1.13638000e+02  3.71000000e-01 2.80750000e+01
 -2.51814673e+03  6.57020000e+02  1.13638000e+02  3.71000000e-01 2.80750000e+01
 -2.51814673e+03  6.57020000e+02  1.13638000e+02  3.71000000e-01 2.80750000e+01
 -2.51814673e+03  6.57020000e+02  1.13638000e+02  3.71000000e-01 2.80750000e+01
 -2.51814673e+03  6.57020000e+02  1.13638000e+02  3.71000000e-01 2.80750000e+01
 -2.51814673e+03  6.57020000e+02  1.13638000e+02  3.71000000e-01 2.80750000e+01
 -2.51814673e+03  6.57020000e+02  1.13638000e+02  3.71000000e-01 2.80750000e+01
 -2.51814673e+03  6.57020000e+02  1.13638000e+02  3.71000000e-01 2.80750000e+01
 -2.51814673e+03  6.57020000e+02  1.13638000e+02  3.71000000e-01 2.80750000e+01
 -2.51814673e+03  6.57020000e+02  1.13638000e+02  3.71000000e-01 2.80750000e+01
 -2.51814673e+03  6.57020000e+02  1.13638000e+02  3.71000000e-01 2.80750000e+01
 -2.51814673e+03  6.57020000e+02  1.13638000e+02  3.71000000e-01 2.80750000e+01
 -2.51814673e+03  6.57020000e+02  1.13638000e+02  3.71000000e-01 2.80750000e+01
 -2.51814673e+03  6.57020000e+02  1.13638000e+02  3.71000000e-01 2.80750000e+01
 -2.51814673e+03  6.57020000e+02  1.13638000e+02  3.71000000e-01 2.80750000e+01
 -2.51814673e+03  6.57020000e+02  1.13638000e+02  3.71000000e-01 2.80750000e+01
 -2.51814673e+03  6.57020000e+02  1.13638000e+02  3.71000000e-01 2.80750000e+01
 -2.51814673e+03  6.57020000e+02  1.13638000e+02  3.71000000e-01 2.80750000e+01
 -2.51814673e+03  6.57020000e+02  1.13638000e+02  3.71000000e-01 2.80750000e+01
 -2.51814673e+03  6.57020000e+02  1.13638000e+02  3.71000000e-01 2.80750000e+01
 -2.51814673e+03  6.57020000e+02  1.13638000e+02  3.71000000e-01 2.80750000e+01
 -2.50185943e+03  6.57890000e+02  1.22794000e+02  3.82000000e-01 2.59890000e+01
 -2.50185943e+03  6.57890000e+02  1.22794000e+02  3.82000000e-01 2.59890000e+01
 -2.50185943e+03  6.57890000e+02  1.22794000e+02  3.82000000e-01 2.59890000e+01
 -2.51348710e+03  6.59760000e+02  1.11151000e+02  3.74000000e-01 2.70890000e+01
 -2.51511329e+03  6.58890000e+02  1.25860000e+02  3.76000000e-01 2.72220000e+01
 -2.51511329e+03  6.58890000e+02  1.25860000e+02  3.76000000e-01 2.72220000e+01
 -2.51511329e+03  6.58890000e+02  1.25860000e+02  3.76000000e-01 2.72220000e+01
 -2.51511329e+03  6.58890000e+02  1.25860000e+02  3.76000000e-01 2.72220000e+01
 -2.50534533e+03  6.60760000e+02  1.04344000e+02  3.64000000e-01 2.61100000e+01
 -2.50650183e+03  6.59890000e+02  1.10510000e+02  3.62000000e-01 2.68970000e+01
 -2.52344843e+03  6.60760000e+02  1.04722000e+02  3.74000000e-01 2.60430000e+01
 -2.52344843e+03  6.60760000e+02  1.04722000e+02  3.74000000e-01 2.60430000e+01
 -2.52344843e+03  6.60760000e+02  1.04722000e+02  3.74000000e-01 2.60430000e+01
 -2.52344843e+03  6.60760000e+02  1.04722000e+02  3.74000000e-01 2.60430000e+01
 -2.52344843e+03  6.60760000e+02  1.04722000e+02  3.74000000e-01 2.60430000e+01
 -2.52344843e+03  6.60760000e+02  1.04722000e+02  3.74000000e-01 2.60430000e+01
 -2.52344843e+03  6.60760000e+02  1.04722000e+02  3.74000000e-01 2.60430000e+01
 -2.52344843e+03  6.60760000e+02  1.04722000e+02  3.74000000e-01 2.60430000e+01
 -2.52344843e+03  6.60760000e+02  1.04722000e+02  3.74000000e-01 2.60430000e+01
 -2.52344843e+03  6.60760000e+02  1.04722000e+02  3.74000000e-01 2.60430000e+01
 -2.52344843e+03  6.60760000e+02  1.04722000e+02  3.74000000e-01 2.60430000e+01
 -2.52344843e+03  6.60760000e+02  1.04722000e+02  3.74000000e-01 2.60430000e+01
 -2.51104848e+03  6.60760000e+02  1.05765000e+02  3.75000000e-01 2.83840000e+01
 -2.51104848e+03  6.60760000e+02  1.05765000e+02  3.75000000e-01 2.83840000e+01
 -2.51104848e+03  6.60760000e+02  1.05765000e+02  3.75000000e-01 2.83840000e+01
 -2.51196728e+03  6.59890000e+02  1.08880000e+02  3.76000000e-01 2.65210000e+01
 -2.51196728e+03  6.59890000e+02  1.08880000e+02  3.76000000e-01 2.65210000e+01
 -2.50223767e+03  6.59890000e+02  1.04770000e+02  3.81000000e-01 2.67960000e+01
 -2.50927028e+03  6.59890000e+02  9.73330000e+01  3.74000000e-01 2.55790000e+01
 -2.50927028e+03  6.59890000e+02  9.73330000e+01  3.74000000e-01 2.55790000e+01
 -2.50927028e+03  6.59890000e+02  9.73330000e+01  3.74000000e-01 2.55790000e+01
 -2.50927028e+03  6.59890000e+02  9.73330000e+01  3.74000000e-01 2.55790000e+01
 -2.50927028e+03  6.59890000e+02  9.73330000e+01  3.74000000e-01 2.55790000e+01
 -2.50927028e+03  6.59890000e+02  9.73330000e+01  3.74000000e-01 2.55790000e+01
 -2.51243043e+03  6.60890000e+02  1.02661000e+02  3.62000000e-01 2.43240000e+01
 -2.51243043e+03  6.60890000e+02  1.02661000e+02  3.62000000e-01 2.43240000e+01
 -2.51243043e+03  6.60890000e+02  1.02661000e+02  3.62000000e-01 2.43240000e+01
 -2.51243043e+03  6.60890000e+02  1.02661000e+02  3.62000000e-01 2.43240000e+01
 -2.51243043e+03  6.60890000e+02  1.02661000e+02  3.62000000e-01 2.43240000e+01
 -2.50972036e+03  6.59890000e+02  1.02661000e+02  3.62000000e-01 2.43300000e+01
 -2.51354878e+03  6.59890000e+02  1.10784000e+02  3.77000000e-01 2.54710000e+01
 -2.52512195e+03  6.61760000e+02  1.15201000e+02  3.72000000e-01 2.61750000e+01
 -2.52512195e+03  6.61760000e+02  1.15201000e+02  3.72000000e-01 2.61750000e+01
 -2.52362275e+03  6.63630000e+02  9.68820000e+01  3.67000000e-01 2.50210000e+01
 -2.52362275e+03  6.63630000e+02  9.68820000e+01  3.67000000e-01 2.50210000e+01
 -2.52362275e+03  6.63630000e+02  9.68820000e+01  3.67000000e-01 2.50210000e+01
 -2.52362275e+03  6.63630000e+02  9.68820000e+01  3.67000000e-01 2.50210000e+01
 -2.52362275e+03  6.63630000e+02  9.68820000e+01  3.67000000e-01 2.50210000e+01
 -2.52584054e+03  6.62760000e+02  1.14308000e+02  3.65000000e-01 2.60500000e+01
 -2.52584054e+03  6.62760000e+02  1.14308000e+02  3.65000000e-01 2.60500000e+01
 -2.52584054e+03  6.62760000e+02  1.14308000e+02  3.65000000e-01 2.60500000e+01
 -2.52584054e+03  6.62760000e+02  1.14308000e+02  3.65000000e-01 2.60500000e+01
 -2.52427198e+03  6.61890000e+02  1.01728000e+02  3.65000000e-01 2.70550000e+01
 -2.52133075e+03  6.60020000e+02  1.07115000e+02  3.62000000e-01 2.62220000e+01
 -2.52133075e+03  6.60020000e+02  1.07115000e+02  3.62000000e-01 2.62220000e+01
 -2.52133075e+03  6.60020000e+02  1.07115000e+02  3.62000000e-01 2.62220000e+01
 -2.52133075e+03  6.60020000e+02  1.07115000e+02  3.62000000e-01 2.62220000e+01
 -2.52133075e+03  6.60020000e+02  1.07115000e+02  3.62000000e-01 2.62220000e+01
 -2.52133075e+03  6.60020000e+02  1.07115000e+02  3.62000000e-01 2.62220000e+01
 -2.52133075e+03  6.60020000e+02  1.07115000e+02  3.62000000e-01 2.62220000e+01
 -2.52133075e+03  6.60020000e+02  1.07115000e+02  3.62000000e-01 2.62220000e+01
 -2.52133075e+03  6.60020000e+02  1.07115000e+02  3.62000000e-01 2.62220000e+01
 -2.52133075e+03  6.60020000e+02  1.07115000e+02  3.62000000e-01 2.62220000e+01
 -2.52133075e+03  6.60020000e+02  1.07115000e+02  3.62000000e-01 2.62220000e+01
 -2.52133075e+03  6.60020000e+02  1.07115000e+02  3.62000000e-01 2.62220000e+01
 -2.52133075e+03  6.60020000e+02  1.07115000e+02  3.62000000e-01 2.62220000e+01
 -2.52133075e+03  6.60020000e+02  1.07115000e+02  3.62000000e-01 2.62220000e+01
 -2.52133075e+03  6.60020000e+02  1.07115000e+02  3.62000000e-01 2.62220000e+01
 -2.52133075e+03  6.60020000e+02  1.07115000e+02  3.62000000e-01 2.62220000e+01
 -2.52133075e+03  6.60020000e+02  1.07115000e+02  3.62000000e-01 2.62220000e+01
 -2.52133075e+03  6.60020000e+02  1.07115000e+02  3.62000000e-01 2.62220000e+01
 -2.52133075e+03  6.60020000e+02  1.07115000e+02  3.62000000e-01 2.62220000e+01
 -2.52133075e+03  6.60020000e+02  1.07115000e+02  3.62000000e-01 2.62220000e+01
 -2.52133075e+03  6.60020000e+02  1.07115000e+02  3.62000000e-01 2.62220000e+01
 -2.52133075e+03  6.60020000e+02  1.07115000e+02  3.62000000e-01 2.62220000e+01
 -2.52133075e+03  6.60020000e+02  1.07115000e+02  3.62000000e-01 2.62220000e+01
 -2.52133075e+03  6.60020000e+02  1.07115000e+02  3.62000000e-01 2.62220000e+01
 -2.52133075e+03  6.60020000e+02  1.07115000e+02  3.62000000e-01 2.62220000e+01
 -2.52133075e+03  6.60020000e+02  1.07115000e+02  3.62000000e-01 2.62220000e+01
 -2.52133075e+03  6.60020000e+02  1.07115000e+02  3.62000000e-01 2.62220000e+01
 -2.52133075e+03  6.60020000e+02  1.07115000e+02  3.62000000e-01 2.62220000e+01
 -2.52133075e+03  6.60020000e+02  1.07115000e+02  3.62000000e-01 2.62220000e+01
 -2.52133075e+03  6.60020000e+02  1.07115000e+02  3.62000000e-01 2.62220000e+01
 -2.52133075e+03  6.60020000e+02  1.07115000e+02  3.62000000e-01 2.62220000e+01
 -2.52133075e+03  6.60020000e+02  1.07115000e+02  3.62000000e-01 2.62220000e+01
 -2.52133075e+03  6.60020000e+02  1.07115000e+02  3.62000000e-01 2.62220000e+01
 -2.52133075e+03  6.60020000e+02  1.07115000e+02  3.62000000e-01 2.62220000e+01
 -2.52133075e+03  6.60020000e+02  1.07115000e+02  3.62000000e-01 2.62220000e+01
 -2.52222300e+03  6.61890000e+02  9.78970000e+01  3.62000000e-01 2.66800000e+01
 -2.52222300e+03  6.61890000e+02  9.78970000e+01  3.62000000e-01 2.66800000e+01
 -2.52081701e+03  6.63760000e+02  1.14702000e+02  3.77000000e-01 2.81070000e+01
 -2.51989670e+03  6.61890000e+02  1.08170000e+02  3.74000000e-01 2.70020000e+01
 -2.51989670e+03  6.61890000e+02  1.08170000e+02  3.74000000e-01 2.70020000e+01
 -2.52046974e+03  6.61890000e+02  1.04816000e+02  3.75000000e-01 2.66520000e+01
 -2.52046974e+03  6.61890000e+02  1.04816000e+02  3.75000000e-01 2.66520000e+01
 -2.52046974e+03  6.61890000e+02  1.04816000e+02  3.75000000e-01 2.66520000e+01
 -2.52114418e+03  6.61890000e+02  1.10984000e+02  3.62000000e-01 2.57760000e+01
 -2.52114418e+03  6.61890000e+02  1.10984000e+02  3.62000000e-01 2.57760000e+01
 -2.52114418e+03  6.61890000e+02  1.10984000e+02  3.62000000e-01 2.57760000e+01
 -2.52024647e+03  6.61890000e+02  1.10363000e+02  3.65000000e-01 2.72940000e+01
 -2.52024647e+03  6.61890000e+02  1.10363000e+02  3.65000000e-01 2.72940000e+01
 -2.52024647e+03  6.61890000e+02  1.10363000e+02  3.65000000e-01 2.72940000e+01
 -2.52365549e+03  6.61890000e+02  1.11447000e+02  3.55000000e-01 2.56570000e+01
 -2.52365549e+03  6.61890000e+02  1.11447000e+02  3.55000000e-01 2.56570000e+01
 -2.52365549e+03  6.61890000e+02  1.11447000e+02  3.55000000e-01 2.56570000e+01
 -2.52365549e+03  6.61890000e+02  1.11447000e+02  3.55000000e-01 2.56570000e+01
 -2.52365549e+03  6.61890000e+02  1.11447000e+02  3.55000000e-01 2.56570000e+01
 -2.52365549e+03  6.61890000e+02  1.11447000e+02  3.55000000e-01 2.56570000e+01
 -2.52365549e+03  6.61890000e+02  1.11447000e+02  3.55000000e-01 2.56570000e+01
 -2.52365549e+03  6.61890000e+02  1.11447000e+02  3.55000000e-01 2.56570000e+01
 -2.52365549e+03  6.61890000e+02  1.11447000e+02  3.55000000e-01 2.56570000e+01
 -2.52365549e+03  6.61890000e+02  1.11447000e+02  3.55000000e-01 2.56570000e+01
 -2.52365549e+03  6.61890000e+02  1.11447000e+02  3.55000000e-01 2.56570000e+01
 -2.52067488e+03  6.60020000e+02  1.12549000e+02  3.61000000e-01 2.48420000e+01
 -2.52067488e+03  6.60020000e+02  1.12549000e+02  3.61000000e-01 2.48420000e+01
 -2.52067488e+03  6.60020000e+02  1.12549000e+02  3.61000000e-01 2.48420000e+01
 -2.52358184e+03  6.60020000e+02  1.15077000e+02  3.69000000e-01 2.53830000e+01
 -2.52358184e+03  6.60020000e+02  1.15077000e+02  3.69000000e-01 2.53830000e+01
 -2.53118252e+03  6.60890000e+02  1.18674000e+02  3.76000000e-01 2.47060000e+01
 -2.53118252e+03  6.60890000e+02  1.18674000e+02  3.76000000e-01 2.47060000e+01
 -2.53118252e+03  6.60890000e+02  1.18674000e+02  3.76000000e-01 2.47060000e+01
 -2.53118252e+03  6.60890000e+02  1.18674000e+02  3.76000000e-01 2.47060000e+01
 -2.53118252e+03  6.60890000e+02  1.18674000e+02  3.76000000e-01 2.47060000e+01
 -2.53118252e+03  6.60890000e+02  1.18674000e+02  3.76000000e-01 2.47060000e+01
 -2.53118252e+03  6.60890000e+02  1.18674000e+02  3.76000000e-01 2.47060000e+01
 -2.53118252e+03  6.60890000e+02  1.18674000e+02  3.76000000e-01 2.47060000e+01
 -2.53118252e+03  6.60890000e+02  1.18674000e+02  3.76000000e-01 2.47060000e+01
 -2.53118252e+03  6.60890000e+02  1.18674000e+02  3.76000000e-01 2.47060000e+01
 -2.53118252e+03  6.60890000e+02  1.18674000e+02  3.76000000e-01 2.47060000e+01
 -2.53118252e+03  6.60890000e+02  1.18674000e+02  3.76000000e-01 2.47060000e+01
 -2.53118252e+03  6.60890000e+02  1.18674000e+02  3.76000000e-01 2.47060000e+01
 -2.53118252e+03  6.60890000e+02  1.18674000e+02  3.76000000e-01 2.47060000e+01
 -2.53118252e+03  6.60890000e+02  1.18674000e+02  3.76000000e-01 2.47060000e+01
 -2.53118252e+03  6.60890000e+02  1.18674000e+02  3.76000000e-01 2.47060000e+01
 -2.53118252e+03  6.60890000e+02  1.18674000e+02  3.76000000e-01 2.47060000e+01
 -2.53118252e+03  6.60890000e+02  1.18674000e+02  3.76000000e-01 2.47060000e+01
 -2.53118252e+03  6.60890000e+02  1.18674000e+02  3.76000000e-01 2.47060000e+01
 -2.53118252e+03  6.60890000e+02  1.18674000e+02  3.76000000e-01 2.47060000e+01
 -2.53118252e+03  6.60890000e+02  1.18674000e+02  3.76000000e-01 2.47060000e+01
 -2.53118252e+03  6.60890000e+02  1.18674000e+02  3.76000000e-01 2.47060000e+01
 -2.53118252e+03  6.60890000e+02  1.18674000e+02  3.76000000e-01 2.47060000e+01
 -2.53118252e+03  6.60890000e+02  1.18674000e+02  3.76000000e-01 2.47060000e+01
 -2.53118252e+03  6.60890000e+02  1.18674000e+02  3.76000000e-01 2.47060000e+01
 -2.53118252e+03  6.60890000e+02  1.18674000e+02  3.76000000e-01 2.47060000e+01
 -2.53118252e+03  6.60890000e+02  1.18674000e+02  3.76000000e-01 2.47060000e+01
 -2.53118252e+03  6.60890000e+02  1.18674000e+02  3.76000000e-01 2.47060000e+01
 -2.53118252e+03  6.60890000e+02  1.18674000e+02  3.76000000e-01 2.47060000e+01
 -2.53118252e+03  6.60890000e+02  1.18674000e+02  3.76000000e-01 2.47060000e+01
 -2.53118252e+03  6.60890000e+02  1.18674000e+02  3.76000000e-01 2.47060000e+01
 -2.53118252e+03  6.60890000e+02  1.18674000e+02  3.76000000e-01 2.47060000e+01
 -2.53118252e+03  6.60890000e+02  1.18674000e+02  3.76000000e-01 2.47060000e+01
 -2.53046395e+03  6.61890000e+02  1.16766000e+02  3.75000000e-01 2.65120000e+01
 -2.53046395e+03  6.61890000e+02  1.16766000e+02  3.75000000e-01 2.65120000e+01
 -2.53046395e+03  6.61890000e+02  1.16766000e+02  3.75000000e-01 2.65120000e+01
 -2.52673889e+03  6.61020000e+02  1.20564000e+02  3.69000000e-01 2.64040000e+01
 -2.52673889e+03  6.61020000e+02  1.20564000e+02  3.69000000e-01 2.64040000e+01
 -2.52673889e+03  6.61020000e+02  1.20564000e+02  3.69000000e-01 2.64040000e+01
 -2.52673889e+03  6.61020000e+02  1.20564000e+02  3.69000000e-01 2.64040000e+01
 -2.52673889e+03  6.61020000e+02  1.20564000e+02  3.69000000e-01 2.64040000e+01
 -2.52673889e+03  6.61020000e+02  1.20564000e+02  3.69000000e-01 2.64040000e+01
 -2.52673889e+03  6.61020000e+02  1.20564000e+02  3.69000000e-01 2.64040000e+01
 -2.52673889e+03  6.61020000e+02  1.20564000e+02  3.69000000e-01 2.64040000e+01
 -2.52673889e+03  6.61020000e+02  1.20564000e+02  3.69000000e-01 2.64040000e+01
 -2.52673889e+03  6.61020000e+02  1.20564000e+02  3.69000000e-01 2.64040000e+01
 -2.52673889e+03  6.61020000e+02  1.20564000e+02  3.69000000e-01 2.64040000e+01
 -2.52673889e+03  6.61020000e+02  1.20564000e+02  3.69000000e-01 2.64040000e+01
 -2.52673889e+03  6.61020000e+02  1.20564000e+02  3.69000000e-01 2.64040000e+01
 -2.52673889e+03  6.61020000e+02  1.20564000e+02  3.69000000e-01 2.64040000e+01
 -2.52673889e+03  6.61020000e+02  1.20564000e+02  3.69000000e-01 2.64040000e+01
 -2.52673889e+03  6.61020000e+02  1.20564000e+02  3.69000000e-01 2.64040000e+01
 -2.52693866e+03  6.61020000e+02  1.02482000e+02  3.72000000e-01 2.47420000e+01
 -2.52430669e+03  6.62890000e+02  1.13204000e+02  3.81000000e-01 2.65370000e+01
 -2.52430669e+03  6.62890000e+02  1.13204000e+02  3.81000000e-01 2.65370000e+01
 -2.53369081e+03  6.61890000e+02  1.18315000e+02  3.74000000e-01 2.58110000e+01
 -2.53369081e+03  6.61890000e+02  1.18315000e+02  3.74000000e-01 2.58110000e+01
 -2.53369081e+03  6.61890000e+02  1.18315000e+02  3.74000000e-01 2.58110000e+01
 -2.53369081e+03  6.61890000e+02  1.18315000e+02  3.74000000e-01 2.58110000e+01
 -2.53369081e+03  6.61890000e+02  1.18315000e+02  3.74000000e-01 2.58110000e+01
 -2.53369081e+03  6.61890000e+02  1.18315000e+02  3.74000000e-01 2.58110000e+01
 -2.53369081e+03  6.61890000e+02  1.18315000e+02  3.74000000e-01 2.58110000e+01
 -2.53369081e+03  6.61890000e+02  1.18315000e+02  3.74000000e-01 2.58110000e+01
 -2.53369081e+03  6.61890000e+02  1.18315000e+02  3.74000000e-01 2.58110000e+01
 -2.53369081e+03  6.61890000e+02  1.18315000e+02  3.74000000e-01 2.58110000e+01
 -2.53743491e+03  6.62890000e+02  1.18315000e+02  3.74000000e-01 2.57640000e+01
 -2.53743491e+03  6.62890000e+02  1.18315000e+02  3.74000000e-01 2.57640000e+01
 -2.53743491e+03  6.62890000e+02  1.18315000e+02  3.74000000e-01 2.57640000e+01
 -2.53743491e+03  6.62890000e+02  1.18315000e+02  3.74000000e-01 2.57640000e+01
 -2.53743491e+03  6.62890000e+02  1.18315000e+02  3.74000000e-01 2.57640000e+01
 -2.53743491e+03  6.62890000e+02  1.18315000e+02  3.74000000e-01 2.57640000e+01
 -2.53743491e+03  6.62890000e+02  1.18315000e+02  3.74000000e-01 2.57640000e+01
 -2.53743491e+03  6.62890000e+02  1.18315000e+02  3.74000000e-01 2.57640000e+01
 -2.53743491e+03  6.62890000e+02  1.18315000e+02  3.74000000e-01 2.57640000e+01
 -2.53743491e+03  6.62890000e+02  1.18315000e+02  3.74000000e-01 2.57640000e+01
 -2.53743491e+03  6.62890000e+02  1.18315000e+02  3.74000000e-01 2.57640000e+01
 -2.53743491e+03  6.62890000e+02  1.18315000e+02  3.74000000e-01 2.57640000e+01
 -2.53743491e+03  6.62890000e+02  1.18315000e+02  3.74000000e-01 2.57640000e+01
 -2.53840305e+03  6.63760000e+02  1.13445000e+02  3.72000000e-01 2.78630000e+01
 -2.53840305e+03  6.63760000e+02  1.13445000e+02  3.72000000e-01 2.78630000e+01
 -2.53840305e+03  6.63760000e+02  1.13445000e+02  3.72000000e-01 2.78630000e+01
 -2.54202523e+03  6.64630000e+02  1.13753000e+02  3.72000000e-01 2.75280000e+01
 -2.54202523e+03  6.64630000e+02  1.13753000e+02  3.72000000e-01 2.75280000e+01
 -2.54202523e+03  6.64630000e+02  1.13753000e+02  3.72000000e-01 2.75280000e+01
 -2.54202523e+03  6.64630000e+02  1.13753000e+02  3.72000000e-01 2.75280000e+01
 -2.54202523e+03  6.64630000e+02  1.13753000e+02  3.72000000e-01 2.75280000e+01
 -2.54202523e+03  6.64630000e+02  1.13753000e+02  3.72000000e-01 2.75280000e+01
 -2.55005091e+03  6.65500000e+02  1.12740000e+02  3.65000000e-01 2.61730000e+01
 -2.55005091e+03  6.65500000e+02  1.12740000e+02  3.65000000e-01 2.61730000e+01
 -2.55005091e+03  6.65500000e+02  1.12740000e+02  3.65000000e-01 2.61730000e+01
 -2.55005091e+03  6.65500000e+02  1.12740000e+02  3.65000000e-01 2.61730000e+01
 -2.55005091e+03  6.65500000e+02  1.12740000e+02  3.65000000e-01 2.61730000e+01
 -2.55005091e+03  6.65500000e+02  1.12740000e+02  3.65000000e-01 2.61730000e+01
 -2.55005091e+03  6.65500000e+02  1.12740000e+02  3.65000000e-01 2.61730000e+01
 -2.55005091e+03  6.65500000e+02  1.12740000e+02  3.65000000e-01 2.61730000e+01
 -2.55005091e+03  6.65500000e+02  1.12740000e+02  3.65000000e-01 2.61730000e+01
 -2.55005091e+03  6.65500000e+02  1.12740000e+02  3.65000000e-01 2.61730000e+01
 -2.55005091e+03  6.65500000e+02  1.12740000e+02  3.65000000e-01 2.61730000e+01
 -2.55005091e+03  6.65500000e+02  1.12740000e+02  3.65000000e-01 2.61730000e+01
 -2.55169975e+03  6.65500000e+02  1.16042000e+02  3.85000000e-01 2.63130000e+01
 -2.55169975e+03  6.65500000e+02  1.16042000e+02  3.85000000e-01 2.63130000e+01
 -2.55169975e+03  6.65500000e+02  1.16042000e+02  3.85000000e-01 2.63130000e+01
 -2.55169975e+03  6.65500000e+02  1.16042000e+02  3.85000000e-01 2.63130000e+01
 -2.55169975e+03  6.65500000e+02  1.16042000e+02  3.85000000e-01 2.63130000e+01
 -2.55360135e+03  6.65500000e+02  1.13757000e+02  3.71000000e-01 2.59390000e+01
 -2.55360135e+03  6.65500000e+02  1.13757000e+02  3.71000000e-01 2.59390000e+01
 -2.55360135e+03  6.65500000e+02  1.13757000e+02  3.71000000e-01 2.59390000e+01
 -2.55360135e+03  6.65500000e+02  1.13757000e+02  3.71000000e-01 2.59390000e+01
 -2.55360135e+03  6.65500000e+02  1.13757000e+02  3.71000000e-01 2.59390000e+01
 -2.55360135e+03  6.65500000e+02  1.13757000e+02  3.71000000e-01 2.59390000e+01
 -2.55360135e+03  6.65500000e+02  1.13757000e+02  3.71000000e-01 2.59390000e+01
 -2.55360135e+03  6.65500000e+02  1.13757000e+02  3.71000000e-01 2.59390000e+01
 -2.55360135e+03  6.65500000e+02  1.13757000e+02  3.71000000e-01 2.59390000e+01
 -2.55360135e+03  6.65500000e+02  1.13757000e+02  3.71000000e-01 2.59390000e+01
 -2.55360135e+03  6.65500000e+02  1.13757000e+02  3.71000000e-01 2.59390000e+01
 -2.55360135e+03  6.65500000e+02  1.13757000e+02  3.71000000e-01 2.59390000e+01
 -2.55360135e+03  6.65500000e+02  1.13757000e+02  3.71000000e-01 2.59390000e+01
 -2.55360135e+03  6.65500000e+02  1.13757000e+02  3.71000000e-01 2.59390000e+01
 -2.55360135e+03  6.65500000e+02  1.13757000e+02  3.71000000e-01 2.59390000e+01
 -2.55780486e+03  6.66500000e+02  1.13757000e+02  3.69000000e-01 2.60480000e+01
 -2.55780486e+03  6.66500000e+02  1.13757000e+02  3.69000000e-01 2.60480000e+01
 -2.55780486e+03  6.66500000e+02  1.13757000e+02  3.69000000e-01 2.60480000e+01
 -2.55780486e+03  6.66500000e+02  1.13757000e+02  3.69000000e-01 2.60480000e+01
 -2.55780486e+03  6.66500000e+02  1.13757000e+02  3.69000000e-01 2.60480000e+01
 -2.55780486e+03  6.66500000e+02  1.13757000e+02  3.69000000e-01 2.60480000e+01
 -2.55780486e+03  6.66500000e+02  1.13757000e+02  3.69000000e-01 2.60480000e+01
 -2.55780486e+03  6.66500000e+02  1.13757000e+02  3.69000000e-01 2.60480000e+01
 -2.55780486e+03  6.66500000e+02  1.13757000e+02  3.69000000e-01 2.60480000e+01
 -2.55780486e+03  6.66500000e+02  1.13757000e+02  3.69000000e-01 2.60480000e+01
 -2.55780486e+03  6.66500000e+02  1.13757000e+02  3.69000000e-01 2.60480000e+01
 -2.55780486e+03  6.66500000e+02  1.13757000e+02  3.69000000e-01 2.60480000e+01
 -2.55780486e+03  6.66500000e+02  1.13757000e+02  3.69000000e-01 2.60480000e+01
 -2.55780486e+03  6.66500000e+02  1.13757000e+02  3.69000000e-01 2.60480000e+01
 -2.55780486e+03  6.66500000e+02  1.13757000e+02  3.69000000e-01 2.60480000e+01
 -2.55780486e+03  6.66500000e+02  1.13757000e+02  3.69000000e-01 2.60480000e+01
 -2.55780486e+03  6.66500000e+02  1.13757000e+02  3.69000000e-01 2.60480000e+01
 -2.55780486e+03  6.66500000e+02  1.13757000e+02  3.69000000e-01 2.60480000e+01
 -2.55780486e+03  6.66500000e+02  1.13757000e+02  3.69000000e-01 2.60480000e+01
 -2.55780486e+03  6.66500000e+02  1.13757000e+02  3.69000000e-01 2.60480000e+01
 -2.55780486e+03  6.66500000e+02  1.13757000e+02  3.69000000e-01 2.60480000e+01
 -2.55780486e+03  6.66500000e+02  1.13757000e+02  3.69000000e-01 2.60480000e+01
 -2.55780486e+03  6.66500000e+02  1.13757000e+02  3.69000000e-01 2.60480000e+01
 -2.55780486e+03  6.66500000e+02  1.13757000e+02  3.69000000e-01 2.60480000e+01
 -2.55780486e+03  6.66500000e+02  1.13757000e+02  3.69000000e-01 2.60480000e+01
 -2.55780486e+03  6.66500000e+02  1.13757000e+02  3.69000000e-01 2.60480000e+01
 -2.56219613e+03  6.67370000e+02  1.13757000e+02  3.69000000e-01 2.60210000e+01
 -2.56219613e+03  6.67370000e+02  1.13757000e+02  3.69000000e-01 2.60210000e+01
 -2.56219613e+03  6.67370000e+02  1.13757000e+02  3.69000000e-01 2.60210000e+01
 -2.56219613e+03  6.67370000e+02  1.13757000e+02  3.69000000e-01 2.60210000e+01
 -2.56219613e+03  6.67370000e+02  1.13757000e+02  3.69000000e-01 2.60210000e+01
 -2.56219613e+03  6.67370000e+02  1.13757000e+02  3.69000000e-01 2.60210000e+01
 -2.56219613e+03  6.67370000e+02  1.13757000e+02  3.69000000e-01 2.60210000e+01
 -2.56219613e+03  6.67370000e+02  1.13757000e+02  3.69000000e-01 2.60210000e+01
 -2.56219613e+03  6.67370000e+02  1.13757000e+02  3.69000000e-01 2.60210000e+01
 -2.56219613e+03  6.67370000e+02  1.13757000e+02  3.69000000e-01 2.60210000e+01
 -2.56219613e+03  6.67370000e+02  1.13757000e+02  3.69000000e-01 2.60210000e+01
 -2.56219613e+03  6.67370000e+02  1.13757000e+02  3.69000000e-01 2.60210000e+01
 -2.56219613e+03  6.67370000e+02  1.13757000e+02  3.69000000e-01 2.60210000e+01
 -2.56219613e+03  6.67370000e+02  1.13757000e+02  3.69000000e-01 2.60210000e+01
 -2.56219613e+03  6.67370000e+02  1.13757000e+02  3.69000000e-01 2.60210000e+01
 -2.56219613e+03  6.67370000e+02  1.13757000e+02  3.69000000e-01 2.60210000e+01
 -2.56219613e+03  6.67370000e+02  1.13757000e+02  3.69000000e-01 2.60210000e+01
 -2.56219613e+03  6.67370000e+02  1.13757000e+02  3.69000000e-01 2.60210000e+01
 -2.56219613e+03  6.67370000e+02  1.13757000e+02  3.69000000e-01 2.60210000e+01
 -2.56219613e+03  6.67370000e+02  1.13757000e+02  3.69000000e-01 2.60210000e+01
 -2.56219613e+03  6.67370000e+02  1.13757000e+02  3.69000000e-01 2.60210000e+01
 -2.56219613e+03  6.67370000e+02  1.13757000e+02  3.69000000e-01 2.60210000e+01
 -2.56219613e+03  6.67370000e+02  1.13757000e+02  3.69000000e-01 2.60210000e+01
 -2.56219613e+03  6.67370000e+02  1.13757000e+02  3.69000000e-01 2.60210000e+01
 -2.56219613e+03  6.67370000e+02  1.13757000e+02  3.69000000e-01 2.60210000e+01
 -2.56219613e+03  6.67370000e+02  1.13757000e+02  3.69000000e-01 2.60210000e+01
 -2.56219613e+03  6.67370000e+02  1.13757000e+02  3.69000000e-01 2.60210000e+01
 -2.56219613e+03  6.67370000e+02  1.13757000e+02  3.69000000e-01 2.60210000e+01
 -2.56219613e+03  6.67370000e+02  1.13757000e+02  3.69000000e-01 2.60210000e+01
 -2.56219613e+03  6.67370000e+02  1.13757000e+02  3.69000000e-01 2.60210000e+01
 -2.56219613e+03  6.67370000e+02  1.13757000e+02  3.69000000e-01 2.60210000e+01
 -2.56219613e+03  6.67370000e+02  1.13757000e+02  3.69000000e-01 2.60210000e+01
 -2.56219613e+03  6.67370000e+02  1.13757000e+02  3.69000000e-01 2.60210000e+01
 -2.56219613e+03  6.67370000e+02  1.13757000e+02  3.69000000e-01 2.60210000e+01
 -2.56219613e+03  6.67370000e+02  1.13757000e+02  3.69000000e-01 2.60210000e+01
 -2.56219613e+03  6.67370000e+02  1.13757000e+02  3.69000000e-01 2.60210000e+01
 -2.56219613e+03  6.67370000e+02  1.13757000e+02  3.69000000e-01 2.60210000e+01
 -2.56219613e+03  6.67370000e+02  1.13757000e+02  3.69000000e-01 2.60210000e+01
 -2.56219613e+03  6.67370000e+02  1.13757000e+02  3.69000000e-01 2.60210000e+01
 -2.56219613e+03  6.67370000e+02  1.13757000e+02  3.69000000e-01 2.60210000e+01
 -2.56219613e+03  6.67370000e+02  1.13757000e+02  3.69000000e-01 2.60210000e+01
 -2.56219613e+03  6.67370000e+02  1.13757000e+02  3.69000000e-01 2.60210000e+01
 -2.56219613e+03  6.67370000e+02  1.13757000e+02  3.69000000e-01 2.60210000e+01
 -2.56219613e+03  6.67370000e+02  1.13757000e+02  3.69000000e-01 2.60210000e+01
 -2.56219613e+03  6.67370000e+02  1.13757000e+02  3.69000000e-01 2.60210000e+01
 -2.56219613e+03  6.67370000e+02  1.13757000e+02  3.69000000e-01 2.60210000e+01
 -2.56219613e+03  6.67370000e+02  1.13757000e+02  3.69000000e-01 2.60210000e+01
 -2.56219613e+03  6.67370000e+02  1.13757000e+02  3.69000000e-01 2.60210000e+01
 -2.56219613e+03  6.67370000e+02  1.13757000e+02  3.69000000e-01 2.60210000e+01
 -2.56219613e+03  6.67370000e+02  1.13757000e+02  3.69000000e-01 2.60210000e+01
 -2.56219613e+03  6.67370000e+02  1.13757000e+02  3.69000000e-01 2.60210000e+01
 -2.56219613e+03  6.67370000e+02  1.13757000e+02  3.69000000e-01 2.60210000e+01
 -2.56219613e+03  6.67370000e+02  1.13757000e+02  3.69000000e-01 2.60210000e+01
 -2.56219613e+03  6.67370000e+02  1.13757000e+02  3.69000000e-01 2.60210000e+01
 -2.56219613e+03  6.67370000e+02  1.13757000e+02  3.69000000e-01 2.60210000e+01
 -2.56219613e+03  6.67370000e+02  1.13757000e+02  3.69000000e-01 2.60210000e+01
 -2.56219613e+03  6.67370000e+02  1.13757000e+02  3.69000000e-01 2.60210000e+01
 -2.56219613e+03  6.67370000e+02  1.13757000e+02  3.69000000e-01 2.60210000e+01
 -2.56219613e+03  6.67370000e+02  1.13757000e+02  3.69000000e-01 2.60210000e+01
 -2.56219613e+03  6.67370000e+02  1.13757000e+02  3.69000000e-01 2.60210000e+01
 -2.56219613e+03  6.67370000e+02  1.13757000e+02  3.69000000e-01 2.60210000e+01
 -2.56219613e+03  6.67370000e+02  1.13757000e+02  3.69000000e-01 2.60210000e+01
 -2.56219613e+03  6.67370000e+02  1.13757000e+02  3.69000000e-01 2.60210000e+01
 -2.56219613e+03  6.67370000e+02  1.13757000e+02  3.69000000e-01 2.60210000e+01
 -2.56219613e+03  6.67370000e+02  1.13757000e+02  3.69000000e-01 2.60210000e+01
 -2.56219613e+03  6.67370000e+02  1.13757000e+02  3.69000000e-01 2.60210000e+01
 -2.56219613e+03  6.67370000e+02  1.13757000e+02  3.69000000e-01 2.60210000e+01
 -2.56219613e+03  6.67370000e+02  1.13757000e+02  3.69000000e-01 2.60210000e+01
 -2.56219613e+03  6.67370000e+02  1.13757000e+02  3.69000000e-01 2.60210000e+01
 -2.56219613e+03  6.67370000e+02  1.13757000e+02  3.69000000e-01 2.60210000e+01
 -2.56219613e+03  6.67370000e+02  1.13757000e+02  3.69000000e-01 2.60210000e+01
 -2.56219613e+03  6.67370000e+02  1.13757000e+02  3.69000000e-01 2.60210000e+01
 -2.56219613e+03  6.67370000e+02  1.13757000e+02  3.69000000e-01 2.60210000e+01
 -2.56219613e+03  6.67370000e+02  1.13757000e+02  3.69000000e-01 2.60210000e+01
 -2.56219613e+03  6.67370000e+02  1.13757000e+02  3.69000000e-01 2.60210000e+01
 -2.56219613e+03  6.67370000e+02  1.13757000e+02  3.69000000e-01 2.60210000e+01
 -2.56219613e+03  6.67370000e+02  1.13757000e+02  3.69000000e-01 2.60210000e+01
 -2.56219613e+03  6.67370000e+02  1.13757000e+02  3.69000000e-01 2.60210000e+01
 -2.56219613e+03  6.67370000e+02  1.13757000e+02  3.69000000e-01 2.60210000e+01
 -2.56219613e+03  6.67370000e+02  1.13757000e+02  3.69000000e-01 2.60210000e+01
 -2.56219613e+03  6.67370000e+02  1.13757000e+02  3.69000000e-01 2.60210000e+01
 -2.56219613e+03  6.67370000e+02  1.13757000e+02  3.69000000e-01 2.60210000e+01
 -2.56219613e+03  6.67370000e+02  1.13757000e+02  3.69000000e-01 2.60210000e+01
 -2.56219613e+03  6.67370000e+02  1.13757000e+02  3.69000000e-01 2.60210000e+01
 -2.56219613e+03  6.67370000e+02  1.13757000e+02  3.69000000e-01 2.60210000e+01
 -2.56219613e+03  6.67370000e+02  1.13757000e+02  3.69000000e-01 2.60210000e+01
 -2.56219613e+03  6.67370000e+02  1.13757000e+02  3.69000000e-01 2.60210000e+01
 -2.56219613e+03  6.67370000e+02  1.13757000e+02  3.69000000e-01 2.60210000e+01
 -2.56219613e+03  6.67370000e+02  1.13757000e+02  3.69000000e-01 2.60210000e+01
 -2.56219613e+03  6.67370000e+02  1.13757000e+02  3.69000000e-01 2.60210000e+01
 -2.56219613e+03  6.67370000e+02  1.13757000e+02  3.69000000e-01 2.60210000e+01
 -2.56219613e+03  6.67370000e+02  1.13757000e+02  3.69000000e-01 2.60210000e+01
 -2.56219613e+03  6.67370000e+02  1.13757000e+02  3.69000000e-01 2.60210000e+01
 -2.56219613e+03  6.67370000e+02  1.13757000e+02  3.69000000e-01 2.60210000e+01
 -2.56219613e+03  6.67370000e+02  1.13757000e+02  3.69000000e-01 2.60210000e+01
 -2.56219613e+03  6.67370000e+02  1.13757000e+02  3.69000000e-01 2.60210000e+01
 -2.56219613e+03  6.67370000e+02  1.13757000e+02  3.69000000e-01 2.60210000e+01
 -2.56219613e+03  6.67370000e+02  1.13757000e+02  3.69000000e-01 2.60210000e+01
 -2.56219613e+03  6.67370000e+02  1.13757000e+02  3.69000000e-01 2.60210000e+01
 -2.56219613e+03  6.67370000e+02  1.13757000e+02  3.69000000e-01 2.60210000e+01
 -2.56219613e+03  6.67370000e+02  1.13757000e+02  3.69000000e-01 2.60210000e+01
 -2.56219613e+03  6.67370000e+02  1.13757000e+02  3.69000000e-01 2.60210000e+01
 -2.56219613e+03  6.67370000e+02  1.13757000e+02  3.69000000e-01 2.60210000e+01
 -2.56219613e+03  6.67370000e+02  1.13757000e+02  3.69000000e-01 2.60210000e+01
 -2.56219613e+03  6.67370000e+02  1.13757000e+02  3.69000000e-01 2.60210000e+01
 -2.56219613e+03  6.67370000e+02  1.13757000e+02  3.69000000e-01 2.60210000e+01
 -2.56219613e+03  6.67370000e+02  1.13757000e+02  3.69000000e-01 2.60210000e+01
 -2.56219613e+03  6.67370000e+02  1.13757000e+02  3.69000000e-01 2.60210000e+01
 -2.56219613e+03  6.67370000e+02  1.13757000e+02  3.69000000e-01 2.60210000e+01
 -2.56219613e+03  6.67370000e+02  1.13757000e+02  3.69000000e-01 2.60210000e+01
 -2.56219613e+03  6.67370000e+02  1.13757000e+02  3.69000000e-01 2.60210000e+01
 -2.56219613e+03  6.67370000e+02  1.13757000e+02  3.69000000e-01 2.60210000e+01
 -2.56219613e+03  6.67370000e+02  1.13757000e+02  3.69000000e-01 2.60210000e+01
 -2.56219613e+03  6.67370000e+02  1.13757000e+02  3.69000000e-01 2.60210000e+01
 -2.56219613e+03  6.67370000e+02  1.13757000e+02  3.69000000e-01 2.60210000e+01
 -2.56219613e+03  6.67370000e+02  1.13757000e+02  3.69000000e-01 2.60210000e+01
 -2.56219613e+03  6.67370000e+02  1.13757000e+02  3.69000000e-01 2.60210000e+01
 -2.56219613e+03  6.67370000e+02  1.13757000e+02  3.69000000e-01 2.60210000e+01
 -2.56219613e+03  6.67370000e+02  1.13757000e+02  3.69000000e-01 2.60210000e+01
 -2.56219613e+03  6.67370000e+02  1.13757000e+02  3.69000000e-01 2.60210000e+01
 -2.56219613e+03  6.67370000e+02  1.13757000e+02  3.69000000e-01 2.60210000e+01
 -2.56219613e+03  6.67370000e+02  1.13757000e+02  3.69000000e-01 2.60210000e+01
 -2.56219613e+03  6.67370000e+02  1.13757000e+02  3.69000000e-01 2.60210000e+01
 -2.56219613e+03  6.67370000e+02  1.13757000e+02  3.69000000e-01 2.60210000e+01
 -2.56219613e+03  6.67370000e+02  1.13757000e+02  3.69000000e-01 2.60210000e+01
 -2.56219613e+03  6.67370000e+02  1.13757000e+02  3.69000000e-01 2.60210000e+01
 -2.56219613e+03  6.67370000e+02  1.13757000e+02  3.69000000e-01 2.60210000e+01
 -2.56219613e+03  6.67370000e+02  1.13757000e+02  3.69000000e-01 2.60210000e+01
 -2.56219613e+03  6.67370000e+02  1.13757000e+02  3.69000000e-01 2.60210000e+01
 -2.56219613e+03  6.67370000e+02  1.13757000e+02  3.69000000e-01 2.60210000e+01
 -2.56219613e+03  6.67370000e+02  1.13757000e+02  3.69000000e-01 2.60210000e+01
 -2.56219613e+03  6.67370000e+02  1.13757000e+02  3.69000000e-01 2.60210000e+01
 -2.56219613e+03  6.67370000e+02  1.13757000e+02  3.69000000e-01 2.60210000e+01
 -2.56219613e+03  6.67370000e+02  1.13757000e+02  3.69000000e-01 2.60210000e+01
 -2.56219613e+03  6.67370000e+02  1.13757000e+02  3.69000000e-01 2.60210000e+01
 -2.56219613e+03  6.67370000e+02  1.13757000e+02  3.69000000e-01 2.60210000e+01
 -2.56219613e+03  6.67370000e+02  1.13757000e+02  3.69000000e-01 2.60210000e+01
 -2.56219613e+03  6.67370000e+02  1.13757000e+02  3.69000000e-01 2.60210000e+01
 -2.56219613e+03  6.67370000e+02  1.13757000e+02  3.69000000e-01 2.60210000e+01
 -2.56219613e+03  6.67370000e+02  1.13757000e+02  3.69000000e-01 2.60210000e+01
 -2.56219613e+03  6.67370000e+02  1.13757000e+02  3.69000000e-01 2.60210000e+01
 -2.56219613e+03  6.67370000e+02  1.13757000e+02  3.69000000e-01 2.60210000e+01
 -2.56219613e+03  6.67370000e+02  1.13757000e+02  3.69000000e-01 2.60210000e+01
 -2.56219613e+03  6.67370000e+02  1.13757000e+02  3.69000000e-01 2.60210000e+01
 -2.56219613e+03  6.67370000e+02  1.13757000e+02  3.69000000e-01 2.60210000e+01
 -2.56219613e+03  6.67370000e+02  1.13757000e+02  3.69000000e-01 2.60210000e+01
 -2.56219613e+03  6.67370000e+02  1.13757000e+02  3.69000000e-01 2.60210000e+01
 -2.56219613e+03  6.67370000e+02  1.13757000e+02  3.69000000e-01 2.60210000e+01
 -2.56219613e+03  6.67370000e+02  1.13757000e+02  3.69000000e-01 2.60210000e+01
 -2.56219613e+03  6.67370000e+02  1.13757000e+02  3.69000000e-01 2.60210000e+01
 -2.56219613e+03  6.67370000e+02  1.13757000e+02  3.69000000e-01 2.60210000e+01
 -2.56219613e+03  6.67370000e+02  1.13757000e+02  3.69000000e-01 2.60210000e+01
 -2.56219613e+03  6.67370000e+02  1.13757000e+02  3.69000000e-01 2.60210000e+01
 -2.56219613e+03  6.67370000e+02  1.13757000e+02  3.69000000e-01 2.60210000e+01
 -2.56219613e+03  6.67370000e+02  1.13757000e+02  3.69000000e-01 2.60210000e+01
 -2.56219613e+03  6.67370000e+02  1.13757000e+02  3.69000000e-01 2.60210000e+01
 -2.56219613e+03  6.67370000e+02  1.13757000e+02  3.69000000e-01 2.60210000e+01
 -2.56219613e+03  6.67370000e+02  1.13757000e+02  3.69000000e-01 2.60210000e+01
 -2.56219613e+03  6.67370000e+02  1.13757000e+02  3.69000000e-01 2.60210000e+01
 -2.56219613e+03  6.67370000e+02  1.13757000e+02  3.69000000e-01 2.60210000e+01
 -2.56219613e+03  6.67370000e+02  1.13757000e+02  3.69000000e-01 2.60210000e+01
 -2.56219613e+03  6.67370000e+02  1.13757000e+02  3.69000000e-01 2.60210000e+01
 -2.56219613e+03  6.67370000e+02  1.13757000e+02  3.69000000e-01 2.60210000e+01
 -2.56219613e+03  6.67370000e+02  1.13757000e+02  3.69000000e-01 2.60210000e+01
 -2.56219613e+03  6.67370000e+02  1.13757000e+02  3.69000000e-01 2.60210000e+01
 -2.56219613e+03  6.67370000e+02  1.13757000e+02  3.69000000e-01 2.60210000e+01
 -2.56219613e+03  6.67370000e+02  1.13757000e+02  3.69000000e-01 2.60210000e+01
 -2.56219613e+03  6.67370000e+02  1.13757000e+02  3.69000000e-01 2.60210000e+01
 -2.56219613e+03  6.67370000e+02  1.13757000e+02  3.69000000e-01 2.60210000e+01
 -2.56219613e+03  6.67370000e+02  1.13757000e+02  3.69000000e-01 2.60210000e+01
 -2.56219613e+03  6.67370000e+02  1.13757000e+02  3.69000000e-01 2.60210000e+01
 -2.56219613e+03  6.67370000e+02  1.13757000e+02  3.69000000e-01 2.60210000e+01
 -2.56219613e+03  6.67370000e+02  1.13757000e+02  3.69000000e-01 2.60210000e+01
 -2.56219613e+03  6.67370000e+02  1.13757000e+02  3.69000000e-01 2.60210000e+01
 -2.56219613e+03  6.67370000e+02  1.13757000e+02  3.69000000e-01 2.60210000e+01
 -2.56219613e+03  6.67370000e+02  1.13757000e+02  3.69000000e-01 2.60210000e+01
 -2.56219613e+03  6.67370000e+02  1.13757000e+02  3.69000000e-01 2.60210000e+01
 -2.56219613e+03  6.67370000e+02  1.13757000e+02  3.69000000e-01 2.60210000e+01
 -2.56219613e+03  6.67370000e+02  1.13757000e+02  3.69000000e-01 2.60210000e+01
 -2.56219613e+03  6.67370000e+02  1.13757000e+02  3.69000000e-01 2.60210000e+01
 -2.56219613e+03  6.67370000e+02  1.13757000e+02  3.69000000e-01 2.60210000e+01
 -2.56219613e+03  6.67370000e+02  1.13757000e+02  3.69000000e-01 2.60210000e+01
 -2.56219613e+03  6.67370000e+02  1.13757000e+02  3.69000000e-01 2.60210000e+01
 -2.56219613e+03  6.67370000e+02  1.13757000e+02  3.69000000e-01 2.60210000e+01
 -2.56219613e+03  6.67370000e+02  1.13757000e+02  3.69000000e-01 2.60210000e+01
 -2.56219613e+03  6.67370000e+02  1.13757000e+02  3.69000000e-01 2.60210000e+01
 -2.56219613e+03  6.67370000e+02  1.13757000e+02  3.69000000e-01 2.60210000e+01
 -2.56219613e+03  6.67370000e+02  1.13757000e+02  3.69000000e-01 2.60210000e+01
 -2.56219613e+03  6.67370000e+02  1.13757000e+02  3.69000000e-01 2.60210000e+01
 -2.56219613e+03  6.67370000e+02  1.13757000e+02  3.69000000e-01 2.60210000e+01
 -2.56219613e+03  6.67370000e+02  1.13757000e+02  3.69000000e-01 2.60210000e+01
 -2.56219613e+03  6.67370000e+02  1.13757000e+02  3.69000000e-01 2.60210000e+01
 -2.56219613e+03  6.67370000e+02  1.13757000e+02  3.69000000e-01 2.60210000e+01
 -2.56219613e+03  6.67370000e+02  1.13757000e+02  3.69000000e-01 2.60210000e+01
 -2.56219613e+03  6.67370000e+02  1.13757000e+02  3.69000000e-01 2.60210000e+01
 -2.56219613e+03  6.67370000e+02  1.13757000e+02  3.69000000e-01 2.60210000e+01
 -2.56219613e+03  6.67370000e+02  1.13757000e+02  3.69000000e-01 2.60210000e+01
 -2.56219613e+03  6.67370000e+02  1.13757000e+02  3.69000000e-01 2.60210000e+01
 -2.56219613e+03  6.67370000e+02  1.13757000e+02  3.69000000e-01 2.60210000e+01
 -2.56219613e+03  6.67370000e+02  1.13757000e+02  3.69000000e-01 2.60210000e+01
 -2.56219613e+03  6.67370000e+02  1.13757000e+02  3.69000000e-01 2.60210000e+01
 -2.56219613e+03  6.67370000e+02  1.13757000e+02  3.69000000e-01 2.60210000e+01
 -2.56219613e+03  6.67370000e+02  1.13757000e+02  3.69000000e-01 2.60210000e+01
 -2.56219613e+03  6.67370000e+02  1.13757000e+02  3.69000000e-01 2.60210000e+01
 -2.56219613e+03  6.67370000e+02  1.13757000e+02  3.69000000e-01 2.60210000e+01
 -2.56219613e+03  6.67370000e+02  1.13757000e+02  3.69000000e-01 2.60210000e+01
 -2.56219613e+03  6.67370000e+02  1.13757000e+02  3.69000000e-01 2.60210000e+01
 -2.56219613e+03  6.67370000e+02  1.13757000e+02  3.69000000e-01 2.60210000e+01
 -2.56219613e+03  6.67370000e+02  1.13757000e+02  3.69000000e-01 2.60210000e+01
 -2.56219613e+03  6.67370000e+02  1.13757000e+02  3.69000000e-01 2.60210000e+01
 -2.56219613e+03  6.67370000e+02  1.13757000e+02  3.69000000e-01 2.60210000e+01
 -2.56219613e+03  6.67370000e+02  1.13757000e+02  3.69000000e-01 2.60210000e+01
 -2.56219613e+03  6.67370000e+02  1.13757000e+02  3.69000000e-01 2.60210000e+01
 -2.56219613e+03  6.67370000e+02  1.13757000e+02  3.69000000e-01 2.60210000e+01
 -2.56219613e+03  6.67370000e+02  1.13757000e+02  3.69000000e-01 2.60210000e+01
 -2.56219613e+03  6.67370000e+02  1.13757000e+02  3.69000000e-01 2.60210000e+01
 -2.56219613e+03  6.67370000e+02  1.13757000e+02  3.69000000e-01 2.60210000e+01
 -2.56219613e+03  6.67370000e+02  1.13757000e+02  3.69000000e-01 2.60210000e+01
 -2.56219613e+03  6.67370000e+02  1.13757000e+02  3.69000000e-01 2.60210000e+01
 -2.56219613e+03  6.67370000e+02  1.13757000e+02  3.69000000e-01 2.60210000e+01
 -2.56219613e+03  6.67370000e+02  1.13757000e+02  3.69000000e-01 2.60210000e+01
 -2.56219613e+03  6.67370000e+02  1.13757000e+02  3.69000000e-01 2.60210000e+01
 -2.56219613e+03  6.67370000e+02  1.13757000e+02  3.69000000e-01 2.60210000e+01
 -2.56219613e+03  6.67370000e+02  1.13757000e+02  3.69000000e-01 2.60210000e+01
 -2.56219613e+03  6.67370000e+02  1.13757000e+02  3.69000000e-01 2.60210000e+01
 -2.56219613e+03  6.67370000e+02  1.13757000e+02  3.69000000e-01 2.60210000e+01
 -2.56219613e+03  6.67370000e+02  1.13757000e+02  3.69000000e-01 2.60210000e+01
 -2.56219613e+03  6.67370000e+02  1.13757000e+02  3.69000000e-01 2.60210000e+01
 -2.56219613e+03  6.67370000e+02  1.13757000e+02  3.69000000e-01 2.60210000e+01
 -2.56219613e+03  6.67370000e+02  1.13757000e+02  3.69000000e-01 2.60210000e+01
 -2.56219613e+03  6.67370000e+02  1.13757000e+02  3.69000000e-01 2.60210000e+01
 -2.56219613e+03  6.67370000e+02  1.13757000e+02  3.69000000e-01 2.60210000e+01
 -2.56219613e+03  6.67370000e+02  1.13757000e+02  3.69000000e-01 2.60210000e+01
 -2.56219613e+03  6.67370000e+02  1.13757000e+02  3.69000000e-01 2.60210000e+01
 -2.56219613e+03  6.67370000e+02  1.13757000e+02  3.69000000e-01 2.60210000e+01
 -2.56219613e+03  6.67370000e+02  1.13757000e+02  3.69000000e-01 2.60210000e+01
 -2.56219613e+03  6.67370000e+02  1.13757000e+02  3.69000000e-01 2.60210000e+01
 -2.56219613e+03  6.67370000e+02  1.13757000e+02  3.69000000e-01 2.60210000e+01
 -2.56219613e+03  6.67370000e+02  1.13757000e+02  3.69000000e-01 2.60210000e+01
 -2.56219613e+03  6.67370000e+02  1.13757000e+02  3.69000000e-01 2.60210000e+01
 -2.56219613e+03  6.67370000e+02  1.13757000e+02  3.69000000e-01 2.60210000e+01
 -2.56219613e+03  6.67370000e+02  1.13757000e+02  3.69000000e-01 2.60210000e+01
 -2.56219613e+03  6.67370000e+02  1.13757000e+02  3.69000000e-01 2.60210000e+01
 -2.56219613e+03  6.67370000e+02  1.13757000e+02  3.69000000e-01 2.60210000e+01
 -2.56219613e+03  6.67370000e+02  1.13757000e+02  3.69000000e-01 2.60210000e+01
 -2.56219613e+03  6.67370000e+02  1.13757000e+02  3.69000000e-01 2.60210000e+01
 -2.56219613e+03  6.67370000e+02  1.13757000e+02  3.69000000e-01 2.60210000e+01
 -2.56219613e+03  6.67370000e+02  1.13757000e+02  3.69000000e-01 2.60210000e+01
 -2.56219613e+03  6.67370000e+02  1.13757000e+02  3.69000000e-01 2.60210000e+01
 -2.56219613e+03  6.67370000e+02  1.13757000e+02  3.69000000e-01 2.60210000e+01
 -2.56219613e+03  6.67370000e+02  1.13757000e+02  3.69000000e-01 2.60210000e+01
 -2.56219613e+03  6.67370000e+02  1.13757000e+02  3.69000000e-01 2.60210000e+01
 -2.56219613e+03  6.67370000e+02  1.13757000e+02  3.69000000e-01 2.60210000e+01
 -2.56219613e+03  6.67370000e+02  1.13757000e+02  3.69000000e-01 2.60210000e+01
 -2.56219613e+03  6.67370000e+02  1.13757000e+02  3.69000000e-01 2.60210000e+01
 -2.56219613e+03  6.67370000e+02  1.13757000e+02  3.69000000e-01 2.60210000e+01
 -2.56219613e+03  6.67370000e+02  1.13757000e+02  3.69000000e-01 2.60210000e+01
 -2.56219613e+03  6.67370000e+02  1.13757000e+02  3.69000000e-01 2.60210000e+01
 -2.56219613e+03  6.67370000e+02  1.13757000e+02  3.69000000e-01 2.60210000e+01
 -2.56219613e+03  6.67370000e+02  1.13757000e+02  3.69000000e-01 2.60210000e+01
 -2.56219613e+03  6.67370000e+02  1.13757000e+02  3.69000000e-01 2.60210000e+01
 -2.56219613e+03  6.67370000e+02  1.13757000e+02  3.69000000e-01 2.60210000e+01
 -2.56219613e+03  6.67370000e+02  1.13757000e+02  3.69000000e-01 2.60210000e+01
 -2.56219613e+03  6.67370000e+02  1.13757000e+02  3.69000000e-01 2.60210000e+01
 -2.56219613e+03  6.67370000e+02  1.13757000e+02  3.69000000e-01 2.60210000e+01
 -2.56219613e+03  6.67370000e+02  1.13757000e+02  3.69000000e-01 2.60210000e+01
 -2.56219613e+03  6.67370000e+02  1.13757000e+02  3.69000000e-01 2.60210000e+01
 -2.56219613e+03  6.67370000e+02  1.13757000e+02  3.69000000e-01 2.60210000e+01
 -2.56219613e+03  6.67370000e+02  1.13757000e+02  3.69000000e-01 2.60210000e+01
 -2.56219613e+03  6.67370000e+02  1.13757000e+02  3.69000000e-01 2.60210000e+01
 -2.56219613e+03  6.67370000e+02  1.13757000e+02  3.69000000e-01 2.60210000e+01
 -2.56219613e+03  6.67370000e+02  1.13757000e+02  3.69000000e-01 2.60210000e+01
 -2.56219613e+03  6.67370000e+02  1.13757000e+02  3.69000000e-01 2.60210000e+01
 -2.56219613e+03  6.67370000e+02  1.13757000e+02  3.69000000e-01 2.60210000e+01
 -2.56219613e+03  6.67370000e+02  1.13757000e+02  3.69000000e-01 2.60210000e+01
 -2.56219613e+03  6.67370000e+02  1.13757000e+02  3.69000000e-01 2.60210000e+01
 -2.56219613e+03  6.67370000e+02  1.13757000e+02  3.69000000e-01 2.60210000e+01
 -2.56219613e+03  6.67370000e+02  1.13757000e+02  3.69000000e-01 2.60210000e+01
 -2.56219613e+03  6.67370000e+02  1.13757000e+02  3.69000000e-01 2.60210000e+01