-2.40987740e+03  6.28970000e+02  1.11331000e+02  3.77000000e-01 2.81230000e+01
 -2.40987740e+03  6.28970000e+02  1.11331000e+02  3.77000000e-01 2.81230000e+01
 -2.40789837e+03  6.28970000e+02  1.12645000e+02  3.62000000e-01 2.65760000e+01
 -2.39456389e+03  6.27100000e+02  1.14969000e+02  3.57000000e-01 2.94290000e+01
 -2.38590705e+03  6.27970000e+02  1.17679000e+02  3.63000000e-01 2.80850000e+01
 -2.38590705e+03  6.27970000e+02  1.17679000e+02  3.63000000e-01 2.80850000e+01
 -2.40306868e+03  6.27100000e+02  1.12904000e+02  3.70000000e-01 2.86940000e+01
 -2.39496754e+03  6.27100000e+02  1.10549000e+02  3.73000000e-01 2.91660000e+01
 -2.39496754e+03  6.27100000e+02  1.10549000e+02  3.73000000e-01 2.91660000e+01
 -2.39422659e+03  6.26100000e+02  1.14016000e+02  3.79000000e-01 3.06060000e+01
 -2.37007186e+03  6.25230000e+02  1.04710000e+02  3.76000000e-01 2.66990000e+01
 -2.37007186e+03  6.25230000e+02  1.04710000e+02  3.76000000e-01 2.66990000e+01
 -2.38245557e+03  6.23360000e+02  1.10725000e+02  3.73000000e-01 2.96250000e+01
 -2.38245557e+03  6.23360000e+02  1.10725000e+02  3.73000000e-01 2.96250000e+01
 -2.37847079e+03  6.25230000e+02  1.08640000e+02  3.77000000e-01 2.86950000e+01
 -2.39262354e+03  6.26230000e+02  1.11590000e+02  3.68000000e-01 2.83630000e+01
 -2.39278823e+03  6.24360000e+02  1.13461000e+02  3.71000000e-01 2.71610000e+01
 -2.39278823e+03  6.24360000e+02  1.13461000e+02  3.71000000e-01 2.71610000e+01
 -2.37926622e+03  6.24360000e+02  1.15819000e+02  3.74000000e-01 2.64160000e+01
 -2.39534506e+03  6.25230000e+02  1.13275000e+02  3.74000000e-01 2.75100000e+01
 -2.39534506e+03  6.25230000e+02  1.13275000e+02  3.74000000e-01 2.75100000e+01
 -2.39534506e+03  6.25230000e+02  1.13275000e+02  3.74000000e-01 2.75100000e+01
 -2.39784150e+03  6.26100000e+02  1.11578000e+02  3.69000000e-01 2.64820000e+01
 -2.38364016e+03  6.26100000e+02  1.07136000e+02  3.60000000e-01 2.62210000e+01
 -2.39580869e+03  6.27970000e+02  1.24298000e+02  3.81000000e-01 2.68550000e+01
 -2.39310442e+03  6.26970000e+02  1.19242000e+02  3.56000000e-01 2.77220000e+01
 -2.39150989e+03  6.28840000e+02  1.26326000e+02  3.62000000e-01 2.78040000e+01
 -2.39404443e+03  6.28840000e+02  1.16272000e+02  3.61000000e-01 2.73670000e+01
 -2.38189876e+03  6.28840000e+02  1.09635000e+02  3.63000000e-01 2.86870000e+01
 -2.38318646e+03  6.28840000e+02  1.13499000e+02  3.53000000e-01 2.92230000e+01
 -2.39265783e+03  6.28840000e+02  1.17762000e+02  3.68000000e-01 2.48380000e+01
 -2.38835479e+03  6.28840000e+02  1.16913000e+02  3.75000000e-01 2.84940000e+01
 -2.39745392e+03  6.28840000e+02  1.11439000e+02  3.74000000e-01 2.50540000e+01
 -2.39957899e+03  6.28840000e+02  1.21351000e+02  3.68000000e-01 2.67700000e+01
 -2.39892717e+03  6.28840000e+02  1.11380000e+02  3.78000000e-01 2.92500000e+01
 -2.40979719e+03  6.29710000e+02  1.15344000e+02  3.58000000e-01 2.67500000e+01
 -2.39680227e+03  6.28710000e+02  1.18533000e+02  3.59000000e-01 2.83540000e+01
 -2.37666979e+03  6.26840000e+02  1.22275000e+02  3.60000000e-01 2.72890000e+01
 -2.38556441e+03  6.25840000e+02  1.16672000e+02  3.66000000e-01 2.71900000e+01
 -2.38556441e+03  6.25840000e+02  1.16672000e+02  3.66000000e-01 2.71900000e+01
 -2.37530222e+03  6.26710000e+02  1.22181000e+02  3.74000000e-01 2.74380000e+01
 -2.39769294e+03  6.26710000e+02  1.18900000e+02  3.70000000e-01 2.63510000e+01
 -2.39769294e+03  6.26710000e+02  1.18900000e+02  3.70000000e-01 2.63510000e+01
 -2.38776552e+03  6.27580000e+02  1.22475000e+02  3.73000000e-01 2.78520000e+01
 -2.40355837e+03  6.26710000e+02  1.12220000e+02  3.65000000e-01 2.82980000e+01
 -2.39809126e+03  6.27580000e+02  1.15132000e+02  3.69000000e-01 2.90530000e+01
 -2.41167450e+03  6.27580000e+02  1.19668000e+02  3.76000000e-01 2.78100000e+01
 -2.39734746e+03  6.29450000e+02  1.07305000e+02  3.67000000e-01 2.51840000e+01
 -2.40517637e+03  6.29450000e+02  1.05991000e+02  3.66000000e-01 2.60500000e+01
 -2.41710194e+03  6.31320000e+02  1.11118000e+02  3.69000000e-01 2.75940000e+01
 -2.41454778e+03  6.30450000e+02  1.10810000e+02  3.70000000e-01 2.77570000e+01
 -2.40126592e+03  6.31320000e+02  1.19835000e+02  3.83000000e-01 2.55300000e+01
 -2.40642562e+03  6.32190000e+02  1.19835000e+02  3.83000000e-01 2.61350000e+01
 -2.40642562e+03  6.32190000e+02  1.19835000e+02  3.83000000e-01 2.61350000e+01
 -2.40642562e+03  6.32190000e+02  1.19835000e+02  3.83000000e-01 2.61350000e+01
 -2.41230358e+03  6.33190000e+02  1.06795000e+02  3.71000000e-01 2.63670000e+01
 -2.41073733e+03  6.34060000e+02  1.21172000e+02  3.80000000e-01 2.92050000e+01
 -2.42104359e+03  6.35930000e+02  1.20853000e+02  3.68000000e-01 2.79970000e+01
 -2.41574185e+03  6.35930000e+02  1.15687000e+02  3.57000000e-01 2.60250000e+01
 -2.41574185e+03  6.35930000e+02  1.15687000e+02  3.57000000e-01 2.60250000e+01
 -2.41092243e+03  6.34060000e+02  1.17133000e+02  3.57000000e-01 2.60520000e+01
 -2.41425973e+03  6.33190000e+02  1.23920000e+02  3.77000000e-01 2.99320000e+01
 -2.41425973e+03  6.33190000e+02  1.23920000e+02  3.77000000e-01 2.99320000e+01
 -2.42020051e+03  6.33190000e+02  1.14199000e+02  3.73000000e-01 2.86510000e+01
 -2.42020051e+03  6.33190000e+02  1.14199000e+02  3.73000000e-01 2.86510000e+01
 -2.40840019e+03  6.31320000e+02  1.17844000e+02  3.77000000e-01 2.85260000e+01
 -2.40586329e+03  6.29450000e+02  1.16189000e+02  3.58000000e-01 2.64560000e+01
 -2.40586329e+03  6.29450000e+02  1.16189000e+02  3.58000000e-01 2.64560000e+01
 -2.40586329e+03  6.29450000e+02  1.16189000e+02  3.58000000e-01 2.64560000e+01
 -2.40586329e+03  6.29450000e+02  1.16189000e+02  3.58000000e-01 2.64560000e+01
 -2.41227556e+03  6.31320000e+02  1.26535000e+02  3.68000000e-01 2.63530000e+01
 -2.41227556e+03  6.31320000e+02  1.26535000e+02  3.68000000e-01 2.63530000e+01
 -2.40728446e+03  6.32190000e+02  1.26489000e+02  3.78000000e-01 2.66100000e+01
 -2.40728446e+03  6.32190000e+02  1.26489000e+02  3.78000000e-01 2.66100000e+01
 -2.41675939e+03  6.31320000e+02  1.17713000e+02  3.66000000e-01 2.76610000e+01
 -2.41374793e+03  6.31320000e+02  1.12587000e+02  3.55000000e-01 2.72070000e+01
 -2.39367047e+03  6.31320000e+02  1.21614000e+02  3.55000000e-01 2.86010000e+01
 -2.40894003e+03  6.31320000e+02  1.24169000e+02  3.69000000e-01 2.73280000e+01
 -2.40880867e+03  6.32190000e+02  1.25001000e+02  3.72000000e-01 2.78730000e+01
 -2.41535093e+03  6.32190000e+02  1.23859000e+02  3.63000000e-01 2.64420000e+01
 -2.41535093e+03  6.32190000e+02  1.23859000e+02  3.63000000e-01 2.64420000e+01
 -2.41790392e+03  6.33190000e+02  1.07982000e+02  3.66000000e-01 2.60950000e+01
 -2.41790392e+03  6.33190000e+02  1.07982000e+02  3.66000000e-01 2.60950000e+01
 -2.41038244e+03  6.32320000e+02  1.30931000e+02  3.84000000e-01 2.97480000e+01
 -2.41038244e+03  6.32320000e+02  1.30931000e+02  3.84000000e-01 2.97480000e+01
 -2.40919425e+03  6.32320000e+02  1.16956000e+02  3.74000000e-01 2.70720000e+01
 -2.41220403e+03  6.33190000e+02  1.20474000e+02  3.70000000e-01 2.78000000e+01
 -2.41320111e+03  6.33190000e+02  1.13016000e+02  3.64000000e-01 2.66010000e+01
 -2.40583169e+03  6.31320000e+02  1.25138000e+02  3.82000000e-01 2.61200000e+01
 -2.40746012e+03  6.32320000e+02  1.17960000e+02  3.51000000e-01 2.51990000e+01
 -2.40746012e+03  6.32320000e+02  1.17960000e+02  3.51000000e-01 2.51990000e+01
 -2.40746012e+03  6.32320000e+02  1.17960000e+02  3.51000000e-01 2.51990000e+01
 -2.42459423e+03  6.33320000e+02  1.16297000e+02  3.74000000e-01 2.94020000e+01
 -2.40941737e+03  6.32320000e+02  1.15758000e+02  3.84000000e-01 2.65700000e+01
 -2.40941737e+03  6.32320000e+02  1.15758000e+02  3.84000000e-01 2.65700000e+01
 -2.40941737e+03  6.32320000e+02  1.15758000e+02  3.84000000e-01 2.65700000e+01
 -2.42085425e+03  6.33190000e+02  1.24722000e+02  3.73000000e-01 2.79480000e+01
 -2.41414244e+03  6.35060000e+02  1.18484000e+02  3.69000000e-01 2.72340000e+01
 -2.42461384e+03  6.36060000e+02  1.18388000e+02  3.78000000e-01 2.83900000e+01
 -2.44026061e+03  6.34190000e+02  1.18898000e+02  3.69000000e-01 2.97960000e+01
 -2.44026061e+03  6.34190000e+02  1.18898000e+02  3.69000000e-01 2.97960000e+01
 -2.42274636e+03  6.33190000e+02  1.10930000e+02  3.86000000e-01 2.67770000e+01
 -2.42274636e+03  6.33190000e+02  1.10930000e+02  3.86000000e-01 2.67770000e+01
 -2.42274636e+03  6.33190000e+02  1.10930000e+02  3.86000000e-01 2.67770000e+01
 -2.42274636e+03  6.33190000e+02  1.10930000e+02  3.86000000e-01 2.67770000e+01
 -2.42763513e+03  6.34060000e+02  1.14453000e+02  3.66000000e-01 2.65510000e+01
 -2.43250335e+03  6.33190000e+02  1.25401000e+02  3.65000000e-01 2.66450000e+01
 -2.43250335e+03  6.33190000e+02  1.25401000e+02  3.65000000e-01 2.66450000e+01
 -2.43250335e+03  6.33190000e+02  1.25401000e+02  3.65000000e-01 2.66450000e+01
 -2.41736368e+03  6.31320000e+02  1.21208000e+02  3.65000000e-01 2.73130000e+01
 -2.41710621e+03  6.30450000e+02  1.26725000e+02  3.61000000e-01 2.64680000e+01
 -2.40197122e+03  6.29450000e+02  1.13830000e+02  3.59000000e-01 2.59620000e+01
 -2.39303994e+03  6.29450000e+02  1.23981000e+02  3.70000000e-01 2.61210000e+01
 -2.39303994e+03  6.29450000e+02  1.23981000e+02  3.70000000e-01 2.61210000e+01
 -2.40508655e+03  6.31320000e+02  1.19967000e+02  3.64000000e-01 2.71410000e+01
 -2.40766191e+03  6.30450000e+02  1.16389000e+02  3.75000000e-01 2.74360000e+01
 -2.40766191e+03  6.30450000e+02  1.16389000e+02  3.75000000e-01 2.74360000e+01
 -2.40568349e+03  6.28580000e+02  1.20073000e+02  3.64000000e-01 2.78150000e+01
 -2.40897202e+03  6.27710000e+02  1.13522000e+02  3.63000000e-01 2.65290000e+01
 -2.40897202e+03  6.27710000e+02  1.13522000e+02  3.63000000e-01 2.65290000e+01
 -2.38676866e+03  6.26710000e+02  1.26566000e+02  3.69000000e-01 2.68420000e+01
 -2.38676866e+03  6.26710000e+02  1.26566000e+02  3.69000000e-01 2.68420000e+01
 -2.39507654e+03  6.26710000e+02  1.31394000e+02  3.62000000e-01 2.58590000e+01
 -2.39507654e+03  6.26710000e+02  1.31394000e+02  3.62000000e-01 2.58590000e+01
 -2.39507654e+03  6.26710000e+02  1.31394000e+02  3.62000000e-01 2.58590000e+01
 -2.39113884e+03  6.26710000e+02  1.18200000e+02  3.72000000e-01 2.73430000e+01
 -2.40116390e+03  6.28580000e+02  1.16693000e+02  3.64000000e-01 2.75480000e+01
 -2.40580368e+03  6.29580000e+02  1.24275000e+02  3.60000000e-01 2.62530000e+01
 -2.39920591e+03  6.28580000e+02  1.16207000e+02  3.60000000e-01 2.85700000e+01
 -2.39920591e+03  6.28580000e+02  1.16207000e+02  3.60000000e-01 2.85700000e+01
 -2.40656175e+03  6.30450000e+02  1.28217000e+02  3.74000000e-01 2.48630000e+01
 -2.40656175e+03  6.30450000e+02  1.28217000e+02  3.74000000e-01 2.48630000e+01
 -2.42638639e+03  6.32320000e+02  1.17842000e+02  3.71000000e-01 2.51020000e+01
 -2.42638639e+03  6.32320000e+02  1.17842000e+02  3.71000000e-01 2.51020000e+01
 -2.42638639e+03  6.32320000e+02  1.17842000e+02  3.71000000e-01 2.51020000e+01
 -2.42638639e+03  6.32320000e+02  1.17842000e+02  3.71000000e-01 2.51020000e+01
 -2.42638639e+03  6.32320000e+02  1.17842000e+02  3.71000000e-01 2.51020000e+01
 -2.42638639e+03  6.32320000e+02  1.17842000e+02  3.71000000e-01 2.51020000e+01
 -2.41495115e+03  6.33190000e+02  1.19902000e+02  3.62000000e-01 2.52320000e+01
 -2.41495115e+03  6.33190000e+02  1.19902000e+02  3.62000000e-01 2.52320000e+01
 -2.40461186e+03  6.32190000e+02  1.11157000e+02  3.64000000e-01 2.74300000e+01
 -2.41802107e+03  6.31320000e+02  1.15071000e+02  3.55000000e-01 2.61070000e+01
 -2.40062991e+03  6.32190000e+02  1.17285000e+02  3.60000000e-01 2.68480000e+01
 -2.41231980e+03  6.33190000e+02  1.19410000e+02  3.76000000e-01 2.86130000e+01
 -2.41231980e+03  6.33190000e+02  1.19410000e+02  3.76000000e-01 2.86130000e+01
 -2.42332958e+03  6.33190000e+02  1.22271000e+02  3.74000000e-01 2.72190000e+01
 -2.42332958e+03  6.33190000e+02  1.22271000e+02  3.74000000e-01 2.72190000e+01
 -2.41673457e+03  6.34190000e+02  1.09755000e+02  3.80000000e-01 2.55920000e+01
 -2.42298641e+03  6.34190000e+02  1.17011000e+02  3.72000000e-01 2.75470000e+01
 -2.43823683e+03  6.36060000e+02  1.15015000e+02  3.70000000e-01 2.70760000e+01
 -2.42862982e+03  6.36930000e+02  1.13614000e+02  3.75000000e-01 2.68840000e+01
 -2.42862982e+03  6.36930000e+02  1.13614000e+02  3.75000000e-01 2.68840000e+01
 -2.42862982e+03  6.36930000e+02  1.13614000e+02  3.75000000e-01 2.68840000e+01
 -2.41727905e+03  6.36930000e+02  1.17935000e+02  3.82000000e-01 2.78950000e+01
 -2.43666430e+03  6.36930000e+02  1.23775000e+02  3.61000000e-01 2.77040000e+01
 -2.43666430e+03  6.36930000e+02  1.23775000e+02  3.61000000e-01 2.77040000e+01
 -2.43666430e+03  6.36930000e+02  1.23775000e+02  3.61000000e-01 2.77040000e+01
 -2.43628132e+03  6.36060000e+02  1.16070000e+02  3.63000000e-01 2.58910000e+01
 -2.43628132e+03  6.36060000e+02  1.16070000e+02  3.63000000e-01 2.58910000e+01
 -2.43628132e+03  6.36060000e+02  1.16070000e+02  3.63000000e-01 2.58910000e+01
 -2.41486797e+03  6.35190000e+02  1.10384000e+02  3.76000000e-01 2.70670000e+01
 -2.43241232e+03  6.34320000e+02  1.10427000e+02  3.66000000e-01 2.51910000e+01
 -2.43241232e+03  6.34320000e+02  1.10427000e+02  3.66000000e-01 2.51910000e+01
 -2.43241232e+03  6.34320000e+02  1.10427000e+02  3.66000000e-01 2.51910000e+01
 -2.42569788e+03  6.33450000e+02  1.13630000e+02  3.69000000e-01 2.58890000e+01
 -2.42569788e+03  6.33450000e+02  1.13630000e+02  3.69000000e-01 2.58890000e+01
 -2.42009970e+03  6.33450000e+02  1.12944000e+02  3.81000000e-01 2.55800000e+01
 -2.41341297e+03  6.32450000e+02  1.04593000e+02  3.81000000e-01 2.64180000e+01
 -2.41341297e+03  6.32450000e+02  1.04593000e+02  3.81000000e-01 2.64180000e+01
 -2.41888477e+03  6.34320000e+02  1.05528000e+02  3.81000000e-01 2.64060000e+01
 -2.41341297e+03  6.32450000e+02  1.04593000e+02  3.81000000e-01 2.64180000e+01
 -2.41494809e+03  6.34320000e+02  1.15454000e+02  3.72000000e-01 2.67330000e+01
 -2.41494809e+03  6.34320000e+02  1.15454000e+02  3.72000000e-01 2.67330000e+01
 -2.41494809e+03  6.34320000e+02  1.15454000e+02  3.72000000e-01 2.67330000e+01
 -2.42078210e+03  6.32450000e+02  1.09449000e+02  3.77000000e-01 2.75070000e+01
 -2.42078210e+03  6.32450000e+02  1.09449000e+02  3.77000000e-01 2.75070000e+01
 -2.42078210e+03  6.32450000e+02  1.09449000e+02  3.77000000e-01 2.75070000e+01
 -2.42078210e+03  6.32450000e+02  1.09449000e+02  3.77000000e-01 2.75070000e+01
 -2.42078210e+03  6.32450000e+02  1.09449000e+02  3.77000000e-01 2.75070000e+01
 -2.42703709e+03  6.33450000e+02  1.22975000e+02  3.63000000e-01 2.75530000e+01
 -2.42703709e+03  6.33450000e+02  1.22975000e+02  3.63000000e-01 2.75530000e+01
 -2.42703709e+03  6.33450000e+02  1.22975000e+02  3.63000000e-01 2.75530000e+01
 -2.42657549e+03  6.33450000e+02  1.15285000e+02  3.68000000e-01 2.54520000e+01
 -2.42576863e+03  6.33450000e+02  1.14136000e+02  3.77000000e-01 2.75040000e+01
 -2.42576863e+03  6.33450000e+02  1.14136000e+02  3.77000000e-01 2.75040000e+01
 -2.42576863e+03  6.33450000e+02  1.14136000e+02  3.77000000e-01 2.75040000e+01
 -2.42576863e+03  6.33450000e+02  1.14136000e+02  3.77000000e-01 2.75040000e+01
 -2.40702836e+03  6.32450000e+02  1.14911000e+02  3.78000000e-01 2.65550000e+01
 -2.40777654e+03  6.32450000e+02  1.09766000e+02  3.59000000e-01 2.87980000e+01
 -2.38931102e+03  6.30580000e+02  1.19574000e+02  3.67000000e-01 2.53060000e+01
 -2.40373727e+03  6.31450000e+02  1.11239000e+02  3.60000000e-01 2.72130000e+01
 -2.40373727e+03  6.31450000e+02  1.11239000e+02  3.60000000e-01 2.72130000e+01
 -2.39924803e+03  6.31450000e+02  1.19433000e+02  3.56000000e-01 2.73040000e+01
 -2.40285354e+03  6.31450000e+02  1.08950000e+02  3.71000000e-01 2.82640000e+01
 -2.40028186e+03  6.30450000e+02  1.23722000e+02  3.78000000e-01 2.77780000e+01
 -2.40055497e+03  6.30450000e+02  1.12196000e+02  3.86000000e-01 2.90850000e+01
 -2.40055497e+03  6.30450000e+02  1.12196000e+02  3.86000000e-01 2.90850000e+01
 -2.41834174e+03  6.30450000e+02  1.08582000e+02  3.71000000e-01 2.90810000e+01
 -2.41834174e+03  6.30450000e+02  1.08582000e+02  3.71000000e-01 2.90810000e+01
 -2.41834174e+03  6.30450000e+02  1.08582000e+02  3.71000000e-01 2.90810000e+01
 -2.41834174e+03  6.30450000e+02  1.08582000e+02  3.71000000e-01 2.90810000e+01
 -2.41834174e+03  6.30450000e+02  1.08582000e+02  3.71000000e-01 2.90810000e+01
 -2.39521232e+03  6.29580000e+02  1.13287000e+02  3.63000000e-01 2.90010000e+01
 -2.39320901e+03  6.28710000e+02  1.32390000e+02  3.76000000e-01 2.76630000e+01
 -2.40030404e+03  6.29710000e+02  1.18170000e+02  3.77000000e-01 2.69370000e+01
 -2.39940109e+03  6.29710000e+02  1.18566000e+02  3.81000000e-01 2.81290000e+01
 -2.39263086e+03  6.29710000e+02  1.15275000e+02  3.77000000e-01 2.71060000e+01
 -2.38794423e+03  6.29710000e+02  1.25401000e+02  3.72000000e-01 2.76160000e+01
 -2.40351684e+03  6.30710000e+02  1.16907000e+02  3.70000000e-01 2.81150000e+01
 -2.40351684e+03  6.30710000e+02  1.16907000e+02  3.70000000e-01 2.81150000e+01
 -2.40244662e+03  6.32580000e+02  1.22096000e+02  3.70000000e-01 2.83910000e+01
 -2.41563898e+03  6.30710000e+02  1.17984000e+02  3.68000000e-01 2.78220000e+01
 -2.41931567e+03  6.31710000e+02  1.17984000e+02  3.68000000e-01 2.78620000e+01
 -2.40411884e+03  6.30710000e+02  1.06464000e+02  3.64000000e-01 2.57040000e+01
 -2.41365240e+03  6.31580000e+02  1.23599000e+02  3.73000000e-01 2.69630000e+01
 -2.41365240e+03  6.31580000e+02  1.23599000e+02  3.73000000e-01 2.69630000e+01
 -2.41365240e+03  6.31580000e+02  1.23599000e+02  3.73000000e-01 2.69630000e+01
 -2.41195570e+03  6.31580000e+02  1.29617000e+02  3.52000000e-01 2.56550000e+01
 -2.41195570e+03  6.31580000e+02  1.29617000e+02  3.52000000e-01 2.56550000e+01
 -2.41151576e+03  6.31580000e+02  1.21337000e+02  3.66000000e-01 2.72070000e+01
 -2.40234069e+03  6.31580000e+02  1.07611000e+02  3.73000000e-01 2.67930000e+01
 -2.40629842e+03  6.32580000e+02  1.11759000e+02  3.65000000e-01 2.81600000e+01
 -2.40430224e+03  6.30710000e+02  1.23116000e+02  3.71000000e-01 2.63520000e+01
 -2.40884209e+03  6.31710000e+02  1.21363000e+02  3.71000000e-01 2.63820000e+01
 -2.40884209e+03  6.31710000e+02  1.21363000e+02  3.71000000e-01 2.63820000e+01
 -2.41897594e+03  6.32580000e+02  1.16599000e+02  3.73000000e-01 2.77020000e+01
 -2.41068859e+03  6.31710000e+02  1.09968000e+02  3.78000000e-01 2.65320000e+01
 -2.41068859e+03  6.31710000e+02  1.09968000e+02  3.78000000e-01 2.65320000e+01
 -2.41737103e+03  6.32580000e+02  1.19160000e+02  3.71000000e-01 2.63890000e+01
 -2.41438288e+03  6.31710000e+02  1.19160000e+02  3.71000000e-01 2.64150000e+01
 -2.39874957e+03  6.31710000e+02  1.32137000e+02  3.70000000e-01 2.87460000e+01
 -2.39906406e+03  6.29840000e+02  1.13261000e+02  3.77000000e-01 2.72780000e+01
 -2.39906406e+03  6.29840000e+02  1.13261000e+02  3.77000000e-01 2.72780000e+01
 -2.38856897e+03  6.28970000e+02  1.14977000e+02  3.74000000e-01 2.56980000e+01
 -2.38856897e+03  6.28970000e+02  1.14977000e+02  3.74000000e-01 2.56980000e+01
 -2.41596769e+03  6.28100000e+02  1.16291000e+02  3.58000000e-01 2.70750000e+01
 -2.41596769e+03  6.28100000e+02  1.16291000e+02  3.58000000e-01 2.70750000e+01
 -2.41596769e+03  6.28100000e+02  1.16291000e+02  3.58000000e-01 2.70750000e+01
 -2.41596769e+03  6.28100000e+02  1.16291000e+02  3.58000000e-01 2.70750000e+01
 -2.41596769e+03  6.28100000e+02  1.16291000e+02  3.58000000e-01 2.70750000e+01
 -2.41596769e+03  6.28100000e+02  1.16291000e+02  3.58000000e-01 2.70750000e+01
 -2.38783574e+03  6.27100000e+02  1.11019000e+02  3.70000000e-01 2.77910000e+01
 -2.39605197e+03  6.27100000e+02  1.03998000e+02  3.79000000e-01 2.74030000e+01
 -2.39605197e+03  6.27100000e+02  1.03998000e+02  3.79000000e-01 2.74030000e+01
 -2.39787428e+03  6.27100000e+02  1.15964000e+02  3.70000000e-01 2.82900000e+01
 -2.39787428e+03  6.27100000e+02  1.15964000e+02  3.70000000e-01 2.82900000e+01
 -2.40000215e+03  6.27100000e+02  1.14704000e+02  3.69000000e-01 2.75140000e+01
 -2.40269121e+03  6.28100000e+02  1.14704000e+02  3.69000000e-01 2.74640000e+01
 -2.40269121e+03  6.28100000e+02  1.14704000e+02  3.69000000e-01 2.74640000e+01
 -2.40269121e+03  6.28100000e+02  1.14704000e+02  3.69000000e-01 2.74640000e+01
 -2.39251902e+03  6.27230000e+02  1.04618000e+02  3.64000000e-01 2.67140000e+01
 -2.39081252e+03  6.27230000e+02  1.09082000e+02  3.51000000e-01 2.62540000e+01
 -2.38838523e+03  6.26230000e+02  1.09082000e+02  3.51000000e-01 2.62200000e+01
 -2.38429370e+03  6.26230000e+02  1.14314000e+02  3.63000000e-01 2.82480000e+01
 -2.38429370e+03  6.26230000e+02  1.14314000e+02  3.63000000e-01 2.82480000e+01
 -2.39116867e+03  6.27230000e+02  1.14077000e+02  3.48000000e-01 2.77370000e+01
 -2.39474553e+03  6.28230000e+02  1.14077000e+02  3.48000000e-01 2.77210000e+01
 -2.39474553e+03  6.28230000e+02  1.14077000e+02  3.48000000e-01 2.77210000e+01
 -2.39474553e+03  6.28230000e+02  1.14077000e+02  3.48000000e-01 2.77210000e+01
 -2.39474553e+03  6.28230000e+02  1.14077000e+02  3.48000000e-01 2.77210000e+01
 -2.39788271e+03  6.29100000e+02  1.14077000e+02  3.48000000e-01 2.77100000e+01
 -2.39042821e+03  6.27230000e+02  1.09370000e+02  3.60000000e-01 3.00760000e+01
 -2.38472821e+03  6.29100000e+02  1.18129000e+02  3.46000000e-01 2.62590000e+01
 -2.38472821e+03  6.29100000e+02  1.18129000e+02  3.46000000e-01 2.62590000e+01
 -2.38472821e+03  6.29100000e+02  1.18129000e+02  3.46000000e-01 2.62590000e+01
 -2.38142577e+03  6.28230000e+02  1.19443000e+02  3.47000000e-01 2.80610000e+01
 -2.39018839e+03  6.28230000e+02  1.07183000e+02  3.62000000e-01 2.93790000e+01
 -2.39619893e+03  6.26360000e+02  1.08262000e+02  3.57000000e-01 2.77660000e+01
 -2.39619893e+03  6.26360000e+02  1.08262000e+02  3.57000000e-01 2.77660000e+01
 -2.40294639e+03  6.27230000e+02  1.20474000e+02  3.74000000e-01 2.73370000e+01
 -2.40294639e+03  6.27230000e+02  1.20474000e+02  3.74000000e-01 2.73370000e+01
 -2.40294639e+03  6.27230000e+02  1.20474000e+02  3.74000000e-01 2.73370000e+01
 -2.39295423e+03  6.26360000e+02  1.06311000e+02  3.65000000e-01 2.75400000e+01
 -2.38872554e+03  6.27360000e+02  1.22547000e+02  3.73000000e-01 2.83630000e+01
 -2.38872554e+03  6.27360000e+02  1.22547000e+02  3.73000000e-01 2.83630000e+01
 -2.40144968e+03  6.27360000e+02  1.22100000e+02  3.76000000e-01 2.90290000e+01
 -2.40144968e+03  6.27360000e+02  1.22100000e+02  3.76000000e-01 2.90290000e+01
 -2.39543130e+03  6.26490000e+02  1.10953000e+02  3.72000000e-01 2.85250000e+01
 -2.39543130e+03  6.26490000e+02  1.10953000e+02  3.72000000e-01 2.85250000e+01
 -2.39543130e+03  6.26490000e+02  1.10953000e+02  3.72000000e-01 2.85250000e+01
 -2.37732623e+03  6.26490000e+02  1.13594000e+02  3.69000000e-01 2.77140000e+01
 -2.37344533e+03  6.24620000e+02  1.07789000e+02  3.58000000e-01 2.90330000e+01
 -2.38451705e+03  6.23750000e+02  1.11533000e+02  3.49000000e-01 2.88050000e+01
 -2.37765390e+03  6.23750000e+02  1.09886000e+02  3.65000000e-01 2.84820000e+01
 -2.37765390e+03  6.23750000e+02  1.09886000e+02  3.65000000e-01 2.84820000e+01
 -2.37707014e+03  6.22880000e+02  1.20082000e+02  3.46000000e-01 2.68360000e+01
 -2.37640160e+03  6.21880000e+02  1.09982000e+02  3.72000000e-01 2.80730000e+01
 -2.37744313e+03  6.22750000e+02  1.09639000e+02  3.53000000e-01 2.94290000e+01
 -2.37744313e+03  6.22750000e+02  1.09639000e+02  3.53000000e-01 2.94290000e+01
 -2.37963634e+03  6.23750000e+02  1.13393000e+02  3.62000000e-01 2.45940000e+01
 -2.37963634e+03  6.23750000e+02  1.13393000e+02  3.62000000e-01 2.45940000e+01
 -2.38214573e+03  6.25620000e+02  1.13793000e+02  3.64000000e-01 2.73800000e+01
 -2.38214573e+03  6.25620000e+02  1.13793000e+02  3.64000000e-01 2.73800000e+01
 -2.40185501e+03  6.27490000e+02  1.20629000e+02  3.60000000e-01 2.69740000e+01
 -2.40185501e+03  6.27490000e+02  1.20629000e+02  3.60000000e-01 2.69740000e+01
 -2.40404165e+03  6.29360000e+02  1.08963000e+02  3.77000000e-01 2.54000000e+01
 -2.39907187e+03  6.27490000e+02  1.10408000e+02  3.77000000e-01 2.53870000e+01
 -2.39482707e+03  6.27490000e+02  1.09113000e+02  3.68000000e-01 2.59410000e+01
 -2.40414846e+03  6.27490000e+02  1.12500000e+02  3.60000000e-01 2.67810000e+01
 -2.40414846e+03  6.27490000e+02  1.12500000e+02  3.60000000e-01 2.67810000e+01
 -2.40414846e+03  6.27490000e+02  1.12500000e+02  3.60000000e-01 2.67810000e+01
 -2.40414846e+03  6.27490000e+02  1.12500000e+02  3.60000000e-01 2.67810000e+01
 -2.40414846e+03  6.27490000e+02  1.12500000e+02  3.60000000e-01 2.67810000e+01
 -2.40414846e+03  6.27490000e+02  1.12500000e+02  3.60000000e-01 2.67810000e+01
 -2.40414846e+03  6.27490000e+02  1.12500000e+02  3.60000000e-01 2.67810000e+01
 -2.40414846e+03  6.27490000e+02  1.12500000e+02  3.60000000e-01 2.67810000e+01
 -2.37681853e+03  6.25620000e+02  1.12220000e+02  3.54000000e-01 2.62780000e+01
 -2.37681853e+03  6.25620000e+02  1.12220000e+02  3.54000000e-01 2.62780000e+01
 -2.37681853e+03  6.25620000e+02  1.12220000e+02  3.54000000e-01 2.62780000e+01
 -2.37681853e+03  6.25620000e+02  1.12220000e+02  3.54000000e-01 2.62780000e+01
 -2.37681853e+03  6.25620000e+02  1.12220000e+02  3.54000000e-01 2.62780000e+01
 -2.38797548e+03  6.27490000e+02  1.00604000e+02  3.59000000e-01 2.71900000e+01
 -2.38634791e+03  6.25620000e+02  1.17276000e+02  3.77000000e-01 2.66030000e+01
 -2.38124107e+03  6.26620000e+02  1.12645000e+02  3.63000000e-01 2.77990000e+01
 -2.38124107e+03  6.26620000e+02  1.12645000e+02  3.63000000e-01 2.77990000e+01
 -2.37791156e+03  6.25620000e+02  1.14601000e+02  3.75000000e-01 2.91830000e+01
 -2.39478212e+03  6.26620000e+02  1.08192000e+02  3.69000000e-01 2.60490000e+01
 -2.39478212e+03  6.26620000e+02  1.08192000e+02  3.69000000e-01 2.60490000e+01
 -2.40042157e+03  6.24750000e+02  1.19027000e+02  3.67000000e-01 2.92170000e+01
 -2.39344247e+03  6.24750000e+02  1.15832000e+02  3.61000000e-01 2.77760000e+01
 -2.39091504e+03  6.24750000e+02  1.17038000e+02  3.73000000e-01 2.67460000e+01
 -2.38267480e+03  6.23880000e+02  1.15830000e+02  3.54000000e-01 2.70980000e+01
 -2.38267480e+03  6.23880000e+02  1.15830000e+02  3.54000000e-01 2.70980000e+01
 -2.38267480e+03  6.23880000e+02  1.15830000e+02  3.54000000e-01 2.70980000e+01
 -2.38537472e+03  6.22880000e+02  1.17927000e+02  3.70000000e-01 2.68950000e+01
 -2.38537472e+03  6.22880000e+02  1.17927000e+02  3.70000000e-01 2.68950000e+01
 -2.38537472e+03  6.22880000e+02  1.17927000e+02  3.70000000e-01 2.68950000e+01
 -2.38537472e+03  6.22880000e+02  1.17927000e+02  3.70000000e-01 2.68950000e+01
 -2.38537472e+03  6.22880000e+02  1.17927000e+02  3.70000000e-01 2.68950000e+01
 -2.36568055e+03  6.22880000e+02  1.13701000e+02  3.70000000e-01 2.86930000e+01
 -2.37993742e+03  6.23750000e+02  1.17831000e+02  3.51000000e-01 2.56230000e+01
 -2.37993742e+03  6.23750000e+02  1.17831000e+02  3.51000000e-01 2.56230000e+01
 -2.39608993e+03  6.24750000e+02  1.18401000e+02  3.56000000e-01 2.85590000e+01
 -2.39834852e+03  6.23880000e+02  1.09007000e+02  3.60000000e-01 2.87340000e+01
 -2.40140209e+03  6.24750000e+02  1.09315000e+02  3.60000000e-01 2.85210000e+01
 -2.40140209e+03  6.24750000e+02  1.09315000e+02  3.60000000e-01 2.85210000e+01
 -2.40140209e+03  6.24750000e+02  1.09315000e+02  3.60000000e-01 2.85210000e+01
 -2.40140209e+03  6.24750000e+02  1.09315000e+02  3.60000000e-01 2.85210000e+01
 -2.40140209e+03  6.24750000e+02  1.09315000e+02  3.60000000e-01 2.85210000e+01
 -2.39228602e+03  6.26620000e+02  1.15167000e+02  3.56000000e-01 2.76240000e+01
 -2.39335933e+03  6.28490000e+02  1.21006000e+02  3.54000000e-01 2.72860000e+01
 -2.39624891e+03  6.26620000e+02  1.11702000e+02  3.74000000e-01 2.89140000e+01
 -2.39624891e+03  6.26620000e+02  1.11702000e+02  3.74000000e-01 2.89140000e+01
 -2.38328092e+03  6.26620000e+02  1.14318000e+02  3.72000000e-01 2.77610000e+01
 -2.38976191e+03  6.25620000e+02  1.19351000e+02  3.60000000e-01 2.84530000e+01
 -2.39082825e+03  6.26620000e+02  1.17799000e+02  3.70000000e-01 2.86190000e+01
 -2.39082825e+03  6.26620000e+02  1.17799000e+02  3.70000000e-01 2.86190000e+01
 -2.39082825e+03  6.26620000e+02  1.17799000e+02  3.70000000e-01 2.86190000e+01
 -2.38690342e+03  6.24750000e+02  1.04961000e+02  3.67000000e-01 2.67720000e+01
 -2.37921312e+03  6.22880000e+02  1.12351000e+02  3.70000000e-01 2.73110000e+01
 -2.37921312e+03  6.22880000e+02  1.12351000e+02  3.70000000e-01 2.73110000e+01
 -2.37921312e+03  6.22880000e+02  1.12351000e+02  3.70000000e-01 2.73110000e+01
 -2.36464748e+03  6.22010000e+02  1.06123000e+02  3.67000000e-01 2.66360000e+01
 -2.37355068e+03  6.22010000e+02  1.07713000e+02  3.56000000e-01 2.80530000e+01
 -2.37373967e+03  6.22010000e+02  1.12506000e+02  3.72000000e-01 2.78680000e+01
 -2.37573848e+03  6.23880000e+02  1.14342000e+02  3.64000000e-01 2.73790000e+01
 -2.38714219e+03  6.24750000e+02  1.05256000e+02  3.70000000e-01 2.82470000e+01
 -2.38714219e+03  6.24750000e+02  1.05256000e+02  3.70000000e-01 2.82470000e+01
 -2.38714219e+03  6.24750000e+02  1.05256000e+02  3.70000000e-01 2.82470000e+01
 -2.38714219e+03  6.24750000e+02  1.05256000e+02  3.70000000e-01 2.82470000e+01
 -2.38714219e+03  6.24750000e+02  1.05256000e+02  3.70000000e-01 2.82470000e+01
 -2.38714219e+03  6.24750000e+02  1.05256000e+02  3.70000000e-01 2.82470000e+01
 -2.38186637e+03  6.22880000e+02  1.06395000e+02  3.55000000e-01 2.80450000e+01
 -2.38186637e+03  6.22880000e+02  1.06395000e+02  3.55000000e-01 2.80450000e+01
 -2.38186637e+03  6.22880000e+02  1.06395000e+02  3.55000000e-01 2.80450000e+01
 -2.38087058e+03  6.21880000e+02  1.10690000e+02  3.72000000e-01 2.88350000e+01
 -2.38087058e+03  6.21880000e+02  1.10690000e+02  3.72000000e-01 2.88350000e+01
 -2.38087058e+03  6.21880000e+02  1.10690000e+02  3.72000000e-01 2.88350000e+01
 -2.38087058e+03  6.21880000e+02  1.10690000e+02  3.72000000e-01 2.88350000e+01
 -2.38087058e+03  6.21880000e+02  1.10690000e+02  3.72000000e-01 2.88350000e+01
 -2.38087058e+03  6.21880000e+02  1.10690000e+02  3.72000000e-01 2.88350000e+01
 -2.38087058e+03  6.21880000e+02  1.10690000e+02  3.72000000e-01 2.88350000e+01
 -2.38033587e+03  6.21880000e+02  1.12018000e+02  3.58000000e-01 3.01600000e+01
 -2.38033587e+03  6.21880000e+02  1.12018000e+02  3.58000000e-01 3.01600000e+01
 -2.37199303e+03  6.22880000e+02  1.16103000e+02  3.62000000e-01 2.84280000e+01
 -2.37199303e+03  6.22880000e+02  1.16103000e+02  3.62000000e-01 2.84280000e+01
 -2.36326211e+03  6.23880000e+02  1.09080000e+02  3.65000000e-01 2.77500000e+01
 -2.36479509e+03  6.22880000e+02  1.12885000e+02  3.60000000e-01 2.75420000e+01
 -2.38219870e+03  6.22880000e+02  1.22620000e+02  3.55000000e-01 2.87580000e+01
 -2.38207013e+03  6.22010000e+02  1.18531000e+02  3.58000000e-01 3.06570000e+01
 -2.37168947e+03  6.22880000e+02  1.13840000e+02  3.68000000e-01 2.75730000e+01
 -2.38099454e+03  6.21010000e+02  1.06807000e+02  3.71000000e-01 2.59990000e+01
 -2.38099454e+03  6.21010000e+02  1.06807000e+02  3.71000000e-01 2.59990000e+01
 -2.38099454e+03  6.21010000e+02  1.06807000e+02  3.71000000e-01 2.59990000e+01
 -2.38099454e+03  6.21010000e+02  1.06807000e+02  3.71000000e-01 2.59990000e+01
 -2.38099454e+03  6.21010000e+02  1.06807000e+02  3.71000000e-01 2.59990000e+01
 -2.38099454e+03  6.21010000e+02  1.06807000e+02  3.71000000e-01 2.59990000e+01
 -2.38099454e+03  6.21010000e+02  1.06807000e+02  3.71000000e-01 2.59990000e+01
 -2.38099454e+03  6.21010000e+02  1.06807000e+02  3.71000000e-01 2.59990000e+01
 -2.37601352e+03  6.21010000e+02  1.05385000e+02  3.59000000e-01 2.33410000e+01
 -2.37601352e+03  6.21010000e+02  1.05385000e+02  3.59000000e-01 2.33410000e+01
 -2.37601352e+03  6.21010000e+02  1.05385000e+02  3.59000000e-01 2.33410000e+01
 -2.37601352e+03  6.21010000e+02  1.05385000e+02  3.59000000e-01 2.33410000e+01
 -2.37601352e+03  6.21010000e+02  1.05385000e+02  3.59000000e-01 2.33410000e+01
 -2.37601352e+03  6.21010000e+02  1.05385000e+02  3.59000000e-01 2.33410000e+01
 -2.37601352e+03  6.21010000e+02  1.05385000e+02  3.59000000e-01 2.33410000e+01
 -2.37601352e+03  6.21010000e+02  1.05385000e+02  3.59000000e-01 2.33410000e+01
 -2.37601352e+03  6.21010000e+02  1.05385000e+02  3.59000000e-01 2.33410000e+01
 -2.37601352e+03  6.21010000e+02  1.05385000e+02  3.59000000e-01 2.33410000e+01
 -2.37601352e+03  6.21010000e+02  1.05385000e+02  3.59000000e-01 2.33410000e+01
 -2.37601352e+03  6.21010000e+02  1.05385000e+02  3.59000000e-01 2.33410000e+01
 -2.36177262e+03  6.19140000e+02  1.20427000e+02  3.54000000e-01 2.78960000e+01
 -2.36177262e+03  6.19140000e+02  1.20427000e+02  3.54000000e-01 2.78960000e+01
 -2.36177262e+03  6.19140000e+02  1.20427000e+02  3.54000000e-01 2.78960000e+01
 -2.37096660e+03  6.19140000e+02  1.18178000e+02  3.74000000e-01 2.73150000e+01
 -2.37119263e+03  6.19140000e+02  1.06038000e+02  3.81000000e-01 2.84380000e+01
 -2.37119263e+03  6.19140000e+02  1.06038000e+02  3.81000000e-01 2.84380000e+01
 -2.37033157e+03  6.19140000e+02  1.08858000e+02  3.57000000e-01 2.80870000e+01
 -2.36135484e+03  6.20140000e+02  1.04273000e+02  3.63000000e-01 2.79790000e+01
 -2.36135484e+03  6.20140000e+02  1.04273000e+02  3.63000000e-01 2.79790000e+01
 -2.36886548e+03  6.21010000e+02  1.11704000e+02  3.70000000e-01 2.85560000e+01
 -2.36886548e+03  6.21010000e+02  1.11704000e+02  3.70000000e-01 2.85560000e+01
 -2.36886548e+03  6.21010000e+02  1.11704000e+02  3.70000000e-01 2.85560000e+01
 -2.36886548e+03  6.21010000e+02  1.11704000e+02  3.70000000e-01 2.85560000e+01
 -2.37761799e+03  6.22010000e+02  1.05501000e+02  3.68000000e-01 2.95860000e+01
 -2.37743074e+03  6.21010000e+02  1.11955000e+02  3.73000000e-01 2.89470000e+01
 -2.37743074e+03  6.21010000e+02  1.11955000e+02  3.73000000e-01 2.89470000e+01
 -2.37743074e+03  6.21010000e+02  1.11955000e+02  3.73000000e-01 2.89470000e+01
 -2.37743074e+03  6.21010000e+02  1.11955000e+02  3.73000000e-01 2.89470000e+01
 -2.37743074e+03  6.21010000e+02  1.11955000e+02  3.73000000e-01 2.89470000e+01
 -2.37743074e+03  6.21010000e+02  1.11955000e+02  3.73000000e-01 2.89470000e+01
 -2.37743074e+03  6.21010000e+02  1.11955000e+02  3.73000000e-01 2.89470000e+01
 -2.37743074e+03  6.21010000e+02  1.11955000e+02  3.73000000e-01 2.89470000e+01
 -2.37743074e+03  6.21010000e+02  1.11955000e+02  3.73000000e-01 2.89470000e+01
 -2.37743074e+03  6.21010000e+02  1.11955000e+02  3.73000000e-01 2.89470000e+01
 -2.37743074e+03  6.21010000e+02  1.11955000e+02  3.73000000e-01 2.89470000e+01
 -2.37743074e+03  6.21010000e+02  1.11955000e+02  3.73000000e-01 2.89470000e+01
 -2.38839907e+03  6.22880000e+02  1.17158000e+02  3.56000000e-01 2.82880000e+01
 -2.38839907e+03  6.22880000e+02  1.17158000e+02  3.56000000e-01 2.82880000e+01
 -2.38839907e+03  6.22880000e+02  1.17158000e+02  3.56000000e-01 2.82880000e+01
 -2.38784866e+03  6.21880000e+02  1.09447000e+02  3.62000000e-01 2.69950000e+01
 -2.37717007e+03  6.21010000e+02  1.10396000e+02  3.74000000e-01 2.70380000e+01
 -2.37717007e+03  6.21010000e+02  1.10396000e+02  3.74000000e-01 2.70380000e+01
 -2.37717007e+03  6.21010000e+02  1.10396000e+02  3.74000000e-01 2.70380000e+01
 -2.37717007e+03  6.21010000e+02  1.10396000e+02  3.74000000e-01 2.70380000e+01
 -2.37717007e+03  6.21010000e+02  1.10396000e+02  3.74000000e-01 2.70380000e+01
 -2.37717007e+03  6.21010000e+02  1.10396000e+02  3.74000000e-01 2.70380000e+01
 -2.37717007e+03  6.21010000e+02  1.10396000e+02  3.74000000e-01 2.70380000e+01
 -2.37717007e+03  6.21010000e+02  1.10396000e+02  3.74000000e-01 2.70380000e+01
 -2.37717007e+03  6.21010000e+02  1.10396000e+02  3.74000000e-01 2.70380000e+01
 -2.37717007e+03  6.21010000e+02  1.10396000e+02  3.74000000e-01 2.70380000e+01
 -2.38385880e+03  6.22010000e+02  1.00612000e+02  3.54000000e-01 2.74530000e+01
 -2.37472884e+03  6.23010000e+02  1.14208000e+02  3.75000000e-01 2.88030000e+01
 -2.38501704e+03  6.23880000e+02  1.14965000e+02  3.58000000e-01 2.79110000e+01
 -2.38233043e+03  6.25750000e+02  1.29996000e+02  3.73000000e-01 2.79240000e+01
 -2.38233043e+03  6.25750000e+02  1.29996000e+02  3.73000000e-01 2.79240000e+01
 -2.38650110e+03  6.24750000e+02  1.20608000e+02  3.57000000e-01 2.80240000e+01
 -2.38612161e+03  6.23750000e+02  1.15962000e+02  3.78000000e-01 2.75280000e+01
 -2.39015890e+03  6.24750000e+02  1.15962000e+02  3.78000000e-01 2.75140000e+01
 -2.39015890e+03  6.24750000e+02  1.15962000e+02  3.78000000e-01 2.75140000e+01
 -2.38909024e+03  6.25620000e+02  1.18282000e+02  3.84000000e-01 2.83040000e+01
 -2.38909024e+03  6.25620000e+02  1.18282000e+02  3.84000000e-01 2.83040000e+01
 -2.38909024e+03  6.25620000e+02  1.18282000e+02  3.84000000e-01 2.83040000e+01
 -2.38909024e+03  6.25620000e+02  1.18282000e+02  3.84000000e-01 2.83040000e+01
 -2.39539472e+03  6.26490000e+02  1.07411000e+02  3.73000000e-01 2.77830000e+01
 -2.39424418e+03  6.28360000e+02  1.15962000e+02  3.78000000e-01 2.69250000e+01
 -2.39424418e+03  6.28360000e+02  1.15962000e+02  3.78000000e-01 2.69250000e+01
 -2.39491392e+03  6.29230000e+02  1.14707000e+02  3.52000000e-01 2.64930000e+01
 -2.39491392e+03  6.29230000e+02  1.14707000e+02  3.52000000e-01 2.64930000e+01
 -2.39491392e+03  6.29230000e+02  1.14707000e+02  3.52000000e-01 2.64930000e+01
 -2.39439459e+03  6.30230000e+02  1.06725000e+02  3.70000000e-01 2.74600000e+01
 -2.40349387e+03  6.31100000e+02  1.24253000e+02  3.61000000e-01 2.84420000e+01
 -2.40058572e+03  6.31970000e+02  1.19088000e+02  3.57000000e-01 2.64700000e+01
 -2.40489016e+03  6.31100000e+02  1.18754000e+02  3.70000000e-01 2.79820000e+01
 -2.40489016e+03  6.31100000e+02  1.18754000e+02  3.70000000e-01 2.79820000e+01
 -2.40896594e+03  6.29230000e+02  1.22926000e+02  3.65000000e-01 2.83720000e+01
 -2.40216566e+03  6.29230000e+02  1.11757000e+02  3.46000000e-01 2.83780000e+01
 -2.40216566e+03  6.29230000e+02  1.11757000e+02  3.46000000e-01 2.83780000e+01
 -2.40052442e+03  6.30100000e+02  1.11162000e+02  3.65000000e-01 3.02400000e+01
 -2.40052442e+03  6.30100000e+02  1.11162000e+02  3.65000000e-01 3.02400000e+01
 -2.40052442e+03  6.30100000e+02  1.11162000e+02  3.65000000e-01 3.02400000e+01
 -2.40108370e+03  6.30100000e+02  1.18282000e+02  3.47000000e-01 2.67390000e+01
 -2.40108370e+03  6.30100000e+02  1.18282000e+02  3.47000000e-01 2.67390000e+01
 -2.41081936e+03  6.30100000e+02  1.13273000e+02  3.74000000e-01 2.95600000e+01
 -2.42007863e+03  6.31970000e+02  1.17795000e+02  3.58000000e-01 2.61350000e+01
 -2.42007863e+03  6.31970000e+02  1.17795000e+02  3.58000000e-01 2.61350000e+01
 -2.41357474e+03  6.30970000e+02  1.11369000e+02  3.64000000e-01 2.48380000e+01
 -2.41816126e+03  6.32840000e+02  1.09923000e+02  3.64000000e-01 2.48350000e+01
 -2.41816126e+03  6.32840000e+02  1.09923000e+02  3.64000000e-01 2.48350000e+01
 -2.41816126e+03  6.32840000e+02  1.09923000e+02  3.64000000e-01 2.48350000e+01
 -2.42456355e+03  6.34710000e+02  1.12655000e+02  3.71000000e-01 2.67760000e+01
 -2.42456355e+03  6.34710000e+02  1.12655000e+02  3.71000000e-01 2.67760000e+01
 -2.42456355e+03  6.34710000e+02  1.12655000e+02  3.71000000e-01 2.67760000e+01
 -2.42456355e+03  6.34710000e+02  1.12655000e+02  3.71000000e-01 2.67760000e+01
 -2.42456355e+03  6.34710000e+02  1.12655000e+02  3.71000000e-01 2.67760000e+01
 -2.42456355e+03  6.34710000e+02  1.12655000e+02  3.71000000e-01 2.67760000e+01
 -2.42456355e+03  6.34710000e+02  1.12655000e+02  3.71000000e-01 2.67760000e+01
 -2.42456355e+03  6.34710000e+02  1.12655000e+02  3.71000000e-01 2.67760000e+01
 -2.42456355e+03  6.34710000e+02  1.12655000e+02  3.71000000e-01 2.67760000e+01
 -2.42456355e+03  6.34710000e+02  1.12655000e+02  3.71000000e-01 2.67760000e+01
 -2.42456355e+03  6.34710000e+02  1.12655000e+02  3.71000000e-01 2.67760000e+01
 -2.42456355e+03  6.34710000e+02  1.12655000e+02  3.71000000e-01 2.67760000e+01
 -2.41969832e+03  6.34710000e+02  1.15701000e+02  3.75000000e-01 2.58120000e+01
 -2.41696558e+03  6.34710000e+02  1.06071000e+02  3.56000000e-01 2.85690000e+01
 -2.42334895e+03  6.34710000e+02  1.12469000e+02  3.68000000e-01 2.87890000e+01
 -2.42021896e+03  6.34710000e+02  1.16911000e+02  3.67000000e-01 2.87640000e+01
 -2.41640527e+03  6.35580000e+02  1.05670000e+02  3.66000000e-01 2.59380000e+01
 -2.41705790e+03  6.34710000e+02  1.09294000e+02  3.72000000e-01 2.70030000e+01
 -2.41705790e+03  6.34710000e+02  1.09294000e+02  3.72000000e-01 2.70030000e+01
 -2.43005050e+03  6.34710000e+02  1.14763000e+02  3.76000000e-01 2.67000000e+01
 -2.43005050e+03  6.34710000e+02  1.14763000e+02  3.76000000e-01 2.67000000e+01
 -2.40988822e+03  6.35710000e+02  1.03347000e+02  3.74000000e-01 2.68940000e+01
 -2.42658185e+03  6.37580000e+02  1.13840000e+02  3.74000000e-01 2.70470000e+01
 -2.43995674e+03  6.37580000e+02  1.22651000e+02  3.42000000e-01 2.54400000e+01
 -2.43995674e+03  6.37580000e+02  1.22651000e+02  3.42000000e-01 2.54400000e+01
 -2.42017441e+03  6.35710000e+02  1.23494000e+02  3.44000000e-01 2.62970000e+01
 -2.42017441e+03  6.35710000e+02  1.23494000e+02  3.44000000e-01 2.62970000e+01
 -2.42373822e+03  6.36710000e+02  1.23494000e+02  3.44000000e-01 2.63410000e+01
 -2.42373822e+03  6.36710000e+02  1.23494000e+02  3.44000000e-01 2.63410000e+01
 -2.42373822e+03  6.36710000e+02  1.23494000e+02  3.44000000e-01 2.63410000e+01
 -2.42373822e+03  6.36710000e+02  1.23494000e+02  3.44000000e-01 2.63410000e+01
 -2.43103807e+03  6.37710000e+02  1.04059000e+02  3.60000000e-01 2.67950000e+01
 -2.42927185e+03  6.38580000e+02  1.10762000e+02  3.61000000e-01 2.70810000e+01
 -2.43426024e+03  6.38580000e+02  1.13414000e+02  3.72000000e-01 2.70750000e+01
 -2.43773217e+03  6.39450000e+02  1.07317000e+02  3.58000000e-01 2.60400000e+01
 -2.44530534e+03  6.38580000e+02  1.11472000e+02  3.61000000e-01 2.73950000e+01
 -2.44530534e+03  6.38580000e+02  1.11472000e+02  3.61000000e-01 2.73950000e+01
 -2.43620001e+03  6.40450000e+02  9.93470000e+01  3.71000000e-01 2.83470000e+01
 -2.43620001e+03  6.40450000e+02  9.93470000e+01  3.71000000e-01 2.83470000e+01
 -2.42574584e+03  6.39450000e+02  1.13381000e+02  3.69000000e-01 2.59660000e+01
 -2.43916166e+03  6.38450000e+02  1.06299000e+02  3.81000000e-01 3.15970000e+01
 -2.43978454e+03  6.39320000e+02  1.02802000e+02  3.70000000e-01 2.75550000e+01
 -2.43978454e+03  6.39320000e+02  1.02802000e+02  3.70000000e-01 2.75550000e+01
 -2.43985960e+03  6.39320000e+02  1.18923000e+02  3.68000000e-01 2.89610000e+01
 -2.43985960e+03  6.39320000e+02  1.18923000e+02  3.68000000e-01 2.89610000e+01
 -2.43985960e+03  6.39320000e+02  1.18923000e+02  3.68000000e-01 2.89610000e+01
 -2.45631107e+03  6.41190000e+02  1.08227000e+02  3.61000000e-01 2.60890000e+01
 -2.45631107e+03  6.41190000e+02  1.08227000e+02  3.61000000e-01 2.60890000e+01
 -2.45631107e+03  6.41190000e+02  1.08227000e+02  3.61000000e-01 2.60890000e+01
 -2.45631107e+03  6.41190000e+02  1.08227000e+02  3.61000000e-01 2.60890000e+01
 -2.45631107e+03  6.41190000e+02  1.08227000e+02  3.61000000e-01 2.60890000e+01
 -2.45631107e+03  6.41190000e+02  1.08227000e+02  3.61000000e-01 2.60890000e+01
 -2.45631107e+03  6.41190000e+02  1.08227000e+02  3.61000000e-01 2.60890000e+01
 -2.45631107e+03  6.41190000e+02  1.08227000e+02  3.61000000e-01 2.60890000e+01
 -2.45631107e+03  6.41190000e+02  1.08227000e+02  3.61000000e-01 2.60890000e+01
 -2.45631107e+03  6.41190000e+02  1.08227000e+02  3.61000000e-01 2.60890000e+01
 -2.45631107e+03  6.41190000e+02  1.08227000e+02  3.61000000e-01 2.60890000e+01
 -2.45631107e+03  6.41190000e+02  1.08227000e+02  3.61000000e-01 2.60890000e+01
 -2.46084764e+03  6.41190000e+02  1.09672000e+02  3.68000000e-01 2.49390000e+01
 -2.46084764e+03  6.41190000e+02  1.09672000e+02  3.68000000e-01 2.49390000e+01
 -2.46084764e+03  6.41190000e+02  1.09672000e+02  3.68000000e-01 2.49390000e+01
 -2.45695247e+03  6.43060000e+02  1.03361000e+02  3.56000000e-01 2.74900000e+01
 -2.45695247e+03  6.43060000e+02  1.03361000e+02  3.56000000e-01 2.74900000e+01
 -2.45695247e+03  6.43060000e+02  1.03361000e+02  3.56000000e-01 2.74900000e+01
 -2.45695247e+03  6.43060000e+02  1.03361000e+02  3.56000000e-01 2.74900000e+01
 -2.45695247e+03  6.43060000e+02  1.03361000e+02  3.56000000e-01 2.74900000e+01
 -2.45695247e+03  6.43060000e+02  1.03361000e+02  3.56000000e-01 2.74900000e+01
 -2.45695247e+03  6.43060000e+02  1.03361000e+02  3.56000000e-01 2.74900000e+01
 -2.45695247e+03  6.43060000e+02  1.03361000e+02  3.56000000e-01 2.74900000e+01
 -2.45695247e+03  6.43060000e+02  1.03361000e+02  3.56000000e-01 2.74900000e+01
 -2.46066738e+03  6.42060000e+02  1.11023000e+02  3.52000000e-01 2.67000000e+01
 -2.46066738e+03  6.42060000e+02  1.11023000e+02  3.52000000e-01 2.67000000e+01
 -2.46066738e+03  6.42060000e+02  1.11023000e+02  3.52000000e-01 2.67000000e+01
 -2.46929552e+03  6.43930000e+02  1.09990000e+02  3.57000000e-01 2.48980000e+01
 -2.46929552e+03  6.43930000e+02  1.09990000e+02  3.57000000e-01 2.48980000e+01
 -2.46929552e+03  6.43930000e+02  1.09990000e+02  3.57000000e-01 2.48980000e+01
 -2.46929552e+03  6.43930000e+02  1.09990000e+02  3.57000000e-01 2.48980000e+01
 -2.46898104e+03  6.43930000e+02  1.21526000e+02  3.66000000e-01 2.51390000e+01
 -2.46898104e+03  6.43930000e+02  1.21526000e+02  3.66000000e-01 2.51390000e+01
 -2.46898104e+03  6.43930000e+02  1.21526000e+02  3.66000000e-01 2.51390000e+01
 -2.46898104e+03  6.43930000e+02  1.21526000e+02  3.66000000e-01 2.51390000e+01
 -2.46898104e+03  6.43930000e+02  1.21526000e+02  3.66000000e-01 2.51390000e+01
 -2.46898104e+03  6.43930000e+02  1.21526000e+02  3.66000000e-01 2.51390000e+01
 -2.46898104e+03  6.43930000e+02  1.21526000e+02  3.66000000e-01 2.51390000e+01
 -2.46898104e+03  6.43930000e+02  1.21526000e+02  3.66000000e-01 2.51390000e+01
 -2.46898104e+03  6.43930000e+02  1.21526000e+02  3.66000000e-01 2.51390000e+01
 -2.46898104e+03  6.43930000e+02  1.21526000e+02  3.66000000e-01 2.51390000e+01
 -2.46898104e+03  6.43930000e+02  1.21526000e+02  3.66000000e-01 2.51390000e+01
 -2.46898104e+03  6.43930000e+02  1.21526000e+02  3.66000000e-01 2.51390000e+01
 -2.46898104e+03  6.43930000e+02  1.21526000e+02  3.66000000e-01 2.51390000e+01
 -2.46525144e+03  6.43930000e+02  1.10678000e+02  3.79000000e-01 2.78720000e+01
 -2.46525144e+03  6.43930000e+02  1.10678000e+02  3.79000000e-01 2.78720000e+01
 -2.46525144e+03  6.43930000e+02  1.10678000e+02  3.79000000e-01 2.78720000e+01
 -2.46525144e+03  6.43930000e+02  1.10678000e+02  3.79000000e-01 2.78720000e+01
 -2.46525144e+03  6.43930000e+02  1.10678000e+02  3.79000000e-01 2.78720000e+01
 -2.46525144e+03  6.43930000e+02  1.10678000e+02  3.79000000e-01 2.78720000e+01
 -2.46525144e+03  6.43930000e+02  1.10678000e+02  3.79000000e-01 2.78720000e+01
 -2.46919786e+03  6.44800000e+02  1.21335000e+02  3.60000000e-01 2.65970000e+01
 -2.46919786e+03  6.44800000e+02  1.21335000e+02  3.60000000e-01 2.65970000e+01
 -2.46919786e+03  6.44800000e+02  1.21335000e+02  3.60000000e-01 2.65970000e+01
 -2.46919786e+03  6.44800000e+02  1.21335000e+02  3.60000000e-01 2.65970000e+01
 -2.46343487e+03  6.42930000e+02  1.17640000e+02  3.68000000e-01 2.76760000e+01
 -2.46949269e+03  6.44800000e+02  1.17640000e+02  3.66000000e-01 2.76630000e+01
 -2.46949269e+03  6.44800000e+02  1.17640000e+02  3.66000000e-01 2.76630000e+01
 -2.46949269e+03  6.44800000e+02  1.17640000e+02  3.66000000e-01 2.76630000e+01
 -2.46949269e+03  6.44800000e+02  1.17640000e+02  3.66000000e-01 2.76630000e+01
 -2.47137156e+03  6.45670000e+02  1.11494000e+02  3.65000000e-01 2.73920000e+01
 -2.46649127e+03  6.43800000e+02  1.10559000e+02  3.65000000e-01 2.73630000e+01
 -2.46649127e+03  6.43800000e+02  1.10559000e+02  3.65000000e-01 2.73630000e+01
 -2.46649127e+03  6.43800000e+02  1.10559000e+02  3.65000000e-01 2.73630000e+01
 -2.46649127e+03  6.43800000e+02  1.10559000e+02  3.65000000e-01 2.73630000e+01
 -2.46649127e+03  6.43800000e+02  1.10559000e+02  3.65000000e-01 2.73630000e+01
 -2.46649127e+03  6.43800000e+02  1.10559000e+02  3.65000000e-01 2.73630000e+01
 -2.46999815e+03  6.44800000e+02  1.09553000e+02  3.64000000e-01 2.73560000e+01
 -2.46999815e+03  6.44800000e+02  1.09553000e+02  3.64000000e-01 2.73560000e+01
 -2.46999815e+03  6.44800000e+02  1.09553000e+02  3.64000000e-01 2.73560000e+01
 -2.46582762e+03  6.45800000e+02  1.14310000e+02  3.70000000e-01 2.73060000e+01
 -2.46582762e+03  6.45800000e+02  1.14310000e+02  3.70000000e-01 2.73060000e+01
 -2.47266157e+03  6.44800000e+02  1.13177000e+02  3.59000000e-01 2.86160000e+01
 -2.47266157e+03  6.44800000e+02  1.13177000e+02  3.59000000e-01 2.86160000e+01
 -2.47266157e+03  6.44800000e+02  1.13177000e+02  3.59000000e-01 2.86160000e+01
 -2.47266157e+03  6.44800000e+02  1.13177000e+02  3.59000000e-01 2.86160000e+01
 -2.47266157e+03  6.44800000e+02  1.13177000e+02  3.59000000e-01 2.86160000e+01
 -2.47266157e+03  6.44800000e+02  1.13177000e+02  3.59000000e-01 2.86160000e+01
 -2.47266157e+03  6.44800000e+02  1.13177000e+02  3.59000000e-01 2.86160000e+01
 -2.47266157e+03  6.44800000e+02  1.13177000e+02  3.59000000e-01 2.86160000e+01
 -2.47266157e+03  6.44800000e+02  1.13177000e+02  3.59000000e-01 2.86160000e+01
 -2.47266157e+03  6.44800000e+02  1.13177000e+02  3.59000000e-01 2.86160000e+01
 -2.47266157e+03  6.44800000e+02  1.13177000e+02  3.59000000e-01 2.86160000e+01
 -2.47266157e+03  6.44800000e+02  1.13177000e+02  3.59000000e-01 2.86160000e+01
 -2.47266157e+03  6.44800000e+02  1.13177000e+02  3.59000000e-01 2.86160000e+01
 -2.47266157e+03  6.44800000e+02  1.13177000e+02  3.59000000e-01 2.86160000e+01
 -2.47266157e+03  6.44800000e+02  1.13177000e+02  3.59000000e-01 2.86160000e+01
 -2.47266157e+03  6.44800000e+02  1.13177000e+02  3.59000000e-01 2.86160000e+01
 -2.47266157e+03  6.44800000e+02  1.13177000e+02  3.59000000e-01 2.86160000e+01
 -2.47266157e+03  6.44800000e+02  1.13177000e+02  3.59000000e-01 2.86160000e+01
 -2.47266157e+03  6.44800000e+02  1.13177000e+02  3.59000000e-01 2.86160000e+01
 -2.47266157e+03  6.44800000e+02  1.13177000e+02  3.59000000e-01 2.86160000e+01
 -2.47266157e+03  6.44800000e+02  1.13177000e+02  3.59000000e-01 2.86160000e+01
 -2.47266157e+03  6.44800000e+02  1.13177000e+02  3.59000000e-01 2.86160000e+01
 -2.47487168e+03  6.45670000e+02  1.14183000e+02  3.61000000e-01 2.86670000e+01
 -2.47487168e+03  6.45670000e+02  1.14183000e+02  3.61000000e-01 2.86670000e+01
 -2.47487168e+03  6.45670000e+02  1.14183000e+02  3.61000000e-01 2.86670000e+01
 -2.47487168e+03  6.45670000e+02  1.14183000e+02  3.61000000e-01 2.86670000e+01
 -2.47487168e+03  6.45670000e+02  1.14183000e+02  3.61000000e-01 2.86670000e+01
 -2.46499038e+03  6.47540000e+02  1.11767000e+02  3.77000000e-01 2.29320000e+01
 -2.46746277e+03  6.47540000e+02  1.11271000e+02  3.75000000e-01 2.65460000e+01
 -2.46746277e+03  6.47540000e+02  1.11271000e+02  3.75000000e-01 2.65460000e+01
 -2.46460162e+03  6.46670000e+02  1.11271000e+02  3.75000000e-01 2.65300000e+01
 -2.46460162e+03  6.46670000e+02  1.11271000e+02  3.75000000e-01 2.65300000e+01
 -2.46460162e+03  6.46670000e+02  1.11271000e+02  3.75000000e-01 2.65300000e+01
 -2.46460162e+03  6.46670000e+02  1.11271000e+02  3.75000000e-01 2.65300000e+01
 -2.46161653e+03  6.45670000e+02  1.11271000e+02  3.75000000e-01 2.64480000e+01
 -2.46161653e+03  6.45670000e+02  1.11271000e+02  3.75000000e-01 2.64480000e+01
 -2.46161653e+03  6.45670000e+02  1.11271000e+02  3.75000000e-01 2.64480000e+01
 -2.46161653e+03  6.45670000e+02  1.11271000e+02  3.75000000e-01 2.64480000e+01
 -2.46161653e+03  6.45670000e+02  1.11271000e+02  3.75000000e-01 2.64480000e+01
 -2.46715187e+03  6.47540000e+02  1.17156000e+02  3.54000000e-01 2.68550000e+01
 -2.46715187e+03  6.47540000e+02  1.17156000e+02  3.54000000e-01 2.68550000e+01
 -2.48657073e+03  6.47540000e+02  1.00800000e+02  3.59000000e-01 2.64000000e+01
 -2.48657073e+03  6.47540000e+02  1.00800000e+02  3.59000000e-01 2.64000000e+01
 -2.48657073e+03  6.47540000e+02  1.00800000e+02  3.59000000e-01 2.64000000e+01
 -2.48657073e+03  6.47540000e+02  1.00800000e+02  3.59000000e-01 2.64000000e+01
 -2.48657073e+03  6.47540000e+02  1.00800000e+02  3.59000000e-01 2.64000000e+01
 -2.48657073e+03  6.47540000e+02  1.00800000e+02  3.59000000e-01 2.64000000e+01
 -2.48657073e+03  6.47540000e+02  1.00800000e+02  3.59000000e-01 2.64000000e+01
 -2.48657073e+03  6.47540000e+02  1.00800000e+02  3.59000000e-01 2.64000000e+01
 -2.48657073e+03  6.47540000e+02  1.00800000e+02  3.59000000e-01 2.64000000e+01
 -2.48657073e+03  6.47540000e+02  1.00800000e+02  3.59000000e-01 2.64000000e+01
 -2.48657073e+03  6.47540000e+02  1.00800000e+02  3.59000000e-01 2.64000000e+01
 -2.48657073e+03  6.47540000e+02  1.00800000e+02  3.59000000e-01 2.64000000e+01
 -2.49040799e+03  6.49410000e+02  1.17711000e+02  3.70000000e-01 2.54360000e+01
 -2.49040799e+03  6.49410000e+02  1.17711000e+02  3.70000000e-01 2.54360000e+01
 -2.49420066e+03  6.49410000e+02  1.03918000e+02  3.69000000e-01 2.51640000e+01
 -2.49420066e+03  6.49410000e+02  1.03918000e+02  3.69000000e-01 2.51640000e+01
 -2.49420066e+03  6.49410000e+02  1.03918000e+02  3.69000000e-01 2.51640000e+01
 -2.49420066e+03  6.49410000e+02  1.03918000e+02  3.69000000e-01 2.51640000e+01
 -2.49420066e+03  6.49410000e+02  1.03918000e+02  3.69000000e-01 2.51640000e+01
 -2.49420066e+03  6.49410000e+02  1.03918000e+02  3.69000000e-01 2.51640000e+01
 -2.48515597e+03  6.50410000e+02  1.12004000e+02  3.73000000e-01 2.76280000e+01
 -2.48515597e+03  6.50410000e+02  1.12004000e+02  3.73000000e-01 2.76280000e+01
 -2.48515597e+03  6.50410000e+02  1.12004000e+02  3.73000000e-01 2.76280000e+01
 -2.48515597e+03  6.50410000e+02  1.12004000e+02  3.73000000e-01 2.76280000e+01
 -2.48515597e+03  6.50410000e+02  1.12004000e+02  3.73000000e-01 2.76280000e+01
 -2.48515597e+03  6.50410000e+02  1.12004000e+02  3.73000000e-01 2.76280000e+01
 -2.48515597e+03  6.50410000e+02  1.12004000e+02  3.73000000e-01 2.76280000e+01
 -2.48515597e+03  6.50410000e+02  1.12004000e+02  3.73000000e-01 2.76280000e+01
 -2.48515597e+03  6.50410000e+02  1.12004000e+02  3.73000000e-01 2.76280000e+01
 -2.48515597e+03  6.50410000e+02  1.12004000e+02  3.73000000e-01 2.76280000e+01
 -2.48515597e+03  6.50410000e+02  1.12004000e+02  3.73000000e-01 2.76280000e+01
 -2.48515597e+03  6.50410000e+02  1.12004000e+02  3.73000000e-01 2.76280000e+01
 -2.48515597e+03  6.50410000e+02  1.12004000e+02  3.73000000e-01 2.76280000e+01
 -2.48515597e+03  6.50410000e+02  1.12004000e+02  3.73000000e-01 2.76280000e+01
 -2.48515597e+03  6.50410000e+02  1.12004000e+02  3.73000000e-01 2.76280000e+01
 -2.48515597e+03  6.50410000e+02  1.12004000e+02  3.73000000e-01 2.76280000e+01
 -2.48515597e+03  6.50410000e+02  1.12004000e+02  3.73000000e-01 2.76280000e+01
 -2.48288811e+03  6.52280000e+02  1.12563000e+02  3.57000000e-01 2.83510000e+01
 -2.48288811e+03  6.52280000e+02  1.12563000e+02  3.57000000e-01 2.83510000e+01
 -2.48740447e+03  6.52280000e+02  1.16703000e+02  3.63000000e-01 2.83150000e+01
 -2.48740447e+03  6.52280000e+02  1.16703000e+02  3.63000000e-01 2.83150000e+01
 -2.48740447e+03  6.52280000e+02  1.16703000e+02  3.63000000e-01 2.83150000e+01
 -2.48740447e+03  6.52280000e+02  1.16703000e+02  3.63000000e-01 2.83150000e+01
 -2.48740447e+03  6.52280000e+02  1.16703000e+02  3.63000000e-01 2.83150000e+01
 -2.48740447e+03  6.52280000e+02  1.16703000e+02  3.63000000e-01 2.83150000e+01
 -2.48740447e+03  6.52280000e+02  1.16703000e+02  3.63000000e-01 2.83150000e+01
 -2.48740447e+03  6.52280000e+02  1.16703000e+02  3.63000000e-01 2.83150000e+01
 -2.48740447e+03  6.52280000e+02  1.16703000e+02  3.63000000e-01 2.83150000e+01
 -2.48903922e+03  6.54150000e+02  1.06389000e+02  3.84000000e-01 2.65250000e+01
 -2.48575379e+03  6.53280000e+02  1.06081000e+02  3.85000000e-01 2.79310000e+01
 -2.48575379e+03  6.53280000e+02  1.06081000e+02  3.85000000e-01 2.79310000e+01
 -2.48575379e+03  6.53280000e+02  1.06081000e+02  3.85000000e-01 2.79310000e+01
 -2.48575379e+03  6.53280000e+02  1.06081000e+02  3.85000000e-01 2.79310000e+01
 -2.48512074e+03  6.52410000e+02  1.11759000e+02  3.77000000e-01 2.69220000e+01
 -2.48512074e+03  6.52410000e+02  1.11759000e+02  3.77000000e-01 2.69220000e+01
 -2.48959830e+03  6.53410000e+02  1.15322000e+02  3.61000000e-01 2.55870000e+01
 -2.48959830e+03  6.53410000e+02  1.15322000e+02  3.61000000e-01 2.55870000e+01
 -2.48959830e+03  6.53410000e+02  1.15322000e+02  3.61000000e-01 2.55870000e+01
 -2.49272435e+03  6.52540000e+02  1.09755000e+02  3.55000000e-01 2.71140000e+01
 -2.49272435e+03  6.52540000e+02  1.09755000e+02  3.55000000e-01 2.71140000e+01
 -2.49272435e+03  6.52540000e+02  1.09755000e+02  3.55000000e-01 2.71140000e+01
 -2.49272435e+03  6.52540000e+02  1.09755000e+02  3.55000000e-01 2.71140000e+01
 -2.49272435e+03  6.52540000e+02  1.09755000e+02  3.55000000e-01 2.71140000e+01
 -2.49272435e+03  6.52540000e+02  1.09755000e+02  3.55000000e-01 2.71140000e+01
 -2.49272435e+03  6.52540000e+02  1.09755000e+02  3.55000000e-01 2.71140000e+01
 -2.49272435e+03  6.52540000e+02  1.09755000e+02  3.55000000e-01 2.71140000e+01
 -2.49272435e+03  6.52540000e+02  1.09755000e+02  3.55000000e-01 2.71140000e+01
 -2.49272435e+03  6.52540000e+02  1.09755000e+02  3.55000000e-01 2.71140000e+01
 -2.49272435e+03  6.52540000e+02  1.09755000e+02  3.55000000e-01 2.71140000e+01
 -2.49272435e+03  6.52540000e+02  1.09755000e+02  3.55000000e-01 2.71140000e+01
 -2.49272435e+03  6.52540000e+02  1.09755000e+02  3.55000000e-01 2.71140000e+01
 -2.49272435e+03  6.52540000e+02  1.09755000e+02  3.55000000e-01 2.71140000e+01
 -2.49272435e+03  6.52540000e+02  1.09755000e+02  3.55000000e-01 2.71140000e+01
 -2.49272435e+03  6.52540000e+02  1.09755000e+02  3.55000000e-01 2.71140000e+01
 -2.49272435e+03  6.52540000e+02  1.09755000e+02  3.55000000e-01 2.71140000e+01
 -2.49272435e+03  6.52540000e+02  1.09755000e+02  3.55000000e-01 2.71140000e+01
 -2.49272435e+03  6.52540000e+02  1.09755000e+02  3.55000000e-01 2.71140000e+01
 -2.49272435e+03  6.52540000e+02  1.09755000e+02  3.55000000e-01 2.71140000e+01
 -2.49905826e+03  6.52540000e+02  1.22320000e+02  3.71000000e-01 2.79620000e+01
 -2.49905826e+03  6.52540000e+02  1.22320000e+02  3.71000000e-01 2.79620000e+01
 -2.49905826e+03  6.52540000e+02  1.22320000e+02  3.71000000e-01 2.79620000e+01
 -2.49905826e+03  6.52540000e+02  1.22320000e+02  3.71000000e-01 2.79620000e+01
 -2.49905826e+03  6.52540000e+02  1.22320000e+02  3.71000000e-01 2.79620000e+01
 -2.49905826e+03  6.52540000e+02  1.22320000e+02  3.71000000e-01 2.79620000e+01
 -2.49905826e+03  6.52540000e+02  1.22320000e+02  3.71000000e-01 2.79620000e+01
 -2.49905826e+03  6.52540000e+02  1.22320000e+02  3.71000000e-01 2.79620000e+01
 -2.49905826e+03  6.52540000e+02  1.22320000e+02  3.71000000e-01 2.79620000e+01
 -2.49905826e+03  6.52540000e+02  1.22320000e+02  3.71000000e-01 2.79620000e+01
 -2.49905826e+03  6.52540000e+02  1.22320000e+02  3.71000000e-01 2.79620000e+01
 -2.49905826e+03  6.52540000e+02  1.22320000e+02  3.71000000e-01 2.79620000e+01
 -2.49905826e+03  6.52540000e+02  1.22320000e+02  3.71000000e-01 2.79620000e+01
 -2.49905826e+03  6.52540000e+02  1.22320000e+02  3.71000000e-01 2.79620000e+01
 -2.49905826e+03  6.52540000e+02  1.22320000e+02  3.71000000e-01 2.79620000e+01
 -2.49905826e+03  6.52540000e+02  1.22320000e+02  3.71000000e-01 2.79620000e+01
 -2.49905826e+03  6.52540000e+02  1.22320000e+02  3.71000000e-01 2.79620000e+01
 -2.49905826e+03  6.52540000e+02  1.22320000e+02  3.71000000e-01 2.79620000e+01
 -2.49905826e+03  6.52540000e+02  1.22320000e+02  3.71000000e-01 2.79620000e+01
 -2.49905826e+03  6.52540000e+02  1.22320000e+02  3.71000000e-01 2.79620000e+01
 -2.49905826e+03  6.52540000e+02  1.22320000e+02  3.71000000e-01 2.79620000e+01
 -2.49905826e+03  6.52540000e+02  1.22320000e+02  3.71000000e-01 2.79620000e+01
 -2.49905826e+03  6.52540000e+02  1.22320000e+02  3.71000000e-01 2.79620000e+01
 -2.49905826e+03  6.52540000e+02  1.22320000e+02  3.71000000e-01 2.79620000e+01
 -2.49905826e+03  6.52540000e+02  1.22320000e+02  3.71000000e-01 2.79620000e+01
 -2.49905826e+03  6.52540000e+02  1.22320000e+02  3.71000000e-01 2.79620000e+01
 -2.49905826e+03  6.52540000e+02  1.22320000e+02  3.71000000e-01 2.79620000e+01
 -2.49905826e+03  6.52540000e+02  1.22320000e+02  3.71000000e-01 2.79620000e+01
 -2.49905826e+03  6.52540000e+02  1.22320000e+02  3.71000000e-01 2.79620000e+01
 -2.49905826e+03  6.52540000e+02  1.22320000e+02  3.71000000e-01 2.79620000e+01
 -2.49905826e+03  6.52540000e+02  1.22320000e+02  3.71000000e-01 2.79620000e+01
 -2.49905826e+03  6.52540000e+02  1.22320000e+02  3.71000000e-01 2.79620000e+01
 -2.49905826e+03  6.52540000e+02  1.22320000e+02  3.71000000e-01 2.79620000e+01
 -2.49905826e+03  6.52540000e+02  1.22320000e+02  3.71000000e-01 2.79620000e+01
 -2.49905826e+03  6.52540000e+02  1.22320000e+02  3.71000000e-01 2.79620000e+01
 -2.49905826e+03  6.52540000e+02  1.22320000e+02  3.71000000e-01 2.79620000e+01
 -2.49905826e+03  6.52540000e+02  1.22320000e+02  3.71000000e-01 2.79620000e+01
 -2.49905826e+03  6.52540000e+02  1.22320000e+02  3.71000000e-01 2.79620000e+01
 -2.49905826e+03  6.52540000e+02  1.22320000e+02  3.71000000e-01 2.79620000e+01
 -2.49905826e+03  6.52540000e+02  1.22320000e+02  3.71000000e-01 2.79620000e+01
 -2.49905826e+03  6.52540000e+02  1.22320000e+02  3.71000000e-01 2.79620000e+01
 -2.49905826e+03  6.52540000e+02  1.22320000e+02  3.71000000e-01 2.79620000e+01
 -2.49905826e+03  6.52540000e+02  1.22320000e+02  3.71000000e-01 2.79620000e+01
 -2.49905826e+03  6.52540000e+02  1.22320000e+02  3.71000000e-01 2.79620000e+01
 -2.49905826e+03  6.52540000e+02  1.22320000e+02  3.71000000e-01 2.79620000e+01
 -2.49905826e+03  6.52540000e+02  1.22320000e+02  3.71000000e-01 2.79620000e+01
 -2.49905826e+03  6.52540000e+02  1.22320000e+02  3.71000000e-01 2.79620000e+01
 -2.49905826e+03  6.52540000e+02  1.22320000e+02  3.71000000e-01 2.79620000e+01
 -2.49905826e+03  6.52540000e+02  1.22320000e+02  3.71000000e-01 2.79620000e+01
 -2.49905826e+03  6.52540000e+02  1.22320000e+02  3.71000000e-01 2.79620000e+01
 -2.49905826e+03  6.52540000e+02  1.22320000e+02  3.71000000e-01 2.79620000e+01
 -2.49905826e+03  6.52540000e+02  1.22320000e+02  3.71000000e-01 2.79620000e+01
 -2.49905826e+03  6.52540000e+02  1.22320000e+02  3.71000000e-01 2.79620000e+01
 -2.49905826e+03  6.52540000e+02  1.22320000e+02  3.71000000e-01 2.79620000e+01
 -2.49905826e+03  6.52540000e+02  1.22320000e+02  3.71000000e-01 2.79620000e+01
 -2.49905826e+03  6.52540000e+02  1.22320000e+02  3.71000000e-01 2.79620000e+01
 -2.49905826e+03  6.52540000e+02  1.22320000e+02  3.71000000e-01 2.79620000e+01
 -2.49905826e+03  6.52540000e+02  1.22320000e+02  3.71000000e-01 2.79620000e+01
 -2.49905826e+03  6.52540000e+02  1.22320000e+02  3.71000000e-01 2.79620000e+01
 -2.49905826e+03  6.52540000e+02  1.22320000e+02  3.71000000e-01 2.79620000e+01
 -2.49905826e+03  6.52540000e+02  1.22320000e+02  3.71000000e-01 2.79620000e+01
 -2.49905826e+03  6.52540000e+02  1.22320000e+02  3.71000000e-01 2.79620000e+01
 -2.49905826e+03  6.52540000e+02  1.22320000e+02  3.71000000e-01 2.79620000e+01
 -2.49905826e+03  6.52540000e+02  1.22320000e+02  3.71000000e-01 2.79620000e+01
 -2.49905826e+03  6.52540000e+02  1.22320000e+02  3.71000000e-01 2.79620000e+01
 -2.49905826e+03  6.52540000e+02  1.22320000e+02  3.71000000e-01 2.79620000e+01
 -2.49905826e+03  6.52540000e+02  1.22320000e+02  3.71000000e-01 2.79620000e+01
 -2.50394348e+03  6.54410000e+02  1.07862000e+02  3.71000000e-01 3.01680000e+01
 -2.50394348e+03  6.54410000e+02  1.07862000e+02  3.71000000e-01 3.01680000e+01
 -2.50394348e+03  6.54410000e+02  1.07862000e+02  3.71000000e-01 3.01680000e+01
 -2.50394348e+03  6.54410000e+02  1.07862000e+02  3.71000000e-01 3.01680000e+01
 -2.50394348e+03  6.54410000e+02  1.07862000e+02  3.71000000e-01 3.01680000e+01
 -2.50369766e+03  6.55410000e+02  1.03559000e+02  3.74000000e-01 2.61730000e+01
 -2.50369766e+03  6.55410000e+02  1.03559000e+02  3.74000000e-01 2.61730000e+01
 -2.50369766e+03  6.55410000e+02  1.03559000e+02  3.74000000e-01 2.61730000e+01
 -2.50369766e+03  6.55410000e+02  1.03559000e+02  3.74000000e-01 2.61730000e+01
 -2.50369766e+03  6.55410000e+02  1.03559000e+02  3.74000000e-01 2.61730000e+01
 -2.50369766e+03  6.55410000e+02  1.03559000e+02  3.74000000e-01 2.61730000e+01
 -2.50369766e+03  6.55410000e+02  1.03559000e+02  3.74000000e-01 2.61730000e+01
 -2.50369766e+03  6.55410000e+02  1.03559000e+02  3.74000000e-01 2.61730000e+01
 -2.50369766e+03  6.55410000e+02  1.03559000e+02  3.74000000e-01 2.61730000e+01
 -2.50369766e+03  6.55410000e+02  1.03559000e+02  3.74000000e-01 2.61730000e+01
 -2.50033535e+03  6.55410000e+02  1.13367000e+02  3.77000000e-01 2.58760000e+01
 -2.50033535e+03  6.55410000e+02  1.13367000e+02  3.77000000e-01 2.58760000e+01
 -2.50033535e+03  6.55410000e+02  1.13367000e+02  3.77000000e-01 2.58760000e+01
 -2.50033535e+03  6.55410000e+02  1.13367000e+02  3.77000000e-01 2.58760000e+01
 -2.50033535e+03  6.55410000e+02  1.13367000e+02  3.77000000e-01 2.58760000e+01
 -2.50032732e+03  6.57280000e+02  1.09445000e+02  3.63000000e-01 2.55230000e+01
 -2.50032732e+03  6.57280000e+02  1.09445000e+02  3.63000000e-01 2.55230000e+01
 -2.49826964e+03  6.57280000e+02  1.18497000e+02  3.58000000e-01 2.63530000e+01
 -2.49841558e+03  6.57280000e+02  1.13128000e+02  3.62000000e-01 2.62810000e+01
 -2.49841558e+03  6.57280000e+02  1.13128000e+02  3.62000000e-01 2.62810000e+01
 -2.50436359e+03  6.59150000e+02  1.09709000e+02  3.67000000e-01 2.64700000e+01
 -2.50383148e+03  6.58280000e+02  1.18474000e+02  3.75000000e-01 2.69080000e+01
 -2.50383148e+03  6.58280000e+02  1.18474000e+02  3.75000000e-01 2.69080000e+01
 -2.50383148e+03  6.58280000e+02  1.18474000e+02  3.75000000e-01 2.69080000e+01
 -2.50383148e+03  6.58280000e+02  1.18474000e+02  3.75000000e-01 2.69080000e+01
 -2.50639788e+03  6.57280000e+02  1.05774000e+02  3.68000000e-01 2.56120000e+01
 -2.50639788e+03  6.57280000e+02  1.05774000e+02  3.68000000e-01 2.56120000e+01
 -2.50639788e+03  6.57280000e+02  1.05774000e+02  3.68000000e-01 2.56120000e+01
 -2.50639788e+03  6.57280000e+02  1.05774000e+02  3.68000000e-01 2.56120000e+01
 -2.50070520e+03  6.57280000e+02  1.07874000e+02  3.64000000e-01 2.61460000e+01
 -2.49958854e+03  6.56280000e+02  1.16909000e+02  3.61000000e-01 2.79150000e+01
 -2.49958854e+03  6.56280000e+02  1.16909000e+02  3.61000000e-01 2.79150000e+01
 -2.50820195e+03  6.56280000e+02  1.25342000e+02  3.72000000e-01 2.68110000e+01
 -2.50820195e+03  6.56280000e+02  1.25342000e+02  3.72000000e-01 2.68110000e+01
 -2.50820195e+03  6.56280000e+02  1.25342000e+02  3.72000000e-01 2.68110000e+01
 -2.50820195e+03  6.56280000e+02  1.25342000e+02  3.72000000e-01 2.68110000e+01
 -2.50820195e+03  6.56280000e+02  1.25342000e+02  3.72000000e-01 2.68110000e+01
 -2.50820195e+03  6.56280000e+02  1.25342000e+02  3.72000000e-01 2.68110000e+01
 -2.50820195e+03  6.56280000e+02  1.25342000e+02  3.72000000e-01 2.68110000e+01
 -2.50820195e+03  6.56280000e+02  1.25342000e+02  3.72000000e-01 2.68110000e+01
 -2.50820195e+03  6.56280000e+02  1.25342000e+02  3.72000000e-01 2.68110000e+01
 -2.50820195e+03  6.56280000e+02  1.25342000e+02  3.72000000e-01 2.68110000e+01
 -2.50840581e+03  6.57280000e+02  1.08629000e+02  3.62000000e-01 2.85730000e+01
 -2.50840581e+03  6.57280000e+02  1.08629000e+02  3.62000000e-01 2.85730000e+01
 -2.51433122e+03  6.59150000e+02  1.15271000e+02  3.57000000e-01 2.77760000e+01
 -2.52082941e+03  6.59150000e+02  1.10557000e+02  3.61000000e-01 2.73380000e+01
 -2.52388150e+03  6.58280000e+02  1.17572000e+02  3.51000000e-01 2.65370000e+01
 -2.52388150e+03  6.58280000e+02  1.17572000e+02  3.51000000e-01 2.65370000e+01
 -2.52388150e+03  6.58280000e+02  1.17572000e+02  3.51000000e-01 2.65370000e+01
 -2.52388150e+03  6.58280000e+02  1.17572000e+02  3.51000000e-01 2.65370000e+01
 -2.52388150e+03  6.58280000e+02  1.17572000e+02  3.51000000e-01 2.65370000e+01
 -2.52388150e+03  6.58280000e+02  1.17572000e+02  3.51000000e-01 2.65370000e+01
 -2.52388150e+03  6.58280000e+02  1.17572000e+02  3.51000000e-01 2.65370000e+01
 -2.52388150e+03  6.58280000e+02  1.17572000e+02  3.51000000e-01 2.65370000e+01
 -2.52388150e+03  6.58280000e+02  1.17572000e+02  3.51000000e-01 2.65370000e+01
 -2.52388150e+03  6.58280000e+02  1.17572000e+02  3.51000000e-01 2.65370000e+01
 -2.52388150e+03  6.58280000e+02  1.17572000e+02  3.51000000e-01 2.65370000e+01
 -2.52388150e+03  6.58280000e+02  1.17572000e+02  3.51000000e-01 2.65370000e+01
 -2.52388150e+03  6.58280000e+02  1.17572000e+02  3.51000000e-01 2.65370000e+01
 -2.52388150e+03  6.58280000e+02  1.17572000e+02  3.51000000e-01 2.65370000e+01
 -2.52388150e+03  6.58280000e+02  1.17572000e+02  3.51000000e-01 2.65370000e+01
 -2.52388150e+03  6.58280000e+02  1.17572000e+02  3.51000000e-01 2.65370000e+01
 -2.52388150e+03  6.58280000e+02  1.17572000e+02  3.51000000e-01 2.65370000e+01
 -2.52388150e+03  6.58280000e+02  1.17572000e+02  3.51000000e-01 2.65370000e+01
 -2.52388150e+03  6.58280000e+02  1.17572000e+02  3.51000000e-01 2.65370000e+01
 -2.52388150e+03  6.58280000e+02  1.17572000e+02  3.51000000e-01 2.65370000e+01
 -2.52388150e+03  6.58280000e+02  1.17572000e+02  3.51000000e-01 2.65370000e+01
 -2.52388150e+03  6.58280000e+02  1.17572000e+02  3.51000000e-01 2.65370000e+01
 -2.52388150e+03  6.58280000e+02  1.17572000e+02  3.51000000e-01 2.65370000e+01
 -2.52388150e+03  6.58280000e+02  1.17572000e+02  3.51000000e-01 2.65370000e+01
 -2.52388150e+03  6.58280000e+02  1.17572000e+02  3.51000000e-01 2.65370000e+01
 -2.52388150e+03  6.58280000e+02  1.17572000e+02  3.51000000e-01 2.65370000e+01
 -2.52388150e+03  6.58280000e+02  1.17572000e+02  3.51000000e-01 2.65370000e+01
 -2.52388150e+03  6.58280000e+02  1.17572000e+02  3.51000000e-01 2.65370000e+01
 -2.52388150e+03  6.58280000e+02  1.17572000e+02  3.51000000e-01 2.65370000e+01
 -2.52388150e+03  6.58280000e+02  1.17572000e+02  3.51000000e-01 2.65370000e+01
 -2.52388150e+03  6.58280000e+02  1.17572000e+02  3.51000000e-01 2.65370000e+01
 -2.52388150e+03  6.58280000e+02  1.17572000e+02  3.51000000e-01 2.65370000e+01
 -2.52388150e+03  6.58280000e+02  1.17572000e+02  3.51000000e-01 2.65370000e+01
 -2.52388150e+03  6.58280000e+02  1.17572000e+02  3.51000000e-01 2.65370000e+01
 -2.52388150e+03  6.58280000e+02  1.17572000e+02  3.51000000e-01 2.65370000e+01
 -2.52388150e+03  6.58280000e+02  1.17572000e+02  3.51000000e-01 2.65370000e+01
 -2.52388150e+03  6.58280000e+02  1.17572000e+02  3.51000000e-01 2.65370000e+01
 -2.52388150e+03  6.58280000e+02  1.17572000e+02  3.51000000e-01 2.65370000e+01
 -2.52388150e+03  6.58280000e+02  1.17572000e+02  3.51000000e-01 2.65370000e+01
 -2.52388150e+03  6.58280000e+02  1.17572000e+02  3.51000000e-01 2.65370000e+01
 -2.52388150e+03  6.58280000e+02  1.17572000e+02  3.51000000e-01 2.65370000e+01
 -2.52388150e+03  6.58280000e+02  1.17572000e+02  3.51000000e-01 2.65370000e+01
 -2.52388150e+03  6.58280000e+02  1.17572000e+02  3.51000000e-01 2.65370000e+01
 -2.52388150e+03  6.58280000e+02  1.17572000e+02  3.51000000e-01 2.65370000e+01
 -2.52388150e+03  6.58280000e+02  1.17572000e+02  3.51000000e-01 2.65370000e+01
 -2.52388150e+03  6.58280000e+02  1.17572000e+02  3.51000000e-01 2.65370000e+01
 -2.52388150e+03  6.58280000e+02  1.17572000e+02  3.51000000e-01 2.65370000e+01
 -2.52388150e+03  6.58280000e+02  1.17572000e+02  3.51000000e-01 2.65370000e+01
 -2.52388150e+03  6.58280000e+02  1.17572000e+02  3.51000000e-01 2.65370000e+01
 -2.52388150e+03  6.58280000e+02  1.17572000e+02  3.51000000e-01 2.65370000e+01
 -2.52388150e+03  6.58280000e+02  1.17572000e+02  3.51000000e-01 2.65370000e+01
 -2.52388150e+03  6.58280000e+02  1.17572000e+02  3.51000000e-01 2.65370000e+01
 -2.52388150e+03  6.58280000e+02  1.17572000e+02  3.51000000e-01 2.65370000e+01
 -2.52388150e+03  6.58280000e+02  1.17572000e+02  3.51000000e-01 2.65370000e+01
 -2.52388150e+03  6.58280000e+02  1.17572000e+02  3.51000000e-01 2.65370000e+01
 -2.52388150e+03  6.58280000e+02  1.17572000e+02  3.51000000e-01 2.65370000e+01
 -2.52388150e+03  6.58280000e+02  1.17572000e+02  3.51000000e-01 2.65370000e+01
 -2.52388150e+03  6.58280000e+02  1.17572000e+02  3.51000000e-01 2.65370000e+01
 -2.52388150e+03  6.58280000e+02  1.17572000e+02  3.51000000e-01 2.65370000e+01
 -2.52388150e+03  6.58280000e+02  1.17572000e+02  3.51000000e-01 2.65370000e+01
 -2.52388150e+03  6.58280000e+02  1.17572000e+02  3.51000000e-01 2.65370000e+01
 -2.52388150e+03  6.58280000e+02  1.17572000e+02  3.51000000e-01 2.65370000e+01
 -2.52388150e+03  6.58280000e+02  1.17572000e+02  3.51000000e-01 2.65370000e+01
 -2.52388150e+03  6.58280000e+02  1.17572000e+02  3.51000000e-01 2.65370000e+01
 -2.52388150e+03  6.58280000e+02  1.17572000e+02  3.51000000e-01 2.65370000e+01
 -2.52388150e+03  6.58280000e+02  1.17572000e+02  3.51000000e-01 2.65370000e+01
 -2.52388150e+03  6.58280000e+02  1.17572000e+02  3.51000000e-01 2.65370000e+01
 -2.52388150e+03  6.58280000e+02  1.17572000e+02  3.51000000e-01 2.65370000e+01
 -2.52388150e+03  6.58280000e+02  1.17572000e+02  3.51000000e-01 2.65370000e+01
 -2.52388150e+03  6.58280000e+02  1.17572000e+02  3.51000000e-01 2.65370000e+01
 -2.52388150e+03  6.58280000e+02  1.17572000e+02  3.51000000e-01 2.65370000e+01
 -2.52388150e+03  6.58280000e+02  1.17572000e+02  3.51000000e-01 2.65370000e+01
 -2.52388150e+03  6.58280000e+02  1.17572000e+02  3.51000000e-01 2.65370000e+01
 -2.52388150e+03  6.58280000e+02  1.17572000e+02  3.51000000e-01 2.65370000e+01
 -2.52388150e+03  6.58280000e+02  1.17572000e+02  3.51000000e-01 2.65370000e+01
 -2.52388150e+03  6.58280000e+02  1.17572000e+02  3.51000000e-01 2.65370000e+01
 -2.52388150e+03  6.58280000e+02  1.17572000e+02  3.51000000e-01 2.65370000e+01
 -2.52388150e+03  6.58280000e+02  1.17572000e+02  3.51000000e-01 2.65370000e+01
 -2.52388150e+03  6.58280000e+02  1.17572000e+02  3.51000000e-01 2.65370000e+01
 -2.52388150e+03  6.58280000e+02  1.17572000e+02  3.51000000e-01 2.65370000e+01
 -2.52388150e+03  6.58280000e+02  1.17572000e+02  3.51000000e-01 2.65370000e+01
 -2.52388150e+03  6.58280000e+02  1.17572000e+02  3.51000000e-01 2.65370000e+01
 -2.52388150e+03  6.58280000e+02  1.17572000e+02  3.51000000e-01 2.65370000e+01
 -2.52388150e+03  6.58280000e+02  1.17572000e+02  3.51000000e-01 2.65370000e+01
 -2.52388150e+03  6.58280000e+02  1.17572000e+02  3.51000000e-01 2.65370000e+01
 -2.52388150e+03  6.58280000e+02  1.17572000e+02  3.51000000e-01 2.65370000e+01
 -2.52388150e+03  6.58280000e+02  1.17572000e+02  3.51000000e-01 2.65370000e+01
 -2.52388150e+03  6.58280000e+02  1.17572000e+02  3.51000000e-01 2.65370000e+01
 -2.52388150e+03  6.58280000e+02  1.17572000e+02  3.51000000e-01 2.65370000e+01
 -2.52388150e+03  6.58280000e+02  1.17572000e+02  3.51000000e-01 2.65370000e+01
 -2.52388150e+03  6.58280000e+02  1.17572000e+02  3.51000000e-01 2.65370000e+01
 -2.52388150e+03  6.58280000e+02  1.17572000e+02  3.51000000e-01 2.65370000e+01
 -2.52388150e+03  6.58280000e+02  1.17572000e+02  3.51000000e-01 2.65370000e+01
 -2.52388150e+03  6.58280000e+02  1.17572000e+02  3.51000000e-01 2.65370000e+01
 -2.52388150e+03  6.58280000e+02  1.17572000e+02  3.51000000e-01 2.65370000e+01
 -2.52388150e+03  6.58280000e+02  1.17572000e+02  3.51000000e-01 2.65370000e+01
 -2.52388150e+03  6.58280000e+02  1.17572000e+02  3.51000000e-01 2.65370000e+01
 -2.52388150e+03  6.58280000e+02  1.17572000e+02  3.51000000e-01 2.65370000e+01
 -2.52388150e+03  6.58280000e+02  1.17572000e+02  3.51000000e-01 2.65370000e+01
 -2.52388150e+03  6.58280000e+02  1.17572000e+02  3.51000000e-01 2.65370000e+01
 -2.52388150e+03  6.58280000e+02  1.17572000e+02  3.51000000e-01 2.65370000e+01
 -2.52388150e+03  6.58280000e+02  1.17572000e+02  3.51000000e-01 2.65370000e+01
 -2.52388150e+03  6.58280000e+02  1.17572000e+02  3.51000000e-01 2.65370000e+01
 -2.52388150e+03  6.58280000e+02  1.17572000e+02  3.51000000e-01 2.65370000e+01
 -2.52388150e+03  6.58280000e+02  1.17572000e+02  3.51000000e-01 2.65370000e+01
 -2.52388150e+03  6.58280000e+02  1.17572000e+02  3.51000000e-01 2.65370000e+01
 -2.52388150e+03  6.58280000e+02  1.17572000e+02  3.51000000e-01 2.65370000e+01
 -2.52388150e+03  6.58280000e+02  1.17572000e+02  3.51000000e-01 2.65370000e+01
 -2.52388150e+03  6.58280000e+02  1.17572000e+02  3.51000000e-01 2.65370000e+01
 -2.52388150e+03  6.58280000e+02  1.17572000e+02  3.51000000e-01 2.65370000e+01
 -2.52388150e+03  6.58280000e+02  1.17572000e+02  3.51000000e-01 2.65370000e+01
 -2.52388150e+03  6.58280000e+02  1.17572000e+02  3.51000000e-01 2.65370000e+01
 -2.52388150e+03  6.58280000e+02  1.17572000e+02  3.51000000e-01 2.65370000e+01
 -2.52388150e+03  6.58280000e+02  1.17572000e+02  3.51000000e-01 2.65370000e+01
 -2.52388150e+03  6.58280000e+02  1.17572000e+02  3.51000000e-01 2.65370000e+01
 -2.52388150e+03  6.58280000e+02  1.17572000e+02  3.51000000e-01 2.65370000e+01
 -2.52388150e+03  6.58280000e+02  1.17572000e+02  3.51000000e-01 2.65370000e+01
 -2.52388150e+03  6.58280000e+02  1.17572000e+02  3.51000000e-01 2.65370000e+01
 -2.52388150e+03  6.58280000e+02  1.17572000e+02  3.51000000e-01 2.65370000e+01
 -2.52388150e+03  6.58280000e+02  1.17572000e+02  3.51000000e-01 2.65370000e+01
 -2.52388150e+03  6.58280000e+02  1.17572000e+02  3.51000000e-01 2.65370000e+01
 -2.52388150e+03  6.58280000e+02  1.17572000e+02  3.51000000e-01 2.65370000e+01
 -2.52388150e+03  6.58280000e+02  1.17572000e+02  3.51000000e-01 2.65370000e+01
 -2.52388150e+03  6.58280000e+02  1.17572000e+02  3.51000000e-01 2.65370000e+01
 -2.52388150e+03  6.58280000e+02  1.17572000e+02  3.51000000e-01 2.65370000e+01
 -2.52388150e+03  6.58280000e+02  1.17572000e+02  3.51000000e-01 2.65370000e+01
 -2.52388150e+03  6.58280000e+02  1.17572000e+02  3.51000000e-01 2.65370000e+01
 -2.52388150e+03  6.58280000e+02  1.17572000e+02  3.51000000e-01 2.65370000e+01
 -2.52388150e+03  6.58280000e+02  1.17572000e+02  3.51000000e-01 2.65370000e+01
 -2.52388150e+03  6.58280000e+02  1.17572000e+02  3.51000000e-01 2.65370000e+01
 -2.52388150e+03  6.58280000e+02  1.17572000e+02  3.51000000e-01 2.65370000e+01
 -2.52388150e+03  6.58280000e+02  1.17572000e+02  3.51000000e-01 2.65370000e+01
 -2.52388150e+03  6.58280000e+02  1.17572000e+02  3.51000000e-01 2.65370000e+01
 -2.52388150e+03  6.58280000e+02  1.17572000e+02  3.51000000e-01 2.65370000e+01
 -2.52388150e+03  6.58280000e+02  1.17572000e+02  3.51000000e-01 2.65370000e+01
 -2.52388150e+03  6.58280000e+02  1.17572000e+02  3.51000000e-01 2.65370000e+01
 -2.52388150e+03  6.58280000e+02  1.17572000e+02  3.51000000e-01 2.65370000e+01
 -2.52388150e+03  6.58280000e+02  1.17572000e+02  3.51000000e-01 2.65370000e+01
 -2.52388150e+03  6.58280000e+02  1.17572000e+02  3.51000000e-01 2.65370000e+01
 -2.52388150e+03  6.58280000e+02  1.17572000e+02  3.51000000e-01 2.65370000e+01
 -2.52388150e+03  6.58280000e+02  1.17572000e+02  3.51000000e-01 2.65370000e+01
 -2.52388150e+03  6.58280000e+02  1.17572000e+02  3.51000000e-01 2.65370000e+01
 -2.52388150e+03  6.58280000e+02  1.17572000e+02  3.51000000e-01 2.65370000e+01
 -2.52388150e+03  6.58280000e+02  1.17572000e+02  3.51000000e-01 2.65370000e+01
 -2.52388150e+03  6.58280000e+02  1.17572000e+02  3.51000000e-01 2.65370000e+01
 -2.52388150e+03  6.58280000e+02  1.17572000e+02  3.51000000e-01 2.65370000e+01
 -2.52388150e+03  6.58280000e+02  1.17572000e+02  3.51000000e-01 2.65370000e+01
 -2.52388150e+03  6.58280000e+02  1.17572000e+02  3.51000000e-01 2.65370000e+01
 -2.52388150e+03  6.58280000e+02  1.17572000e+02  3.51000000e-01 2.65370000e+01
 -2.52388150e+03  6.58280000e+02  1.17572000e+02  3.51000000e-01 2.65370000e+01
 -2.52388150e+03  6.58280000e+02  1.17572000e+02  3.51000000e-01 2.65370000e+01
 -2.52388150e+03  6.58280000e+02  1.17572000e+02  3.51000000e-01 2.65370000e+01
 -2.52388150e+03  6.58280000e+02  1.17572000e+02  3.51000000e-01 2.65370000e+01
 -2.52388150e+03  6.58280000e+02  1.17572000e+02  3.51000000e-01 2.65370000e+01
 -2.52388150e+03  6.58280000e+02  1.17572000e+02  3.51000000e-01 2.65370000e+01
 -2.52388150e+03  6.58280000e+02  1.17572000e+02  3.51000000e-01 2.65370000e+01
 -2.52388150e+03  6.58280000e+02  1.17572000e+02  3.51000000e-01 2.65370000e+01
 -2.52388150e+03  6.58280000e+02  1.17572000e+02  3.51000000e-01 2.65370000e+01
 -2.52388150e+03  6.58280000e+02  1.17572000e+02  3.51000000e-01 2.65370000e+01
 -2.52388150e+03  6.58280000e+02  1.17572000e+02  3.51000000e-01 2.65370000e+01
 -2.52388150e+03  6.58280000e+02  1.17572000e+02  3.51000000e-01 2.65370000e+01
 -2.52388150e+03  6.58280000e+02  1.17572000e+02  3.51000000e-01 2.65370000e+01
 -2.52388150e+03  6.58280000e+02  1.17572000e+02  3.51000000e-01 2.65370000e+01
 -2.52388150e+03  6.58280000e+02  1.17572000e+02  3.51000000e-01 2.65370000e+01
 -2.52388150e+03  6.58280000e+02  1.17572000e+02  3.51000000e-01 2.65370000e+01
 -2.52388150e+03  6.58280000e+02  1.17572000e+02  3.51000000e-01 2.65370000e+01
 -2.52388150e+03  6.58280000e+02  1.17572000e+02  3.51000000e-01 2.65370000e+01
 -2.52388150e+03  6.58280000e+02  1.17572000e+02  3.51000000e-01 2.65370000e+01
 -2.52388150e+03  6.58280000e+02  1.17572000e+02  3.51000000e-01 2.65370000e+01
 -2.52388150e+03  6.58280000e+02  1.17572000e+02  3.51000000e-01 2.65370000e+01
 -2.52388150e+03  6.58280000e+02  1.17572000e+02  3.51000000e-01 2.65370000e+01
 -2.52388150e+03  6.58280000e+02  1.17572000e+02  3.51000000e-01 2.65370000e+01
 -2.52388150e+03  6.58280000e+02  1.17572000e+02  3.51000000e-01 2.65370000e+01
 -2.52388150e+03  6.58280000e+02  1.17572000e+02  3.51000000e-01 2.65370000e+01
 -2.52388150e+03  6.58280000e+02  1.17572000e+02  3.51000000e-01 2.65370000e+01
 -2.52388150e+03  6.58280000e+02  1.17572000e+02  3.51000000e-01 2.65370000e+01
 -2.52388150e+03  6.58280000e+02  1.17572000e+02  3.51000000e-01 2.65370000e+01
 -2.52388150e+03  6.58280000e+02  1.17572000e+02  3.51000000e-01 2.65370000e+01
 -2.52388150e+03  6.58280000e+02  1.17572000e+02  3.51000000e-01 2.65370000e+01
 -2.52388150e+03  6.58280000e+02  1.17572000e+02  3.51000000e-01 2.65370000e+01
 -2.52388150e+03  6.58280000e+02  1.17572000e+02  3.51000000e-01 2.65370000e+01
 -2.52388150e+03  6.58280000e+02  1.17572000e+02  3.51000000e-01 2.65370000e+01
 -2.52388150e+03  6.58280000e+02  1.17572000e+02  3.51000000e-01 2.65370000e+01
 -2.52388150e+03  6.58280000e+02  1.17572000e+02  3.51000000e-01 2.65370000e+01
 -2.52388150e+03  6.58280000e+02  1.17572000e+02  3.51000000e-01 2.65370000e+01
 -2.52388150e+03  6.58280000e+02  1.17572000e+02  3.51000000e-01 2.65370000e+01
 -2.52388150e+03  6.58280000e+02  1.17572000e+02  3.51000000e-01 2.65370000e+01
 -2.52388150e+03  6.58280000e+02  1.17572000e+02  3.51000000e-01 2.65370000e+01
 -2.52388150e+03  6.58280000e+02  1.17572000e+02  3.51000000e-01 2.65370000e+01
 -2.52388150e+03  6.58280000e+02  1.17572000e+02  3.51000000e-01 2.65370000e+01
 -2.52388150e+03  6.58280000e+02  1.17572000e+02  3.51000000e-01 2.65370000e+01
 -2.52388150e+03  6.58280000e+02  1.17572000e+02  3.51000000e-01 2.65370000e+01
 -2.52388150e+03  6.58280000e+02  1.17572000e+02  3.51000000e-01 2.65370000e+01
 -2.52388150e+03  6.58280000e+02  1.17572000e+02  3.51000000e-01 2.65370000e+01
 -2.52388150e+03  6.58280000e+02  1.17572000e+02  3.51000000e-01 2.65370000e+01
 -2.52388150e+03  6.58280000e+02  1.17572000e+02  3.51000000e-01 2.65370000e+01
 -2.52388150e+03  6.58280000e+02  1.17572000e+02  3.51000000e-01 2.65370000e+01
 -2.52388150e+03  6.58280000e+02  1.17572000e+02  3.51000000e-01 2.65370000e+01
 -2.52388150e+03  6.58280000e+02  1.17572000e+02  3.51000000e-01 2.65370000e+01
 -2.52388150e+03  6.58280000e+02  1.17572000e+02  3.51000000e-01 2.65370000e+01
 -2.52388150e+03  6.58280000e+02  1.17572000e+02  3.51000000e-01 2.65370000e+01
 -2.52388150e+03  6.58280000e+02  1.17572000e+02  3.51000000e-01 2.65370000e+01
 -2.52388150e+03  6.58280000e+02  1.17572000e+02  3.51000000e-01 2.65370000e+01
 -2.52388150e+03  6.58280000e+02  1.17572000e+02  3.51000000e-01 2.65370000e+01
 -2.52388150e+03  6.58280000e+02  1.17572000e+02  3.51000000e-01 2.65370000e+01
 -2.52388150e+03  6.58280000e+02  1.17572000e+02  3.51000000e-01 2.65370000e+01
 -2.52388150e+03  6.58280000e+02  1.17572000e+02  3.51000000e-01 2.65370000e+01
 -2.52388150e+03  6.58280000e+02  1.17572000e+02  3.51000000e-01 2.65370000e+01
 -2.52388150e+03  6.58280000e+02  1.17572000e+02  3.51000000e-01 2.65370000e+01
 -2.52388150e+03  6.58280000e+02  1.17572000e+02  3.51000000e-01 2.65370000e+01
 -2.52388150e+03  6.58280000e+02  1.17572000e+02  3.51000000e-01 2.65370000e+01
 -2.52388150e+03  6.58280000e+02  1.17572000e+02  3.51000000e-01 2.65370000e+01
 -2.52388150e+03  6.58280000e+02  1.17572000e+02  3.51000000e-01 2.65370000e+01
 -2.52388150e+03  6.58280000e+02  1.17572000e+02  3.51000000e-01 2.65370000e+01
 -2.52388150e+03  6.58280000e+02  1.17572000e+02  3.51000000e-01 2.65370000e+01
 -2.52388150e+03  6.58280000e+02  1.17572000e+02  3.51000000e-01 2.65370000e+01
 -2.52388150e+03  6.58280000e+02  1.17572000e+02  3.51000000e-01 2.65370000e+01
 -2.52388150e+03  6.58280000e+02  1.17572000e+02  3.51000000e-01 2.65370000e+01
 -2.52388150e+03  6.58280000e+02  1.17572000e+02  3.51000000e-01 2.65370000e+01
 -2.52388150e+03  6.58280000e+02  1.17572000e+02  3.51000000e-01 2.65370000e+01
 -2.52388150e+03  6.58280000e+02  1.17572000e+02  3.51000000e-01 2.65370000e+01
 -2.52388150e+03  6.58280000e+02  1.17572000e+02  3.51000000e-01 2.65370000e+01
 -2.52388150e+03  6.58280000e+02  1.17572000e+02  3.51000000e-01 2.65370000e+01
 -2.52388150e+03  6.58280000e+02  1.17572000e+02  3.51000000e-01 2.65370000e+01
 -2.52388150e+03  6.58280000e+02  1.17572000e+02  3.51000000e-01 2.65370000e+01
 -2.52388150e+03  6.58280000e+02  1.17572000e+02  3.51000000e-01 2.65370000e+01
 -2.52388150e+03  6.58280000e+02  1.17572000e+02  3.51000000e-01 2.65370000e+01
 -2.52388150e+03  6.58280000e+02  1.17572000e+02  3.51000000e-01 2.65370000e+01
 -2.52388150e+03  6.58280000e+02  1.17572000e+02  3.51000000e-01 2.65370000e+01
 -2.52388150e+03  6.58280000e+02  1.17572000e+02  3.51000000e-01 2.65370000e+01
 -2.52388150e+03  6.58280000e+02  1.17572000e+02  3.51000000e-01 2.65370000e+01
 -2.52388150e+03  6.58280000e+02  1.17572000e+02  3.51000000e-01 2.65370000e+01
 -2.52388150e+03  6.58280000e+02  1.17572000e+02  3.51000000e-01 2.65370000e+01
 -2.52388150e+03  6.58280000e+02  1.17572000e+02  3.51000000e-01 2.65370000e+01
 -2.52388150e+03  6.58280000e+02  1.17572000e+02  3.51000000e-01 2.65370000e+01
 -2.52388150e+03  6.58280000e+02  1.17572000e+02  3.51000000e-01 2.65370000e+01
 -2.52388150e+03  6.58280000e+02  1.17572000e+02  3.51000000e-01 2.65370000e+01
 -2.52388150e+03  6.58280000e+02  1.17572000e+02  3.51000000e-01 2.65370000e+01
 -2.52388150e+03  6.58280000e+02  1.17572000e+02  3.51000000e-01 2.65370000e+01
 -2.52388150e+03  6.58280000e+02  1.17572000e+02  3.51000000e-01 2.65370000e+01
 -2.52388150e+03  6.58280000e+02  1.17572000e+02  3.51000000e-01 2.65370000e+01
 -2.52388150e+03  6.58280000e+02  1.17572000e+02  3.51000000e-01 2.65370000e+01
 -2.52388150e+03  6.58280000e+02  1.17572000e+02  3.51000000e-01 2.65370000e+01
 -2.52388150e+03  6.58280000e+02  1.17572000e+02  3.51000000e-01 2.65370000e+01
 -2.52388150e+03  6.58280000e+02  1.17572000e+02  3.51000000e-01 2.65370000e+01
 -2.52388150e+03  6.58280000e+02  1.17572000e+02  3.51000000e-01 2.65370000e+01
 -2.52388150e+03  6.58280000e+02  1.17572000e+02  3.51000000e-01 2.65370000e+01
 -2.52388150e+03  6.58280000e+02  1.17572000e+02  3.51000000e-01 2.65370000e+01
 -2.52388150e+03  6.58280000e+02  1.17572000e+02  3.51000000e-01 2.65370000e+01
 -2.52388150e+03  6.58280000e+02  1.17572000e+02  3.51000000e-01 2.65370000e+01
 -2.52388150e+03  6.58280000e+02  1.17572000e+02  3.51000000e-01 2.65370000e+01
 -2.52388150e+03  6.58280000e+02  1.17572000e+02  3.51000000e-01 2.65370000e+01
 -2.52388150e+03  6.58280000e+02  1.17572000e+02  3.51000000e-01 2.65370000e+01
 -2.52388150e+03  6.58280000e+02  1.17572000e+02  3.51000000e-01 2.65370000e+01
 -2.52388150e+03  6.58280000e+02  1.17572000e+02  3.51000000e-01 2.65370000e+01
 -2.52388150e+03  6.58280000e+02  1.17572000e+02  3.51000000e-01 2.65370000e+01
 -2.52388150e+03  6.58280000e+02  1.17572000e+02  3.51000000e-01 2.65370000e+01
 -2.52388150e+03  6.58280000e+02  1.17572000e+02  3.51000000e-01 2.65370000e+01
 -2.52388150e+03  6.58280000e+02  1.17572000e+02  3.51000000e-01 2.65370000e+01
 -2.52388150e+03  6.58280000e+02  1.17572000e+02  3.51000000e-01 2.65370000e+01
 -2.52388150e+03  6.58280000e+02  1.17572000e+02  3.51000000e-01 2.65370000e+01
 -2.52388150e+03  6.58280000e+02  1.17572000e+02  3.51000000e-01 2.65370000e+01
 -2.52388150e+03  6.58280000e+02  1.17572000e+02  3.51000000e-01 2.65370000e+01
 -2.52388150e+03  6.58280000e+02  1.17572000e+02  3.51000000e-01 2.65370000e+01
 -2.52388150e+03  6.58280000e+02  1.17572000e+02  3.51000000e-01 2.65370000e+01
 -2.52388150e+03  6.58280000e+02  1.17572000e+02  3.51000000e-01 2.65370000e+01
 -2.52388150e+03  6.58280000e+02  1.17572000e+02  3.51000000e-01 2.65370000e+01
 -2.52388150e+03  6.58280000e+02  1.17572000e+02  3.51000000e-01 2.65370000e+01
 -2.52388150e+03  6.58280000e+02  1.17572000e+02  3.51000000e-01 2.65370000e+01
 -2.52388150e+03  6.58280000e+02  1.17572000e+02  3.51000000e-01 2.65370000e+01
 -2.52388150e+03  6.58280000e+02  1.17572000e+02  3.51000000e-01 2.65370000e+01
 -2.52388150e+03  6.58280000e+02  1.17572000e+02  3.51000000e-01 2.65370000e+01
 -2.52388150e+03  6.58280000e+02  1.17572000e+02  3.51000000e-01 2.65370000e+01
 -2.52388150e+03  6.58280000e+02  1.17572000e+02  3.51000000e-01 2.65370000e+01
 -2.52388150e+03  6.58280000e+02  1.17572000e+02  3.51000000e-01 2.65370000e+01
 -2.52388150e+03  6.58280000e+02  1.17572000e+02  3.51000000e-01 2.65370000e+01
 -2.52388150e+03  6.58280000e+02  1.17572000e+02  3.51000000e-01 2.65370000e+01
 -2.52388150e+03  6.58280000e+02  1.17572000e+02  3.51000000e-01 2.65370000e+01
 -2.52388150e+03  6.58280000e+02  1.17572000e+02  3.51000000e-01 2.65370000e+01
 -2.52388150e+03  6.58280000e+02  1.17572000e+02  3.51000000e-01 2.65370000e+01
 -2.52388150e+03  6.58280000e+02  1.17572000e+02  3.51000000e-01 2.65370000e+01
 -2.52388150e+03  6.58280000e+02  1.17572000e+02  3.51000000e-01 2.65370000e+01
 -2.52388150e+03  6.58280000e+02  1.17572000e+02  3.51000000e-01 2.65370000e+01
 -2.52388150e+03  6.58280000e+02  1.17572000e+02  3.51000000e-01 2.65370000e+01
 -2.52388150e+03  6.58280000e+02  1.17572000e+02  3.51000000e-01 2.65370000e+01
 -2.52388150e+03  6.58280000e+02  1.17572000e+02  3.51000000e-01 2.65370000e+01
 -2.52388150e+03  6.58280000e+02  1.17572000e+02  3.51000000e-01 2.65370000e+01
 -2.52388150e+03  6.58280000e+02  1.17572000e+02  3.51000000e-01 2.65370000e+01
 -2.52388150e+03  6.58280000e+02  1.17572000e+02  3.51000000e-01 2.65370000e+01
 -2.52388150e+03  6.58280000e+02  1.17572000e+02  3.51000000e-01 2.65370000e+01
 -2.52388150e+03  6.58280000e+02  1.17572000e+02  3.51000000e-01 2.65370000e+01
 -2.52388150e+03  6.58280000e+02  1.17572000e+02  3.51000000e-01 2.65370000e+01
 -2.52388150e+03  6.58280000e+02  1.17572000e+02  3.51000000e-01 2.65370000e+01
 -2.52388150e+03  6.58280000e+02  1.17572000e+02  3.51000000e-01 2.65370000e+01