-2.37398525e+03  6.23660000e+02  1.09815000e+02  3.68000000e-01 2.67890000e+01
 -2.37398525e+03  6.23660000e+02  1.09815000e+02  3.68000000e-01 2.67890000e+01
 -2.38149215e+03  6.22660000e+02  9.96900000e+01  3.71000000e-01 2.60770000e+01
 -2.38149215e+03  6.22660000e+02  9.96900000e+01  3.71000000e-01 2.60770000e+01
 -2.37379948e+03  6.21790000e+02  1.09817000e+02  3.62000000e-01 2.75350000e+01
 -2.37379948e+03  6.21790000e+02  1.09817000e+02  3.62000000e-01 2.75350000e+01
 -2.37379948e+03  6.21790000e+02  1.09817000e+02  3.62000000e-01 2.75350000e+01
 -2.37379948e+03  6.21790000e+02  1.09817000e+02  3.62000000e-01 2.75350000e+01
 -2.37694707e+03  6.21790000e+02  1.17036000e+02  3.71000000e-01 2.87330000e+01
 -2.37016272e+03  6.21790000e+02  1.13583000e+02  3.75000000e-01 2.65680000e+01
 -2.37545141e+03  6.21790000e+02  1.14479000e+02  3.73000000e-01 2.80820000e+01
 -2.36935184e+03  6.22660000e+02  1.07326000e+02  3.64000000e-01 2.93260000e+01
 -2.38050218e+03  6.21790000e+02  1.03006000e+02  3.67000000e-01 2.78020000e+01
 -2.38050218e+03  6.21790000e+02  1.03006000e+02  3.67000000e-01 2.78020000e+01
 -2.36638127e+03  6.22790000e+02  1.02341000e+02  3.88000000e-01 2.77340000e+01
 -2.36638127e+03  6.22790000e+02  1.02341000e+02  3.88000000e-01 2.77340000e+01
 -2.36334325e+03  6.23660000e+02  9.74400000e+01  3.79000000e-01 2.67530000e+01
 -2.36334325e+03  6.23660000e+02  9.74400000e+01  3.79000000e-01 2.67530000e+01
 -2.36334325e+03  6.23660000e+02  9.74400000e+01  3.79000000e-01 2.67530000e+01
 -2.36727266e+03  6.22660000e+02  1.23243000e+02  3.89000000e-01 2.93390000e+01
 -2.36727266e+03  6.22660000e+02  1.23243000e+02  3.89000000e-01 2.93390000e+01
 -2.37914135e+03  6.23530000e+02  1.06744000e+02  3.81000000e-01 2.80030000e+01
 -2.36899299e+03  6.23530000e+02  9.63010000e+01  3.64000000e-01 2.75410000e+01
 -2.38037124e+03  6.23530000e+02  1.14538000e+02  3.68000000e-01 2.66830000e+01
 -2.38037124e+03  6.23530000e+02  1.14538000e+02  3.68000000e-01 2.66830000e+01
 -2.36294098e+03  6.21660000e+02  1.08378000e+02  3.73000000e-01 2.70080000e+01
 -2.37714531e+03  6.22530000e+02  1.02386000e+02  3.62000000e-01 2.82900000e+01
 -2.36009145e+03  6.21530000e+02  1.06166000e+02  3.72000000e-01 2.61210000e+01
 -2.38934913e+03  6.23400000e+02  1.11825000e+02  3.84000000e-01 2.64950000e+01
 -2.37604461e+03  6.23400000e+02  1.03243000e+02  3.63000000e-01 2.72950000e+01
 -2.38064925e+03  6.22530000e+02  1.05834000e+02  3.72000000e-01 2.70320000e+01
 -2.38064925e+03  6.22530000e+02  1.05834000e+02  3.72000000e-01 2.70320000e+01
 -2.38064925e+03  6.22530000e+02  1.05834000e+02  3.72000000e-01 2.70320000e+01
 -2.37458004e+03  6.21660000e+02  1.07186000e+02  3.79000000e-01 2.86380000e+01
 -2.37458004e+03  6.21660000e+02  1.07186000e+02  3.79000000e-01 2.86380000e+01
 -2.37458004e+03  6.21660000e+02  1.07186000e+02  3.79000000e-01 2.86380000e+01
 -2.37259517e+03  6.20660000e+02  1.08939000e+02  3.79000000e-01 2.86510000e+01
 -2.37047058e+03  6.20660000e+02  9.99580000e+01  3.79000000e-01 2.84280000e+01
 -2.36598394e+03  6.20660000e+02  1.09862000e+02  3.59000000e-01 2.92510000e+01
 -2.37725947e+03  6.22530000e+02  1.02886000e+02  3.69000000e-01 2.83780000e+01
 -2.37263264e+03  6.23400000e+02  1.02953000e+02  3.59000000e-01 2.99550000e+01
 -2.36679516e+03  6.22400000e+02  1.10060000e+02  3.68000000e-01 2.64210000e+01
 -2.36679516e+03  6.22400000e+02  1.10060000e+02  3.68000000e-01 2.64210000e+01
 -2.37278799e+03  6.23270000e+02  9.67850000e+01  3.73000000e-01 2.79840000e+01
 -2.37360965e+03  6.21400000e+02  1.14145000e+02  3.77000000e-01 2.75040000e+01
 -2.37538763e+03  6.20530000e+02  1.02068000e+02  3.60000000e-01 2.77330000e+01
 -2.37790722e+03  6.20530000e+02  1.01062000e+02  3.58000000e-01 2.75940000e+01
 -2.34047506e+03  6.18660000e+02  9.96190000e+01  3.83000000e-01 2.72910000e+01
 -2.36212704e+03  6.20530000e+02  1.02734000e+02  3.77000000e-01 2.85240000e+01
 -2.36873394e+03  6.20530000e+02  1.10419000e+02  3.69000000e-01 2.77850000e+01
 -2.35953024e+03  6.20530000e+02  1.10382000e+02  3.77000000e-01 2.86910000e+01
 -2.36142749e+03  6.20530000e+02  1.07895000e+02  3.71000000e-01 3.00100000e+01
 -2.36190880e+03  6.20530000e+02  8.78230000e+01  3.72000000e-01 2.67290000e+01
 -2.36190880e+03  6.20530000e+02  8.78230000e+01  3.72000000e-01 2.67290000e+01
 -2.36494877e+03  6.20530000e+02  1.03824000e+02  3.56000000e-01 2.66820000e+01
 -2.36494877e+03  6.20530000e+02  1.03824000e+02  3.56000000e-01 2.66820000e+01
 -2.36668271e+03  6.21400000e+02  1.05362000e+02  3.64000000e-01 2.86630000e+01
 -2.36668271e+03  6.21400000e+02  1.05362000e+02  3.64000000e-01 2.86630000e+01
 -2.36668271e+03  6.21400000e+02  1.05362000e+02  3.64000000e-01 2.86630000e+01
 -2.38545497e+03  6.23270000e+02  1.06562000e+02  3.86000000e-01 2.75280000e+01
 -2.38545497e+03  6.23270000e+02  1.06562000e+02  3.86000000e-01 2.75280000e+01
 -2.37422898e+03  6.24140000e+02  1.16768000e+02  3.67000000e-01 2.78300000e+01
 -2.39160449e+03  6.24140000e+02  1.10327000e+02  3.69000000e-01 2.91000000e+01
 -2.39160449e+03  6.24140000e+02  1.10327000e+02  3.69000000e-01 2.91000000e+01
 -2.38111655e+03  6.25010000e+02  1.02640000e+02  3.67000000e-01 2.84630000e+01
 -2.39159150e+03  6.25880000e+02  1.00806000e+02  3.63000000e-01 2.72760000e+01
 -2.39159150e+03  6.25880000e+02  1.00806000e+02  3.63000000e-01 2.72760000e+01
 -2.37628253e+03  6.25880000e+02  1.07315000e+02  3.62000000e-01 2.85030000e+01
 -2.37628253e+03  6.25880000e+02  1.07315000e+02  3.62000000e-01 2.85030000e+01
 -2.37215311e+03  6.24010000e+02  1.10878000e+02  3.90000000e-01 2.78220000e+01
 -2.37215311e+03  6.24010000e+02  1.10878000e+02  3.90000000e-01 2.78220000e+01
 -2.35651907e+03  6.24010000e+02  1.09258000e+02  3.56000000e-01 2.99100000e+01
 -2.38310842e+03  6.24880000e+02  1.03916000e+02  3.93000000e-01 2.73670000e+01
 -2.38680225e+03  6.24880000e+02  1.12443000e+02  3.91000000e-01 2.74740000e+01
 -2.38235797e+03  6.24880000e+02  1.16103000e+02  3.68000000e-01 3.00170000e+01
 -2.38235797e+03  6.24880000e+02  1.16103000e+02  3.68000000e-01 3.00170000e+01
 -2.38428351e+03  6.24010000e+02  1.14685000e+02  3.70000000e-01 2.69740000e+01
 -2.38428351e+03  6.24010000e+02  1.14685000e+02  3.70000000e-01 2.69740000e+01
 -2.39912268e+03  6.25010000e+02  1.11116000e+02  3.72000000e-01 2.84610000e+01
 -2.39912268e+03  6.25010000e+02  1.11116000e+02  3.72000000e-01 2.84610000e+01
 -2.38079584e+03  6.25880000e+02  1.00980000e+02  3.67000000e-01 2.84200000e+01
 -2.38626520e+03  6.25010000e+02  1.15475000e+02  3.79000000e-01 2.54050000e+01
 -2.38626520e+03  6.25010000e+02  1.15475000e+02  3.79000000e-01 2.54050000e+01
 -2.38585643e+03  6.25880000e+02  1.07260000e+02  3.75000000e-01 2.86130000e+01
 -2.38053542e+03  6.24010000e+02  1.14126000e+02  3.72000000e-01 2.65660000e+01
 -2.38098996e+03  6.24010000e+02  1.22794000e+02  3.85000000e-01 2.75510000e+01
 -2.38764281e+03  6.25880000e+02  1.19419000e+02  3.54000000e-01 2.76530000e+01
 -2.38764281e+03  6.25880000e+02  1.19419000e+02  3.54000000e-01 2.76530000e+01
 -2.38764281e+03  6.25880000e+02  1.19419000e+02  3.54000000e-01 2.76530000e+01
 -2.37471137e+03  6.24010000e+02  1.19280000e+02  3.70000000e-01 2.69240000e+01
 -2.37471137e+03  6.24010000e+02  1.19280000e+02  3.70000000e-01 2.69240000e+01
 -2.37764945e+03  6.25010000e+02  1.17527000e+02  3.71000000e-01 2.69630000e+01
 -2.38154843e+03  6.25010000e+02  1.08844000e+02  3.83000000e-01 2.88350000e+01
 -2.37520918e+03  6.24010000e+02  1.14293000e+02  3.70000000e-01 2.71730000e+01
 -2.38221001e+03  6.24880000e+02  1.15299000e+02  3.72000000e-01 2.92540000e+01
 -2.38997659e+03  6.25750000e+02  1.07707000e+02  3.71000000e-01 2.76650000e+01
 -2.38997659e+03  6.25750000e+02  1.07707000e+02  3.71000000e-01 2.76650000e+01
 -2.38997659e+03  6.25750000e+02  1.07707000e+02  3.71000000e-01 2.76650000e+01
 -2.37697435e+03  6.23880000e+02  1.23297000e+02  3.75000000e-01 2.82550000e+01
 -2.37485712e+03  6.23880000e+02  1.15167000e+02  3.73000000e-01 2.63760000e+01
 -2.38131007e+03  6.24750000e+02  1.11284000e+02  3.75000000e-01 2.74600000e+01
 -2.38305237e+03  6.25750000e+02  1.18497000e+02  3.82000000e-01 2.93280000e+01
 -2.37490018e+03  6.27620000e+02  1.25440000e+02  3.54000000e-01 2.78020000e+01
 -2.37490018e+03  6.27620000e+02  1.25440000e+02  3.54000000e-01 2.78020000e+01
 -2.39878822e+03  6.27620000e+02  1.08692000e+02  3.62000000e-01 2.73810000e+01
 -2.39241826e+03  6.27620000e+02  1.12863000e+02  3.78000000e-01 2.79860000e+01
 -2.40401070e+03  6.29490000e+02  1.25838000e+02  3.76000000e-01 2.73420000e+01
 -2.40401070e+03  6.29490000e+02  1.25838000e+02  3.76000000e-01 2.73420000e+01
 -2.40195178e+03  6.30490000e+02  1.05067000e+02  3.70000000e-01 2.74310000e+01
 -2.40482341e+03  6.30490000e+02  1.12029000e+02  3.76000000e-01 2.80520000e+01
 -2.41556052e+03  6.31490000e+02  1.10066000e+02  3.63000000e-01 3.05050000e+01
 -2.40552201e+03  6.30490000e+02  1.17819000e+02  3.70000000e-01 2.83100000e+01
 -2.41263088e+03  6.30490000e+02  1.12255000e+02  3.88000000e-01 2.63690000e+01
 -2.40864890e+03  6.29620000e+02  1.11947000e+02  3.88000000e-01 2.63870000e+01
 -2.40239644e+03  6.28750000e+02  1.18862000e+02  3.63000000e-01 2.78610000e+01
 -2.40494815e+03  6.27750000e+02  1.11202000e+02  3.80000000e-01 2.88340000e+01
 -2.40494815e+03  6.27750000e+02  1.11202000e+02  3.80000000e-01 2.88340000e+01
 -2.39303969e+03  6.28750000e+02  1.10976000e+02  3.75000000e-01 2.85000000e+01
 -2.38832001e+03  6.26880000e+02  1.20545000e+02  3.70000000e-01 2.89370000e+01
 -2.38832001e+03  6.26880000e+02  1.20545000e+02  3.70000000e-01 2.89370000e+01
 -2.39466761e+03  6.26010000e+02  1.11176000e+02  3.57000000e-01 2.94900000e+01
 -2.39478465e+03  6.27880000e+02  1.20916000e+02  3.77000000e-01 2.79410000e+01
 -2.39478465e+03  6.27880000e+02  1.20916000e+02  3.77000000e-01 2.79410000e+01
 -2.38781141e+03  6.27010000e+02  1.14126000e+02  3.76000000e-01 2.81340000e+01
 -2.39776222e+03  6.27010000e+02  1.16220000e+02  3.61000000e-01 2.84220000e+01
 -2.40893655e+03  6.28880000e+02  1.06889000e+02  3.56000000e-01 2.76990000e+01
 -2.39534773e+03  6.29880000e+02  1.09956000e+02  3.77000000e-01 2.81160000e+01
 -2.40100645e+03  6.29880000e+02  1.15146000e+02  3.66000000e-01 2.62200000e+01
 -2.40358270e+03  6.30880000e+02  1.09394000e+02  3.72000000e-01 2.75650000e+01
 -2.40358270e+03  6.30880000e+02  1.09394000e+02  3.72000000e-01 2.75650000e+01
 -2.40358270e+03  6.30880000e+02  1.09394000e+02  3.72000000e-01 2.75650000e+01
 -2.40990716e+03  6.30880000e+02  1.22618000e+02  3.80000000e-01 2.81540000e+01
 -2.40716949e+03  6.30880000e+02  1.10135000e+02  3.67000000e-01 2.80650000e+01
 -2.40626940e+03  6.29880000e+02  1.05989000e+02  3.78000000e-01 2.98260000e+01
 -2.40626940e+03  6.29880000e+02  1.05989000e+02  3.78000000e-01 2.98260000e+01
 -2.41300377e+03  6.29880000e+02  1.13902000e+02  3.56000000e-01 2.83340000e+01
 -2.41479788e+03  6.31750000e+02  1.17475000e+02  3.87000000e-01 2.69620000e+01
 -2.41479788e+03  6.31750000e+02  1.17475000e+02  3.87000000e-01 2.69620000e+01
 -2.41479788e+03  6.31750000e+02  1.17475000e+02  3.87000000e-01 2.69620000e+01
 -2.41479788e+03  6.31750000e+02  1.17475000e+02  3.87000000e-01 2.69620000e+01
 -2.41176155e+03  6.31750000e+02  1.00129000e+02  3.73000000e-01 2.74070000e+01
 -2.41149541e+03  6.32750000e+02  1.07688000e+02  3.74000000e-01 2.65310000e+01
 -2.41333876e+03  6.33620000e+02  1.09886000e+02  3.68000000e-01 2.77580000e+01
 -2.40630711e+03  6.32750000e+02  1.06344000e+02  3.71000000e-01 2.78000000e+01
 -2.39586181e+03  6.32750000e+02  1.11880000e+02  3.70000000e-01 2.64990000e+01
 -2.40940066e+03  6.31880000e+02  1.15430000e+02  3.65000000e-01 2.75000000e+01
 -2.40940066e+03  6.31880000e+02  1.15430000e+02  3.65000000e-01 2.75000000e+01
 -2.40072946e+03  6.31010000e+02  1.17122000e+02  3.71000000e-01 2.78280000e+01
 -2.40072946e+03  6.31010000e+02  1.17122000e+02  3.71000000e-01 2.78280000e+01
 -2.40072946e+03  6.31010000e+02  1.17122000e+02  3.71000000e-01 2.78280000e+01
 -2.40780714e+03  6.30010000e+02  1.08837000e+02  3.65000000e-01 2.84220000e+01
 -2.40780714e+03  6.30010000e+02  1.08837000e+02  3.65000000e-01 2.84220000e+01
 -2.40490902e+03  6.30010000e+02  1.07770000e+02  3.56000000e-01 2.71190000e+01
 -2.41113503e+03  6.30880000e+02  1.06680000e+02  3.56000000e-01 2.58890000e+01
 -2.41258879e+03  6.30010000e+02  1.13693000e+02  3.70000000e-01 2.63150000e+01
 -2.41258879e+03  6.30010000e+02  1.13693000e+02  3.70000000e-01 2.63150000e+01
 -2.41258879e+03  6.30010000e+02  1.13693000e+02  3.70000000e-01 2.63150000e+01
 -2.40156854e+03  6.30880000e+02  1.13677000e+02  3.66000000e-01 2.83990000e+01
 -2.40156854e+03  6.30880000e+02  1.13677000e+02  3.66000000e-01 2.83990000e+01
 -2.42088708e+03  6.32750000e+02  1.09152000e+02  3.69000000e-01 2.67320000e+01
 -2.42088708e+03  6.32750000e+02  1.09152000e+02  3.69000000e-01 2.67320000e+01
 -2.39701124e+03  6.30880000e+02  1.06306000e+02  3.70000000e-01 2.71860000e+01
 -2.40996761e+03  6.31750000e+02  1.19103000e+02  3.72000000e-01 2.84200000e+01
 -2.40996761e+03  6.31750000e+02  1.19103000e+02  3.72000000e-01 2.84200000e+01
 -2.40746602e+03  6.31750000e+02  1.10652000e+02  3.85000000e-01 2.77870000e+01
 -2.40746602e+03  6.31750000e+02  1.10652000e+02  3.85000000e-01 2.77870000e+01
 -2.41254072e+03  6.31750000e+02  1.01873000e+02  3.80000000e-01 2.77950000e+01
 -2.40671205e+03  6.32750000e+02  1.04640000e+02  3.59000000e-01 2.54450000e+01
 -2.40371798e+03  6.30880000e+02  1.11075000e+02  3.56000000e-01 2.78210000e+01
 -2.40728719e+03  6.30880000e+02  1.10017000e+02  3.72000000e-01 2.85730000e+01
 -2.40387458e+03  6.30010000e+02  1.02571000e+02  3.72000000e-01 2.71060000e+01
 -2.40387458e+03  6.30010000e+02  1.02571000e+02  3.72000000e-01 2.71060000e+01
 -2.40387458e+03  6.30010000e+02  1.02571000e+02  3.72000000e-01 2.71060000e+01
 -2.40387458e+03  6.30010000e+02  1.02571000e+02  3.72000000e-01 2.71060000e+01
 -2.40387458e+03  6.30010000e+02  1.02571000e+02  3.72000000e-01 2.71060000e+01
 -2.39832188e+03  6.29010000e+02  1.04014000e+02  3.73000000e-01 2.93480000e+01
 -2.39195865e+03  6.27140000e+02  1.02687000e+02  3.66000000e-01 2.73110000e+01
 -2.39485800e+03  6.28010000e+02  1.14661000e+02  3.60000000e-01 2.77430000e+01
 -2.39104646e+03  6.29880000e+02  1.09060000e+02  3.61000000e-01 2.75120000e+01
 -2.39460929e+03  6.28010000e+02  1.07566000e+02  3.68000000e-01 2.64580000e+01
 -2.39374014e+03  6.26140000e+02  1.11094000e+02  3.70000000e-01 2.86670000e+01
 -2.39374014e+03  6.26140000e+02  1.11094000e+02  3.70000000e-01 2.86670000e+01
 -2.37595386e+03  6.27010000e+02  1.09202000e+02  3.62000000e-01 2.69360000e+01
 -2.37770404e+03  6.27010000e+02  1.13085000e+02  3.59000000e-01 2.78050000e+01
 -2.37770404e+03  6.27010000e+02  1.13085000e+02  3.59000000e-01 2.78050000e+01
 -2.39230326e+03  6.28880000e+02  1.12800000e+02  3.71000000e-01 2.60260000e+01
 -2.39230326e+03  6.28880000e+02  1.12800000e+02  3.71000000e-01 2.60260000e+01
 -2.39230326e+03  6.28880000e+02  1.12800000e+02  3.71000000e-01 2.60260000e+01
 -2.38615504e+03  6.27010000e+02  1.25187000e+02  3.61000000e-01 2.76910000e+01
 -2.38615504e+03  6.27010000e+02  1.25187000e+02  3.61000000e-01 2.76910000e+01
 -2.38615504e+03  6.27010000e+02  1.25187000e+02  3.61000000e-01 2.76910000e+01
 -2.40208585e+03  6.28880000e+02  1.10208000e+02  3.77000000e-01 2.71610000e+01
 -2.40387061e+03  6.29880000e+02  1.12398000e+02  3.63000000e-01 2.89760000e+01
 -2.39428404e+03  6.30750000e+02  1.05575000e+02  3.62000000e-01 2.79840000e+01
 -2.40303270e+03  6.30750000e+02  1.09084000e+02  3.60000000e-01 2.53430000e+01
 -2.40303270e+03  6.30750000e+02  1.09084000e+02  3.60000000e-01 2.53430000e+01
 -2.40303270e+03  6.30750000e+02  1.09084000e+02  3.60000000e-01 2.53430000e+01
 -2.40376073e+03  6.30750000e+02  1.22667000e+02  3.65000000e-01 2.86350000e+01
 -2.40376073e+03  6.30750000e+02  1.22667000e+02  3.65000000e-01 2.86350000e+01
 -2.41694914e+03  6.32620000e+02  1.11451000e+02  3.72000000e-01 2.70360000e+01
 -2.41975790e+03  6.33620000e+02  9.41950000e+01  3.76000000e-01 2.54960000e+01
 -2.41975790e+03  6.33620000e+02  9.41950000e+01  3.76000000e-01 2.54960000e+01
 -2.41975790e+03  6.33620000e+02  9.41950000e+01  3.76000000e-01 2.54960000e+01
 -2.42432761e+03  6.35490000e+02  9.98180000e+01  3.73000000e-01 2.72400000e+01
 -2.42432761e+03  6.35490000e+02  9.98180000e+01  3.73000000e-01 2.72400000e+01
 -2.41018561e+03  6.34490000e+02  1.18021000e+02  3.59000000e-01 2.65280000e+01
 -2.41018561e+03  6.34490000e+02  1.18021000e+02  3.59000000e-01 2.65280000e+01
 -2.41534862e+03  6.32620000e+02  9.22270000e+01  3.72000000e-01 2.70990000e+01
 -2.40335637e+03  6.31620000e+02  1.21859000e+02  3.65000000e-01 2.66980000e+01
 -2.40335637e+03  6.31620000e+02  1.21859000e+02  3.65000000e-01 2.66980000e+01
 -2.41353715e+03  6.30750000e+02  1.06630000e+02  3.56000000e-01 2.84430000e+01
 -2.39480701e+03  6.32620000e+02  1.09848000e+02  3.54000000e-01 2.95850000e+01
 -2.41229139e+03  6.32620000e+02  1.08135000e+02  3.61000000e-01 2.67040000e+01
 -2.41360739e+03  6.34490000e+02  1.22975000e+02  3.54000000e-01 2.63560000e+01
 -2.41360739e+03  6.34490000e+02  1.22975000e+02  3.54000000e-01 2.63560000e+01
 -2.41770419e+03  6.33490000e+02  1.10060000e+02  3.68000000e-01 3.03110000e+01
 -2.41770419e+03  6.33490000e+02  1.10060000e+02  3.68000000e-01 3.03110000e+01
 -2.41770419e+03  6.33490000e+02  1.10060000e+02  3.68000000e-01 3.03110000e+01
 -2.39290415e+03  6.31620000e+02  1.05281000e+02  3.74000000e-01 2.69450000e+01
 -2.40509584e+03  6.31620000e+02  1.15144000e+02  3.81000000e-01 2.70840000e+01
 -2.40614305e+03  6.32620000e+02  1.01847000e+02  3.67000000e-01 2.80580000e+01
 -2.41713530e+03  6.32620000e+02  1.11329000e+02  3.51000000e-01 2.68570000e+01
 -2.41713530e+03  6.32620000e+02  1.11329000e+02  3.51000000e-01 2.68570000e+01
 -2.41257606e+03  6.32620000e+02  1.08813000e+02  3.57000000e-01 2.74520000e+01
 -2.41059963e+03  6.31750000e+02  1.09757000e+02  3.60000000e-01 2.52700000e+01
 -2.41149472e+03  6.31750000e+02  1.09684000e+02  3.55000000e-01 2.70260000e+01
 -2.41675991e+03  6.30750000e+02  1.03265000e+02  3.51000000e-01 2.73580000e+01
 -2.41675991e+03  6.30750000e+02  1.03265000e+02  3.51000000e-01 2.73580000e+01
 -2.39305509e+03  6.30750000e+02  1.11508000e+02  3.79000000e-01 2.51400000e+01
 -2.40156593e+03  6.30750000e+02  1.14838000e+02  3.69000000e-01 2.61250000e+01
 -2.40814681e+03  6.32620000e+02  1.04816000e+02  3.67000000e-01 2.84880000e+01
 -2.40814681e+03  6.32620000e+02  1.04816000e+02  3.67000000e-01 2.84880000e+01
 -2.41920910e+03  6.33490000e+02  1.12700000e+02  3.61000000e-01 2.75400000e+01
 -2.41920910e+03  6.33490000e+02  1.12700000e+02  3.61000000e-01 2.75400000e+01
 -2.41920910e+03  6.33490000e+02  1.12700000e+02  3.61000000e-01 2.75400000e+01
 -2.41920910e+03  6.33490000e+02  1.12700000e+02  3.61000000e-01 2.75400000e+01
 -2.42504485e+03  6.34360000e+02  1.15048000e+02  3.59000000e-01 2.60780000e+01
 -2.42504485e+03  6.34360000e+02  1.15048000e+02  3.59000000e-01 2.60780000e+01
 -2.42504485e+03  6.34360000e+02  1.15048000e+02  3.59000000e-01 2.60780000e+01
 -2.42326679e+03  6.35230000e+02  1.00143000e+02  3.70000000e-01 2.70550000e+01
 -2.41910757e+03  6.37100000e+02  1.17527000e+02  3.61000000e-01 2.89800000e+01
 -2.42798046e+03  6.37100000e+02  1.10633000e+02  3.48000000e-01 2.94220000e+01
 -2.42604489e+03  6.37100000e+02  1.06491000e+02  3.51000000e-01 2.59930000e+01
 -2.43571690e+03  6.37100000e+02  1.17793000e+02  3.62000000e-01 2.64690000e+01
 -2.43571690e+03  6.37100000e+02  1.17793000e+02  3.62000000e-01 2.64690000e+01
 -2.43571690e+03  6.37100000e+02  1.17793000e+02  3.62000000e-01 2.64690000e+01
 -2.43044863e+03  6.36230000e+02  1.08476000e+02  3.55000000e-01 2.71260000e+01
 -2.43044863e+03  6.36230000e+02  1.08476000e+02  3.55000000e-01 2.71260000e+01
 -2.42321609e+03  6.35360000e+02  1.11012000e+02  3.82000000e-01 2.53750000e+01
 -2.42262886e+03  6.35360000e+02  1.17205000e+02  3.62000000e-01 2.59790000e+01
 -2.42262886e+03  6.35360000e+02  1.17205000e+02  3.62000000e-01 2.59790000e+01
 -2.42262886e+03  6.35360000e+02  1.17205000e+02  3.62000000e-01 2.59790000e+01
 -2.43121379e+03  6.34490000e+02  1.18658000e+02  3.71000000e-01 2.81620000e+01
 -2.43121379e+03  6.34490000e+02  1.18658000e+02  3.71000000e-01 2.81620000e+01
 -2.43121379e+03  6.34490000e+02  1.18658000e+02  3.71000000e-01 2.81620000e+01
 -2.43121379e+03  6.34490000e+02  1.18658000e+02  3.71000000e-01 2.81620000e+01
 -2.42697223e+03  6.34490000e+02  1.15689000e+02  3.74000000e-01 2.77080000e+01
 -2.43096984e+03  6.33490000e+02  1.17807000e+02  3.68000000e-01 2.79400000e+01
 -2.43096984e+03  6.33490000e+02  1.17807000e+02  3.68000000e-01 2.79400000e+01
 -2.43096984e+03  6.33490000e+02  1.17807000e+02  3.68000000e-01 2.79400000e+01
 -2.43096984e+03  6.33490000e+02  1.17807000e+02  3.68000000e-01 2.79400000e+01
 -2.43096984e+03  6.33490000e+02  1.17807000e+02  3.68000000e-01 2.79400000e+01
 -2.43096984e+03  6.33490000e+02  1.17807000e+02  3.68000000e-01 2.79400000e+01
 -2.41176143e+03  6.32490000e+02  1.15348000e+02  3.78000000e-01 2.73960000e+01
 -2.41176143e+03  6.32490000e+02  1.15348000e+02  3.78000000e-01 2.73960000e+01
 -2.41660706e+03  6.33360000e+02  1.06311000e+02  3.78000000e-01 2.76940000e+01
 -2.42427667e+03  6.33360000e+02  1.08252000e+02  3.72000000e-01 2.59770000e+01
 -2.42427667e+03  6.33360000e+02  1.08252000e+02  3.72000000e-01 2.59770000e+01
 -2.42427667e+03  6.33360000e+02  1.08252000e+02  3.72000000e-01 2.59770000e+01
 -2.42279988e+03  6.35230000e+02  1.10468000e+02  3.70000000e-01 2.89400000e+01
 -2.42279988e+03  6.35230000e+02  1.10468000e+02  3.70000000e-01 2.89400000e+01
 -2.42279988e+03  6.35230000e+02  1.10468000e+02  3.70000000e-01 2.89400000e+01
 -2.42999674e+03  6.36230000e+02  1.12126000e+02  3.60000000e-01 2.93450000e+01
 -2.43586493e+03  6.38100000e+02  1.10829000e+02  3.70000000e-01 3.03570000e+01
 -2.43116450e+03  6.38100000e+02  1.17778000e+02  3.70000000e-01 2.82610000e+01
 -2.43116450e+03  6.38100000e+02  1.17778000e+02  3.70000000e-01 2.82610000e+01
 -2.43116450e+03  6.38100000e+02  1.17778000e+02  3.70000000e-01 2.82610000e+01
 -2.43116450e+03  6.38100000e+02  1.17778000e+02  3.70000000e-01 2.82610000e+01
 -2.43803759e+03  6.38100000e+02  1.18068000e+02  3.64000000e-01 2.70680000e+01
 -2.43803759e+03  6.38100000e+02  1.18068000e+02  3.64000000e-01 2.70680000e+01
 -2.43803759e+03  6.38100000e+02  1.18068000e+02  3.64000000e-01 2.70680000e+01
 -2.43803759e+03  6.38100000e+02  1.18068000e+02  3.64000000e-01 2.70680000e+01
 -2.43803759e+03  6.38100000e+02  1.18068000e+02  3.64000000e-01 2.70680000e+01
 -2.43803759e+03  6.38100000e+02  1.18068000e+02  3.64000000e-01 2.70680000e+01
 -2.43803759e+03  6.38100000e+02  1.18068000e+02  3.64000000e-01 2.70680000e+01
 -2.43320235e+03  6.39970000e+02  1.16068000e+02  3.86000000e-01 2.78130000e+01
 -2.42413416e+03  6.39970000e+02  1.14316000e+02  3.52000000e-01 2.50390000e+01
 -2.43376114e+03  6.39970000e+02  1.11306000e+02  3.85000000e-01 2.65120000e+01
 -2.42812997e+03  6.38100000e+02  1.17584000e+02  3.61000000e-01 2.78430000e+01
 -2.43548471e+03  6.37230000e+02  9.89050000e+01  3.60000000e-01 2.80250000e+01
 -2.43548471e+03  6.37230000e+02  9.89050000e+01  3.60000000e-01 2.80250000e+01
 -2.43548471e+03  6.37230000e+02  9.89050000e+01  3.60000000e-01 2.80250000e+01
 -2.43548471e+03  6.37230000e+02  9.89050000e+01  3.60000000e-01 2.80250000e+01
 -2.43331002e+03  6.38230000e+02  1.04038000e+02  3.81000000e-01 2.86340000e+01
 -2.43331002e+03  6.38230000e+02  1.04038000e+02  3.81000000e-01 2.86340000e+01
 -2.43331002e+03  6.38230000e+02  1.04038000e+02  3.81000000e-01 2.86340000e+01
 -2.43331002e+03  6.38230000e+02  1.04038000e+02  3.81000000e-01 2.86340000e+01
 -2.43331002e+03  6.38230000e+02  1.04038000e+02  3.81000000e-01 2.86340000e+01
 -2.43331002e+03  6.38230000e+02  1.04038000e+02  3.81000000e-01 2.86340000e+01
 -2.43907816e+03  6.40100000e+02  1.06948000e+02  3.54000000e-01 2.68230000e+01
 -2.43907816e+03  6.40100000e+02  1.06948000e+02  3.54000000e-01 2.68230000e+01
 -2.44429586e+03  6.40100000e+02  1.17652000e+02  3.65000000e-01 2.68200000e+01
 -2.43679904e+03  6.39100000e+02  1.09566000e+02  3.67000000e-01 2.77050000e+01
 -2.45542421e+03  6.40970000e+02  1.10796000e+02  3.51000000e-01 2.85010000e+01
 -2.45542421e+03  6.40970000e+02  1.10796000e+02  3.51000000e-01 2.85010000e+01
 -2.44696600e+03  6.42840000e+02  1.08072000e+02  3.64000000e-01 2.91410000e+01
 -2.44554487e+03  6.40970000e+02  1.07140000e+02  3.59000000e-01 2.95810000e+01
 -2.44712789e+03  6.40970000e+02  1.06460000e+02  3.50000000e-01 2.73660000e+01
 -2.44712789e+03  6.40970000e+02  1.06460000e+02  3.50000000e-01 2.73660000e+01
 -2.44712789e+03  6.40970000e+02  1.06460000e+02  3.50000000e-01 2.73660000e+01
 -2.44712789e+03  6.40970000e+02  1.06460000e+02  3.50000000e-01 2.73660000e+01
 -2.44712789e+03  6.40970000e+02  1.06460000e+02  3.50000000e-01 2.73660000e+01
 -2.44712789e+03  6.40970000e+02  1.06460000e+02  3.50000000e-01 2.73660000e+01
 -2.44992704e+03  6.42840000e+02  1.15332000e+02  3.63000000e-01 2.85160000e+01
 -2.44992704e+03  6.42840000e+02  1.15332000e+02  3.63000000e-01 2.85160000e+01
 -2.44992704e+03  6.42840000e+02  1.15332000e+02  3.63000000e-01 2.85160000e+01
 -2.45746092e+03  6.44710000e+02  1.10156000e+02  3.60000000e-01 3.00110000e+01
 -2.45746092e+03  6.44710000e+02  1.10156000e+02  3.60000000e-01 3.00110000e+01
 -2.45855800e+03  6.43710000e+02  1.13071000e+02  3.74000000e-01 2.83080000e+01
 -2.44881810e+03  6.43710000e+02  1.06889000e+02  3.61000000e-01 2.53240000e+01
 -2.44881810e+03  6.43710000e+02  1.06889000e+02  3.61000000e-01 2.53240000e+01
 -2.44094616e+03  6.41840000e+02  1.10027000e+02  3.67000000e-01 2.50710000e+01
 -2.45306359e+03  6.42710000e+02  1.17501000e+02  3.71000000e-01 2.79110000e+01
 -2.45355509e+03  6.42710000e+02  1.21008000e+02  3.57000000e-01 2.82970000e+01
 -2.45355509e+03  6.42710000e+02  1.21008000e+02  3.57000000e-01 2.82970000e+01
 -2.45355509e+03  6.42710000e+02  1.21008000e+02  3.57000000e-01 2.82970000e+01
 -2.45355509e+03  6.42710000e+02  1.21008000e+02  3.57000000e-01 2.82970000e+01
 -2.44808758e+03  6.43710000e+02  1.08950000e+02  3.71000000e-01 2.75850000e+01
 -2.44848759e+03  6.43710000e+02  1.10810000e+02  3.65000000e-01 2.90560000e+01
 -2.44681470e+03  6.44710000e+02  1.13085000e+02  3.58000000e-01 2.64490000e+01
 -2.45573988e+03  6.45580000e+02  1.08645000e+02  3.49000000e-01 2.79690000e+01
 -2.45573988e+03  6.45580000e+02  1.08645000e+02  3.49000000e-01 2.79690000e+01
 -2.44540151e+03  6.45580000e+02  1.08950000e+02  3.49000000e-01 2.60210000e+01
 -2.44540151e+03  6.45580000e+02  1.08950000e+02  3.49000000e-01 2.60210000e+01
 -2.44708770e+03  6.44580000e+02  1.12241000e+02  3.48000000e-01 2.84280000e+01
 -2.44338426e+03  6.42710000e+02  1.15634000e+02  3.54000000e-01 2.92160000e+01
 -2.44338426e+03  6.42710000e+02  1.15634000e+02  3.54000000e-01 2.92160000e+01
 -2.44338426e+03  6.42710000e+02  1.15634000e+02  3.54000000e-01 2.92160000e+01
 -2.44338426e+03  6.42710000e+02  1.15634000e+02  3.54000000e-01 2.92160000e+01
 -2.44338426e+03  6.42710000e+02  1.15634000e+02  3.54000000e-01 2.92160000e+01
 -2.43629006e+03  6.42710000e+02  1.09570000e+02  3.53000000e-01 2.95760000e+01
 -2.44407089e+03  6.42710000e+02  1.06309000e+02  3.67000000e-01 2.94900000e+01
 -2.43967397e+03  6.41840000e+02  1.03712000e+02  3.70000000e-01 3.02750000e+01
 -2.44846239e+03  6.42710000e+02  1.03873000e+02  3.78000000e-01 2.96190000e+01
 -2.43795942e+03  6.40840000e+02  1.05287000e+02  3.75000000e-01 2.77750000e+01
 -2.43935781e+03  6.40840000e+02  1.15273000e+02  3.63000000e-01 2.73500000e+01
 -2.43935781e+03  6.40840000e+02  1.15273000e+02  3.63000000e-01 2.73500000e+01
 -2.45224503e+03  6.42710000e+02  1.17799000e+02  3.69000000e-01 2.51140000e+01
 -2.45441998e+03  6.42710000e+02  1.13771000e+02  3.53000000e-01 2.85120000e+01
 -2.45233174e+03  6.43580000e+02  1.21020000e+02  3.80000000e-01 2.87600000e+01
 -2.45233174e+03  6.43580000e+02  1.21020000e+02  3.80000000e-01 2.87600000e+01
 -2.45233174e+03  6.43580000e+02  1.21020000e+02  3.80000000e-01 2.87600000e+01
 -2.43068046e+03  6.42710000e+02  1.07189000e+02  3.62000000e-01 2.97340000e+01
 -2.44360441e+03  6.42710000e+02  1.04336000e+02  3.66000000e-01 2.80500000e+01
 -2.44360441e+03  6.42710000e+02  1.04336000e+02  3.66000000e-01 2.80500000e+01
 -2.44397507e+03  6.41840000e+02  1.06903000e+02  3.75000000e-01 2.78600000e+01
 -2.44397507e+03  6.41840000e+02  1.06903000e+02  3.75000000e-01 2.78600000e+01
 -2.44397507e+03  6.41840000e+02  1.06903000e+02  3.75000000e-01 2.78600000e+01
 -2.43617602e+03  6.39970000e+02  1.08697000e+02  3.82000000e-01 2.66930000e+01
 -2.43617602e+03  6.39970000e+02  1.08697000e+02  3.82000000e-01 2.66930000e+01
 -2.43617602e+03  6.39970000e+02  1.08697000e+02  3.82000000e-01 2.66930000e+01
 -2.43318366e+03  6.38970000e+02  1.03122000e+02  3.79000000e-01 2.88380000e+01
 -2.43329836e+03  6.37100000e+02  1.08452000e+02  3.62000000e-01 2.86920000e+01
 -2.43329836e+03  6.37100000e+02  1.08452000e+02  3.62000000e-01 2.86920000e+01
 -2.43329836e+03  6.37100000e+02  1.08452000e+02  3.62000000e-01 2.86920000e+01
 -2.43329836e+03  6.37100000e+02  1.08452000e+02  3.62000000e-01 2.86920000e+01
 -2.43329836e+03  6.37100000e+02  1.08452000e+02  3.62000000e-01 2.86920000e+01
 -2.42701389e+03  6.35230000e+02  1.02706000e+02  3.80000000e-01 2.94710000e+01
 -2.42701389e+03  6.35230000e+02  1.02706000e+02  3.80000000e-01 2.94710000e+01
 -2.43057656e+03  6.36100000e+02  1.16213000e+02  3.73000000e-01 2.74090000e+01
 -2.43057656e+03  6.36100000e+02  1.16213000e+02  3.73000000e-01 2.74090000e+01
 -2.43057656e+03  6.36100000e+02  1.16213000e+02  3.73000000e-01 2.74090000e+01
 -2.43057656e+03  6.36100000e+02  1.16213000e+02  3.73000000e-01 2.74090000e+01
 -2.43157844e+03  6.37100000e+02  1.17658000e+02  3.69000000e-01 2.81430000e+01
 -2.43007231e+03  6.37100000e+02  1.19596000e+02  3.70000000e-01 2.49900000e+01
 -2.43007231e+03  6.37100000e+02  1.19596000e+02  3.70000000e-01 2.49900000e+01
 -2.43007231e+03  6.37100000e+02  1.19596000e+02  3.70000000e-01 2.49900000e+01
 -2.42048573e+03  6.36230000e+02  1.13952000e+02  3.75000000e-01 2.75260000e+01
 -2.41779788e+03  6.35230000e+02  1.09237000e+02  3.58000000e-01 2.65300000e+01
 -2.41779788e+03  6.35230000e+02  1.09237000e+02  3.58000000e-01 2.65300000e+01
 -2.41779788e+03  6.35230000e+02  1.09237000e+02  3.58000000e-01 2.65300000e+01
 -2.41779788e+03  6.35230000e+02  1.09237000e+02  3.58000000e-01 2.65300000e+01
 -2.41718317e+03  6.34360000e+02  1.21682000e+02  3.85000000e-01 2.78230000e+01
 -2.42223580e+03  6.33490000e+02  1.16528000e+02  3.79000000e-01 2.69960000e+01
 -2.42178322e+03  6.35360000e+02  1.05705000e+02  3.62000000e-01 2.85460000e+01
 -2.42178322e+03  6.35360000e+02  1.05705000e+02  3.62000000e-01 2.85460000e+01
 -2.42178322e+03  6.35360000e+02  1.05705000e+02  3.62000000e-01 2.85460000e+01
 -2.41746596e+03  6.35360000e+02  1.09117000e+02  3.67000000e-01 2.71540000e+01
 -2.41746596e+03  6.35360000e+02  1.09117000e+02  3.67000000e-01 2.71540000e+01
 -2.41746596e+03  6.35360000e+02  1.09117000e+02  3.67000000e-01 2.71540000e+01
 -2.41857571e+03  6.34490000e+02  1.09319000e+02  3.64000000e-01 2.59320000e+01
 -2.42766783e+03  6.35360000e+02  1.20839000e+02  3.70000000e-01 2.63030000e+01
 -2.43444230e+03  6.36230000e+02  1.11105000e+02  3.78000000e-01 2.86500000e+01
 -2.43444230e+03  6.36230000e+02  1.11105000e+02  3.78000000e-01 2.86500000e+01
 -2.43444230e+03  6.36230000e+02  1.11105000e+02  3.78000000e-01 2.86500000e+01
 -2.43444230e+03  6.36230000e+02  1.11105000e+02  3.78000000e-01 2.86500000e+01
 -2.43444230e+03  6.36230000e+02  1.11105000e+02  3.78000000e-01 2.86500000e+01
 -2.41598544e+03  6.35230000e+02  1.15026000e+02  3.74000000e-01 2.64600000e+01
 -2.41894316e+03  6.34230000e+02  1.12894000e+02  3.78000000e-01 2.97040000e+01
 -2.41894316e+03  6.34230000e+02  1.12894000e+02  3.78000000e-01 2.97040000e+01
 -2.43361861e+03  6.36100000e+02  1.08384000e+02  3.69000000e-01 2.76800000e+01
 -2.43361861e+03  6.36100000e+02  1.08384000e+02  3.69000000e-01 2.76800000e+01
 -2.43017013e+03  6.35230000e+02  1.08384000e+02  3.69000000e-01 2.77120000e+01
 -2.43361861e+03  6.36100000e+02  1.08384000e+02  3.69000000e-01 2.76800000e+01
 -2.43361861e+03  6.36100000e+02  1.08384000e+02  3.69000000e-01 2.76800000e+01
 -2.43361861e+03  6.36100000e+02  1.08384000e+02  3.69000000e-01 2.76800000e+01
 -2.43361861e+03  6.36100000e+02  1.08384000e+02  3.69000000e-01 2.76800000e+01
 -2.43361861e+03  6.36100000e+02  1.08384000e+02  3.69000000e-01 2.76800000e+01
 -2.43361861e+03  6.36100000e+02  1.08384000e+02  3.69000000e-01 2.76800000e+01
 -2.43361861e+03  6.36100000e+02  1.08384000e+02  3.69000000e-01 2.76800000e+01
 -2.43361861e+03  6.36100000e+02  1.08384000e+02  3.69000000e-01 2.76800000e+01
 -2.43297644e+03  6.37100000e+02  1.19299000e+02  3.54000000e-01 2.61600000e+01
 -2.43297644e+03  6.37100000e+02  1.19299000e+02  3.54000000e-01 2.61600000e+01
 -2.42550555e+03  6.36230000e+02  1.15277000e+02  3.78000000e-01 2.61280000e+01
 -2.42550555e+03  6.36230000e+02  1.15277000e+02  3.78000000e-01 2.61280000e+01
 -2.42550555e+03  6.36230000e+02  1.15277000e+02  3.78000000e-01 2.61280000e+01
 -2.42550555e+03  6.36230000e+02  1.15277000e+02  3.78000000e-01 2.61280000e+01
 -2.42550555e+03  6.36230000e+02  1.15277000e+02  3.78000000e-01 2.61280000e+01
 -2.42815302e+03  6.35230000e+02  1.17118000e+02  3.84000000e-01 2.66600000e+01
 -2.42815302e+03  6.35230000e+02  1.17118000e+02  3.84000000e-01 2.66600000e+01
 -2.42815302e+03  6.35230000e+02  1.17118000e+02  3.84000000e-01 2.66600000e+01
 -2.42815302e+03  6.35230000e+02  1.17118000e+02  3.84000000e-01 2.66600000e+01
 -2.42815302e+03  6.35230000e+02  1.17118000e+02  3.84000000e-01 2.66600000e+01
 -2.42815302e+03  6.35230000e+02  1.17118000e+02  3.84000000e-01 2.66600000e+01
 -2.42815302e+03  6.35230000e+02  1.17118000e+02  3.84000000e-01 2.66600000e+01
 -2.42746868e+03  6.37100000e+02  1.08772000e+02  3.74000000e-01 2.69130000e+01
 -2.41855091e+03  6.35230000e+02  1.11284000e+02  3.66000000e-01 2.76780000e+01
 -2.42168780e+03  6.36230000e+02  1.11284000e+02  3.65000000e-01 2.75680000e+01
 -2.42149041e+03  6.35360000e+02  1.10219000e+02  3.62000000e-01 2.84570000e+01
 -2.42149041e+03  6.35360000e+02  1.10219000e+02  3.62000000e-01 2.84570000e+01
 -2.42149041e+03  6.35360000e+02  1.10219000e+02  3.62000000e-01 2.84570000e+01
 -2.42149041e+03  6.35360000e+02  1.10219000e+02  3.62000000e-01 2.84570000e+01
 -2.42149041e+03  6.35360000e+02  1.10219000e+02  3.62000000e-01 2.84570000e+01
 -2.43318956e+03  6.36230000e+02  1.08501000e+02  3.68000000e-01 2.70910000e+01
 -2.43318956e+03  6.36230000e+02  1.08501000e+02  3.68000000e-01 2.70910000e+01
 -2.43318956e+03  6.36230000e+02  1.08501000e+02  3.68000000e-01 2.70910000e+01
 -2.43318956e+03  6.36230000e+02  1.08501000e+02  3.68000000e-01 2.70910000e+01
 -2.43503071e+03  6.38100000e+02  1.11863000e+02  3.66000000e-01 2.46780000e+01
 -2.45171984e+03  6.39970000e+02  1.07836000e+02  3.66000000e-01 2.80640000e+01
 -2.45171984e+03  6.39970000e+02  1.07836000e+02  3.66000000e-01 2.80640000e+01
 -2.45171984e+03  6.39970000e+02  1.07836000e+02  3.66000000e-01 2.80640000e+01
 -2.45171984e+03  6.39970000e+02  1.07836000e+02  3.66000000e-01 2.80640000e+01
 -2.45171984e+03  6.39970000e+02  1.07836000e+02  3.66000000e-01 2.80640000e+01
 -2.45171984e+03  6.39970000e+02  1.07836000e+02  3.66000000e-01 2.80640000e+01
 -2.45171984e+03  6.39970000e+02  1.07836000e+02  3.66000000e-01 2.80640000e+01
 -2.45171984e+03  6.39970000e+02  1.07836000e+02  3.66000000e-01 2.80640000e+01
 -2.45171984e+03  6.39970000e+02  1.07836000e+02  3.66000000e-01 2.80640000e+01
 -2.45171984e+03  6.39970000e+02  1.07836000e+02  3.66000000e-01 2.80640000e+01
 -2.45171984e+03  6.39970000e+02  1.07836000e+02  3.66000000e-01 2.80640000e+01
 -2.45171984e+03  6.39970000e+02  1.07836000e+02  3.66000000e-01 2.80640000e+01
 -2.45171984e+03  6.39970000e+02  1.07836000e+02  3.66000000e-01 2.80640000e+01
 -2.45171984e+03  6.39970000e+02  1.07836000e+02  3.66000000e-01 2.80640000e+01
 -2.45171984e+03  6.39970000e+02  1.07836000e+02  3.66000000e-01 2.80640000e+01
 -2.45171984e+03  6.39970000e+02  1.07836000e+02  3.66000000e-01 2.80640000e+01
 -2.44225891e+03  6.40840000e+02  1.17478000e+02  3.55000000e-01 2.63000000e+01
 -2.44897470e+03  6.40840000e+02  1.11535000e+02  3.64000000e-01 2.59580000e+01
 -2.44897470e+03  6.40840000e+02  1.11535000e+02  3.64000000e-01 2.59580000e+01
 -2.44897470e+03  6.40840000e+02  1.11535000e+02  3.64000000e-01 2.59580000e+01
 -2.45186771e+03  6.40840000e+02  1.10278000e+02  3.73000000e-01 2.68680000e+01
 -2.45186771e+03  6.40840000e+02  1.10278000e+02  3.73000000e-01 2.68680000e+01
 -2.45186771e+03  6.40840000e+02  1.10278000e+02  3.73000000e-01 2.68680000e+01
 -2.45186771e+03  6.40840000e+02  1.10278000e+02  3.73000000e-01 2.68680000e+01
 -2.45186771e+03  6.40840000e+02  1.10278000e+02  3.73000000e-01 2.68680000e+01
 -2.45186771e+03  6.40840000e+02  1.10278000e+02  3.73000000e-01 2.68680000e+01
 -2.45186771e+03  6.40840000e+02  1.10278000e+02  3.73000000e-01 2.68680000e+01
 -2.45171135e+03  6.42710000e+02  1.14718000e+02  3.56000000e-01 2.79910000e+01
 -2.45171135e+03  6.42710000e+02  1.14718000e+02  3.56000000e-01 2.79910000e+01
 -2.45171135e+03  6.42710000e+02  1.14718000e+02  3.56000000e-01 2.79910000e+01
 -2.45171135e+03  6.42710000e+02  1.14718000e+02  3.56000000e-01 2.79910000e+01
 -2.44772869e+03  6.42710000e+02  1.12883000e+02  3.67000000e-01 2.72290000e+01
 -2.44772869e+03  6.42710000e+02  1.12883000e+02  3.67000000e-01 2.72290000e+01
 -2.44687592e+03  6.43580000e+02  1.14920000e+02  3.70000000e-01 2.88870000e+01
 -2.46387911e+03  6.44450000e+02  1.17525000e+02  3.74000000e-01 2.60690000e+01
 -2.46387911e+03  6.44450000e+02  1.17525000e+02  3.74000000e-01 2.60690000e+01
 -2.46387911e+03  6.44450000e+02  1.17525000e+02  3.74000000e-01 2.60690000e+01
 -2.46387911e+03  6.44450000e+02  1.17525000e+02  3.74000000e-01 2.60690000e+01
 -2.46387911e+03  6.44450000e+02  1.17525000e+02  3.74000000e-01 2.60690000e+01
 -2.46387911e+03  6.44450000e+02  1.17525000e+02  3.74000000e-01 2.60690000e+01
 -2.44724592e+03  6.45450000e+02  1.21083000e+02  3.72000000e-01 2.77280000e+01
 -2.44724592e+03  6.45450000e+02  1.21083000e+02  3.72000000e-01 2.77280000e+01
 -2.46129196e+03  6.45450000e+02  1.11437000e+02  3.60000000e-01 2.64500000e+01
 -2.46129196e+03  6.45450000e+02  1.11437000e+02  3.60000000e-01 2.64500000e+01
 -2.46129196e+03  6.45450000e+02  1.11437000e+02  3.60000000e-01 2.64500000e+01
 -2.46129196e+03  6.45450000e+02  1.11437000e+02  3.60000000e-01 2.64500000e+01
 -2.45563929e+03  6.43580000e+02  1.12526000e+02  3.78000000e-01 2.60020000e+01
 -2.45749810e+03  6.42580000e+02  1.12037000e+02  3.54000000e-01 2.78660000e+01
 -2.45749810e+03  6.42580000e+02  1.12037000e+02  3.54000000e-01 2.78660000e+01
 -2.45749810e+03  6.42580000e+02  1.12037000e+02  3.54000000e-01 2.78660000e+01
 -2.45749810e+03  6.42580000e+02  1.12037000e+02  3.54000000e-01 2.78660000e+01
 -2.45749810e+03  6.42580000e+02  1.12037000e+02  3.54000000e-01 2.78660000e+01
 -2.45749810e+03  6.42580000e+02  1.12037000e+02  3.54000000e-01 2.78660000e+01
 -2.45749810e+03  6.42580000e+02  1.12037000e+02  3.54000000e-01 2.78660000e+01
 -2.44985719e+03  6.42580000e+02  1.12596000e+02  3.71000000e-01 2.77470000e+01
 -2.44985719e+03  6.42580000e+02  1.12596000e+02  3.71000000e-01 2.77470000e+01
 -2.44985719e+03  6.42580000e+02  1.12596000e+02  3.71000000e-01 2.77470000e+01
 -2.45437920e+03  6.43450000e+02  1.07115000e+02  3.75000000e-01 2.68800000e+01
 -2.45437920e+03  6.43450000e+02  1.07115000e+02  3.75000000e-01 2.68800000e+01
 -2.45437920e+03  6.43450000e+02  1.07115000e+02  3.75000000e-01 2.68800000e+01
 -2.45437920e+03  6.43450000e+02  1.07115000e+02  3.75000000e-01 2.68800000e+01
 -2.45762165e+03  6.44450000e+02  1.14140000e+02  3.74000000e-01 2.76570000e+01
 -2.46569047e+03  6.44450000e+02  1.15844000e+02  3.70000000e-01 2.68190000e+01
 -2.45950023e+03  6.45320000e+02  1.05989000e+02  3.56000000e-01 2.56000000e+01
 -2.45950023e+03  6.45320000e+02  1.05989000e+02  3.56000000e-01 2.56000000e+01
 -2.45950023e+03  6.45320000e+02  1.05989000e+02  3.56000000e-01 2.56000000e+01
 -2.46358891e+03  6.45320000e+02  1.10598000e+02  3.73000000e-01 2.87380000e+01
 -2.46358891e+03  6.45320000e+02  1.10598000e+02  3.73000000e-01 2.87380000e+01
 -2.47119656e+03  6.46190000e+02  1.07017000e+02  3.54000000e-01 2.61960000e+01
 -2.47119656e+03  6.46190000e+02  1.07017000e+02  3.54000000e-01 2.61960000e+01
 -2.47119656e+03  6.46190000e+02  1.07017000e+02  3.54000000e-01 2.61960000e+01
 -2.47119656e+03  6.46190000e+02  1.07017000e+02  3.54000000e-01 2.61960000e+01
 -2.47119656e+03  6.46190000e+02  1.07017000e+02  3.54000000e-01 2.61960000e+01
 -2.47119656e+03  6.46190000e+02  1.07017000e+02  3.54000000e-01 2.61960000e+01
 -2.47119656e+03  6.46190000e+02  1.07017000e+02  3.54000000e-01 2.61960000e+01
 -2.47119656e+03  6.46190000e+02  1.07017000e+02  3.54000000e-01 2.61960000e+01
 -2.46326970e+03  6.46190000e+02  1.12053000e+02  3.67000000e-01 2.93810000e+01
 -2.46326970e+03  6.46190000e+02  1.12053000e+02  3.67000000e-01 2.93810000e+01
 -2.46448838e+03  6.45320000e+02  1.12269000e+02  3.75000000e-01 2.96270000e+01
 -2.46448838e+03  6.45320000e+02  1.12269000e+02  3.75000000e-01 2.96270000e+01
 -2.46448838e+03  6.45320000e+02  1.12269000e+02  3.75000000e-01 2.96270000e+01
 -2.46448838e+03  6.45320000e+02  1.12269000e+02  3.75000000e-01 2.96270000e+01
 -2.46448838e+03  6.45320000e+02  1.12269000e+02  3.75000000e-01 2.96270000e+01
 -2.44542270e+03  6.47190000e+02  1.07756000e+02  3.56000000e-01 2.74730000e+01
 -2.44542270e+03  6.47190000e+02  1.07756000e+02  3.56000000e-01 2.74730000e+01
 -2.46807015e+03  6.49060000e+02  1.10690000e+02  3.74000000e-01 2.75490000e+01
 -2.46807015e+03  6.49060000e+02  1.10690000e+02  3.74000000e-01 2.75490000e+01
 -2.46807015e+03  6.49060000e+02  1.10690000e+02  3.74000000e-01 2.75490000e+01
 -2.47623600e+03  6.50930000e+02  9.66360000e+01  3.66000000e-01 2.74500000e+01
 -2.47623600e+03  6.50930000e+02  9.66360000e+01  3.66000000e-01 2.74500000e+01
 -2.49811787e+03  6.50930000e+02  1.08323000e+02  3.63000000e-01 2.75970000e+01
 -2.49811787e+03  6.50930000e+02  1.08323000e+02  3.63000000e-01 2.75970000e+01
 -2.49811787e+03  6.50930000e+02  1.08323000e+02  3.63000000e-01 2.75970000e+01
 -2.49811787e+03  6.50930000e+02  1.08323000e+02  3.63000000e-01 2.75970000e+01
 -2.49811787e+03  6.50930000e+02  1.08323000e+02  3.63000000e-01 2.75970000e+01
 -2.49811787e+03  6.50930000e+02  1.08323000e+02  3.63000000e-01 2.75970000e+01
 -2.49811787e+03  6.50930000e+02  1.08323000e+02  3.63000000e-01 2.75970000e+01
 -2.49811787e+03  6.50930000e+02  1.08323000e+02  3.63000000e-01 2.75970000e+01
 -2.49811787e+03  6.50930000e+02  1.08323000e+02  3.63000000e-01 2.75970000e+01
 -2.49811787e+03  6.50930000e+02  1.08323000e+02  3.63000000e-01 2.75970000e+01
 -2.49811787e+03  6.50930000e+02  1.08323000e+02  3.63000000e-01 2.75970000e+01
 -2.49811787e+03  6.50930000e+02  1.08323000e+02  3.63000000e-01 2.75970000e+01
 -2.49811787e+03  6.50930000e+02  1.08323000e+02  3.63000000e-01 2.75970000e+01
 -2.49811787e+03  6.50930000e+02  1.08323000e+02  3.63000000e-01 2.75970000e+01
 -2.49811787e+03  6.50930000e+02  1.08323000e+02  3.63000000e-01 2.75970000e+01
 -2.49811787e+03  6.50930000e+02  1.08323000e+02  3.63000000e-01 2.75970000e+01
 -2.49811787e+03  6.50930000e+02  1.08323000e+02  3.63000000e-01 2.75970000e+01
 -2.49811787e+03  6.50930000e+02  1.08323000e+02  3.63000000e-01 2.75970000e+01
 -2.50062983e+03  6.51930000e+02  1.08323000e+02  3.63000000e-01 2.76290000e+01
 -2.50062983e+03  6.51930000e+02  1.08323000e+02  3.63000000e-01 2.76290000e+01
 -2.50062983e+03  6.51930000e+02  1.08323000e+02  3.63000000e-01 2.76290000e+01
 -2.50062983e+03  6.51930000e+02  1.08323000e+02  3.63000000e-01 2.76290000e+01
 -2.50062983e+03  6.51930000e+02  1.08323000e+02  3.63000000e-01 2.76290000e+01
 -2.50062983e+03  6.51930000e+02  1.08323000e+02  3.63000000e-01 2.76290000e+01
 -2.50062983e+03  6.51930000e+02  1.08323000e+02  3.63000000e-01 2.76290000e+01
 -2.50062983e+03  6.51930000e+02  1.08323000e+02  3.63000000e-01 2.76290000e+01
 -2.50062983e+03  6.51930000e+02  1.08323000e+02  3.63000000e-01 2.76290000e+01
 -2.50062983e+03  6.51930000e+02  1.08323000e+02  3.63000000e-01 2.76290000e+01
 -2.50286552e+03  6.52800000e+02  1.08323000e+02  3.63000000e-01 2.76330000e+01
 -2.50286552e+03  6.52800000e+02  1.08323000e+02  3.63000000e-01 2.76330000e+01
 -2.50286552e+03  6.52800000e+02  1.08323000e+02  3.63000000e-01 2.76330000e+01
 -2.50286552e+03  6.52800000e+02  1.08323000e+02  3.63000000e-01 2.76330000e+01
 -2.50286552e+03  6.52800000e+02  1.08323000e+02  3.63000000e-01 2.76330000e+01
 -2.50286552e+03  6.52800000e+02  1.08323000e+02  3.63000000e-01 2.76330000e+01
 -2.50286552e+03  6.52800000e+02  1.08323000e+02  3.63000000e-01 2.76330000e+01
 -2.50286552e+03  6.52800000e+02  1.08323000e+02  3.63000000e-01 2.76330000e+01
 -2.50286552e+03  6.52800000e+02  1.08323000e+02  3.63000000e-01 2.76330000e+01
 -2.50286552e+03  6.52800000e+02  1.08323000e+02  3.63000000e-01 2.76330000e+01
 -2.50286552e+03  6.52800000e+02  1.08323000e+02  3.63000000e-01 2.76330000e+01
 -2.50286552e+03  6.52800000e+02  1.08323000e+02  3.63000000e-01 2.76330000e+01
 -2.50286552e+03  6.52800000e+02  1.08323000e+02  3.63000000e-01 2.76330000e+01
 -2.50286552e+03  6.52800000e+02  1.08323000e+02  3.63000000e-01 2.76330000e+01
 -2.50286552e+03  6.52800000e+02  1.08323000e+02  3.63000000e-01 2.76330000e+01
 -2.50286552e+03  6.52800000e+02  1.08323000e+02  3.63000000e-01 2.76330000e+01
 -2.50286552e+03  6.52800000e+02  1.08323000e+02  3.63000000e-01 2.76330000e+01
 -2.50286552e+03  6.52800000e+02  1.08323000e+02  3.63000000e-01 2.76330000e+01
 -2.50286552e+03  6.52800000e+02  1.08323000e+02  3.63000000e-01 2.76330000e+01
 -2.50286552e+03  6.52800000e+02  1.08323000e+02  3.63000000e-01 2.76330000e+01
 -2.50286552e+03  6.52800000e+02  1.08323000e+02  3.63000000e-01 2.76330000e+01
 -2.50286552e+03  6.52800000e+02  1.08323000e+02  3.63000000e-01 2.76330000e+01
 -2.50286552e+03  6.52800000e+02  1.08323000e+02  3.63000000e-01 2.76330000e+01
 -2.50286552e+03  6.52800000e+02  1.08323000e+02  3.63000000e-01 2.76330000e+01
 -2.50286552e+03  6.52800000e+02  1.08323000e+02  3.63000000e-01 2.76330000e+01
 -2.50286552e+03  6.52800000e+02  1.08323000e+02  3.63000000e-01 2.76330000e+01
 -2.50286552e+03  6.52800000e+02  1.08323000e+02  3.63000000e-01 2.76330000e+01
 -2.50286552e+03  6.52800000e+02  1.08323000e+02  3.63000000e-01 2.76330000e+01
 -2.50286552e+03  6.52800000e+02  1.08323000e+02  3.63000000e-01 2.76330000e+01
 -2.50286552e+03  6.52800000e+02  1.08323000e+02  3.63000000e-01 2.76330000e+01
 -2.50286552e+03  6.52800000e+02  1.08323000e+02  3.63000000e-01 2.76330000e+01
 -2.50062983e+03  6.51930000e+02  1.08323000e+02  3.63000000e-01 2.76290000e+01
 -2.50062983e+03  6.51930000e+02  1.08323000e+02  3.63000000e-01 2.76290000e+01
 -2.50062983e+03  6.51930000e+02  1.08323000e+02  3.63000000e-01 2.76290000e+01
 -2.50062983e+03  6.51930000e+02  1.08323000e+02  3.63000000e-01 2.76290000e+01
 -2.50062983e+03  6.51930000e+02  1.08323000e+02  3.63000000e-01 2.76290000e+01
 -2.50062983e+03  6.51930000e+02  1.08323000e+02  3.63000000e-01 2.76290000e+01
 -2.50062983e+03  6.51930000e+02  1.08323000e+02  3.63000000e-01 2.76290000e+01
 -2.50062983e+03  6.51930000e+02  1.08323000e+02  3.63000000e-01 2.76290000e+01
 -2.50062983e+03  6.51930000e+02  1.08323000e+02  3.63000000e-01 2.76290000e+01
 -2.50062983e+03  6.51930000e+02  1.08323000e+02  3.63000000e-01 2.76290000e+01
 -2.50062983e+03  6.51930000e+02  1.08323000e+02  3.63000000e-01 2.76290000e+01
 -2.50062983e+03  6.51930000e+02  1.08323000e+02  3.63000000e-01 2.76290000e+01
 -2.50062983e+03  6.51930000e+02  1.08323000e+02  3.63000000e-01 2.76290000e+01
 -2.50062983e+03  6.51930000e+02  1.08323000e+02  3.63000000e-01 2.76290000e+01
 -2.50062983e+03  6.51930000e+02  1.08323000e+02  3.63000000e-01 2.76290000e+01
 -2.50062983e+03  6.51930000e+02  1.08323000e+02  3.63000000e-01 2.76290000e+01
 -2.50062983e+03  6.51930000e+02  1.08323000e+02  3.63000000e-01 2.76290000e+01
 -2.50062983e+03  6.51930000e+02  1.08323000e+02  3.63000000e-01 2.76290000e+01
 -2.50062983e+03  6.51930000e+02  1.08323000e+02  3.63000000e-01 2.76290000e+01
 -2.50062983e+03  6.51930000e+02  1.08323000e+02  3.63000000e-01 2.76290000e+01
 -2.50062983e+03  6.51930000e+02  1.08323000e+02  3.63000000e-01 2.76290000e+01
 -2.50286552e+03  6.52800000e+02  1.08323000e+02  3.63000000e-01 2.76330000e+01
 -2.50286552e+03  6.52800000e+02  1.08323000e+02  3.63000000e-01 2.76330000e+01
 -2.50286552e+03  6.52800000e+02  1.08323000e+02  3.63000000e-01 2.76330000e+01
 -2.50286552e+03  6.52800000e+02  1.08323000e+02  3.63000000e-01 2.76330000e+01
 -2.50286552e+03  6.52800000e+02  1.08323000e+02  3.63000000e-01 2.76330000e+01
 -2.50286552e+03  6.52800000e+02  1.08323000e+02  3.63000000e-01 2.76330000e+01
 -2.50286552e+03  6.52800000e+02  1.08323000e+02  3.63000000e-01 2.76330000e+01
 -2.50286552e+03  6.52800000e+02  1.08323000e+02  3.63000000e-01 2.76330000e+01
 -2.50286552e+03  6.52800000e+02  1.08323000e+02  3.63000000e-01 2.76330000e+01
 -2.50286552e+03  6.52800000e+02  1.08323000e+02  3.63000000e-01 2.76330000e+01
 -2.50286552e+03  6.52800000e+02  1.08323000e+02  3.63000000e-01 2.76330000e+01
 -2.50286552e+03  6.52800000e+02  1.08323000e+02  3.63000000e-01 2.76330000e+01
 -2.50286552e+03  6.52800000e+02  1.08323000e+02  3.63000000e-01 2.76330000e+01
 -2.50286552e+03  6.52800000e+02  1.08323000e+02  3.63000000e-01 2.76330000e+01
 -2.50286552e+03  6.52800000e+02  1.08323000e+02  3.63000000e-01 2.76330000e+01
 -2.50286552e+03  6.52800000e+02  1.08323000e+02  3.63000000e-01 2.76330000e+01
 -2.50286552e+03  6.52800000e+02  1.08323000e+02  3.63000000e-01 2.76330000e+01
 -2.50286552e+03  6.52800000e+02  1.08323000e+02  3.63000000e-01 2.76330000e+01
 -2.50286552e+03  6.52800000e+02  1.08323000e+02  3.63000000e-01 2.76330000e+01
 -2.50286552e+03  6.52800000e+02  1.08323000e+02  3.63000000e-01 2.76330000e+01
 -2.50286552e+03  6.52800000e+02  1.08323000e+02  3.63000000e-01 2.76330000e+01
 -2.50286552e+03  6.52800000e+02  1.08323000e+02  3.63000000e-01 2.76330000e+01
 -2.50286552e+03  6.52800000e+02  1.08323000e+02  3.63000000e-01 2.76330000e+01
 -2.50286552e+03  6.52800000e+02  1.08323000e+02  3.63000000e-01 2.76330000e+01
 -2.50286552e+03  6.52800000e+02  1.08323000e+02  3.63000000e-01 2.76330000e+01
 -2.50286552e+03  6.52800000e+02  1.08323000e+02  3.63000000e-01 2.76330000e+01
 -2.50286552e+03  6.52800000e+02  1.08323000e+02  3.63000000e-01 2.76330000e+01
 -2.50286552e+03  6.52800000e+02  1.08323000e+02  3.63000000e-01 2.76330000e+01
 -2.50286552e+03  6.52800000e+02  1.08323000e+02  3.63000000e-01 2.76330000e+01
 -2.50286552e+03  6.52800000e+02  1.08323000e+02  3.63000000e-01 2.76330000e+01
 -2.50286552e+03  6.52800000e+02  1.08323000e+02  3.63000000e-01 2.76330000e+01
 -2.50286552e+03  6.52800000e+02  1.08323000e+02  3.63000000e-01 2.76330000e+01
 -2.50286552e+03  6.52800000e+02  1.08323000e+02  3.63000000e-01 2.76330000e+01
 -2.50286552e+03  6.52800000e+02  1.08323000e+02  3.63000000e-01 2.76330000e+01
 -2.50286552e+03  6.52800000e+02  1.08323000e+02  3.63000000e-01 2.76330000e+01
 -2.50286552e+03  6.52800000e+02  1.08323000e+02  3.63000000e-01 2.76330000e+01
 -2.50286552e+03  6.52800000e+02  1.08323000e+02  3.63000000e-01 2.76330000e+01
 -2.50286552e+03  6.52800000e+02  1.08323000e+02  3.63000000e-01 2.76330000e+01
 -2.50286552e+03  6.52800000e+02  1.08323000e+02  3.63000000e-01 2.76330000e+01
 -2.50286552e+03  6.52800000e+02  1.08323000e+02  3.63000000e-01 2.76330000e+01
 -2.50286552e+03  6.52800000e+02  1.08323000e+02  3.63000000e-01 2.76330000e+01
 -2.50286552e+03  6.52800000e+02  1.08323000e+02  3.63000000e-01 2.76330000e+01
 -2.50286552e+03  6.52800000e+02  1.08323000e+02  3.63000000e-01 2.76330000e+01
 -2.50062983e+03  6.51930000e+02  1.08323000e+02  3.63000000e-01 2.76290000e+01
 -2.50062983e+03  6.51930000e+02  1.08323000e+02  3.63000000e-01 2.76290000e+01
 -2.50062983e+03  6.51930000e+02  1.08323000e+02  3.63000000e-01 2.76290000e+01
 -2.50062983e+03  6.51930000e+02  1.08323000e+02  3.63000000e-01 2.76290000e+01
 -2.50062983e+03  6.51930000e+02  1.08323000e+02  3.63000000e-01 2.76290000e+01
 -2.50062983e+03  6.51930000e+02  1.08323000e+02  3.63000000e-01 2.76290000e+01
 -2.50415179e+03  6.52800000e+02  1.03540000e+02  3.78000000e-01 2.46570000e+01
 -2.50415179e+03  6.52800000e+02  1.03540000e+02  3.78000000e-01 2.46570000e+01
 -2.50415179e+03  6.52800000e+02  1.03540000e+02  3.78000000e-01 2.46570000e+01
 -2.50415179e+03  6.52800000e+02  1.03540000e+02  3.78000000e-01 2.46570000e+01
 -2.50415179e+03  6.52800000e+02  1.03540000e+02  3.78000000e-01 2.46570000e+01
 -2.50415179e+03  6.52800000e+02  1.03540000e+02  3.78000000e-01 2.46570000e+01
 -2.50415179e+03  6.52800000e+02  1.03540000e+02  3.78000000e-01 2.46570000e+01
 -2.50415179e+03  6.52800000e+02  1.03540000e+02  3.78000000e-01 2.46570000e+01
 -2.50415179e+03  6.52800000e+02  1.03540000e+02  3.78000000e-01 2.46570000e+01
 -2.50415179e+03  6.52800000e+02  1.03540000e+02  3.78000000e-01 2.46570000e+01
 -2.50415179e+03  6.52800000e+02  1.03540000e+02  3.78000000e-01 2.46570000e+01
 -2.50415179e+03  6.52800000e+02  1.03540000e+02  3.78000000e-01 2.46570000e+01
 -2.50415179e+03  6.52800000e+02  1.03540000e+02  3.78000000e-01 2.46570000e+01
 -2.50415179e+03  6.52800000e+02  1.03540000e+02  3.78000000e-01 2.46570000e+01
 -2.50415179e+03  6.52800000e+02  1.03540000e+02  3.78000000e-01 2.46570000e+01
 -2.50415179e+03  6.52800000e+02  1.03540000e+02  3.78000000e-01 2.46570000e+01
 -2.50415179e+03  6.52800000e+02  1.03540000e+02  3.78000000e-01 2.46570000e+01
 -2.50415179e+03  6.52800000e+02  1.03540000e+02  3.78000000e-01 2.46570000e+01
 -2.50415179e+03  6.52800000e+02  1.03540000e+02  3.78000000e-01 2.46570000e+01
 -2.50415179e+03  6.52800000e+02  1.03540000e+02  3.78000000e-01 2.46570000e+01
 -2.50415179e+03  6.52800000e+02  1.03540000e+02  3.78000000e-01 2.46570000e+01
 -2.50415179e+03  6.52800000e+02  1.03540000e+02  3.78000000e-01 2.46570000e+01
 -2.50415179e+03  6.52800000e+02  1.03540000e+02  3.78000000e-01 2.46570000e+01
 -2.50415179e+03  6.52800000e+02  1.03540000e+02  3.78000000e-01 2.46570000e+01
 -2.50415179e+03  6.52800000e+02  1.03540000e+02  3.78000000e-01 2.46570000e+01
 -2.50415179e+03  6.52800000e+02  1.03540000e+02  3.78000000e-01 2.46570000e+01
 -2.50415179e+03  6.52800000e+02  1.03540000e+02  3.78000000e-01 2.46570000e+01
 -2.50415179e+03  6.52800000e+02  1.03540000e+02  3.78000000e-01 2.46570000e+01
 -2.50415179e+03  6.52800000e+02  1.03540000e+02  3.78000000e-01 2.46570000e+01
 -2.50415179e+03  6.52800000e+02  1.03540000e+02  3.78000000e-01 2.46570000e+01
 -2.50415179e+03  6.52800000e+02  1.03540000e+02  3.78000000e-01 2.46570000e+01
 -2.50415179e+03  6.52800000e+02  1.03540000e+02  3.78000000e-01 2.46570000e+01
 -2.50415179e+03  6.52800000e+02  1.03540000e+02  3.78000000e-01 2.46570000e+01
 -2.50415179e+03  6.52800000e+02  1.03540000e+02  3.78000000e-01 2.46570000e+01
 -2.50415179e+03  6.52800000e+02  1.03540000e+02  3.78000000e-01 2.46570000e+01
 -2.50415179e+03  6.52800000e+02  1.03540000e+02  3.78000000e-01 2.46570000e+01
 -2.50415179e+03  6.52800000e+02  1.03540000e+02  3.78000000e-01 2.46570000e+01
 -2.50415179e+03  6.52800000e+02  1.03540000e+02  3.78000000e-01 2.46570000e+01
 -2.50415179e+03  6.52800000e+02  1.03540000e+02  3.78000000e-01 2.46570000e+01
 -2.50415179e+03  6.52800000e+02  1.03540000e+02  3.78000000e-01 2.46570000e+01
 -2.50415179e+03  6.52800000e+02  1.03540000e+02  3.78000000e-01 2.46570000e+01
 -2.50415179e+03  6.52800000e+02  1.03540000e+02  3.78000000e-01 2.46570000e+01
 -2.49580765e+03  6.51800000e+02  1.01018000e+02  3.82000000e-01 2.53780000e+01
 -2.49580765e+03  6.51800000e+02  1.01018000e+02  3.82000000e-01 2.53780000e+01
 -2.50121720e+03  6.51800000e+02  1.10763000e+02  3.64000000e-01 2.60260000e+01
 -2.50121720e+03  6.51800000e+02  1.10763000e+02  3.64000000e-01 2.60260000e+01
 -2.50121720e+03  6.51800000e+02  1.10763000e+02  3.64000000e-01 2.60260000e+01
 -2.50121720e+03  6.51800000e+02  1.10763000e+02  3.64000000e-01 2.60260000e+01
 -2.50121720e+03  6.51800000e+02  1.10763000e+02  3.64000000e-01 2.60260000e+01
 -2.50121720e+03  6.51800000e+02  1.10763000e+02  3.64000000e-01 2.60260000e+01
 -2.50121720e+03  6.51800000e+02  1.10763000e+02  3.64000000e-01 2.60260000e+01
 -2.50121720e+03  6.51800000e+02  1.10763000e+02  3.64000000e-01 2.60260000e+01
 -2.50121720e+03  6.51800000e+02  1.10763000e+02  3.64000000e-01 2.60260000e+01
 -2.50121720e+03  6.51800000e+02  1.10763000e+02  3.64000000e-01 2.60260000e+01
 -2.50121720e+03  6.51800000e+02  1.10763000e+02  3.64000000e-01 2.60260000e+01
 -2.50121720e+03  6.51800000e+02  1.10763000e+02  3.64000000e-01 2.60260000e+01
 -2.50121720e+03  6.51800000e+02  1.10763000e+02  3.64000000e-01 2.60260000e+01
 -2.50121720e+03  6.51800000e+02  1.10763000e+02  3.64000000e-01 2.60260000e+01
 -2.50121720e+03  6.51800000e+02  1.10763000e+02  3.64000000e-01 2.60260000e+01
 -2.50121720e+03  6.51800000e+02  1.10763000e+02  3.64000000e-01 2.60260000e+01
 -2.50121720e+03  6.51800000e+02  1.10763000e+02  3.64000000e-01 2.60260000e+01
 -2.50121720e+03  6.51800000e+02  1.10763000e+02  3.64000000e-01 2.60260000e+01
 -2.50272939e+03  6.53670000e+02  1.08050000e+02  3.72000000e-01 2.47600000e+01
 -2.50272939e+03  6.53670000e+02  1.08050000e+02  3.72000000e-01 2.47600000e+01
 -2.50272939e+03  6.53670000e+02  1.08050000e+02  3.72000000e-01 2.47600000e+01
 -2.50272939e+03  6.53670000e+02  1.08050000e+02  3.72000000e-01 2.47600000e+01
 -2.50272939e+03  6.53670000e+02  1.08050000e+02  3.72000000e-01 2.47600000e+01
 -2.50272939e+03  6.53670000e+02  1.08050000e+02  3.72000000e-01 2.47600000e+01
 -2.50272939e+03  6.53670000e+02  1.08050000e+02  3.72000000e-01 2.47600000e+01
 -2.50272939e+03  6.53670000e+02  1.08050000e+02  3.72000000e-01 2.47600000e+01
 -2.50272939e+03  6.53670000e+02  1.08050000e+02  3.72000000e-01 2.47600000e+01
 -2.50272939e+03  6.53670000e+02  1.08050000e+02  3.72000000e-01 2.47600000e+01
 -2.50272939e+03  6.53670000e+02  1.08050000e+02  3.72000000e-01 2.47600000e+01
 -2.50272939e+03  6.53670000e+02  1.08050000e+02  3.72000000e-01 2.47600000e+01
 -2.50272939e+03  6.53670000e+02  1.08050000e+02  3.72000000e-01 2.47600000e+01
 -2.50272939e+03  6.53670000e+02  1.08050000e+02  3.72000000e-01 2.47600000e+01
 -2.50272939e+03  6.53670000e+02  1.08050000e+02  3.72000000e-01 2.47600000e+01
 -2.50272939e+03  6.53670000e+02  1.08050000e+02  3.72000000e-01 2.47600000e+01
 -2.50272939e+03  6.53670000e+02  1.08050000e+02  3.72000000e-01 2.47600000e+01
 -2.50272939e+03  6.53670000e+02  1.08050000e+02  3.72000000e-01 2.47600000e+01
 -2.50272939e+03  6.53670000e+02  1.08050000e+02  3.72000000e-01 2.47600000e+01
 -2.50272939e+03  6.53670000e+02  1.08050000e+02  3.72000000e-01 2.47600000e+01
 -2.50272939e+03  6.53670000e+02  1.08050000e+02  3.72000000e-01 2.47600000e+01
 -2.50272939e+03  6.53670000e+02  1.08050000e+02  3.72000000e-01 2.47600000e+01
 -2.50272939e+03  6.53670000e+02  1.08050000e+02  3.72000000e-01 2.47600000e+01
 -2.50272939e+03  6.53670000e+02  1.08050000e+02  3.72000000e-01 2.47600000e+01
 -2.50272939e+03  6.53670000e+02  1.08050000e+02  3.72000000e-01 2.47600000e+01
 -2.50272939e+03  6.53670000e+02  1.08050000e+02  3.72000000e-01 2.47600000e+01
 -2.50272939e+03  6.53670000e+02  1.08050000e+02  3.72000000e-01 2.47600000e+01
 -2.50272939e+03  6.53670000e+02  1.08050000e+02  3.72000000e-01 2.47600000e+01
 -2.50272939e+03  6.53670000e+02  1.08050000e+02  3.72000000e-01 2.47600000e+01
 -2.50272939e+03  6.53670000e+02  1.08050000e+02  3.72000000e-01 2.47600000e+01
 -2.50272939e+03  6.53670000e+02  1.08050000e+02  3.72000000e-01 2.47600000e+01
 -2.50272939e+03  6.53670000e+02  1.08050000e+02  3.72000000e-01 2.47600000e+01
 -2.50272939e+03  6.53670000e+02  1.08050000e+02  3.72000000e-01 2.47600000e+01
 -2.50272939e+03  6.53670000e+02  1.08050000e+02  3.72000000e-01 2.47600000e+01
 -2.50272939e+03  6.53670000e+02  1.08050000e+02  3.72000000e-01 2.47600000e+01
 -2.50272939e+03  6.53670000e+02  1.08050000e+02  3.72000000e-01 2.47600000e+01
 -2.50272939e+03  6.53670000e+02  1.08050000e+02  3.72000000e-01 2.47600000e+01
 -2.50272939e+03  6.53670000e+02  1.08050000e+02  3.72000000e-01 2.47600000e+01
 -2.50272939e+03  6.53670000e+02  1.08050000e+02  3.72000000e-01 2.47600000e+01
 -2.50272939e+03  6.53670000e+02  1.08050000e+02  3.72000000e-01 2.47600000e+01
 -2.50272939e+03  6.53670000e+02  1.08050000e+02  3.72000000e-01 2.47600000e+01
 -2.50272939e+03  6.53670000e+02  1.08050000e+02  3.72000000e-01 2.47600000e+01
 -2.50272939e+03  6.53670000e+02  1.08050000e+02  3.72000000e-01 2.47600000e+01
 -2.50272939e+03  6.53670000e+02  1.08050000e+02  3.72000000e-01 2.47600000e+01
 -2.50272939e+03  6.53670000e+02  1.08050000e+02  3.72000000e-01 2.47600000e+01
 -2.50272939e+03  6.53670000e+02  1.08050000e+02  3.72000000e-01 2.47600000e+01
 -2.50272939e+03  6.53670000e+02  1.08050000e+02  3.72000000e-01 2.47600000e+01
 -2.50272939e+03  6.53670000e+02  1.08050000e+02  3.72000000e-01 2.47600000e+01
 -2.50272939e+03  6.53670000e+02  1.08050000e+02  3.72000000e-01 2.47600000e+01
 -2.50272939e+03  6.53670000e+02  1.08050000e+02  3.72000000e-01 2.47600000e+01
 -2.50272939e+03  6.53670000e+02  1.08050000e+02  3.72000000e-01 2.47600000e+01
 -2.50272939e+03  6.53670000e+02  1.08050000e+02  3.72000000e-01 2.47600000e+01
 -2.50272939e+03  6.53670000e+02  1.08050000e+02  3.72000000e-01 2.47600000e+01
 -2.50272939e+03  6.53670000e+02  1.08050000e+02  3.72000000e-01 2.47600000e+01
 -2.50272939e+03  6.53670000e+02  1.08050000e+02  3.72000000e-01 2.47600000e+01
 -2.50272939e+03  6.53670000e+02  1.08050000e+02  3.72000000e-01 2.47600000e+01
 -2.50272939e+03  6.53670000e+02  1.08050000e+02  3.72000000e-01 2.47600000e+01
 -2.50272939e+03  6.53670000e+02  1.08050000e+02  3.72000000e-01 2.47600000e+01
 -2.50272939e+03  6.53670000e+02  1.08050000e+02  3.72000000e-01 2.47600000e+01
 -2.50272939e+03  6.53670000e+02  1.08050000e+02  3.72000000e-01 2.47600000e+01
 -2.50272939e+03  6.53670000e+02  1.08050000e+02  3.72000000e-01 2.47600000e+01
 -2.50272939e+03  6.53670000e+02  1.08050000e+02  3.72000000e-01 2.47600000e+01
 -2.50272939e+03  6.53670000e+02  1.08050000e+02  3.72000000e-01 2.47600000e+01
 -2.50272939e+03  6.53670000e+02  1.08050000e+02  3.72000000e-01 2.47600000e+01
 -2.50582490e+03  6.53670000e+02  1.18507000e+02  3.70000000e-01 2.75150000e+01
 -2.50582490e+03  6.53670000e+02  1.18507000e+02  3.70000000e-01 2.75150000e+01
 -2.50582490e+03  6.53670000e+02  1.18507000e+02  3.70000000e-01 2.75150000e+01
 -2.50582490e+03  6.53670000e+02  1.18507000e+02  3.70000000e-01 2.75150000e+01
 -2.50582490e+03  6.53670000e+02  1.18507000e+02  3.70000000e-01 2.75150000e+01
 -2.50582490e+03  6.53670000e+02  1.18507000e+02  3.70000000e-01 2.75150000e+01
 -2.50582490e+03  6.53670000e+02  1.18507000e+02  3.70000000e-01 2.75150000e+01
 -2.50582490e+03  6.53670000e+02  1.18507000e+02  3.70000000e-01 2.75150000e+01
 -2.50582490e+03  6.53670000e+02  1.18507000e+02  3.70000000e-01 2.75150000e+01
 -2.50582490e+03  6.53670000e+02  1.18507000e+02  3.70000000e-01 2.75150000e+01
 -2.50582490e+03  6.53670000e+02  1.18507000e+02  3.70000000e-01 2.75150000e+01
 -2.50582490e+03  6.53670000e+02  1.18507000e+02  3.70000000e-01 2.75150000e+01
 -2.50582490e+03  6.53670000e+02  1.18507000e+02  3.70000000e-01 2.75150000e+01
 -2.50582490e+03  6.53670000e+02  1.18507000e+02  3.70000000e-01 2.75150000e+01
 -2.50582490e+03  6.53670000e+02  1.18507000e+02  3.70000000e-01 2.75150000e+01
 -2.50582490e+03  6.53670000e+02  1.18507000e+02  3.70000000e-01 2.75150000e+01
 -2.50582490e+03  6.53670000e+02  1.18507000e+02  3.70000000e-01 2.75150000e+01
 -2.50582490e+03  6.53670000e+02  1.18507000e+02  3.70000000e-01 2.75150000e+01
 -2.50323944e+03  6.55540000e+02  1.05336000e+02  3.75000000e-01 2.44700000e+01
 -2.50323944e+03  6.55540000e+02  1.05336000e+02  3.75000000e-01 2.44700000e+01
 -2.50323944e+03  6.55540000e+02  1.05336000e+02  3.75000000e-01 2.44700000e+01
 -2.50323944e+03  6.55540000e+02  1.05336000e+02  3.75000000e-01 2.44700000e+01
 -2.50287789e+03  6.57410000e+02  1.19394000e+02  3.69000000e-01 2.73210000e+01
 -2.50287789e+03  6.57410000e+02  1.19394000e+02  3.69000000e-01 2.73210000e+01
 -2.50287789e+03  6.57410000e+02  1.19394000e+02  3.69000000e-01 2.73210000e+01
 -2.50287789e+03  6.57410000e+02  1.19394000e+02  3.69000000e-01 2.73210000e+01
 -2.50287789e+03  6.57410000e+02  1.19394000e+02  3.69000000e-01 2.73210000e+01
 -2.50287789e+03  6.57410000e+02  1.19394000e+02  3.69000000e-01 2.73210000e+01
 -2.50287789e+03  6.57410000e+02  1.19394000e+02  3.69000000e-01 2.73210000e+01
 -2.50264358e+03  6.57410000e+02  1.08321000e+02  3.67000000e-01 2.66620000e+01
 -2.50264358e+03  6.57410000e+02  1.08321000e+02  3.67000000e-01 2.66620000e+01
 -2.50264358e+03  6.57410000e+02  1.08321000e+02  3.67000000e-01 2.66620000e+01
 -2.50264358e+03  6.57410000e+02  1.08321000e+02  3.67000000e-01 2.66620000e+01
 -2.49943704e+03  6.57410000e+02  1.11519000e+02  3.71000000e-01 2.69730000e+01
 -2.49705641e+03  6.56410000e+02  1.11519000e+02  3.71000000e-01 2.68770000e+01
 -2.49705641e+03  6.56410000e+02  1.11519000e+02  3.71000000e-01 2.68770000e+01
 -2.49705641e+03  6.56410000e+02  1.11519000e+02  3.71000000e-01 2.68770000e+01
 -2.49705641e+03  6.56410000e+02  1.11519000e+02  3.71000000e-01 2.68770000e+01
 -2.50272945e+03  6.55540000e+02  1.13722000e+02  3.59000000e-01 2.72430000e+01
 -2.50108080e+03  6.57410000e+02  1.15005000e+02  3.68000000e-01 2.65270000e+01
 -2.51331014e+03  6.58410000e+02  1.06297000e+02  3.75000000e-01 2.56150000e+01
 -2.51331014e+03  6.58410000e+02  1.06297000e+02  3.75000000e-01 2.56150000e+01
 -2.51331014e+03  6.58410000e+02  1.06297000e+02  3.75000000e-01 2.56150000e+01
 -2.51331014e+03  6.58410000e+02  1.06297000e+02  3.75000000e-01 2.56150000e+01
 -2.51331014e+03  6.58410000e+02  1.06297000e+02  3.75000000e-01 2.56150000e+01
 -2.51331014e+03  6.58410000e+02  1.06297000e+02  3.75000000e-01 2.56150000e+01
 -2.51331014e+03  6.58410000e+02  1.06297000e+02  3.75000000e-01 2.56150000e+01
 -2.51331014e+03  6.58410000e+02  1.06297000e+02  3.75000000e-01 2.56150000e+01
 -2.51331014e+03  6.58410000e+02  1.06297000e+02  3.75000000e-01 2.56150000e+01
 -2.51331014e+03  6.58410000e+02  1.06297000e+02  3.75000000e-01 2.56150000e+01
 -2.51331014e+03  6.58410000e+02  1.06297000e+02  3.75000000e-01 2.56150000e+01
 -2.51331014e+03  6.58410000e+02  1.06297000e+02  3.75000000e-01 2.56150000e+01
 -2.51331014e+03  6.58410000e+02  1.06297000e+02  3.75000000e-01 2.56150000e+01
 -2.51235085e+03  6.60280000e+02  1.12135000e+02  3.68000000e-01 2.81020000e+01
 -2.51235085e+03  6.60280000e+02  1.12135000e+02  3.68000000e-01 2.81020000e+01
 -2.51235085e+03  6.60280000e+02  1.12135000e+02  3.68000000e-01 2.81020000e+01
 -2.51235085e+03  6.60280000e+02  1.12135000e+02  3.68000000e-01 2.81020000e+01
 -2.51235085e+03  6.60280000e+02  1.12135000e+02  3.68000000e-01 2.81020000e+01
 -2.51235085e+03  6.60280000e+02  1.12135000e+02  3.68000000e-01 2.81020000e+01
 -2.51235085e+03  6.60280000e+02  1.12135000e+02  3.68000000e-01 2.81020000e+01
 -2.51235085e+03  6.60280000e+02  1.12135000e+02  3.68000000e-01 2.81020000e+01
 -2.51235085e+03  6.60280000e+02  1.12135000e+02  3.68000000e-01 2.81020000e+01
 -2.51235085e+03  6.60280000e+02  1.12135000e+02  3.68000000e-01 2.81020000e+01
 -2.51235085e+03  6.60280000e+02  1.12135000e+02  3.68000000e-01 2.81020000e+01
 -2.51235085e+03  6.60280000e+02  1.12135000e+02  3.68000000e-01 2.81020000e+01
 -2.51235085e+03  6.60280000e+02  1.12135000e+02  3.68000000e-01 2.81020000e+01
 -2.51995473e+03  6.60280000e+02  1.04934000e+02  3.58000000e-01 2.46950000e+01
 -2.51995473e+03  6.60280000e+02  1.04934000e+02  3.58000000e-01 2.46950000e+01
 -2.51995473e+03  6.60280000e+02  1.04934000e+02  3.58000000e-01 2.46950000e+01
 -2.51995473e+03  6.60280000e+02  1.04934000e+02  3.58000000e-01 2.46950000e+01
 -2.51995473e+03  6.60280000e+02  1.04934000e+02  3.58000000e-01 2.46950000e+01
 -2.51995473e+03  6.60280000e+02  1.04934000e+02  3.58000000e-01 2.46950000e+01
 -2.51995473e+03  6.60280000e+02  1.04934000e+02  3.58000000e-01 2.46950000e+01
 -2.51995473e+03  6.60280000e+02  1.04934000e+02  3.58000000e-01 2.46950000e+01
 -2.51995353e+03  6.62150000e+02  1.03420000e+02  3.64000000e-01 2.63070000e+01
 -2.52440671e+03  6.63020000e+02  1.18505000e+02  3.69000000e-01 2.77290000e+01
 -2.52440671e+03  6.63020000e+02  1.18505000e+02  3.69000000e-01 2.77290000e+01
 -2.52440671e+03  6.63020000e+02  1.18505000e+02  3.69000000e-01 2.77290000e+01
 -2.52440671e+03  6.63020000e+02  1.18505000e+02  3.69000000e-01 2.77290000e+01
 -2.52440671e+03  6.63020000e+02  1.18505000e+02  3.69000000e-01 2.77290000e+01
 -2.52761596e+03  6.62150000e+02  1.12255000e+02  3.72000000e-01 2.50300000e+01
 -2.52792201e+03  6.62150000e+02  1.10955000e+02  3.70000000e-01 2.71850000e+01
 -2.52792201e+03  6.62150000e+02  1.10955000e+02  3.70000000e-01 2.71850000e+01
 -2.52792201e+03  6.62150000e+02  1.10955000e+02  3.70000000e-01 2.71850000e+01
 -2.52792201e+03  6.62150000e+02  1.10955000e+02  3.70000000e-01 2.71850000e+01
 -2.52792201e+03  6.62150000e+02  1.10955000e+02  3.70000000e-01 2.71850000e+01
 -2.52792201e+03  6.62150000e+02  1.10955000e+02  3.70000000e-01 2.71850000e+01
 -2.52792201e+03  6.62150000e+02  1.10955000e+02  3.70000000e-01 2.71850000e+01
 -2.52792201e+03  6.62150000e+02  1.10955000e+02  3.70000000e-01 2.71850000e+01
 -2.52792201e+03  6.62150000e+02  1.10955000e+02  3.70000000e-01 2.71850000e+01
 -2.52792201e+03  6.62150000e+02  1.10955000e+02  3.70000000e-01 2.71850000e+01
 -2.52792201e+03  6.62150000e+02  1.10955000e+02  3.70000000e-01 2.71850000e+01
 -2.52792201e+03  6.62150000e+02  1.10955000e+02  3.70000000e-01 2.71850000e+01
 -2.52792201e+03  6.62150000e+02  1.10955000e+02  3.70000000e-01 2.71850000e+01
 -2.52792201e+03  6.62150000e+02  1.10955000e+02  3.70000000e-01 2.71850000e+01
 -2.52792201e+03  6.62150000e+02  1.10955000e+02  3.70000000e-01 2.71850000e+01
 -2.52792201e+03  6.62150000e+02  1.10955000e+02  3.70000000e-01 2.71850000e+01
 -2.52792201e+03  6.62150000e+02  1.10955000e+02  3.70000000e-01 2.71850000e+01
 -2.52792201e+03  6.62150000e+02  1.10955000e+02  3.70000000e-01 2.71850000e+01
 -2.52792201e+03  6.62150000e+02  1.10955000e+02  3.70000000e-01 2.71850000e+01
 -2.52792201e+03  6.62150000e+02  1.10955000e+02  3.70000000e-01 2.71850000e+01
 -2.52792201e+03  6.62150000e+02  1.10955000e+02  3.70000000e-01 2.71850000e+01
 -2.52792201e+03  6.62150000e+02  1.10955000e+02  3.70000000e-01 2.71850000e+01
 -2.52792201e+03  6.62150000e+02  1.10955000e+02  3.70000000e-01 2.71850000e+01
 -2.52792201e+03  6.62150000e+02  1.10955000e+02  3.70000000e-01 2.71850000e+01
 -2.52792201e+03  6.62150000e+02  1.10955000e+02  3.70000000e-01 2.71850000e+01
 -2.52792201e+03  6.62150000e+02  1.10955000e+02  3.70000000e-01 2.71850000e+01
 -2.52792201e+03  6.62150000e+02  1.10955000e+02  3.70000000e-01 2.71850000e+01
 -2.52792201e+03  6.62150000e+02  1.10955000e+02  3.70000000e-01 2.71850000e+01
 -2.52898416e+03  6.62150000e+02  1.11800000e+02  3.76000000e-01 2.64120000e+01
 -2.53410556e+03  6.64020000e+02  1.17325000e+02  3.59000000e-01 2.51490000e+01
 -2.53410556e+03  6.64020000e+02  1.17325000e+02  3.59000000e-01 2.51490000e+01
 -2.53410556e+03  6.64020000e+02  1.17325000e+02  3.59000000e-01 2.51490000e+01
 -2.53410556e+03  6.64020000e+02  1.17325000e+02  3.59000000e-01 2.51490000e+01
 -2.53588433e+03  6.65890000e+02  1.16634000e+02  3.67000000e-01 2.66440000e+01
 -2.53588433e+03  6.65890000e+02  1.16634000e+02  3.67000000e-01 2.66440000e+01
 -2.53588433e+03  6.65890000e+02  1.16634000e+02  3.67000000e-01 2.66440000e+01
 -2.53588433e+03  6.65890000e+02  1.16634000e+02  3.67000000e-01 2.66440000e+01
 -2.53588433e+03  6.65890000e+02  1.16634000e+02  3.67000000e-01 2.66440000e+01
 -2.53588433e+03  6.65890000e+02  1.16634000e+02  3.67000000e-01 2.66440000e+01
 -2.53588433e+03  6.65890000e+02  1.16634000e+02  3.67000000e-01 2.66440000e+01
 -2.53588433e+03  6.65890000e+02  1.16634000e+02  3.67000000e-01 2.66440000e+01
 -2.53588433e+03  6.65890000e+02  1.16634000e+02  3.67000000e-01 2.66440000e+01
 -2.53588433e+03  6.65890000e+02  1.16634000e+02  3.67000000e-01 2.66440000e+01
 -2.53588433e+03  6.65890000e+02  1.16634000e+02  3.67000000e-01 2.66440000e+01
 -2.53588433e+03  6.65890000e+02  1.16634000e+02  3.67000000e-01 2.66440000e+01
 -2.53588433e+03  6.65890000e+02  1.16634000e+02  3.67000000e-01 2.66440000e+01
 -2.53588433e+03  6.65890000e+02  1.16634000e+02  3.67000000e-01 2.66440000e+01
 -2.53588433e+03  6.65890000e+02  1.16634000e+02  3.67000000e-01 2.66440000e+01
 -2.53588433e+03  6.65890000e+02  1.16634000e+02  3.67000000e-01 2.66440000e+01
 -2.54647908e+03  6.65890000e+02  1.07968000e+02  3.66000000e-01 2.63920000e+01
 -2.54647908e+03  6.65890000e+02  1.07968000e+02  3.66000000e-01 2.63920000e+01
 -2.54647908e+03  6.65890000e+02  1.07968000e+02  3.66000000e-01 2.63920000e+01
 -2.54647908e+03  6.65890000e+02  1.07968000e+02  3.66000000e-01 2.63920000e+01
 -2.54647908e+03  6.65890000e+02  1.07968000e+02  3.66000000e-01 2.63920000e+01
 -2.54647908e+03  6.65890000e+02  1.07968000e+02  3.66000000e-01 2.63920000e+01
 -2.54647908e+03  6.65890000e+02  1.07968000e+02  3.66000000e-01 2.63920000e+01
 -2.54647908e+03  6.65890000e+02  1.07968000e+02  3.66000000e-01 2.63920000e+01
 -2.54647908e+03  6.65890000e+02  1.07968000e+02  3.66000000e-01 2.63920000e+01
 -2.54647908e+03  6.65890000e+02  1.07968000e+02  3.66000000e-01 2.63920000e+01
 -2.54647908e+03  6.65890000e+02  1.07968000e+02  3.66000000e-01 2.63920000e+01
 -2.54692760e+03  6.66760000e+02  1.05242000e+02  3.66000000e-01 2.73210000e+01
 -2.54692760e+03  6.66760000e+02  1.05242000e+02  3.66000000e-01 2.73210000e+01
 -2.54692760e+03  6.66760000e+02  1.05242000e+02  3.66000000e-01 2.73210000e+01
 -2.54692760e+03  6.66760000e+02  1.05242000e+02  3.66000000e-01 2.73210000e+01
 -2.54692760e+03  6.66760000e+02  1.05242000e+02  3.66000000e-01 2.73210000e+01
 -2.55986292e+03  6.67630000e+02  1.07774000e+02  3.71000000e-01 2.52320000e+01
 -2.55986292e+03  6.67630000e+02  1.07774000e+02  3.71000000e-01 2.52320000e+01
 -2.55986292e+03  6.67630000e+02  1.07774000e+02  3.71000000e-01 2.52320000e+01
 -2.55986292e+03  6.67630000e+02  1.07774000e+02  3.71000000e-01 2.52320000e+01
 -2.55986292e+03  6.67630000e+02  1.07774000e+02  3.71000000e-01 2.52320000e+01
 -2.55986292e+03  6.67630000e+02  1.07774000e+02  3.71000000e-01 2.52320000e+01
 -2.55986292e+03  6.67630000e+02  1.07774000e+02  3.71000000e-01 2.52320000e+01
 -2.55986292e+03  6.67630000e+02  1.07774000e+02  3.71000000e-01 2.52320000e+01
 -2.55986292e+03  6.67630000e+02  1.07774000e+02  3.71000000e-01 2.52320000e+01
 -2.55986292e+03  6.67630000e+02  1.07774000e+02  3.71000000e-01 2.52320000e+01
 -2.55986292e+03  6.67630000e+02  1.07774000e+02  3.71000000e-01 2.52320000e+01
 -2.55986292e+03  6.67630000e+02  1.07774000e+02  3.71000000e-01 2.52320000e+01
 -2.55986292e+03  6.67630000e+02  1.07774000e+02  3.71000000e-01 2.52320000e+01
 -2.55986292e+03  6.67630000e+02  1.07774000e+02  3.71000000e-01 2.52320000e+01
 -2.55986292e+03  6.67630000e+02  1.07774000e+02  3.71000000e-01 2.52320000e+01
 -2.55986292e+03  6.67630000e+02  1.07774000e+02  3.71000000e-01 2.52320000e+01
 -2.55986292e+03  6.67630000e+02  1.07774000e+02  3.71000000e-01 2.52320000e+01
 -2.55986292e+03  6.67630000e+02  1.07774000e+02  3.71000000e-01 2.52320000e+01
 -2.55986292e+03  6.67630000e+02  1.07774000e+02  3.71000000e-01 2.52320000e+01
 -2.55986292e+03  6.67630000e+02  1.07774000e+02  3.71000000e-01 2.52320000e+01
 -2.55986292e+03  6.67630000e+02  1.07774000e+02  3.71000000e-01 2.52320000e+01
 -2.55986292e+03  6.67630000e+02  1.07774000e+02  3.71000000e-01 2.52320000e+01
 -2.55986292e+03  6.67630000e+02  1.07774000e+02  3.71000000e-01 2.52320000e+01
 -2.55986292e+03  6.67630000e+02  1.07774000e+02  3.71000000e-01 2.52320000e+01
 -2.55986292e+03  6.67630000e+02  1.07774000e+02  3.71000000e-01 2.52320000e+01
 -2.55986292e+03  6.67630000e+02  1.07774000e+02  3.71000000e-01 2.52320000e+01
 -2.55986292e+03  6.67630000e+02  1.07774000e+02  3.71000000e-01 2.52320000e+01
 -2.55986292e+03  6.67630000e+02  1.07774000e+02  3.71000000e-01 2.52320000e+01
 -2.55986292e+03  6.67630000e+02  1.07774000e+02  3.71000000e-01 2.52320000e+01
 -2.55986292e+03  6.67630000e+02  1.07774000e+02  3.71000000e-01 2.52320000e+01
 -2.55986292e+03  6.67630000e+02  1.07774000e+02  3.71000000e-01 2.52320000e+01
 -2.55986292e+03  6.67630000e+02  1.07774000e+02  3.71000000e-01 2.52320000e+01
 -2.55986292e+03  6.67630000e+02  1.07774000e+02  3.71000000e-01 2.52320000e+01
 -2.55986292e+03  6.67630000e+02  1.07774000e+02  3.71000000e-01 2.52320000e+01
 -2.55986292e+03  6.67630000e+02  1.07774000e+02  3.71000000e-01 2.52320000e+01
 -2.55986292e+03  6.67630000e+02  1.07774000e+02  3.71000000e-01 2.52320000e+01
 -2.55986292e+03  6.67630000e+02  1.07774000e+02  3.71000000e-01 2.52320000e+01
 -2.55986292e+03  6.67630000e+02  1.07774000e+02  3.71000000e-01 2.52320000e+01
 -2.55986292e+03  6.67630000e+02  1.07774000e+02  3.71000000e-01 2.52320000e+01
 -2.55986292e+03  6.67630000e+02  1.07774000e+02  3.71000000e-01 2.52320000e+01
 -2.55986292e+03  6.67630000e+02  1.07774000e+02  3.71000000e-01 2.52320000e+01
 -2.55986292e+03  6.67630000e+02  1.07774000e+02  3.71000000e-01 2.52320000e+01
 -2.55986292e+03  6.67630000e+02  1.07774000e+02  3.71000000e-01 2.52320000e+01
 -2.55986292e+03  6.67630000e+02  1.07774000e+02  3.71000000e-01 2.52320000e+01
 -2.55986292e+03  6.67630000e+02  1.07774000e+02  3.71000000e-01 2.52320000e+01
 -2.55986292e+03  6.67630000e+02  1.07774000e+02  3.71000000e-01 2.52320000e+01
 -2.55986292e+03  6.67630000e+02  1.07774000e+02  3.71000000e-01 2.52320000e+01
 -2.55986292e+03  6.67630000e+02  1.07774000e+02  3.71000000e-01 2.52320000e+01
 -2.55986292e+03  6.67630000e+02  1.07774000e+02  3.71000000e-01 2.52320000e+01
 -2.55986292e+03  6.67630000e+02  1.07774000e+02  3.71000000e-01 2.52320000e+01
 -2.55986292e+03  6.67630000e+02  1.07774000e+02  3.71000000e-01 2.52320000e+01
 -2.55986292e+03  6.67630000e+02  1.07774000e+02  3.71000000e-01 2.52320000e+01
 -2.55986292e+03  6.67630000e+02  1.07774000e+02  3.71000000e-01 2.52320000e+01
 -2.55986292e+03  6.67630000e+02  1.07774000e+02  3.71000000e-01 2.52320000e+01
 -2.55986292e+03  6.67630000e+02  1.07774000e+02  3.71000000e-01 2.52320000e+01
 -2.55986292e+03  6.67630000e+02  1.07774000e+02  3.71000000e-01 2.52320000e+01
 -2.55986292e+03  6.67630000e+02  1.07774000e+02  3.71000000e-01 2.52320000e+01
 -2.55986292e+03  6.67630000e+02  1.07774000e+02  3.71000000e-01 2.52320000e+01
 -2.55986292e+03  6.67630000e+02  1.07774000e+02  3.71000000e-01 2.52320000e+01
 -2.55986292e+03  6.67630000e+02  1.07774000e+02  3.71000000e-01 2.52320000e+01
 -2.55986292e+03  6.67630000e+02  1.07774000e+02  3.71000000e-01 2.52320000e+01
 -2.55986292e+03  6.67630000e+02  1.07774000e+02  3.71000000e-01 2.52320000e+01
 -2.55986292e+03  6.67630000e+02  1.07774000e+02  3.71000000e-01 2.52320000e+01
 -2.55986292e+03  6.67630000e+02  1.07774000e+02  3.71000000e-01 2.52320000e+01
 -2.55986292e+03  6.67630000e+02  1.07774000e+02  3.71000000e-01 2.52320000e+01
 -2.55986292e+03  6.67630000e+02  1.07774000e+02  3.71000000e-01 2.52320000e+01
 -2.55986292e+03  6.67630000e+02  1.07774000e+02  3.71000000e-01 2.52320000e+01
 -2.55986292e+03  6.67630000e+02  1.07774000e+02  3.71000000e-01 2.52320000e+01
 -2.55986292e+03  6.67630000e+02  1.07774000e+02  3.71000000e-01 2.52320000e+01
 -2.55986292e+03  6.67630000e+02  1.07774000e+02  3.71000000e-01 2.52320000e+01
 -2.55986292e+03  6.67630000e+02  1.07774000e+02  3.71000000e-01 2.52320000e+01
 -2.55986292e+03  6.67630000e+02  1.07774000e+02  3.71000000e-01 2.52320000e+01
 -2.55986292e+03  6.67630000e+02  1.07774000e+02  3.71000000e-01 2.52320000e+01
 -2.55986292e+03  6.67630000e+02  1.07774000e+02  3.71000000e-01 2.52320000e+01
 -2.55986292e+03  6.67630000e+02  1.07774000e+02  3.71000000e-01 2.52320000e+01
 -2.55986292e+03  6.67630000e+02  1.07774000e+02  3.71000000e-01 2.52320000e+01
 -2.55986292e+03  6.67630000e+02  1.07774000e+02  3.71000000e-01 2.52320000e+01
 -2.55986292e+03  6.67630000e+02  1.07774000e+02  3.71000000e-01 2.52320000e+01
 -2.55986292e+03  6.67630000e+02  1.07774000e+02  3.71000000e-01 2.52320000e+01
 -2.55986292e+03  6.67630000e+02  1.07774000e+02  3.71000000e-01 2.52320000e+01
 -2.55986292e+03  6.67630000e+02  1.07774000e+02  3.71000000e-01 2.52320000e+01
 -2.55986292e+03  6.67630000e+02  1.07774000e+02  3.71000000e-01 2.52320000e+01
 -2.55986292e+03  6.67630000e+02  1.07774000e+02  3.71000000e-01 2.52320000e+01
 -2.55986292e+03  6.67630000e+02  1.07774000e+02  3.71000000e-01 2.52320000e+01
 -2.55986292e+03  6.67630000e+02  1.07774000e+02  3.71000000e-01 2.52320000e+01
 -2.55986292e+03  6.67630000e+02  1.07774000e+02  3.71000000e-01 2.52320000e+01
 -2.55986292e+03  6.67630000e+02  1.07774000e+02  3.71000000e-01 2.52320000e+01
 -2.55986292e+03  6.67630000e+02  1.07774000e+02  3.71000000e-01 2.52320000e+01
 -2.55986292e+03  6.67630000e+02  1.07774000e+02  3.71000000e-01 2.52320000e+01
 -2.55986292e+03  6.67630000e+02  1.07774000e+02  3.71000000e-01 2.52320000e+01
 -2.55986292e+03  6.67630000e+02  1.07774000e+02  3.71000000e-01 2.52320000e+01
 -2.55986292e+03  6.67630000e+02  1.07774000e+02  3.71000000e-01 2.52320000e+01
 -2.55986292e+03  6.67630000e+02  1.07774000e+02  3.71000000e-01 2.52320000e+01
 -2.55986292e+03  6.67630000e+02  1.07774000e+02  3.71000000e-01 2.52320000e+01
 -2.55986292e+03  6.67630000e+02  1.07774000e+02  3.71000000e-01 2.52320000e+01
 -2.55986292e+03  6.67630000e+02  1.07774000e+02  3.71000000e-01 2.52320000e+01
 -2.55986292e+03  6.67630000e+02  1.07774000e+02  3.71000000e-01 2.52320000e+01
 -2.55986292e+03  6.67630000e+02  1.07774000e+02  3.71000000e-01 2.52320000e+01
 -2.55986292e+03  6.67630000e+02  1.07774000e+02  3.71000000e-01 2.52320000e+01
 -2.55986292e+03  6.67630000e+02  1.07774000e+02  3.71000000e-01 2.52320000e+01
 -2.55986292e+03  6.67630000e+02  1.07774000e+02  3.71000000e-01 2.52320000e+01
 -2.55986292e+03  6.67630000e+02  1.07774000e+02  3.71000000e-01 2.52320000e+01
 -2.55986292e+03  6.67630000e+02  1.07774000e+02  3.71000000e-01 2.52320000e+01
 -2.55986292e+03  6.67630000e+02  1.07774000e+02  3.71000000e-01 2.52320000e+01
 -2.55986292e+03  6.67630000e+02  1.07774000e+02  3.71000000e-01 2.52320000e+01
 -2.55986292e+03  6.67630000e+02  1.07774000e+02  3.71000000e-01 2.52320000e+01
 -2.55986292e+03  6.67630000e+02  1.07774000e+02  3.71000000e-01 2.52320000e+01
 -2.55986292e+03  6.67630000e+02  1.07774000e+02  3.71000000e-01 2.52320000e+01
 -2.55986292e+03  6.67630000e+02  1.07774000e+02  3.71000000e-01 2.52320000e+01
 -2.55986292e+03  6.67630000e+02  1.07774000e+02  3.71000000e-01 2.52320000e+01
 -2.55986292e+03  6.67630000e+02  1.07774000e+02  3.71000000e-01 2.52320000e+01
 -2.55986292e+03  6.67630000e+02  1.07774000e+02  3.71000000e-01 2.52320000e+01
 -2.55986292e+03  6.67630000e+02  1.07774000e+02  3.71000000e-01 2.52320000e+01
 -2.55986292e+03  6.67630000e+02  1.07774000e+02  3.71000000e-01 2.52320000e+01
 -2.55986292e+03  6.67630000e+02  1.07774000e+02  3.71000000e-01 2.52320000e+01
 -2.55986292e+03  6.67630000e+02  1.07774000e+02  3.71000000e-01 2.52320000e+01
 -2.55986292e+03  6.67630000e+02  1.07774000e+02  3.71000000e-01 2.52320000e+01
 -2.55986292e+03  6.67630000e+02  1.07774000e+02  3.71000000e-01 2.52320000e+01
 -2.55986292e+03  6.67630000e+02  1.07774000e+02  3.71000000e-01 2.52320000e+01
 -2.55986292e+03  6.67630000e+02  1.07774000e+02  3.71000000e-01 2.52320000e+01
 -2.55986292e+03  6.67630000e+02  1.07774000e+02  3.71000000e-01 2.52320000e+01
 -2.55986292e+03  6.67630000e+02  1.07774000e+02  3.71000000e-01 2.52320000e+01
 -2.55986292e+03  6.67630000e+02  1.07774000e+02  3.71000000e-01 2.52320000e+01
 -2.55986292e+03  6.67630000e+02  1.07774000e+02  3.71000000e-01 2.52320000e+01
 -2.55986292e+03  6.67630000e+02  1.07774000e+02  3.71000000e-01 2.52320000e+01
 -2.55986292e+03  6.67630000e+02  1.07774000e+02  3.71000000e-01 2.52320000e+01
 -2.55986292e+03  6.67630000e+02  1.07774000e+02  3.71000000e-01 2.52320000e+01
 -2.55986292e+03  6.67630000e+02  1.07774000e+02  3.71000000e-01 2.52320000e+01
 -2.55986292e+03  6.67630000e+02  1.07774000e+02  3.71000000e-01 2.52320000e+01
 -2.55986292e+03  6.67630000e+02  1.07774000e+02  3.71000000e-01 2.52320000e+01
 -2.55986292e+03  6.67630000e+02  1.07774000e+02  3.71000000e-01 2.52320000e+01
 -2.55986292e+03  6.67630000e+02  1.07774000e+02  3.71000000e-01 2.52320000e+01
 -2.55986292e+03  6.67630000e+02  1.07774000e+02  3.71000000e-01 2.52320000e+01
 -2.55986292e+03  6.67630000e+02  1.07774000e+02  3.71000000e-01 2.52320000e+01
 -2.55986292e+03  6.67630000e+02  1.07774000e+02  3.71000000e-01 2.52320000e+01
 -2.55986292e+03  6.67630000e+02  1.07774000e+02  3.71000000e-01 2.52320000e+01
 -2.55986292e+03  6.67630000e+02  1.07774000e+02  3.71000000e-01 2.52320000e+01
 -2.55986292e+03  6.67630000e+02  1.07774000e+02  3.71000000e-01 2.52320000e+01
 -2.55986292e+03  6.67630000e+02  1.07774000e+02  3.71000000e-01 2.52320000e+01
 -2.55986292e+03  6.67630000e+02  1.07774000e+02  3.71000000e-01 2.52320000e+01
 -2.55986292e+03  6.67630000e+02  1.07774000e+02  3.71000000e-01 2.52320000e+01
 -2.55986292e+03  6.67630000e+02  1.07774000e+02  3.71000000e-01 2.52320000e+01
 -2.55986292e+03  6.67630000e+02  1.07774000e+02  3.71000000e-01 2.52320000e+01
 -2.55986292e+03  6.67630000e+02  1.07774000e+02  3.71000000e-01 2.52320000e+01
 -2.55986292e+03  6.67630000e+02  1.07774000e+02  3.71000000e-01 2.52320000e+01
 -2.55986292e+03  6.67630000e+02  1.07774000e+02  3.71000000e-01 2.52320000e+01
 -2.55986292e+03  6.67630000e+02  1.07774000e+02  3.71000000e-01 2.52320000e+01
 -2.55986292e+03  6.67630000e+02  1.07774000e+02  3.71000000e-01 2.52320000e+01
 -2.55986292e+03  6.67630000e+02  1.07774000e+02  3.71000000e-01 2.52320000e+01
 -2.55986292e+03  6.67630000e+02  1.07774000e+02  3.71000000e-01 2.52320000e+01
 -2.55986292e+03  6.67630000e+02  1.07774000e+02  3.71000000e-01 2.52320000e+01
 -2.55986292e+03  6.67630000e+02  1.07774000e+02  3.71000000e-01 2.52320000e+01
 -2.55986292e+03  6.67630000e+02  1.07774000e+02  3.71000000e-01 2.52320000e+01
 -2.55986292e+03  6.67630000e+02  1.07774000e+02  3.71000000e-01 2.52320000e+01
 -2.55986292e+03  6.67630000e+02  1.07774000e+02  3.71000000e-01 2.52320000e+01
 -2.55986292e+03  6.67630000e+02  1.07774000e+02  3.71000000e-01 2.52320000e+01
 -2.55986292e+03  6.67630000e+02  1.07774000e+02  3.71000000e-01 2.52320000e+01
 -2.55986292e+03  6.67630000e+02  1.07774000e+02  3.71000000e-01 2.52320000e+01
 -2.55986292e+03  6.67630000e+02  1.07774000e+02  3.71000000e-01 2.52320000e+01
 -2.55986292e+03  6.67630000e+02  1.07774000e+02  3.71000000e-01 2.52320000e+01
 -2.55986292e+03  6.67630000e+02  1.07774000e+02  3.71000000e-01 2.52320000e+01
 -2.55986292e+03  6.67630000e+02  1.07774000e+02  3.71000000e-01 2.52320000e+01
 -2.55986292e+03  6.67630000e+02  1.07774000e+02  3.71000000e-01 2.52320000e+01
 -2.55986292e+03  6.67630000e+02  1.07774000e+02  3.71000000e-01 2.52320000e+01
 -2.55986292e+03  6.67630000e+02  1.07774000e+02  3.71000000e-01 2.52320000e+01
 -2.55986292e+03  6.67630000e+02  1.07774000e+02  3.71000000e-01 2.52320000e+01
 -2.55986292e+03  6.67630000e+02  1.07774000e+02  3.71000000e-01 2.52320000e+01
 -2.55986292e+03  6.67630000e+02  1.07774000e+02  3.71000000e-01 2.52320000e+01
 -2.55986292e+03  6.67630000e+02  1.07774000e+02  3.71000000e-01 2.52320000e+01
 -2.55986292e+03  6.67630000e+02  1.07774000e+02  3.71000000e-01 2.52320000e+01
 -2.55986292e+03  6.67630000e+02  1.07774000e+02  3.71000000e-01 2.52320000e+01
 -2.55986292e+03  6.67630000e+02  1.07774000e+02  3.71000000e-01 2.52320000e+01
 -2.55986292e+03  6.67630000e+02  1.07774000e+02  3.71000000e-01 2.52320000e+01
 -2.55986292e+03  6.67630000e+02  1.07774000e+02  3.71000000e-01 2.52320000e+01
 -2.55986292e+03  6.67630000e+02  1.07774000e+02  3.71000000e-01 2.52320000e+01
 -2.55986292e+03  6.67630000e+02  1.07774000e+02  3.71000000e-01 2.52320000e+01
 -2.55986292e+03  6.67630000e+02  1.07774000e+02  3.71000000e-01 2.52320000e+01
 -2.55986292e+03  6.67630000e+02  1.07774000e+02  3.71000000e-01 2.52320000e+01
 -2.55986292e+03  6.67630000e+02  1.07774000e+02  3.71000000e-01 2.52320000e+01
 -2.55986292e+03  6.67630000e+02  1.07774000e+02  3.71000000e-01 2.52320000e+01
 -2.55986292e+03  6.67630000e+02  1.07774000e+02  3.71000000e-01 2.52320000e+01
 -2.55986292e+03  6.67630000e+02  1.07774000e+02  3.71000000e-01 2.52320000e+01
 -2.55986292e+03  6.67630000e+02  1.07774000e+02  3.71000000e-01 2.52320000e+01
 -2.55986292e+03  6.67630000e+02  1.07774000e+02  3.71000000e-01 2.52320000e+01
 -2.55986292e+03  6.67630000e+02  1.07774000e+02  3.71000000e-01 2.52320000e+01
 -2.55986292e+03  6.67630000e+02  1.07774000e+02  3.71000000e-01 2.52320000e+01
 -2.55986292e+03  6.67630000e+02  1.07774000e+02  3.71000000e-01 2.52320000e+01
 -2.55986292e+03  6.67630000e+02  1.07774000e+02  3.71000000e-01 2.52320000e+01
 -2.55986292e+03  6.67630000e+02  1.07774000e+02  3.71000000e-01 2.52320000e+01
 -2.55986292e+03  6.67630000e+02  1.07774000e+02  3.71000000e-01 2.52320000e+01
 -2.55986292e+03  6.67630000e+02  1.07774000e+02  3.71000000e-01 2.52320000e+01
 -2.55986292e+03  6.67630000e+02  1.07774000e+02  3.71000000e-01 2.52320000e+01
 -2.55986292e+03  6.67630000e+02  1.07774000e+02  3.71000000e-01 2.52320000e+01
 -2.55986292e+03  6.67630000e+02  1.07774000e+02  3.71000000e-01 2.52320000e+01
 -2.55986292e+03  6.67630000e+02  1.07774000e+02  3.71000000e-01 2.52320000e+01