-2.33002776e+03  6.10400000e+02  1.14055000e+02  3.72000000e-01 2.89850000e+01
 -2.33002776e+03  6.10400000e+02  1.14055000e+02  3.72000000e-01 2.89850000e+01
 -2.33002776e+03  6.10400000e+02  1.14055000e+02  3.72000000e-01 2.89850000e+01
 -2.32768281e+03  6.09400000e+02  1.04273000e+02  3.65000000e-01 3.11580000e+01
 -2.31772776e+03  6.07530000e+02  1.02343000e+02  3.61000000e-01 3.03030000e+01
 -2.31772776e+03  6.07530000e+02  1.02343000e+02  3.61000000e-01 3.03030000e+01
 -2.30636821e+03  6.05660000e+02  1.18176000e+02  3.61000000e-01 2.88450000e+01
 -2.32273284e+03  6.05660000e+02  1.01266000e+02  3.67000000e-01 2.77270000e+01
 -2.32273284e+03  6.05660000e+02  1.01266000e+02  3.67000000e-01 2.77270000e+01
 -2.32273284e+03  6.05660000e+02  1.01266000e+02  3.67000000e-01 2.77270000e+01
 -2.30496214e+03  6.03790000e+02  1.17799000e+02  3.63000000e-01 3.12400000e+01
 -2.30942506e+03  6.05660000e+02  1.17562000e+02  3.64000000e-01 2.99090000e+01
 -2.31270072e+03  6.06530000e+02  1.19115000e+02  3.73000000e-01 2.80440000e+01
 -2.32688567e+03  6.08400000e+02  1.20686000e+02  3.76000000e-01 2.79990000e+01
 -2.30254352e+03  6.06530000e+02  1.25189000e+02  3.46000000e-01 2.93290000e+01
 -2.30254352e+03  6.06530000e+02  1.25189000e+02  3.46000000e-01 2.93290000e+01
 -2.30254352e+03  6.06530000e+02  1.25189000e+02  3.46000000e-01 2.93290000e+01
 -2.31671657e+03  6.05530000e+02  1.13867000e+02  3.66000000e-01 2.91290000e+01
 -2.31671657e+03  6.05530000e+02  1.13867000e+02  3.66000000e-01 2.91290000e+01
 -2.32005877e+03  6.07400000e+02  1.15787000e+02  3.63000000e-01 2.83500000e+01
 -2.32659716e+03  6.07400000e+02  1.17786000e+02  3.68000000e-01 2.91340000e+01
 -2.32492074e+03  6.07400000e+02  1.19337000e+02  3.78000000e-01 2.76190000e+01
 -2.32492074e+03  6.07400000e+02  1.19337000e+02  3.78000000e-01 2.76190000e+01
 -2.31986606e+03  6.08270000e+02  1.06201000e+02  3.85000000e-01 2.72810000e+01
 -2.31986606e+03  6.08270000e+02  1.06201000e+02  3.85000000e-01 2.72810000e+01
 -2.32681567e+03  6.08270000e+02  1.10192000e+02  3.82000000e-01 2.64200000e+01
 -2.31843124e+03  6.07270000e+02  1.14483000e+02  3.74000000e-01 2.91000000e+01
 -2.32296086e+03  6.08270000e+02  1.15026000e+02  3.64000000e-01 2.71370000e+01
 -2.32296086e+03  6.08270000e+02  1.15026000e+02  3.64000000e-01 2.71370000e+01
 -2.32879924e+03  6.08270000e+02  1.07103000e+02  3.83000000e-01 3.13360000e+01
 -2.32329569e+03  6.08270000e+02  1.23732000e+02  3.69000000e-01 2.68310000e+01
 -2.32471251e+03  6.07400000e+02  1.15228000e+02  3.59000000e-01 2.84050000e+01
 -2.32428315e+03  6.05530000e+02  1.17095000e+02  3.76000000e-01 2.67300000e+01
 -2.31504304e+03  6.04660000e+02  1.11284000e+02  3.64000000e-01 2.78650000e+01
 -2.29006827e+03  6.05530000e+02  1.11957000e+02  3.82000000e-01 2.92790000e+01
 -2.29006827e+03  6.05530000e+02  1.11957000e+02  3.82000000e-01 2.92790000e+01
 -2.32472539e+03  6.05530000e+02  1.17646000e+02  3.91000000e-01 2.71020000e+01
 -2.32472539e+03  6.05530000e+02  1.17646000e+02  3.91000000e-01 2.71020000e+01
 -2.32472539e+03  6.05530000e+02  1.17646000e+02  3.91000000e-01 2.71020000e+01
 -2.32472539e+03  6.05530000e+02  1.17646000e+02  3.91000000e-01 2.71020000e+01
 -2.30936860e+03  6.06400000e+02  1.05138000e+02  3.56000000e-01 2.93490000e+01
 -2.29735201e+03  6.05530000e+02  1.06501000e+02  3.77000000e-01 2.79520000e+01
 -2.29735201e+03  6.05530000e+02  1.06501000e+02  3.77000000e-01 2.79520000e+01
 -2.29735201e+03  6.05530000e+02  1.06501000e+02  3.77000000e-01 2.79520000e+01
 -2.29739426e+03  6.05530000e+02  1.14518000e+02  3.83000000e-01 2.65170000e+01
 -2.31780073e+03  6.06530000e+02  1.02957000e+02  3.88000000e-01 3.00480000e+01
 -2.30501139e+03  6.07530000e+02  1.13081000e+02  3.79000000e-01 2.76920000e+01
 -2.32530981e+03  6.08400000e+02  1.15964000e+02  3.78000000e-01 2.72390000e+01
 -2.33514724e+03  6.07530000e+02  1.09021000e+02  3.85000000e-01 2.70990000e+01
 -2.33514724e+03  6.07530000e+02  1.09021000e+02  3.85000000e-01 2.70990000e+01
 -2.33514724e+03  6.07530000e+02  1.09021000e+02  3.85000000e-01 2.70990000e+01
 -2.33514724e+03  6.07530000e+02  1.09021000e+02  3.85000000e-01 2.70990000e+01
 -2.33514724e+03  6.07530000e+02  1.09021000e+02  3.85000000e-01 2.70990000e+01
 -2.33514724e+03  6.07530000e+02  1.09021000e+02  3.85000000e-01 2.70990000e+01
 -2.33514724e+03  6.07530000e+02  1.09021000e+02  3.85000000e-01 2.70990000e+01
 -2.33514724e+03  6.07530000e+02  1.09021000e+02  3.85000000e-01 2.70990000e+01
 -2.33514724e+03  6.07530000e+02  1.09021000e+02  3.85000000e-01 2.70990000e+01
 -2.32422289e+03  6.08400000e+02  1.05646000e+02  3.58000000e-01 3.05500000e+01
 -2.32422289e+03  6.08400000e+02  1.05646000e+02  3.58000000e-01 3.05500000e+01
 -2.31904517e+03  6.07530000e+02  1.08480000e+02  3.66000000e-01 3.01280000e+01
 -2.30891779e+03  6.07530000e+02  1.16428000e+02  3.81000000e-01 2.83880000e+01
 -2.30891779e+03  6.07530000e+02  1.16428000e+02  3.81000000e-01 2.83880000e+01
 -2.33123098e+03  6.07530000e+02  1.15797000e+02  3.54000000e-01 2.82580000e+01
 -2.31177181e+03  6.07530000e+02  1.24428000e+02  3.58000000e-01 2.53130000e+01
 -2.30616352e+03  6.05660000e+02  1.24346000e+02  3.67000000e-01 2.65720000e+01
 -2.29296670e+03  6.05660000e+02  1.21349000e+02  3.59000000e-01 2.87560000e+01
 -2.29296670e+03  6.05660000e+02  1.21349000e+02  3.59000000e-01 2.87560000e+01
 -2.32012735e+03  6.05660000e+02  1.18655000e+02  3.54000000e-01 2.65060000e+01
 -2.30377624e+03  6.04790000e+02  1.16591000e+02  3.64000000e-01 2.79040000e+01
 -2.30695831e+03  6.05660000e+02  1.16899000e+02  3.62000000e-01 2.75320000e+01
 -2.31183169e+03  6.07530000e+02  1.04868000e+02  3.70000000e-01 2.51270000e+01
 -2.31183169e+03  6.07530000e+02  1.04868000e+02  3.70000000e-01 2.51270000e+01
 -2.30966483e+03  6.05660000e+02  1.15301000e+02  3.59000000e-01 2.73370000e+01
 -2.31041054e+03  6.05660000e+02  1.04450000e+02  3.79000000e-01 2.74460000e+01
 -2.31041054e+03  6.05660000e+02  1.04450000e+02  3.79000000e-01 2.74460000e+01
 -2.31041054e+03  6.05660000e+02  1.04450000e+02  3.79000000e-01 2.74460000e+01
 -2.31130690e+03  6.05660000e+02  1.14414000e+02  3.73000000e-01 2.80500000e+01
 -2.31871939e+03  6.05660000e+02  1.08407000e+02  3.76000000e-01 2.79130000e+01
 -2.32097208e+03  6.06660000e+02  1.09035000e+02  3.76000000e-01 2.79490000e+01
 -2.32329538e+03  6.07530000e+02  1.09343000e+02  3.76000000e-01 2.79510000e+01
 -2.31185329e+03  6.08400000e+02  1.10518000e+02  3.62000000e-01 2.60470000e+01
 -2.33836992e+03  6.07530000e+02  1.05081000e+02  3.67000000e-01 2.89850000e+01
 -2.33836992e+03  6.07530000e+02  1.05081000e+02  3.67000000e-01 2.89850000e+01
 -2.30629692e+03  6.06530000e+02  1.05871000e+02  3.71000000e-01 2.97160000e+01
 -2.32266926e+03  6.06530000e+02  1.19100000e+02  3.86000000e-01 2.73610000e+01
 -2.32525359e+03  6.08400000e+02  1.13345000e+02  3.71000000e-01 2.53310000e+01
 -2.33163909e+03  6.08400000e+02  1.09886000e+02  3.57000000e-01 2.69220000e+01
 -2.33163909e+03  6.08400000e+02  1.09886000e+02  3.57000000e-01 2.69220000e+01
 -2.34074050e+03  6.10270000e+02  1.21671000e+02  3.79000000e-01 2.87310000e+01
 -2.34074050e+03  6.10270000e+02  1.21671000e+02  3.79000000e-01 2.87310000e+01
 -2.32963267e+03  6.10270000e+02  1.03944000e+02  3.70000000e-01 2.79030000e+01
 -2.32963267e+03  6.10270000e+02  1.03944000e+02  3.70000000e-01 2.79030000e+01
 -2.32047508e+03  6.11270000e+02  1.12953000e+02  3.77000000e-01 2.64840000e+01
 -2.32047508e+03  6.11270000e+02  1.12953000e+02  3.77000000e-01 2.64840000e+01
 -2.33062673e+03  6.11270000e+02  1.23803000e+02  3.75000000e-01 2.64130000e+01
 -2.33661075e+03  6.12140000e+02  1.17299000e+02  3.74000000e-01 2.57740000e+01
 -2.31599277e+03  6.11140000e+02  1.24846000e+02  3.72000000e-01 2.86900000e+01
 -2.31599277e+03  6.11140000e+02  1.24846000e+02  3.72000000e-01 2.86900000e+01
 -2.32993336e+03  6.10140000e+02  1.30127000e+02  3.60000000e-01 2.74310000e+01
 -2.32993336e+03  6.10140000e+02  1.30127000e+02  3.60000000e-01 2.74310000e+01
 -2.33372342e+03  6.11140000e+02  1.23800000e+02  3.77000000e-01 2.82950000e+01
 -2.33785620e+03  6.12140000e+02  1.11025000e+02  3.85000000e-01 2.66700000e+01
 -2.33195498e+03  6.10270000e+02  1.26634000e+02  3.62000000e-01 2.92980000e+01
 -2.31534045e+03  6.09400000e+02  1.21874000e+02  3.76000000e-01 3.02770000e+01
 -2.33572411e+03  6.08530000e+02  1.13461000e+02  3.80000000e-01 2.72300000e+01
 -2.33093086e+03  6.08530000e+02  1.17101000e+02  3.69000000e-01 2.75090000e+01
 -2.31281865e+03  6.07530000e+02  1.16415000e+02  3.69000000e-01 2.73940000e+01
 -2.31015783e+03  6.05660000e+02  1.15730000e+02  3.70000000e-01 2.81030000e+01
 -2.29718470e+03  6.04660000e+02  1.27835000e+02  3.67000000e-01 2.78420000e+01
 -2.31123505e+03  6.06530000e+02  1.11830000e+02  3.85000000e-01 2.87610000e+01
 -2.31238837e+03  6.04660000e+02  1.28437000e+02  3.70000000e-01 2.92250000e+01
 -2.30842711e+03  6.06530000e+02  1.27821000e+02  3.75000000e-01 2.88910000e+01
 -2.31639898e+03  6.06530000e+02  1.18440000e+02  3.65000000e-01 2.89880000e+01
 -2.31639898e+03  6.06530000e+02  1.18440000e+02  3.65000000e-01 2.89880000e+01
 -2.30603383e+03  6.07400000e+02  1.21802000e+02  3.77000000e-01 2.87880000e+01
 -2.32591647e+03  6.08400000e+02  1.17668000e+02  3.64000000e-01 2.97920000e+01
 -2.31972610e+03  6.06530000e+02  1.25426000e+02  3.60000000e-01 2.84960000e+01
 -2.30921610e+03  6.04660000e+02  1.22300000e+02  3.82000000e-01 2.69750000e+01
 -2.30914973e+03  6.03790000e+02  1.23722000e+02  3.73000000e-01 2.72720000e+01
 -2.31041478e+03  6.04660000e+02  1.15085000e+02  3.72000000e-01 2.63610000e+01
 -2.31041478e+03  6.04660000e+02  1.15085000e+02  3.72000000e-01 2.63610000e+01
 -2.30834440e+03  6.05530000e+02  1.22453000e+02  3.67000000e-01 3.12460000e+01
 -2.32539577e+03  6.06530000e+02  1.23247000e+02  3.70000000e-01 2.87030000e+01
 -2.32539577e+03  6.06530000e+02  1.23247000e+02  3.70000000e-01 2.87030000e+01
 -2.31487060e+03  6.06530000e+02  1.12077000e+02  3.60000000e-01 2.69480000e+01
 -2.31487060e+03  6.06530000e+02  1.12077000e+02  3.60000000e-01 2.69480000e+01
 -2.33039514e+03  6.07400000e+02  1.15985000e+02  3.66000000e-01 2.79920000e+01
 -2.33039514e+03  6.07400000e+02  1.15985000e+02  3.66000000e-01 2.79920000e+01
 -2.32598567e+03  6.08400000e+02  1.22559000e+02  3.74000000e-01 2.90850000e+01
 -2.33493140e+03  6.08400000e+02  1.15028000e+02  3.69000000e-01 2.69850000e+01
 -2.32876832e+03  6.08400000e+02  1.20559000e+02  3.63000000e-01 2.69380000e+01
 -2.33037712e+03  6.10270000e+02  1.26656000e+02  3.79000000e-01 2.90780000e+01
 -2.33151794e+03  6.11140000e+02  1.14816000e+02  3.52000000e-01 2.80780000e+01
 -2.33163073e+03  6.09270000e+02  1.22312000e+02  3.88000000e-01 2.79530000e+01
 -2.33746348e+03  6.11140000e+02  1.22312000e+02  3.87000000e-01 2.79460000e+01
 -2.33475939e+03  6.12010000e+02  1.23495000e+02  3.77000000e-01 2.74650000e+01
 -2.33588097e+03  6.10140000e+02  1.09913000e+02  3.93000000e-01 2.82830000e+01
 -2.34233193e+03  6.11140000e+02  1.10635000e+02  3.63000000e-01 2.86000000e+01
 -2.34233193e+03  6.11140000e+02  1.10635000e+02  3.63000000e-01 2.86000000e+01
 -2.34233193e+03  6.11140000e+02  1.10635000e+02  3.63000000e-01 2.86000000e+01
 -2.34233193e+03  6.11140000e+02  1.10635000e+02  3.63000000e-01 2.86000000e+01
 -2.32639221e+03  6.09270000e+02  1.28646000e+02  3.56000000e-01 2.82670000e+01
 -2.32639221e+03  6.09270000e+02  1.28646000e+02  3.56000000e-01 2.82670000e+01
 -2.32639221e+03  6.09270000e+02  1.28646000e+02  3.56000000e-01 2.82670000e+01
 -2.32914904e+03  6.10270000e+02  1.28646000e+02  3.56000000e-01 2.81970000e+01
 -2.32847485e+03  6.09270000e+02  1.16354000e+02  3.74000000e-01 2.90080000e+01
 -2.32763746e+03  6.10140000e+02  1.14614000e+02  3.89000000e-01 2.76910000e+01
 -2.32763746e+03  6.10140000e+02  1.14614000e+02  3.89000000e-01 2.76910000e+01
 -2.32763746e+03  6.10140000e+02  1.14614000e+02  3.89000000e-01 2.76910000e+01
 -2.32763746e+03  6.10140000e+02  1.14614000e+02  3.89000000e-01 2.76910000e+01
 -2.32991043e+03  6.08270000e+02  1.23993000e+02  3.70000000e-01 2.73060000e+01
 -2.32936199e+03  6.10140000e+02  1.19364000e+02  3.77000000e-01 2.83740000e+01
 -2.32936199e+03  6.10140000e+02  1.19364000e+02  3.77000000e-01 2.83740000e+01
 -2.32272911e+03  6.10140000e+02  1.19054000e+02  3.58000000e-01 2.99540000e+01
 -2.32272911e+03  6.10140000e+02  1.19054000e+02  3.58000000e-01 2.99540000e+01
 -2.33231168e+03  6.08270000e+02  1.29652000e+02  3.68000000e-01 2.70500000e+01
 -2.32494744e+03  6.08270000e+02  1.20619000e+02  3.76000000e-01 2.81300000e+01
 -2.32494744e+03  6.08270000e+02  1.20619000e+02  3.76000000e-01 2.81300000e+01
 -2.32176066e+03  6.06400000e+02  1.15501000e+02  3.78000000e-01 2.85000000e+01
 -2.32176066e+03  6.06400000e+02  1.15501000e+02  3.78000000e-01 2.85000000e+01
 -2.32249291e+03  6.07270000e+02  1.20300000e+02  3.67000000e-01 2.91930000e+01
 -2.32249291e+03  6.07270000e+02  1.20300000e+02  3.67000000e-01 2.91930000e+01
 -2.31718909e+03  6.07270000e+02  1.12981000e+02  3.75000000e-01 2.75860000e+01
 -2.33146016e+03  6.07270000e+02  1.14979000e+02  3.67000000e-01 2.98170000e+01
 -2.33146016e+03  6.07270000e+02  1.14979000e+02  3.67000000e-01 2.98170000e+01
 -2.33146016e+03  6.07270000e+02  1.14979000e+02  3.67000000e-01 2.98170000e+01
 -2.30890951e+03  6.07270000e+02  1.17158000e+02  3.75000000e-01 2.82970000e+01
 -2.31873027e+03  6.08140000e+02  1.30959000e+02  3.80000000e-01 2.82100000e+01
 -2.31873027e+03  6.08140000e+02  1.30959000e+02  3.80000000e-01 2.82100000e+01
 -2.31873027e+03  6.08140000e+02  1.30959000e+02  3.80000000e-01 2.82100000e+01
 -2.32936054e+03  6.09140000e+02  1.14293000e+02  3.57000000e-01 2.80700000e+01
 -2.33087860e+03  6.08270000e+02  1.18556000e+02  3.78000000e-01 2.64970000e+01
 -2.31852455e+03  6.08270000e+02  1.16285000e+02  3.73000000e-01 2.85550000e+01
 -2.31370138e+03  6.06400000e+02  1.16285000e+02  3.73000000e-01 2.86240000e+01
 -2.31852455e+03  6.08270000e+02  1.16285000e+02  3.73000000e-01 2.85550000e+01
 -2.29761085e+03  6.06400000e+02  1.19566000e+02  3.72000000e-01 2.91560000e+01
 -2.29761085e+03  6.06400000e+02  1.19566000e+02  3.72000000e-01 2.91560000e+01
 -2.29761085e+03  6.06400000e+02  1.19566000e+02  3.72000000e-01 2.91560000e+01
 -2.29761085e+03  6.06400000e+02  1.19566000e+02  3.72000000e-01 2.91560000e+01
 -2.32099260e+03  6.07270000e+02  1.23816000e+02  3.73000000e-01 2.88170000e+01
 -2.32321268e+03  6.06400000e+02  1.17411000e+02  3.63000000e-01 2.65470000e+01
 -2.31916150e+03  6.07400000e+02  1.13736000e+02  3.87000000e-01 2.72460000e+01
 -2.32751128e+03  6.08400000e+02  1.14154000e+02  3.73000000e-01 2.94180000e+01
 -2.32751128e+03  6.08400000e+02  1.14154000e+02  3.73000000e-01 2.94180000e+01
 -2.32751128e+03  6.08400000e+02  1.14154000e+02  3.73000000e-01 2.94180000e+01
 -2.31605537e+03  6.08400000e+02  1.17101000e+02  3.77000000e-01 2.87360000e+01
 -2.31605537e+03  6.08400000e+02  1.17101000e+02  3.77000000e-01 2.87360000e+01
 -2.32283326e+03  6.08400000e+02  1.22557000e+02  3.56000000e-01 2.83850000e+01
 -2.32620882e+03  6.07400000e+02  1.19113000e+02  3.80000000e-01 2.69640000e+01
 -2.32620882e+03  6.07400000e+02  1.19113000e+02  3.80000000e-01 2.69640000e+01
 -2.29801186e+03  6.07400000e+02  1.17599000e+02  3.76000000e-01 2.77100000e+01
 -2.32035946e+03  6.06400000e+02  1.25001000e+02  3.62000000e-01 2.78250000e+01
 -2.32900143e+03  6.08270000e+02  1.11702000e+02  3.77000000e-01 2.86840000e+01
 -2.32900143e+03  6.08270000e+02  1.11702000e+02  3.77000000e-01 2.86840000e+01
 -2.32952397e+03  6.08270000e+02  1.18261000e+02  3.80000000e-01 2.77250000e+01
 -2.33033574e+03  6.09270000e+02  1.15364000e+02  3.72000000e-01 2.93590000e+01
 -2.32612320e+03  6.09270000e+02  1.08631000e+02  3.77000000e-01 2.62760000e+01
 -2.32612320e+03  6.09270000e+02  1.08631000e+02  3.77000000e-01 2.62760000e+01
 -2.32612320e+03  6.09270000e+02  1.08631000e+02  3.77000000e-01 2.62760000e+01
 -2.32612320e+03  6.09270000e+02  1.08631000e+02  3.77000000e-01 2.62760000e+01
 -2.32612320e+03  6.09270000e+02  1.08631000e+02  3.77000000e-01 2.62760000e+01
 -2.32612320e+03  6.09270000e+02  1.08631000e+02  3.77000000e-01 2.62760000e+01
 -2.34293723e+03  6.11140000e+02  1.21631000e+02  3.62000000e-01 2.96200000e+01
 -2.34293723e+03  6.11140000e+02  1.21631000e+02  3.62000000e-01 2.96200000e+01
 -2.34293723e+03  6.11140000e+02  1.21631000e+02  3.62000000e-01 2.96200000e+01
 -2.34192462e+03  6.12010000e+02  1.18925000e+02  3.72000000e-01 2.84030000e+01
 -2.34192462e+03  6.12010000e+02  1.18925000e+02  3.72000000e-01 2.84030000e+01
 -2.33681996e+03  6.12010000e+02  1.10321000e+02  3.80000000e-01 2.58860000e+01
 -2.33701800e+03  6.12010000e+02  1.24642000e+02  3.62000000e-01 2.69150000e+01
 -2.33131974e+03  6.12010000e+02  1.22606000e+02  3.67000000e-01 2.76380000e+01
 -2.34879044e+03  6.13880000e+02  1.14151000e+02  3.70000000e-01 2.79250000e+01
 -2.34879044e+03  6.13880000e+02  1.14151000e+02  3.70000000e-01 2.79250000e+01
 -2.34749935e+03  6.14750000e+02  1.12086000e+02  3.82000000e-01 2.75590000e+01
 -2.34538067e+03  6.14750000e+02  1.03536000e+02  3.67000000e-01 2.66010000e+01
 -2.33862870e+03  6.12880000e+02  1.04981000e+02  3.67000000e-01 2.66010000e+01
 -2.34774269e+03  6.12880000e+02  1.15028000e+02  3.69000000e-01 2.74980000e+01
 -2.34774269e+03  6.12880000e+02  1.15028000e+02  3.69000000e-01 2.74980000e+01
 -2.34774269e+03  6.12880000e+02  1.15028000e+02  3.69000000e-01 2.74980000e+01
 -2.34689805e+03  6.11010000e+02  1.11451000e+02  3.71000000e-01 2.85020000e+01
 -2.33577598e+03  6.11010000e+02  1.25534000e+02  3.65000000e-01 2.80640000e+01
 -2.33294285e+03  6.12880000e+02  1.23093000e+02  3.65000000e-01 2.85460000e+01
 -2.32617206e+03  6.12010000e+02  1.12128000e+02  3.62000000e-01 2.86930000e+01
 -2.32617206e+03  6.12010000e+02  1.12128000e+02  3.62000000e-01 2.86930000e+01
 -2.33463649e+03  6.13010000e+02  1.11345000e+02  3.84000000e-01 2.87550000e+01
 -2.33425765e+03  6.13010000e+02  1.19082000e+02  3.53000000e-01 2.90180000e+01
 -2.34177828e+03  6.13010000e+02  1.21992000e+02  3.59000000e-01 2.73930000e+01
 -2.34177828e+03  6.13010000e+02  1.21992000e+02  3.59000000e-01 2.73930000e+01
 -2.34177828e+03  6.13010000e+02  1.21992000e+02  3.59000000e-01 2.73930000e+01
 -2.34177828e+03  6.13010000e+02  1.21992000e+02  3.59000000e-01 2.73930000e+01
 -2.34463601e+03  6.14880000e+02  1.16899000e+02  3.53000000e-01 2.83240000e+01
 -2.33292743e+03  6.14880000e+02  1.17611000e+02  3.69000000e-01 2.81800000e+01
 -2.33885976e+03  6.14880000e+02  1.18225000e+02  3.61000000e-01 2.80220000e+01
 -2.34086973e+03  6.14010000e+02  1.22498000e+02  3.61000000e-01 2.65570000e+01
 -2.33870166e+03  6.12140000e+02  1.15985000e+02  3.73000000e-01 2.77670000e+01
 -2.33870166e+03  6.12140000e+02  1.15985000e+02  3.73000000e-01 2.77670000e+01
 -2.33068966e+03  6.13140000e+02  1.19804000e+02  3.74000000e-01 2.64170000e+01
 -2.34739732e+03  6.15010000e+02  1.16554000e+02  3.57000000e-01 2.95530000e+01
 -2.35643711e+03  6.16880000e+02  1.18862000e+02  3.78000000e-01 2.83910000e+01
 -2.36321430e+03  6.17880000e+02  1.14161000e+02  3.53000000e-01 2.76490000e+01
 -2.36538720e+03  6.17880000e+02  1.18203000e+02  3.66000000e-01 2.93740000e+01
 -2.36538720e+03  6.17880000e+02  1.18203000e+02  3.66000000e-01 2.93740000e+01
 -2.36538720e+03  6.17880000e+02  1.18203000e+02  3.66000000e-01 2.93740000e+01
 -2.36538720e+03  6.17880000e+02  1.18203000e+02  3.66000000e-01 2.93740000e+01
 -2.36662131e+03  6.17880000e+02  1.07058000e+02  3.68000000e-01 2.82450000e+01
 -2.37090142e+03  6.18750000e+02  1.12422000e+02  3.61000000e-01 2.75840000e+01
 -2.37127169e+03  6.18750000e+02  1.09959000e+02  3.93000000e-01 2.90090000e+01
 -2.37127169e+03  6.18750000e+02  1.09959000e+02  3.93000000e-01 2.90090000e+01
 -2.36115777e+03  6.20620000e+02  1.12834000e+02  3.74000000e-01 2.71820000e+01
 -2.36115777e+03  6.20620000e+02  1.12834000e+02  3.74000000e-01 2.71820000e+01
 -2.37994774e+03  6.22490000e+02  1.08762000e+02  3.72000000e-01 2.65870000e+01
 -2.37994774e+03  6.22490000e+02  1.08762000e+02  3.72000000e-01 2.65870000e+01
 -2.37994774e+03  6.22490000e+02  1.08762000e+02  3.72000000e-01 2.65870000e+01
 -2.37759007e+03  6.22490000e+02  1.11343000e+02  3.73000000e-01 2.80960000e+01
 -2.37759007e+03  6.22490000e+02  1.11343000e+02  3.73000000e-01 2.80960000e+01
 -2.37759007e+03  6.22490000e+02  1.11343000e+02  3.73000000e-01 2.80960000e+01
 -2.37759007e+03  6.22490000e+02  1.11343000e+02  3.73000000e-01 2.80960000e+01
 -2.36401220e+03  6.20620000e+02  1.13406000e+02  3.78000000e-01 2.93450000e+01
 -2.36401220e+03  6.20620000e+02  1.13406000e+02  3.78000000e-01 2.93450000e+01
 -2.37739236e+03  6.20620000e+02  1.16460000e+02  3.84000000e-01 2.58850000e+01
 -2.37739236e+03  6.20620000e+02  1.16460000e+02  3.84000000e-01 2.58850000e+01
 -2.36252926e+03  6.18750000e+02  1.17358000e+02  3.64000000e-01 2.79810000e+01
 -2.36252926e+03  6.18750000e+02  1.17358000e+02  3.64000000e-01 2.79810000e+01
 -2.36019135e+03  6.18750000e+02  1.10276000e+02  3.56000000e-01 2.66720000e+01
 -2.37018869e+03  6.20620000e+02  1.18096000e+02  3.64000000e-01 2.55100000e+01
 -2.38183597e+03  6.19750000e+02  1.20780000e+02  3.71000000e-01 2.80160000e+01
 -2.38183597e+03  6.19750000e+02  1.20780000e+02  3.71000000e-01 2.80160000e+01
 -2.38183597e+03  6.19750000e+02  1.20780000e+02  3.71000000e-01 2.80160000e+01
 -2.38183597e+03  6.19750000e+02  1.20780000e+02  3.71000000e-01 2.80160000e+01
 -2.37906962e+03  6.21620000e+02  1.18366000e+02  3.70000000e-01 2.75820000e+01
 -2.37527328e+03  6.21620000e+02  1.15579000e+02  3.67000000e-01 2.88930000e+01
 -2.37809129e+03  6.21620000e+02  1.19656000e+02  3.74000000e-01 3.01560000e+01
 -2.37809129e+03  6.21620000e+02  1.19656000e+02  3.74000000e-01 3.01560000e+01
 -2.37809129e+03  6.21620000e+02  1.19656000e+02  3.74000000e-01 3.01560000e+01
 -2.37809129e+03  6.21620000e+02  1.19656000e+02  3.74000000e-01 3.01560000e+01
 -2.37809129e+03  6.21620000e+02  1.19656000e+02  3.74000000e-01 3.01560000e+01
 -2.37809129e+03  6.21620000e+02  1.19656000e+02  3.74000000e-01 3.01560000e+01
 -2.35602176e+03  6.19750000e+02  1.27619000e+02  3.81000000e-01 2.56510000e+01
 -2.35602176e+03  6.19750000e+02  1.27619000e+02  3.81000000e-01 2.56510000e+01
 -2.36593480e+03  6.21620000e+02  1.17881000e+02  3.67000000e-01 2.80830000e+01
 -2.37851128e+03  6.22620000e+02  1.13108000e+02  3.63000000e-01 2.73050000e+01
 -2.37851128e+03  6.22620000e+02  1.13108000e+02  3.63000000e-01 2.73050000e+01
 -2.37851128e+03  6.22620000e+02  1.13108000e+02  3.63000000e-01 2.73050000e+01
 -2.37260855e+03  6.21620000e+02  1.09592000e+02  3.76000000e-01 2.90080000e+01
 -2.37260855e+03  6.21620000e+02  1.09592000e+02  3.76000000e-01 2.90080000e+01
 -2.36190578e+03  6.20750000e+02  1.11225000e+02  3.87000000e-01 2.79600000e+01
 -2.36190578e+03  6.20750000e+02  1.11225000e+02  3.87000000e-01 2.79600000e+01
 -2.36190578e+03  6.20750000e+02  1.11225000e+02  3.87000000e-01 2.79600000e+01
 -2.35845503e+03  6.21620000e+02  1.09649000e+02  3.70000000e-01 2.83480000e+01
 -2.35845503e+03  6.21620000e+02  1.09649000e+02  3.70000000e-01 2.83480000e+01
 -2.35845503e+03  6.21620000e+02  1.09649000e+02  3.70000000e-01 2.83480000e+01
 -2.36724389e+03  6.19750000e+02  1.20488000e+02  3.77000000e-01 2.73480000e+01
 -2.36724389e+03  6.19750000e+02  1.20488000e+02  3.77000000e-01 2.73480000e+01
 -2.36437283e+03  6.18880000e+02  1.04673000e+02  3.68000000e-01 2.81150000e+01
 -2.35870028e+03  6.18010000e+02  1.11582000e+02  3.68000000e-01 2.66430000e+01
 -2.36391795e+03  6.17140000e+02  1.10565000e+02  3.62000000e-01 2.77930000e+01
 -2.36391795e+03  6.17140000e+02  1.10565000e+02  3.62000000e-01 2.77930000e+01
 -2.36391795e+03  6.17140000e+02  1.10565000e+02  3.62000000e-01 2.77930000e+01
 -2.36391795e+03  6.17140000e+02  1.10565000e+02  3.62000000e-01 2.77930000e+01
 -2.36704823e+03  6.18010000e+02  1.10565000e+02  3.63000000e-01 2.77860000e+01
 -2.36391795e+03  6.17140000e+02  1.10565000e+02  3.62000000e-01 2.77930000e+01
 -2.35950738e+03  6.15270000e+02  1.21426000e+02  3.67000000e-01 2.92000000e+01
 -2.35177379e+03  6.15270000e+02  1.16962000e+02  3.71000000e-01 2.74290000e+01
 -2.34582637e+03  6.16270000e+02  1.14709000e+02  3.68000000e-01 2.88820000e+01
 -2.34967459e+03  6.16270000e+02  1.08601000e+02  3.58000000e-01 2.78080000e+01
 -2.34967459e+03  6.16270000e+02  1.08601000e+02  3.58000000e-01 2.78080000e+01
 -2.34967459e+03  6.16270000e+02  1.08601000e+02  3.58000000e-01 2.78080000e+01
 -2.34967459e+03  6.16270000e+02  1.08601000e+02  3.58000000e-01 2.78080000e+01
 -2.34967459e+03  6.16270000e+02  1.08601000e+02  3.58000000e-01 2.78080000e+01
 -2.35869740e+03  6.16270000e+02  1.16911000e+02  3.82000000e-01 2.74150000e+01
 -2.35251810e+03  6.17140000e+02  1.09592000e+02  3.77000000e-01 3.03100000e+01
 -2.36052423e+03  6.18140000e+02  1.09472000e+02  3.84000000e-01 2.91340000e+01
 -2.36052423e+03  6.18140000e+02  1.09472000e+02  3.84000000e-01 2.91340000e+01
 -2.36597456e+03  6.17140000e+02  1.16107000e+02  3.60000000e-01 2.74860000e+01
 -2.36597456e+03  6.17140000e+02  1.16107000e+02  3.60000000e-01 2.74860000e+01
 -2.36597456e+03  6.17140000e+02  1.16107000e+02  3.60000000e-01 2.74860000e+01
 -2.35792479e+03  6.17140000e+02  1.05709000e+02  3.75000000e-01 2.78520000e+01
 -2.36038494e+03  6.16270000e+02  1.11918000e+02  3.84000000e-01 2.75110000e+01
 -2.35009430e+03  6.16270000e+02  1.20392000e+02  3.61000000e-01 2.84840000e+01
 -2.35009430e+03  6.16270000e+02  1.20392000e+02  3.61000000e-01 2.84840000e+01
 -2.34967326e+03  6.15270000e+02  1.12520000e+02  3.63000000e-01 2.86720000e+01
 -2.35376499e+03  6.16270000e+02  1.09761000e+02  3.63000000e-01 2.86880000e+01
 -2.35376499e+03  6.16270000e+02  1.09761000e+02  3.63000000e-01 2.86880000e+01
 -2.35376499e+03  6.16270000e+02  1.09761000e+02  3.63000000e-01 2.86880000e+01
 -2.34039157e+03  6.17270000e+02  1.04902000e+02  3.64000000e-01 2.77620000e+01
 -2.34039157e+03  6.17270000e+02  1.04902000e+02  3.64000000e-01 2.77620000e+01
 -2.35842530e+03  6.17270000e+02  1.13035000e+02  3.62000000e-01 2.84210000e+01
 -2.35842530e+03  6.17270000e+02  1.13035000e+02  3.62000000e-01 2.84210000e+01
 -2.35842530e+03  6.17270000e+02  1.13035000e+02  3.62000000e-01 2.84210000e+01
 -2.35842530e+03  6.17270000e+02  1.13035000e+02  3.62000000e-01 2.84210000e+01
 -2.35842530e+03  6.17270000e+02  1.13035000e+02  3.62000000e-01 2.84210000e+01
 -2.35842530e+03  6.17270000e+02  1.13035000e+02  3.62000000e-01 2.84210000e+01
 -2.35842530e+03  6.17270000e+02  1.13035000e+02  3.62000000e-01 2.84210000e+01
 -2.35371654e+03  6.18140000e+02  1.21367000e+02  3.66000000e-01 2.95060000e+01
 -2.35564980e+03  6.18140000e+02  1.08405000e+02  3.76000000e-01 3.00920000e+01
 -2.34963503e+03  6.19010000e+02  1.09276000e+02  3.54000000e-01 2.95130000e+01
 -2.36605637e+03  6.20880000e+02  1.11094000e+02  3.62000000e-01 2.87650000e+01
 -2.37090630e+03  6.22750000e+02  1.12220000e+02  3.73000000e-01 2.98710000e+01
 -2.37477707e+03  6.22750000e+02  1.21467000e+02  3.65000000e-01 2.96100000e+01
 -2.37477707e+03  6.22750000e+02  1.21467000e+02  3.65000000e-01 2.96100000e+01
 -2.37034574e+03  6.22750000e+02  1.19656000e+02  3.80000000e-01 2.95660000e+01
 -2.37555560e+03  6.23750000e+02  1.09095000e+02  3.63000000e-01 2.82370000e+01
 -2.37324504e+03  6.23750000e+02  1.08593000e+02  3.54000000e-01 2.80060000e+01
 -2.37784769e+03  6.23750000e+02  1.09896000e+02  3.62000000e-01 2.59650000e+01
 -2.37606075e+03  6.23750000e+02  1.04724000e+02  3.83000000e-01 2.82250000e+01
 -2.38304509e+03  6.23750000e+02  1.08562000e+02  3.80000000e-01 2.82800000e+01
 -2.38304509e+03  6.23750000e+02  1.08562000e+02  3.80000000e-01 2.82800000e+01
 -2.38304509e+03  6.23750000e+02  1.08562000e+02  3.80000000e-01 2.82800000e+01
 -2.38304509e+03  6.23750000e+02  1.08562000e+02  3.80000000e-01 2.82800000e+01
 -2.38304509e+03  6.23750000e+02  1.08562000e+02  3.80000000e-01 2.82800000e+01
 -2.36627021e+03  6.22750000e+02  1.08405000e+02  3.57000000e-01 3.03460000e+01
 -2.36627021e+03  6.22750000e+02  1.08405000e+02  3.57000000e-01 3.03460000e+01
 -2.36627021e+03  6.22750000e+02  1.08405000e+02  3.57000000e-01 3.03460000e+01
 -2.36073090e+03  6.20880000e+02  1.14293000e+02  3.50000000e-01 2.80020000e+01
 -2.34942653e+03  6.19010000e+02  1.16942000e+02  3.58000000e-01 2.80400000e+01
 -2.36937594e+03  6.19010000e+02  1.15761000e+02  3.82000000e-01 2.77400000e+01
 -2.36937594e+03  6.19010000e+02  1.15761000e+02  3.82000000e-01 2.77400000e+01
 -2.36937594e+03  6.19010000e+02  1.15761000e+02  3.82000000e-01 2.77400000e+01
 -2.36202185e+03  6.19010000e+02  1.12090000e+02  3.71000000e-01 2.55950000e+01
 -2.35850617e+03  6.19010000e+02  1.16438000e+02  3.82000000e-01 2.80070000e+01
 -2.35850617e+03  6.19010000e+02  1.16438000e+02  3.82000000e-01 2.80070000e+01
 -2.36112088e+03  6.19880000e+02  1.18434000e+02  3.59000000e-01 2.96220000e+01
 -2.35153870e+03  6.19010000e+02  1.21009000e+02  3.68000000e-01 2.74830000e+01
 -2.35231548e+03  6.19010000e+02  1.19584000e+02  3.54000000e-01 3.01340000e+01
 -2.35968782e+03  6.18140000e+02  1.04640000e+02  3.72000000e-01 2.81550000e+01
 -2.35968782e+03  6.18140000e+02  1.04640000e+02  3.72000000e-01 2.81550000e+01
 -2.35968782e+03  6.18140000e+02  1.04640000e+02  3.72000000e-01 2.81550000e+01
 -2.35968782e+03  6.18140000e+02  1.04640000e+02  3.72000000e-01 2.81550000e+01
 -2.35968782e+03  6.18140000e+02  1.04640000e+02  3.72000000e-01 2.81550000e+01
 -2.35799497e+03  6.17270000e+02  1.11108000e+02  3.63000000e-01 2.85900000e+01
 -2.35799497e+03  6.17270000e+02  1.11108000e+02  3.63000000e-01 2.85900000e+01
 -2.35799497e+03  6.17270000e+02  1.11108000e+02  3.63000000e-01 2.85900000e+01
 -2.35799497e+03  6.17270000e+02  1.11108000e+02  3.63000000e-01 2.85900000e+01
 -2.35799497e+03  6.17270000e+02  1.11108000e+02  3.63000000e-01 2.85900000e+01
 -2.34632639e+03  6.16270000e+02  1.04781000e+02  3.76000000e-01 2.91990000e+01
 -2.34632639e+03  6.16270000e+02  1.04781000e+02  3.76000000e-01 2.91990000e+01
 -2.34632639e+03  6.16270000e+02  1.04781000e+02  3.76000000e-01 2.91990000e+01
 -2.34632639e+03  6.16270000e+02  1.04781000e+02  3.76000000e-01 2.91990000e+01
 -2.34632639e+03  6.16270000e+02  1.04781000e+02  3.76000000e-01 2.91990000e+01
 -2.34601465e+03  6.15400000e+02  1.02698000e+02  3.73000000e-01 2.70330000e+01
 -2.34601465e+03  6.15400000e+02  1.02698000e+02  3.73000000e-01 2.70330000e+01
 -2.34568841e+03  6.15400000e+02  1.11058000e+02  3.61000000e-01 2.96500000e+01
 -2.35650037e+03  6.14400000e+02  1.10788000e+02  3.59000000e-01 2.86910000e+01
 -2.35938174e+03  6.15400000e+02  1.10788000e+02  3.59000000e-01 2.86770000e+01
 -2.35938174e+03  6.15400000e+02  1.10788000e+02  3.59000000e-01 2.86770000e+01
 -2.35938174e+03  6.15400000e+02  1.10788000e+02  3.59000000e-01 2.86770000e+01
 -2.35938174e+03  6.15400000e+02  1.10788000e+02  3.59000000e-01 2.86770000e+01
 -2.35938174e+03  6.15400000e+02  1.10788000e+02  3.59000000e-01 2.86770000e+01
 -2.35938174e+03  6.15400000e+02  1.10788000e+02  3.59000000e-01 2.86770000e+01
 -2.35938174e+03  6.15400000e+02  1.10788000e+02  3.59000000e-01 2.86770000e+01
 -2.35938174e+03  6.15400000e+02  1.10788000e+02  3.59000000e-01 2.86770000e+01
 -2.35938174e+03  6.15400000e+02  1.10788000e+02  3.59000000e-01 2.86770000e+01
 -2.35938174e+03  6.15400000e+02  1.10788000e+02  3.59000000e-01 2.86770000e+01
 -2.35938174e+03  6.15400000e+02  1.10788000e+02  3.59000000e-01 2.86770000e+01
 -2.35938174e+03  6.15400000e+02  1.10788000e+02  3.59000000e-01 2.86770000e+01
 -2.35938174e+03  6.15400000e+02  1.10788000e+02  3.59000000e-01 2.86770000e+01
 -2.35938174e+03  6.15400000e+02  1.10788000e+02  3.59000000e-01 2.86770000e+01
 -2.35938174e+03  6.15400000e+02  1.10788000e+02  3.59000000e-01 2.86770000e+01
 -2.35938174e+03  6.15400000e+02  1.10788000e+02  3.59000000e-01 2.86770000e+01
 -2.35938174e+03  6.15400000e+02  1.10788000e+02  3.59000000e-01 2.86770000e+01
 -2.35938174e+03  6.15400000e+02  1.10788000e+02  3.59000000e-01 2.86770000e+01
 -2.35938174e+03  6.15400000e+02  1.10788000e+02  3.59000000e-01 2.86770000e+01
 -2.35938174e+03  6.15400000e+02  1.10788000e+02  3.59000000e-01 2.86770000e+01
 -2.35938174e+03  6.15400000e+02  1.10788000e+02  3.59000000e-01 2.86770000e+01
 -2.35938174e+03  6.15400000e+02  1.10788000e+02  3.59000000e-01 2.86770000e+01
 -2.35938174e+03  6.15400000e+02  1.10788000e+02  3.59000000e-01 2.86770000e+01
 -2.35650037e+03  6.14400000e+02  1.10788000e+02  3.59000000e-01 2.86910000e+01
 -2.35650037e+03  6.14400000e+02  1.10788000e+02  3.59000000e-01 2.86910000e+01
 -2.35142905e+03  6.14400000e+02  1.11178000e+02  3.65000000e-01 2.73160000e+01
 -2.35142905e+03  6.14400000e+02  1.11178000e+02  3.65000000e-01 2.73160000e+01
 -2.35142905e+03  6.14400000e+02  1.11178000e+02  3.65000000e-01 2.73160000e+01
 -2.35142905e+03  6.14400000e+02  1.11178000e+02  3.65000000e-01 2.73160000e+01
 -2.34070235e+03  6.15400000e+02  1.19139000e+02  3.64000000e-01 2.90370000e+01
 -2.35184935e+03  6.16400000e+02  1.04769000e+02  3.61000000e-01 2.71650000e+01
 -2.35184935e+03  6.16400000e+02  1.04769000e+02  3.61000000e-01 2.71650000e+01
 -2.36589904e+03  6.18270000e+02  1.17630000e+02  3.61000000e-01 2.80860000e+01
 -2.36589904e+03  6.18270000e+02  1.17630000e+02  3.61000000e-01 2.80860000e+01
 -2.36439842e+03  6.19140000e+02  1.17136000e+02  3.74000000e-01 2.74730000e+01
 -2.36107884e+03  6.18270000e+02  1.04746000e+02  3.62000000e-01 2.63190000e+01
 -2.36184945e+03  6.18270000e+02  1.21788000e+02  3.60000000e-01 2.74170000e+01
 -2.36184945e+03  6.18270000e+02  1.21788000e+02  3.60000000e-01 2.74170000e+01
 -2.36184945e+03  6.18270000e+02  1.21788000e+02  3.60000000e-01 2.74170000e+01
 -2.36184945e+03  6.18270000e+02  1.21788000e+02  3.60000000e-01 2.74170000e+01
 -2.36751421e+03  6.19270000e+02  1.19762000e+02  3.61000000e-01 2.70850000e+01
 -2.36751421e+03  6.19270000e+02  1.19762000e+02  3.61000000e-01 2.70850000e+01
 -2.35889425e+03  6.20270000e+02  1.06772000e+02  3.78000000e-01 2.89790000e+01
 -2.35889425e+03  6.20270000e+02  1.06772000e+02  3.78000000e-01 2.89790000e+01
 -2.36006505e+03  6.20270000e+02  1.11980000e+02  3.80000000e-01 2.67030000e+01
 -2.36006505e+03  6.20270000e+02  1.11980000e+02  3.80000000e-01 2.67030000e+01
 -2.37327951e+03  6.21270000e+02  1.08029000e+02  3.68000000e-01 2.85900000e+01
 -2.37767352e+03  6.21270000e+02  1.03571000e+02  3.78000000e-01 3.02470000e+01
 -2.36662456e+03  6.21270000e+02  1.11318000e+02  3.87000000e-01 2.81350000e+01
 -2.36662456e+03  6.21270000e+02  1.11318000e+02  3.87000000e-01 2.81350000e+01
 -2.37410966e+03  6.22140000e+02  1.15214000e+02  3.71000000e-01 2.86540000e+01
 -2.37410966e+03  6.22140000e+02  1.15214000e+02  3.71000000e-01 2.86540000e+01
 -2.37410966e+03  6.22140000e+02  1.15214000e+02  3.71000000e-01 2.86540000e+01
 -2.37537762e+03  6.22140000e+02  1.10268000e+02  3.65000000e-01 2.85360000e+01
 -2.37883709e+03  6.22140000e+02  1.18801000e+02  3.65000000e-01 2.86190000e+01
 -2.37883709e+03  6.22140000e+02  1.18801000e+02  3.65000000e-01 2.86190000e+01
 -2.38616322e+03  6.21140000e+02  1.10761000e+02  3.65000000e-01 2.91840000e+01
 -2.38616322e+03  6.21140000e+02  1.10761000e+02  3.65000000e-01 2.91840000e+01
 -2.38616322e+03  6.21140000e+02  1.10761000e+02  3.65000000e-01 2.91840000e+01
 -2.38616322e+03  6.21140000e+02  1.10761000e+02  3.65000000e-01 2.91840000e+01
 -2.38616322e+03  6.21140000e+02  1.10761000e+02  3.65000000e-01 2.91840000e+01
 -2.38616322e+03  6.21140000e+02  1.10761000e+02  3.65000000e-01 2.91840000e+01
 -2.38616322e+03  6.21140000e+02  1.10761000e+02  3.65000000e-01 2.91840000e+01
 -2.38616322e+03  6.21140000e+02  1.10761000e+02  3.65000000e-01 2.91840000e+01
 -2.38616322e+03  6.21140000e+02  1.10761000e+02  3.65000000e-01 2.91840000e+01
 -2.38616322e+03  6.21140000e+02  1.10761000e+02  3.65000000e-01 2.91840000e+01
 -2.38616322e+03  6.21140000e+02  1.10761000e+02  3.65000000e-01 2.91840000e+01
 -2.38477939e+03  6.21140000e+02  1.22216000e+02  3.61000000e-01 2.61220000e+01
 -2.38477939e+03  6.21140000e+02  1.22216000e+02  3.61000000e-01 2.61220000e+01
 -2.38477939e+03  6.21140000e+02  1.22216000e+02  3.61000000e-01 2.61220000e+01
 -2.38477939e+03  6.21140000e+02  1.22216000e+02  3.61000000e-01 2.61220000e+01
 -2.38477939e+03  6.21140000e+02  1.22216000e+02  3.61000000e-01 2.61220000e+01
 -2.38477939e+03  6.21140000e+02  1.22216000e+02  3.61000000e-01 2.61220000e+01
 -2.38477939e+03  6.21140000e+02  1.22216000e+02  3.61000000e-01 2.61220000e+01
 -2.38477939e+03  6.21140000e+02  1.22216000e+02  3.61000000e-01 2.61220000e+01
 -2.38477939e+03  6.21140000e+02  1.22216000e+02  3.61000000e-01 2.61220000e+01
 -2.38477939e+03  6.21140000e+02  1.22216000e+02  3.61000000e-01 2.61220000e+01
 -2.38477939e+03  6.21140000e+02  1.22216000e+02  3.61000000e-01 2.61220000e+01
 -2.38477939e+03  6.21140000e+02  1.22216000e+02  3.61000000e-01 2.61220000e+01
 -2.38477939e+03  6.21140000e+02  1.22216000e+02  3.61000000e-01 2.61220000e+01
 -2.38477939e+03  6.21140000e+02  1.22216000e+02  3.61000000e-01 2.61220000e+01
 -2.38477939e+03  6.21140000e+02  1.22216000e+02  3.61000000e-01 2.61220000e+01
 -2.38477939e+03  6.21140000e+02  1.22216000e+02  3.61000000e-01 2.61220000e+01
 -2.38477939e+03  6.21140000e+02  1.22216000e+02  3.61000000e-01 2.61220000e+01
 -2.37838777e+03  6.22140000e+02  1.05079000e+02  3.70000000e-01 2.88370000e+01
 -2.37838777e+03  6.22140000e+02  1.05079000e+02  3.70000000e-01 2.88370000e+01
 -2.37838777e+03  6.22140000e+02  1.05079000e+02  3.70000000e-01 2.88370000e+01
 -2.37838777e+03  6.22140000e+02  1.05079000e+02  3.70000000e-01 2.88370000e+01
 -2.37838777e+03  6.22140000e+02  1.05079000e+02  3.70000000e-01 2.88370000e+01
 -2.37838777e+03  6.22140000e+02  1.05079000e+02  3.70000000e-01 2.88370000e+01
 -2.37838777e+03  6.22140000e+02  1.05079000e+02  3.70000000e-01 2.88370000e+01
 -2.37838777e+03  6.22140000e+02  1.05079000e+02  3.70000000e-01 2.88370000e+01
 -2.37838777e+03  6.22140000e+02  1.05079000e+02  3.70000000e-01 2.88370000e+01
 -2.37838777e+03  6.22140000e+02  1.05079000e+02  3.70000000e-01 2.88370000e+01
 -2.37057955e+03  6.21270000e+02  1.18746000e+02  3.68000000e-01 2.87700000e+01
 -2.37320672e+03  6.22140000e+02  1.06099000e+02  3.66000000e-01 3.16990000e+01
 -2.37320672e+03  6.22140000e+02  1.06099000e+02  3.66000000e-01 3.16990000e+01
 -2.37320672e+03  6.22140000e+02  1.06099000e+02  3.66000000e-01 3.16990000e+01
 -2.36902768e+03  6.22140000e+02  1.15054000e+02  3.80000000e-01 2.77130000e+01
 -2.37858029e+03  6.21270000e+02  1.15607000e+02  3.68000000e-01 2.68030000e+01
 -2.37858029e+03  6.21270000e+02  1.15607000e+02  3.68000000e-01 2.68030000e+01
 -2.37858029e+03  6.21270000e+02  1.15607000e+02  3.68000000e-01 2.68030000e+01
 -2.37858029e+03  6.21270000e+02  1.15607000e+02  3.68000000e-01 2.68030000e+01
 -2.37858029e+03  6.21270000e+02  1.15607000e+02  3.68000000e-01 2.68030000e+01
 -2.37811388e+03  6.23140000e+02  1.07397000e+02  3.82000000e-01 2.90900000e+01
 -2.39077993e+03  6.24010000e+02  1.11153000e+02  3.75000000e-01 2.57810000e+01
 -2.39077993e+03  6.24010000e+02  1.11153000e+02  3.75000000e-01 2.57810000e+01
 -2.39077993e+03  6.24010000e+02  1.11153000e+02  3.75000000e-01 2.57810000e+01
 -2.39077993e+03  6.24010000e+02  1.11153000e+02  3.75000000e-01 2.57810000e+01
 -2.38983038e+03  6.24010000e+02  1.12280000e+02  3.74000000e-01 2.71700000e+01
 -2.38983038e+03  6.24010000e+02  1.12280000e+02  3.74000000e-01 2.71700000e+01
 -2.38983038e+03  6.24010000e+02  1.12280000e+02  3.74000000e-01 2.71700000e+01
 -2.38983038e+03  6.24010000e+02  1.12280000e+02  3.74000000e-01 2.71700000e+01
 -2.38983038e+03  6.24010000e+02  1.12280000e+02  3.74000000e-01 2.71700000e+01
 -2.38983038e+03  6.24010000e+02  1.12280000e+02  3.74000000e-01 2.71700000e+01
 -2.38983038e+03  6.24010000e+02  1.12280000e+02  3.74000000e-01 2.71700000e+01
 -2.38983038e+03  6.24010000e+02  1.12280000e+02  3.74000000e-01 2.71700000e+01
 -2.38983038e+03  6.24010000e+02  1.12280000e+02  3.74000000e-01 2.71700000e+01
 -2.38983038e+03  6.24010000e+02  1.12280000e+02  3.74000000e-01 2.71700000e+01
 -2.38983038e+03  6.24010000e+02  1.12280000e+02  3.74000000e-01 2.71700000e+01
 -2.38983038e+03  6.24010000e+02  1.12280000e+02  3.74000000e-01 2.71700000e+01
 -2.38983038e+03  6.24010000e+02  1.12280000e+02  3.74000000e-01 2.71700000e+01
 -2.38983038e+03  6.24010000e+02  1.12280000e+02  3.74000000e-01 2.71700000e+01
 -2.38983038e+03  6.24010000e+02  1.12280000e+02  3.74000000e-01 2.71700000e+01
 -2.38983038e+03  6.24010000e+02  1.12280000e+02  3.74000000e-01 2.71700000e+01
 -2.38569639e+03  6.24880000e+02  1.10102000e+02  3.50000000e-01 2.98110000e+01
 -2.38569639e+03  6.24880000e+02  1.10102000e+02  3.50000000e-01 2.98110000e+01
 -2.38569639e+03  6.24880000e+02  1.10102000e+02  3.50000000e-01 2.98110000e+01
 -2.37784814e+03  6.23010000e+02  1.09333000e+02  3.63000000e-01 2.76800000e+01
 -2.36850926e+03  6.23880000e+02  1.25405000e+02  3.73000000e-01 2.83770000e+01
 -2.36850926e+03  6.23880000e+02  1.25405000e+02  3.73000000e-01 2.83770000e+01
 -2.36850926e+03  6.23880000e+02  1.25405000e+02  3.73000000e-01 2.83770000e+01
 -2.36850926e+03  6.23880000e+02  1.25405000e+02  3.73000000e-01 2.83770000e+01
 -2.37331046e+03  6.22880000e+02  1.18546000e+02  3.62000000e-01 2.70310000e+01
 -2.37409315e+03  6.22010000e+02  1.16711000e+02  3.83000000e-01 2.64860000e+01
 -2.37143939e+03  6.21010000e+02  1.10943000e+02  3.65000000e-01 2.72070000e+01
 -2.37998174e+03  6.21010000e+02  1.17966000e+02  3.54000000e-01 2.70040000e+01
 -2.37998174e+03  6.21010000e+02  1.17966000e+02  3.54000000e-01 2.70040000e+01
 -2.37998174e+03  6.21010000e+02  1.17966000e+02  3.54000000e-01 2.70040000e+01
 -2.38327479e+03  6.22880000e+02  1.13038000e+02  3.71000000e-01 2.78950000e+01
 -2.38327479e+03  6.22880000e+02  1.13038000e+02  3.71000000e-01 2.78950000e+01
 -2.38327479e+03  6.22880000e+02  1.13038000e+02  3.71000000e-01 2.78950000e+01
 -2.38327479e+03  6.22880000e+02  1.13038000e+02  3.71000000e-01 2.78950000e+01
 -2.38327479e+03  6.22880000e+02  1.13038000e+02  3.71000000e-01 2.78950000e+01
 -2.37721938e+03  6.24750000e+02  1.14344000e+02  3.71000000e-01 2.74790000e+01
 -2.38261865e+03  6.25620000e+02  1.13087000e+02  3.58000000e-01 2.70340000e+01
 -2.38261865e+03  6.25620000e+02  1.13087000e+02  3.58000000e-01 2.70340000e+01
 -2.38902654e+03  6.26490000e+02  1.10290000e+02  3.69000000e-01 2.68200000e+01
 -2.38902654e+03  6.26490000e+02  1.10290000e+02  3.69000000e-01 2.68200000e+01
 -2.38902654e+03  6.26490000e+02  1.10290000e+02  3.69000000e-01 2.68200000e+01
 -2.38902654e+03  6.26490000e+02  1.10290000e+02  3.69000000e-01 2.68200000e+01
 -2.38902654e+03  6.26490000e+02  1.10290000e+02  3.69000000e-01 2.68200000e+01
 -2.40048060e+03  6.26490000e+02  1.11510000e+02  3.74000000e-01 2.54560000e+01
 -2.40048060e+03  6.26490000e+02  1.11510000e+02  3.74000000e-01 2.54560000e+01
 -2.40048060e+03  6.26490000e+02  1.11510000e+02  3.74000000e-01 2.54560000e+01
 -2.40048060e+03  6.26490000e+02  1.11510000e+02  3.74000000e-01 2.54560000e+01
 -2.40048060e+03  6.26490000e+02  1.11510000e+02  3.74000000e-01 2.54560000e+01
 -2.40048060e+03  6.26490000e+02  1.11510000e+02  3.74000000e-01 2.54560000e+01
 -2.40224422e+03  6.28360000e+02  1.24395000e+02  3.83000000e-01 2.90390000e+01
 -2.40224422e+03  6.28360000e+02  1.24395000e+02  3.83000000e-01 2.90390000e+01
 -2.39608782e+03  6.28360000e+02  1.15581000e+02  3.60000000e-01 2.67100000e+01
 -2.39608782e+03  6.28360000e+02  1.15581000e+02  3.60000000e-01 2.67100000e+01
 -2.39919180e+03  6.27490000e+02  1.23365000e+02  3.59000000e-01 2.72550000e+01
 -2.40238736e+03  6.29360000e+02  1.16791000e+02  3.72000000e-01 2.87270000e+01
 -2.40238736e+03  6.29360000e+02  1.16791000e+02  3.72000000e-01 2.87270000e+01
 -2.40238736e+03  6.29360000e+02  1.16791000e+02  3.72000000e-01 2.87270000e+01
 -2.40158311e+03  6.31230000e+02  1.13430000e+02  3.53000000e-01 2.64530000e+01
 -2.40158311e+03  6.31230000e+02  1.13430000e+02  3.53000000e-01 2.64530000e+01
 -2.40158311e+03  6.31230000e+02  1.13430000e+02  3.53000000e-01 2.64530000e+01
 -2.40209052e+03  6.30230000e+02  1.23308000e+02  3.68000000e-01 2.74500000e+01
 -2.41022614e+03  6.29230000e+02  1.09700000e+02  3.72000000e-01 2.59040000e+01
 -2.41022614e+03  6.29230000e+02  1.09700000e+02  3.72000000e-01 2.59040000e+01
 -2.41022614e+03  6.29230000e+02  1.09700000e+02  3.72000000e-01 2.59040000e+01
 -2.41022614e+03  6.29230000e+02  1.09700000e+02  3.72000000e-01 2.59040000e+01
 -2.41022614e+03  6.29230000e+02  1.09700000e+02  3.72000000e-01 2.59040000e+01
 -2.40493908e+03  6.30230000e+02  1.19917000e+02  3.56000000e-01 3.00470000e+01
 -2.40924948e+03  6.31230000e+02  1.19964000e+02  3.63000000e-01 2.76990000e+01
 -2.40924948e+03  6.31230000e+02  1.19964000e+02  3.63000000e-01 2.76990000e+01
 -2.40924948e+03  6.31230000e+02  1.19964000e+02  3.63000000e-01 2.76990000e+01
 -2.40924948e+03  6.31230000e+02  1.19964000e+02  3.63000000e-01 2.76990000e+01
 -2.40924948e+03  6.31230000e+02  1.19964000e+02  3.63000000e-01 2.76990000e+01
 -2.40924948e+03  6.31230000e+02  1.19964000e+02  3.63000000e-01 2.76990000e+01
 -2.40924948e+03  6.31230000e+02  1.19964000e+02  3.63000000e-01 2.76990000e+01
 -2.40924948e+03  6.31230000e+02  1.19964000e+02  3.63000000e-01 2.76990000e+01
 -2.39505589e+03  6.30360000e+02  1.16340000e+02  3.70000000e-01 2.81140000e+01
 -2.39505589e+03  6.30360000e+02  1.16340000e+02  3.70000000e-01 2.81140000e+01
 -2.39951523e+03  6.29360000e+02  1.27354000e+02  3.63000000e-01 2.76980000e+01
 -2.39992015e+03  6.28360000e+02  1.21020000e+02  3.71000000e-01 2.88740000e+01
 -2.39992015e+03  6.28360000e+02  1.21020000e+02  3.71000000e-01 2.88740000e+01
 -2.39992015e+03  6.28360000e+02  1.21020000e+02  3.71000000e-01 2.88740000e+01
 -2.39992015e+03  6.28360000e+02  1.21020000e+02  3.71000000e-01 2.88740000e+01
 -2.39992015e+03  6.28360000e+02  1.21020000e+02  3.71000000e-01 2.88740000e+01
 -2.39992015e+03  6.28360000e+02  1.21020000e+02  3.71000000e-01 2.88740000e+01
 -2.39992015e+03  6.28360000e+02  1.21020000e+02  3.71000000e-01 2.88740000e+01
 -2.39992015e+03  6.28360000e+02  1.21020000e+02  3.71000000e-01 2.88740000e+01
 -2.39992015e+03  6.28360000e+02  1.21020000e+02  3.71000000e-01 2.88740000e+01
 -2.39992015e+03  6.28360000e+02  1.21020000e+02  3.71000000e-01 2.88740000e+01
 -2.39992015e+03  6.28360000e+02  1.21020000e+02  3.71000000e-01 2.88740000e+01
 -2.39992015e+03  6.28360000e+02  1.21020000e+02  3.71000000e-01 2.88740000e+01
 -2.39992015e+03  6.28360000e+02  1.21020000e+02  3.71000000e-01 2.88740000e+01
 -2.39533579e+03  6.29360000e+02  1.16779000e+02  3.56000000e-01 2.82000000e+01
 -2.39243307e+03  6.28360000e+02  1.16779000e+02  3.56000000e-01 2.80710000e+01
 -2.39243307e+03  6.28360000e+02  1.16779000e+02  3.56000000e-01 2.80710000e+01
 -2.40034435e+03  6.29230000e+02  1.10955000e+02  3.68000000e-01 2.81500000e+01
 -2.40914312e+03  6.31100000e+02  1.11957000e+02  3.75000000e-01 2.74640000e+01
 -2.42409993e+03  6.32970000e+02  1.15581000e+02  3.61000000e-01 2.72950000e+01
 -2.42409993e+03  6.32970000e+02  1.15581000e+02  3.61000000e-01 2.72950000e+01
 -2.42409993e+03  6.32970000e+02  1.15581000e+02  3.61000000e-01 2.72950000e+01
 -2.42409993e+03  6.32970000e+02  1.15581000e+02  3.61000000e-01 2.72950000e+01
 -2.42409993e+03  6.32970000e+02  1.15581000e+02  3.61000000e-01 2.72950000e+01
 -2.42409993e+03  6.32970000e+02  1.15581000e+02  3.61000000e-01 2.72950000e+01
 -2.42409993e+03  6.32970000e+02  1.15581000e+02  3.61000000e-01 2.72950000e+01
 -2.42409993e+03  6.32970000e+02  1.15581000e+02  3.61000000e-01 2.72950000e+01
 -2.42409993e+03  6.32970000e+02  1.15581000e+02  3.61000000e-01 2.72950000e+01
 -2.42409993e+03  6.32970000e+02  1.15581000e+02  3.61000000e-01 2.72950000e+01
 -2.42409993e+03  6.32970000e+02  1.15581000e+02  3.61000000e-01 2.72950000e+01
 -2.42409993e+03  6.32970000e+02  1.15581000e+02  3.61000000e-01 2.72950000e+01
 -2.42409993e+03  6.32970000e+02  1.15581000e+02  3.61000000e-01 2.72950000e+01
 -2.42409993e+03  6.32970000e+02  1.15581000e+02  3.61000000e-01 2.72950000e+01
 -2.42409993e+03  6.32970000e+02  1.15581000e+02  3.61000000e-01 2.72950000e+01
 -2.42409993e+03  6.32970000e+02  1.15581000e+02  3.61000000e-01 2.72950000e+01
 -2.42409993e+03  6.32970000e+02  1.15581000e+02  3.61000000e-01 2.72950000e+01
 -2.41704934e+03  6.33840000e+02  1.09202000e+02  3.78000000e-01 2.65050000e+01
 -2.41463305e+03  6.32970000e+02  1.19282000e+02  3.75000000e-01 2.64470000e+01
 -2.41463305e+03  6.32970000e+02  1.19282000e+02  3.75000000e-01 2.64470000e+01
 -2.41453837e+03  6.34840000e+02  1.13700000e+02  3.71000000e-01 2.64000000e+01
 -2.41453837e+03  6.34840000e+02  1.13700000e+02  3.71000000e-01 2.64000000e+01
 -2.42087650e+03  6.35840000e+02  1.19514000e+02  3.58000000e-01 2.61030000e+01
 -2.42522575e+03  6.36840000e+02  1.11647000e+02  3.69000000e-01 2.75670000e+01
 -2.42522575e+03  6.36840000e+02  1.11647000e+02  3.69000000e-01 2.75670000e+01
 -2.42522575e+03  6.36840000e+02  1.11647000e+02  3.69000000e-01 2.75670000e+01
 -2.42522575e+03  6.36840000e+02  1.11647000e+02  3.69000000e-01 2.75670000e+01
 -2.42522575e+03  6.36840000e+02  1.11647000e+02  3.69000000e-01 2.75670000e+01
 -2.42845822e+03  6.36840000e+02  1.06713000e+02  3.74000000e-01 2.74760000e+01
 -2.43698182e+03  6.36840000e+02  1.18647000e+02  3.65000000e-01 2.71670000e+01
 -2.43698182e+03  6.36840000e+02  1.18647000e+02  3.65000000e-01 2.71670000e+01
 -2.43698182e+03  6.36840000e+02  1.18647000e+02  3.65000000e-01 2.71670000e+01
 -2.43698182e+03  6.36840000e+02  1.18647000e+02  3.65000000e-01 2.71670000e+01
 -2.43698182e+03  6.36840000e+02  1.18647000e+02  3.65000000e-01 2.71670000e+01
 -2.43698182e+03  6.36840000e+02  1.18647000e+02  3.65000000e-01 2.71670000e+01
 -2.43698182e+03  6.36840000e+02  1.18647000e+02  3.65000000e-01 2.71670000e+01
 -2.43698182e+03  6.36840000e+02  1.18647000e+02  3.65000000e-01 2.71670000e+01
 -2.43698182e+03  6.36840000e+02  1.18647000e+02  3.65000000e-01 2.71670000e+01
 -2.43698182e+03  6.36840000e+02  1.18647000e+02  3.65000000e-01 2.71670000e+01
 -2.43698182e+03  6.36840000e+02  1.18647000e+02  3.65000000e-01 2.71670000e+01
 -2.43698182e+03  6.36840000e+02  1.18647000e+02  3.65000000e-01 2.71670000e+01
 -2.43698182e+03  6.36840000e+02  1.18647000e+02  3.65000000e-01 2.71670000e+01
 -2.43698182e+03  6.36840000e+02  1.18647000e+02  3.65000000e-01 2.71670000e+01
 -2.43698182e+03  6.36840000e+02  1.18647000e+02  3.65000000e-01 2.71670000e+01
 -2.43698182e+03  6.36840000e+02  1.18647000e+02  3.65000000e-01 2.71670000e+01
 -2.43698182e+03  6.36840000e+02  1.18647000e+02  3.65000000e-01 2.71670000e+01
 -2.44050713e+03  6.37710000e+02  1.16907000e+02  3.78000000e-01 2.66140000e+01
 -2.44050713e+03  6.37710000e+02  1.16907000e+02  3.78000000e-01 2.66140000e+01
 -2.44050713e+03  6.37710000e+02  1.16907000e+02  3.78000000e-01 2.66140000e+01
 -2.44050713e+03  6.37710000e+02  1.16907000e+02  3.78000000e-01 2.66140000e+01
 -2.44050713e+03  6.37710000e+02  1.16907000e+02  3.78000000e-01 2.66140000e+01
 -2.44050713e+03  6.37710000e+02  1.16907000e+02  3.78000000e-01 2.66140000e+01
 -2.44050713e+03  6.37710000e+02  1.16907000e+02  3.78000000e-01 2.66140000e+01
 -2.44050713e+03  6.37710000e+02  1.16907000e+02  3.78000000e-01 2.66140000e+01
 -2.44050713e+03  6.37710000e+02  1.16907000e+02  3.78000000e-01 2.66140000e+01
 -2.44050713e+03  6.37710000e+02  1.16907000e+02  3.78000000e-01 2.66140000e+01
 -2.44050713e+03  6.37710000e+02  1.16907000e+02  3.78000000e-01 2.66140000e+01
 -2.44050713e+03  6.37710000e+02  1.16907000e+02  3.78000000e-01 2.66140000e+01
 -2.44050713e+03  6.37710000e+02  1.16907000e+02  3.78000000e-01 2.66140000e+01
 -2.44050713e+03  6.37710000e+02  1.16907000e+02  3.78000000e-01 2.66140000e+01
 -2.44050713e+03  6.37710000e+02  1.16907000e+02  3.78000000e-01 2.66140000e+01
 -2.44050713e+03  6.37710000e+02  1.16907000e+02  3.78000000e-01 2.66140000e+01
 -2.44295884e+03  6.38710000e+02  1.10466000e+02  3.69000000e-01 2.63670000e+01
 -2.43586029e+03  6.37710000e+02  1.17013000e+02  3.71000000e-01 2.53680000e+01
 -2.43751430e+03  6.37710000e+02  1.11873000e+02  3.65000000e-01 2.76360000e+01
 -2.43751430e+03  6.37710000e+02  1.11873000e+02  3.65000000e-01 2.76360000e+01
 -2.43751430e+03  6.37710000e+02  1.11873000e+02  3.65000000e-01 2.76360000e+01
 -2.43751430e+03  6.37710000e+02  1.11873000e+02  3.65000000e-01 2.76360000e+01
 -2.43751430e+03  6.37710000e+02  1.11873000e+02  3.65000000e-01 2.76360000e+01
 -2.43751430e+03  6.37710000e+02  1.11873000e+02  3.65000000e-01 2.76360000e+01
 -2.44289824e+03  6.37710000e+02  1.14895000e+02  3.76000000e-01 2.79470000e+01
 -2.44289824e+03  6.37710000e+02  1.14895000e+02  3.76000000e-01 2.79470000e+01
 -2.44289824e+03  6.37710000e+02  1.14895000e+02  3.76000000e-01 2.79470000e+01
 -2.44289824e+03  6.37710000e+02  1.14895000e+02  3.76000000e-01 2.79470000e+01
 -2.44289824e+03  6.37710000e+02  1.14895000e+02  3.76000000e-01 2.79470000e+01
 -2.44289824e+03  6.37710000e+02  1.14895000e+02  3.76000000e-01 2.79470000e+01
 -2.44289824e+03  6.37710000e+02  1.14895000e+02  3.76000000e-01 2.79470000e+01
 -2.44289824e+03  6.37710000e+02  1.14895000e+02  3.76000000e-01 2.79470000e+01
 -2.44289824e+03  6.37710000e+02  1.14895000e+02  3.76000000e-01 2.79470000e+01
 -2.44289824e+03  6.37710000e+02  1.14895000e+02  3.76000000e-01 2.79470000e+01
 -2.44289824e+03  6.37710000e+02  1.14895000e+02  3.76000000e-01 2.79470000e+01
 -2.44484943e+03  6.37710000e+02  1.08642000e+02  3.64000000e-01 2.61670000e+01
 -2.44484943e+03  6.37710000e+02  1.08642000e+02  3.64000000e-01 2.61670000e+01
 -2.44484943e+03  6.37710000e+02  1.08642000e+02  3.64000000e-01 2.61670000e+01
 -2.44484943e+03  6.37710000e+02  1.08642000e+02  3.64000000e-01 2.61670000e+01
 -2.44484943e+03  6.37710000e+02  1.08642000e+02  3.64000000e-01 2.61670000e+01
 -2.44484943e+03  6.37710000e+02  1.08642000e+02  3.64000000e-01 2.61670000e+01
 -2.44484943e+03  6.37710000e+02  1.08642000e+02  3.64000000e-01 2.61670000e+01
 -2.44484943e+03  6.37710000e+02  1.08642000e+02  3.64000000e-01 2.61670000e+01
 -2.44191428e+03  6.36840000e+02  1.08642000e+02  3.64000000e-01 2.62360000e+01
 -2.44191428e+03  6.36840000e+02  1.08642000e+02  3.64000000e-01 2.62360000e+01
 -2.44191428e+03  6.36840000e+02  1.08642000e+02  3.64000000e-01 2.62360000e+01
 -2.44191428e+03  6.36840000e+02  1.08642000e+02  3.64000000e-01 2.62360000e+01
 -2.44191428e+03  6.36840000e+02  1.08642000e+02  3.64000000e-01 2.62360000e+01
 -2.44191428e+03  6.36840000e+02  1.08642000e+02  3.64000000e-01 2.62360000e+01
 -2.44191428e+03  6.36840000e+02  1.08642000e+02  3.64000000e-01 2.62360000e+01
 -2.44191428e+03  6.36840000e+02  1.08642000e+02  3.64000000e-01 2.62360000e+01
 -2.44191428e+03  6.36840000e+02  1.08642000e+02  3.64000000e-01 2.62360000e+01
 -2.44191428e+03  6.36840000e+02  1.08642000e+02  3.64000000e-01 2.62360000e+01
 -2.44191428e+03  6.36840000e+02  1.08642000e+02  3.64000000e-01 2.62360000e+01
 -2.44191428e+03  6.36840000e+02  1.08642000e+02  3.64000000e-01 2.62360000e+01
 -2.44191428e+03  6.36840000e+02  1.08642000e+02  3.64000000e-01 2.62360000e+01
 -2.44191428e+03  6.36840000e+02  1.08642000e+02  3.64000000e-01 2.62360000e+01
 -2.44191428e+03  6.36840000e+02  1.08642000e+02  3.64000000e-01 2.62360000e+01
 -2.44191428e+03  6.36840000e+02  1.08642000e+02  3.64000000e-01 2.62360000e+01
 -2.44191428e+03  6.36840000e+02  1.08642000e+02  3.64000000e-01 2.62360000e+01
 -2.44191428e+03  6.36840000e+02  1.08642000e+02  3.64000000e-01 2.62360000e+01
 -2.44191428e+03  6.36840000e+02  1.08642000e+02  3.64000000e-01 2.62360000e+01
 -2.44191428e+03  6.36840000e+02  1.08642000e+02  3.64000000e-01 2.62360000e+01
 -2.44191428e+03  6.36840000e+02  1.08642000e+02  3.64000000e-01 2.62360000e+01
 -2.44484943e+03  6.37710000e+02  1.08642000e+02  3.64000000e-01 2.61670000e+01
 -2.44484943e+03  6.37710000e+02  1.08642000e+02  3.64000000e-01 2.61670000e+01
 -2.44484943e+03  6.37710000e+02  1.08642000e+02  3.64000000e-01 2.61670000e+01
 -2.44484943e+03  6.37710000e+02  1.08642000e+02  3.64000000e-01 2.61670000e+01
 -2.44484943e+03  6.37710000e+02  1.08642000e+02  3.64000000e-01 2.61670000e+01
 -2.44484943e+03  6.37710000e+02  1.08642000e+02  3.64000000e-01 2.61670000e+01
 -2.44484943e+03  6.37710000e+02  1.08642000e+02  3.64000000e-01 2.61670000e+01
 -2.44484943e+03  6.37710000e+02  1.08642000e+02  3.64000000e-01 2.61670000e+01
 -2.44484943e+03  6.37710000e+02  1.08642000e+02  3.64000000e-01 2.61670000e+01
 -2.44484943e+03  6.37710000e+02  1.08642000e+02  3.64000000e-01 2.61670000e+01
 -2.44484943e+03  6.37710000e+02  1.08642000e+02  3.64000000e-01 2.61670000e+01
 -2.44484943e+03  6.37710000e+02  1.08642000e+02  3.64000000e-01 2.61670000e+01
 -2.44484943e+03  6.37710000e+02  1.08642000e+02  3.64000000e-01 2.61670000e+01
 -2.44484943e+03  6.37710000e+02  1.08642000e+02  3.64000000e-01 2.61670000e+01
 -2.44484943e+03  6.37710000e+02  1.08642000e+02  3.64000000e-01 2.61670000e+01
 -2.44484943e+03  6.37710000e+02  1.08642000e+02  3.64000000e-01 2.61670000e+01
 -2.44484943e+03  6.37710000e+02  1.08642000e+02  3.64000000e-01 2.61670000e+01
 -2.44484943e+03  6.37710000e+02  1.08642000e+02  3.64000000e-01 2.61670000e+01
 -2.44484943e+03  6.37710000e+02  1.08642000e+02  3.64000000e-01 2.61670000e+01
 -2.44484943e+03  6.37710000e+02  1.08642000e+02  3.64000000e-01 2.61670000e+01
 -2.44484943e+03  6.37710000e+02  1.08642000e+02  3.64000000e-01 2.61670000e+01
 -2.44484943e+03  6.37710000e+02  1.08642000e+02  3.64000000e-01 2.61670000e+01
 -2.44484943e+03  6.37710000e+02  1.08642000e+02  3.64000000e-01 2.61670000e+01
 -2.44484943e+03  6.37710000e+02  1.08642000e+02  3.64000000e-01 2.61670000e+01
 -2.44484943e+03  6.37710000e+02  1.08642000e+02  3.64000000e-01 2.61670000e+01
 -2.44484943e+03  6.37710000e+02  1.08642000e+02  3.64000000e-01 2.61670000e+01
 -2.44484943e+03  6.37710000e+02  1.08642000e+02  3.64000000e-01 2.61670000e+01
 -2.44484943e+03  6.37710000e+02  1.08642000e+02  3.64000000e-01 2.61670000e+01
 -2.44484943e+03  6.37710000e+02  1.08642000e+02  3.64000000e-01 2.61670000e+01
 -2.44484943e+03  6.37710000e+02  1.08642000e+02  3.64000000e-01 2.61670000e+01
 -2.44484943e+03  6.37710000e+02  1.08642000e+02  3.64000000e-01 2.61670000e+01
 -2.44484943e+03  6.37710000e+02  1.08642000e+02  3.64000000e-01 2.61670000e+01
 -2.44484943e+03  6.37710000e+02  1.08642000e+02  3.64000000e-01 2.61670000e+01
 -2.44484943e+03  6.37710000e+02  1.08642000e+02  3.64000000e-01 2.61670000e+01
 -2.44484943e+03  6.37710000e+02  1.08642000e+02  3.64000000e-01 2.61670000e+01
 -2.44484943e+03  6.37710000e+02  1.08642000e+02  3.64000000e-01 2.61670000e+01
 -2.44484943e+03  6.37710000e+02  1.08642000e+02  3.64000000e-01 2.61670000e+01
 -2.44484943e+03  6.37710000e+02  1.08642000e+02  3.64000000e-01 2.61670000e+01
 -2.44484943e+03  6.37710000e+02  1.08642000e+02  3.64000000e-01 2.61670000e+01
 -2.44484943e+03  6.37710000e+02  1.08642000e+02  3.64000000e-01 2.61670000e+01
 -2.44484943e+03  6.37710000e+02  1.08642000e+02  3.64000000e-01 2.61670000e+01
 -2.44484943e+03  6.37710000e+02  1.08642000e+02  3.64000000e-01 2.61670000e+01
 -2.44484943e+03  6.37710000e+02  1.08642000e+02  3.64000000e-01 2.61670000e+01
 -2.44484943e+03  6.37710000e+02  1.08642000e+02  3.64000000e-01 2.61670000e+01
 -2.44484943e+03  6.37710000e+02  1.08642000e+02  3.64000000e-01 2.61670000e+01
 -2.44484943e+03  6.37710000e+02  1.08642000e+02  3.64000000e-01 2.61670000e+01
 -2.44484943e+03  6.37710000e+02  1.08642000e+02  3.64000000e-01 2.61670000e+01
 -2.44484943e+03  6.37710000e+02  1.08642000e+02  3.64000000e-01 2.61670000e+01
 -2.44484943e+03  6.37710000e+02  1.08642000e+02  3.64000000e-01 2.61670000e+01
 -2.44484943e+03  6.37710000e+02  1.08642000e+02  3.64000000e-01 2.61670000e+01
 -2.44484943e+03  6.37710000e+02  1.08642000e+02  3.64000000e-01 2.61670000e+01
 -2.44484943e+03  6.37710000e+02  1.08642000e+02  3.64000000e-01 2.61670000e+01
 -2.44484943e+03  6.37710000e+02  1.08642000e+02  3.64000000e-01 2.61670000e+01
 -2.44484943e+03  6.37710000e+02  1.08642000e+02  3.64000000e-01 2.61670000e+01
 -2.44484943e+03  6.37710000e+02  1.08642000e+02  3.64000000e-01 2.61670000e+01
 -2.44484943e+03  6.37710000e+02  1.08642000e+02  3.64000000e-01 2.61670000e+01
 -2.44484943e+03  6.37710000e+02  1.08642000e+02  3.64000000e-01 2.61670000e+01
 -2.44484943e+03  6.37710000e+02  1.08642000e+02  3.64000000e-01 2.61670000e+01
 -2.44484943e+03  6.37710000e+02  1.08642000e+02  3.64000000e-01 2.61670000e+01
 -2.44484943e+03  6.37710000e+02  1.08642000e+02  3.64000000e-01 2.61670000e+01
 -2.44484943e+03  6.37710000e+02  1.08642000e+02  3.64000000e-01 2.61670000e+01
 -2.44484943e+03  6.37710000e+02  1.08642000e+02  3.64000000e-01 2.61670000e+01
 -2.44484943e+03  6.37710000e+02  1.08642000e+02  3.64000000e-01 2.61670000e+01
 -2.44484943e+03  6.37710000e+02  1.08642000e+02  3.64000000e-01 2.61670000e+01
 -2.44484943e+03  6.37710000e+02  1.08642000e+02  3.64000000e-01 2.61670000e+01
 -2.44484943e+03  6.37710000e+02  1.08642000e+02  3.64000000e-01 2.61670000e+01
 -2.44484943e+03  6.37710000e+02  1.08642000e+02  3.64000000e-01 2.61670000e+01
 -2.44484943e+03  6.37710000e+02  1.08642000e+02  3.64000000e-01 2.61670000e+01
 -2.44484943e+03  6.37710000e+02  1.08642000e+02  3.64000000e-01 2.61670000e+01
 -2.44484943e+03  6.37710000e+02  1.08642000e+02  3.64000000e-01 2.61670000e+01
 -2.44484943e+03  6.37710000e+02  1.08642000e+02  3.64000000e-01 2.61670000e+01
 -2.44484943e+03  6.37710000e+02  1.08642000e+02  3.64000000e-01 2.61670000e+01
 -2.44484943e+03  6.37710000e+02  1.08642000e+02  3.64000000e-01 2.61670000e+01
 -2.44484943e+03  6.37710000e+02  1.08642000e+02  3.64000000e-01 2.61670000e+01
 -2.45157688e+03  6.39580000e+02  1.04175000e+02  3.54000000e-01 2.78380000e+01
 -2.45157688e+03  6.39580000e+02  1.04175000e+02  3.54000000e-01 2.78380000e+01
 -2.45157688e+03  6.39580000e+02  1.04175000e+02  3.54000000e-01 2.78380000e+01
 -2.45157688e+03  6.39580000e+02  1.04175000e+02  3.54000000e-01 2.78380000e+01
 -2.45157688e+03  6.39580000e+02  1.04175000e+02  3.54000000e-01 2.78380000e+01
 -2.45157688e+03  6.39580000e+02  1.04175000e+02  3.54000000e-01 2.78380000e+01
 -2.45157688e+03  6.39580000e+02  1.04175000e+02  3.54000000e-01 2.78380000e+01
 -2.45157688e+03  6.39580000e+02  1.04175000e+02  3.54000000e-01 2.78380000e+01
 -2.45157688e+03  6.39580000e+02  1.04175000e+02  3.54000000e-01 2.78380000e+01
 -2.45157688e+03  6.39580000e+02  1.04175000e+02  3.54000000e-01 2.78380000e+01
 -2.45157688e+03  6.39580000e+02  1.04175000e+02  3.54000000e-01 2.78380000e+01
 -2.45157688e+03  6.39580000e+02  1.04175000e+02  3.54000000e-01 2.78380000e+01
 -2.45157688e+03  6.39580000e+02  1.04175000e+02  3.54000000e-01 2.78380000e+01
 -2.45157688e+03  6.39580000e+02  1.04175000e+02  3.54000000e-01 2.78380000e+01
 -2.44774336e+03  6.39580000e+02  1.15865000e+02  3.69000000e-01 2.70840000e+01
 -2.44774336e+03  6.39580000e+02  1.15865000e+02  3.69000000e-01 2.70840000e+01
 -2.44774336e+03  6.39580000e+02  1.15865000e+02  3.69000000e-01 2.70840000e+01
 -2.44774336e+03  6.39580000e+02  1.15865000e+02  3.69000000e-01 2.70840000e+01
 -2.44774336e+03  6.39580000e+02  1.15865000e+02  3.69000000e-01 2.70840000e+01
 -2.44957580e+03  6.40450000e+02  1.12290000e+02  3.68000000e-01 2.77280000e+01
 -2.44957580e+03  6.40450000e+02  1.12290000e+02  3.68000000e-01 2.77280000e+01
 -2.44957580e+03  6.40450000e+02  1.12290000e+02  3.68000000e-01 2.77280000e+01
 -2.44957580e+03  6.40450000e+02  1.12290000e+02  3.68000000e-01 2.77280000e+01
 -2.44957580e+03  6.40450000e+02  1.12290000e+02  3.68000000e-01 2.77280000e+01
 -2.44957580e+03  6.40450000e+02  1.12290000e+02  3.68000000e-01 2.77280000e+01
 -2.44957580e+03  6.40450000e+02  1.12290000e+02  3.68000000e-01 2.77280000e+01
 -2.44957580e+03  6.40450000e+02  1.12290000e+02  3.68000000e-01 2.77280000e+01
 -2.44957580e+03  6.40450000e+02  1.12290000e+02  3.68000000e-01 2.77280000e+01
 -2.44957580e+03  6.40450000e+02  1.12290000e+02  3.68000000e-01 2.77280000e+01
 -2.44957580e+03  6.40450000e+02  1.12290000e+02  3.68000000e-01 2.77280000e+01
 -2.44917846e+03  6.41450000e+02  1.19335000e+02  3.58000000e-01 2.70140000e+01
 -2.44917846e+03  6.41450000e+02  1.19335000e+02  3.58000000e-01 2.70140000e+01
 -2.44917846e+03  6.41450000e+02  1.19335000e+02  3.58000000e-01 2.70140000e+01
 -2.44917846e+03  6.41450000e+02  1.19335000e+02  3.58000000e-01 2.70140000e+01
 -2.44917846e+03  6.41450000e+02  1.19335000e+02  3.58000000e-01 2.70140000e+01
 -2.44917846e+03  6.41450000e+02  1.19335000e+02  3.58000000e-01 2.70140000e+01
 -2.44917846e+03  6.41450000e+02  1.19335000e+02  3.58000000e-01 2.70140000e+01
 -2.44917846e+03  6.41450000e+02  1.19335000e+02  3.58000000e-01 2.70140000e+01
 -2.44917846e+03  6.41450000e+02  1.19335000e+02  3.58000000e-01 2.70140000e+01
 -2.44917846e+03  6.41450000e+02  1.19335000e+02  3.58000000e-01 2.70140000e+01
 -2.44917846e+03  6.41450000e+02  1.19335000e+02  3.58000000e-01 2.70140000e+01
 -2.44917846e+03  6.41450000e+02  1.19335000e+02  3.58000000e-01 2.70140000e+01
 -2.44917846e+03  6.41450000e+02  1.19335000e+02  3.58000000e-01 2.70140000e+01
 -2.44917846e+03  6.41450000e+02  1.19335000e+02  3.58000000e-01 2.70140000e+01
 -2.44917846e+03  6.41450000e+02  1.19335000e+02  3.58000000e-01 2.70140000e+01
 -2.45129367e+03  6.42320000e+02  1.06769000e+02  3.70000000e-01 2.63230000e+01
 -2.45129367e+03  6.42320000e+02  1.06769000e+02  3.70000000e-01 2.63230000e+01
 -2.45144122e+03  6.42320000e+02  1.15146000e+02  3.71000000e-01 2.81560000e+01
 -2.45144122e+03  6.42320000e+02  1.15146000e+02  3.71000000e-01 2.81560000e+01
 -2.46024778e+03  6.41450000e+02  1.13014000e+02  3.69000000e-01 2.70660000e+01
 -2.46024778e+03  6.41450000e+02  1.13014000e+02  3.69000000e-01 2.70660000e+01
 -2.46024778e+03  6.41450000e+02  1.13014000e+02  3.69000000e-01 2.70660000e+01
 -2.46299324e+03  6.42320000e+02  1.13014000e+02  3.69000000e-01 2.70720000e+01
 -2.46299324e+03  6.42320000e+02  1.13014000e+02  3.69000000e-01 2.70720000e+01
 -2.46299324e+03  6.42320000e+02  1.13014000e+02  3.69000000e-01 2.70720000e+01
 -2.46299324e+03  6.42320000e+02  1.13014000e+02  3.69000000e-01 2.70720000e+01
 -2.46299324e+03  6.42320000e+02  1.13014000e+02  3.69000000e-01 2.70720000e+01
 -2.46299324e+03  6.42320000e+02  1.13014000e+02  3.69000000e-01 2.70720000e+01
 -2.46024778e+03  6.41450000e+02  1.13014000e+02  3.69000000e-01 2.70660000e+01
 -2.46299324e+03  6.42320000e+02  1.13014000e+02  3.69000000e-01 2.70720000e+01
 -2.46299324e+03  6.42320000e+02  1.13014000e+02  3.69000000e-01 2.70720000e+01
 -2.46299324e+03  6.42320000e+02  1.13014000e+02  3.69000000e-01 2.70720000e+01
 -2.46299324e+03  6.42320000e+02  1.13014000e+02  3.69000000e-01 2.70720000e+01
 -2.46299324e+03  6.42320000e+02  1.13014000e+02  3.69000000e-01 2.70720000e+01
 -2.46299324e+03  6.42320000e+02  1.13014000e+02  3.69000000e-01 2.70720000e+01
 -2.46299324e+03  6.42320000e+02  1.13014000e+02  3.69000000e-01 2.70720000e+01
 -2.46299324e+03  6.42320000e+02  1.13014000e+02  3.69000000e-01 2.70720000e+01
 -2.46299324e+03  6.42320000e+02  1.13014000e+02  3.69000000e-01 2.70720000e+01
 -2.46299324e+03  6.42320000e+02  1.13014000e+02  3.69000000e-01 2.70720000e+01
 -2.46299324e+03  6.42320000e+02  1.13014000e+02  3.69000000e-01 2.70720000e+01
 -2.46299324e+03  6.42320000e+02  1.13014000e+02  3.69000000e-01 2.70720000e+01
 -2.46299324e+03  6.42320000e+02  1.13014000e+02  3.69000000e-01 2.70720000e+01
 -2.46299324e+03  6.42320000e+02  1.13014000e+02  3.69000000e-01 2.70720000e+01
 -2.46299324e+03  6.42320000e+02  1.13014000e+02  3.69000000e-01 2.70720000e+01
 -2.46299324e+03  6.42320000e+02  1.13014000e+02  3.69000000e-01 2.70720000e+01
 -2.46299324e+03  6.42320000e+02  1.13014000e+02  3.69000000e-01 2.70720000e+01
 -2.46299324e+03  6.42320000e+02  1.13014000e+02  3.69000000e-01 2.70720000e+01
 -2.46299324e+03  6.42320000e+02  1.13014000e+02  3.69000000e-01 2.70720000e+01
 -2.46299324e+03  6.42320000e+02  1.13014000e+02  3.69000000e-01 2.70720000e+01
 -2.46299324e+03  6.42320000e+02  1.13014000e+02  3.69000000e-01 2.70720000e+01
 -2.46299324e+03  6.42320000e+02  1.13014000e+02  3.69000000e-01 2.70720000e+01
 -2.46299324e+03  6.42320000e+02  1.13014000e+02  3.69000000e-01 2.70720000e+01
 -2.46299324e+03  6.42320000e+02  1.13014000e+02  3.69000000e-01 2.70720000e+01
 -2.46299324e+03  6.42320000e+02  1.13014000e+02  3.69000000e-01 2.70720000e+01
 -2.46299324e+03  6.42320000e+02  1.13014000e+02  3.69000000e-01 2.70720000e+01
 -2.46299324e+03  6.42320000e+02  1.13014000e+02  3.69000000e-01 2.70720000e+01
 -2.46299324e+03  6.42320000e+02  1.13014000e+02  3.69000000e-01 2.70720000e+01
 -2.46299324e+03  6.42320000e+02  1.13014000e+02  3.69000000e-01 2.70720000e+01
 -2.46299324e+03  6.42320000e+02  1.13014000e+02  3.69000000e-01 2.70720000e+01
 -2.46299324e+03  6.42320000e+02  1.13014000e+02  3.69000000e-01 2.70720000e+01
 -2.46299324e+03  6.42320000e+02  1.13014000e+02  3.69000000e-01 2.70720000e+01
 -2.46299324e+03  6.42320000e+02  1.13014000e+02  3.69000000e-01 2.70720000e+01
 -2.46299324e+03  6.42320000e+02  1.13014000e+02  3.69000000e-01 2.70720000e+01
 -2.46299324e+03  6.42320000e+02  1.13014000e+02  3.69000000e-01 2.70720000e+01
 -2.46299324e+03  6.42320000e+02  1.13014000e+02  3.69000000e-01 2.70720000e+01
 -2.46299324e+03  6.42320000e+02  1.13014000e+02  3.69000000e-01 2.70720000e+01
 -2.46299324e+03  6.42320000e+02  1.13014000e+02  3.69000000e-01 2.70720000e+01
 -2.46299324e+03  6.42320000e+02  1.13014000e+02  3.69000000e-01 2.70720000e+01
 -2.46299324e+03  6.42320000e+02  1.13014000e+02  3.69000000e-01 2.70720000e+01
 -2.46299324e+03  6.42320000e+02  1.13014000e+02  3.69000000e-01 2.70720000e+01
 -2.46299324e+03  6.42320000e+02  1.13014000e+02  3.69000000e-01 2.70720000e+01
 -2.46299324e+03  6.42320000e+02  1.13014000e+02  3.69000000e-01 2.70720000e+01
 -2.46299324e+03  6.42320000e+02  1.13014000e+02  3.69000000e-01 2.70720000e+01
 -2.46299324e+03  6.42320000e+02  1.13014000e+02  3.69000000e-01 2.70720000e+01
 -2.46299324e+03  6.42320000e+02  1.13014000e+02  3.69000000e-01 2.70720000e+01
 -2.46299324e+03  6.42320000e+02  1.13014000e+02  3.69000000e-01 2.70720000e+01
 -2.46299324e+03  6.42320000e+02  1.13014000e+02  3.69000000e-01 2.70720000e+01
 -2.46299324e+03  6.42320000e+02  1.13014000e+02  3.69000000e-01 2.70720000e+01
 -2.46871445e+03  6.42320000e+02  1.02149000e+02  3.53000000e-01 2.73180000e+01
 -2.46871445e+03  6.42320000e+02  1.02149000e+02  3.53000000e-01 2.73180000e+01
 -2.46871445e+03  6.42320000e+02  1.02149000e+02  3.53000000e-01 2.73180000e+01
 -2.46871445e+03  6.42320000e+02  1.02149000e+02  3.53000000e-01 2.73180000e+01
 -2.46871445e+03  6.42320000e+02  1.02149000e+02  3.53000000e-01 2.73180000e+01
 -2.46871445e+03  6.42320000e+02  1.02149000e+02  3.53000000e-01 2.73180000e+01
 -2.46871445e+03  6.42320000e+02  1.02149000e+02  3.53000000e-01 2.73180000e+01
 -2.46871445e+03  6.42320000e+02  1.02149000e+02  3.53000000e-01 2.73180000e+01
 -2.46871445e+03  6.42320000e+02  1.02149000e+02  3.53000000e-01 2.73180000e+01
 -2.46871445e+03  6.42320000e+02  1.02149000e+02  3.53000000e-01 2.73180000e+01
 -2.46871445e+03  6.42320000e+02  1.02149000e+02  3.53000000e-01 2.73180000e+01
 -2.46871445e+03  6.42320000e+02  1.02149000e+02  3.53000000e-01 2.73180000e+01
 -2.46871445e+03  6.42320000e+02  1.02149000e+02  3.53000000e-01 2.73180000e+01
 -2.46871445e+03  6.42320000e+02  1.02149000e+02  3.53000000e-01 2.73180000e+01
 -2.46871445e+03  6.42320000e+02  1.02149000e+02  3.53000000e-01 2.73180000e+01
 -2.46871445e+03  6.42320000e+02  1.02149000e+02  3.53000000e-01 2.73180000e+01
 -2.46871445e+03  6.42320000e+02  1.02149000e+02  3.53000000e-01 2.73180000e+01
 -2.46871445e+03  6.42320000e+02  1.02149000e+02  3.53000000e-01 2.73180000e+01
 -2.46871445e+03  6.42320000e+02  1.02149000e+02  3.53000000e-01 2.73180000e+01
 -2.46871445e+03  6.42320000e+02  1.02149000e+02  3.53000000e-01 2.73180000e+01
 -2.46871445e+03  6.42320000e+02  1.02149000e+02  3.53000000e-01 2.73180000e+01
 -2.46871445e+03  6.42320000e+02  1.02149000e+02  3.53000000e-01 2.73180000e+01
 -2.46871445e+03  6.42320000e+02  1.02149000e+02  3.53000000e-01 2.73180000e+01
 -2.46871445e+03  6.42320000e+02  1.02149000e+02  3.53000000e-01 2.73180000e+01
 -2.46871445e+03  6.42320000e+02  1.02149000e+02  3.53000000e-01 2.73180000e+01
 -2.46871445e+03  6.42320000e+02  1.02149000e+02  3.53000000e-01 2.73180000e+01
 -2.46871445e+03  6.42320000e+02  1.02149000e+02  3.53000000e-01 2.73180000e+01
 -2.46871445e+03  6.42320000e+02  1.02149000e+02  3.53000000e-01 2.73180000e+01
 -2.46871445e+03  6.42320000e+02  1.02149000e+02  3.53000000e-01 2.73180000e+01
 -2.46871445e+03  6.42320000e+02  1.02149000e+02  3.53000000e-01 2.73180000e+01
 -2.46871445e+03  6.42320000e+02  1.02149000e+02  3.53000000e-01 2.73180000e+01
 -2.46871445e+03  6.42320000e+02  1.02149000e+02  3.53000000e-01 2.73180000e+01
 -2.46871445e+03  6.42320000e+02  1.02149000e+02  3.53000000e-01 2.73180000e+01
 -2.46871445e+03  6.42320000e+02  1.02149000e+02  3.53000000e-01 2.73180000e+01
 -2.46871445e+03  6.42320000e+02  1.02149000e+02  3.53000000e-01 2.73180000e+01
 -2.46871445e+03  6.42320000e+02  1.02149000e+02  3.53000000e-01 2.73180000e+01
 -2.46871445e+03  6.42320000e+02  1.02149000e+02  3.53000000e-01 2.73180000e+01
 -2.46871445e+03  6.42320000e+02  1.02149000e+02  3.53000000e-01 2.73180000e+01
 -2.46871445e+03  6.42320000e+02  1.02149000e+02  3.53000000e-01 2.73180000e+01
 -2.46871445e+03  6.42320000e+02  1.02149000e+02  3.53000000e-01 2.73180000e+01
 -2.46871445e+03  6.42320000e+02  1.02149000e+02  3.53000000e-01 2.73180000e+01
 -2.46871445e+03  6.42320000e+02  1.02149000e+02  3.53000000e-01 2.73180000e+01
 -2.46871445e+03  6.42320000e+02  1.02149000e+02  3.53000000e-01 2.73180000e+01
 -2.46871445e+03  6.42320000e+02  1.02149000e+02  3.53000000e-01 2.73180000e+01
 -2.46871445e+03  6.42320000e+02  1.02149000e+02  3.53000000e-01 2.73180000e+01
 -2.46871445e+03  6.42320000e+02  1.02149000e+02  3.53000000e-01 2.73180000e+01
 -2.46871445e+03  6.42320000e+02  1.02149000e+02  3.53000000e-01 2.73180000e+01
 -2.46871445e+03  6.42320000e+02  1.02149000e+02  3.53000000e-01 2.73180000e+01
 -2.46871445e+03  6.42320000e+02  1.02149000e+02  3.53000000e-01 2.73180000e+01
 -2.46871445e+03  6.42320000e+02  1.02149000e+02  3.53000000e-01 2.73180000e+01
 -2.46871445e+03  6.42320000e+02  1.02149000e+02  3.53000000e-01 2.73180000e+01
 -2.46871445e+03  6.42320000e+02  1.02149000e+02  3.53000000e-01 2.73180000e+01
 -2.46871445e+03  6.42320000e+02  1.02149000e+02  3.53000000e-01 2.73180000e+01
 -2.46871445e+03  6.42320000e+02  1.02149000e+02  3.53000000e-01 2.73180000e+01
 -2.46871445e+03  6.42320000e+02  1.02149000e+02  3.53000000e-01 2.73180000e+01
 -2.46871445e+03  6.42320000e+02  1.02149000e+02  3.53000000e-01 2.73180000e+01
 -2.46871445e+03  6.42320000e+02  1.02149000e+02  3.53000000e-01 2.73180000e+01
 -2.46871445e+03  6.42320000e+02  1.02149000e+02  3.53000000e-01 2.73180000e+01
 -2.46871445e+03  6.42320000e+02  1.02149000e+02  3.53000000e-01 2.73180000e+01
 -2.46871445e+03  6.42320000e+02  1.02149000e+02  3.53000000e-01 2.73180000e+01
 -2.46871445e+03  6.42320000e+02  1.02149000e+02  3.53000000e-01 2.73180000e+01
 -2.46871445e+03  6.42320000e+02  1.02149000e+02  3.53000000e-01 2.73180000e+01
 -2.46871445e+03  6.42320000e+02  1.02149000e+02  3.53000000e-01 2.73180000e+01
 -2.46871445e+03  6.42320000e+02  1.02149000e+02  3.53000000e-01 2.73180000e+01
 -2.46871445e+03  6.42320000e+02  1.02149000e+02  3.53000000e-01 2.73180000e+01
 -2.46871445e+03  6.42320000e+02  1.02149000e+02  3.53000000e-01 2.73180000e+01
 -2.46871445e+03  6.42320000e+02  1.02149000e+02  3.53000000e-01 2.73180000e+01
 -2.46871445e+03  6.42320000e+02  1.02149000e+02  3.53000000e-01 2.73180000e+01
 -2.46871445e+03  6.42320000e+02  1.02149000e+02  3.53000000e-01 2.73180000e+01
 -2.46871445e+03  6.42320000e+02  1.02149000e+02  3.53000000e-01 2.73180000e+01
 -2.46871445e+03  6.42320000e+02  1.02149000e+02  3.53000000e-01 2.73180000e+01
 -2.46871445e+03  6.42320000e+02  1.02149000e+02  3.53000000e-01 2.73180000e+01
 -2.46871445e+03  6.42320000e+02  1.02149000e+02  3.53000000e-01 2.73180000e+01
 -2.46871445e+03  6.42320000e+02  1.02149000e+02  3.53000000e-01 2.73180000e+01
 -2.46871445e+03  6.42320000e+02  1.02149000e+02  3.53000000e-01 2.73180000e+01
 -2.46871445e+03  6.42320000e+02  1.02149000e+02  3.53000000e-01 2.73180000e+01
 -2.46871445e+03  6.42320000e+02  1.02149000e+02  3.53000000e-01 2.73180000e+01
 -2.46871445e+03  6.42320000e+02  1.02149000e+02  3.53000000e-01 2.73180000e+01
 -2.46871445e+03  6.42320000e+02  1.02149000e+02  3.53000000e-01 2.73180000e+01
 -2.46871445e+03  6.42320000e+02  1.02149000e+02  3.53000000e-01 2.73180000e+01
 -2.46871445e+03  6.42320000e+02  1.02149000e+02  3.53000000e-01 2.73180000e+01
 -2.46871445e+03  6.42320000e+02  1.02149000e+02  3.53000000e-01 2.73180000e+01
 -2.46871445e+03  6.42320000e+02  1.02149000e+02  3.53000000e-01 2.73180000e+01
 -2.46871445e+03  6.42320000e+02  1.02149000e+02  3.53000000e-01 2.73180000e+01
 -2.46871445e+03  6.42320000e+02  1.02149000e+02  3.53000000e-01 2.73180000e+01
 -2.46871445e+03  6.42320000e+02  1.02149000e+02  3.53000000e-01 2.73180000e+01
 -2.46871445e+03  6.42320000e+02  1.02149000e+02  3.53000000e-01 2.73180000e+01
 -2.46871445e+03  6.42320000e+02  1.02149000e+02  3.53000000e-01 2.73180000e+01
 -2.46871445e+03  6.42320000e+02  1.02149000e+02  3.53000000e-01 2.73180000e+01
 -2.46871445e+03  6.42320000e+02  1.02149000e+02  3.53000000e-01 2.73180000e+01
 -2.46871445e+03  6.42320000e+02  1.02149000e+02  3.53000000e-01 2.73180000e+01
 -2.46871445e+03  6.42320000e+02  1.02149000e+02  3.53000000e-01 2.73180000e+01
 -2.46871445e+03  6.42320000e+02  1.02149000e+02  3.53000000e-01 2.73180000e+01
 -2.46871445e+03  6.42320000e+02  1.02149000e+02  3.53000000e-01 2.73180000e+01
 -2.46871445e+03  6.42320000e+02  1.02149000e+02  3.53000000e-01 2.73180000e+01
 -2.46871445e+03  6.42320000e+02  1.02149000e+02  3.53000000e-01 2.73180000e+01
 -2.46871445e+03  6.42320000e+02  1.02149000e+02  3.53000000e-01 2.73180000e+01
 -2.46871445e+03  6.42320000e+02  1.02149000e+02  3.53000000e-01 2.73180000e+01
 -2.46871445e+03  6.42320000e+02  1.02149000e+02  3.53000000e-01 2.73180000e+01
 -2.46871445e+03  6.42320000e+02  1.02149000e+02  3.53000000e-01 2.73180000e+01
 -2.46871445e+03  6.42320000e+02  1.02149000e+02  3.53000000e-01 2.73180000e+01
 -2.46871445e+03  6.42320000e+02  1.02149000e+02  3.53000000e-01 2.73180000e+01
 -2.46871445e+03  6.42320000e+02  1.02149000e+02  3.53000000e-01 2.73180000e+01
 -2.46871445e+03  6.42320000e+02  1.02149000e+02  3.53000000e-01 2.73180000e+01
 -2.46871445e+03  6.42320000e+02  1.02149000e+02  3.53000000e-01 2.73180000e+01
 -2.46871445e+03  6.42320000e+02  1.02149000e+02  3.53000000e-01 2.73180000e+01
 -2.46871445e+03  6.42320000e+02  1.02149000e+02  3.53000000e-01 2.73180000e+01
 -2.46871445e+03  6.42320000e+02  1.02149000e+02  3.53000000e-01 2.73180000e+01
 -2.46871445e+03  6.42320000e+02  1.02149000e+02  3.53000000e-01 2.73180000e+01
 -2.46871445e+03  6.42320000e+02  1.02149000e+02  3.53000000e-01 2.73180000e+01
 -2.46871445e+03  6.42320000e+02  1.02149000e+02  3.53000000e-01 2.73180000e+01
 -2.46871445e+03  6.42320000e+02  1.02149000e+02  3.53000000e-01 2.73180000e+01
 -2.46871445e+03  6.42320000e+02  1.02149000e+02  3.53000000e-01 2.73180000e+01
 -2.46871445e+03  6.42320000e+02  1.02149000e+02  3.53000000e-01 2.73180000e+01
 -2.46871445e+03  6.42320000e+02  1.02149000e+02  3.53000000e-01 2.73180000e+01
 -2.46871445e+03  6.42320000e+02  1.02149000e+02  3.53000000e-01 2.73180000e+01
 -2.46871445e+03  6.42320000e+02  1.02149000e+02  3.53000000e-01 2.73180000e+01
 -2.46871445e+03  6.42320000e+02  1.02149000e+02  3.53000000e-01 2.73180000e+01
 -2.46871445e+03  6.42320000e+02  1.02149000e+02  3.53000000e-01 2.73180000e+01
 -2.46871445e+03  6.42320000e+02  1.02149000e+02  3.53000000e-01 2.73180000e+01
 -2.46871445e+03  6.42320000e+02  1.02149000e+02  3.53000000e-01 2.73180000e+01
 -2.46871445e+03  6.42320000e+02  1.02149000e+02  3.53000000e-01 2.73180000e+01
 -2.46871445e+03  6.42320000e+02  1.02149000e+02  3.53000000e-01 2.73180000e+01
 -2.46871445e+03  6.42320000e+02  1.02149000e+02  3.53000000e-01 2.73180000e+01
 -2.46871445e+03  6.42320000e+02  1.02149000e+02  3.53000000e-01 2.73180000e+01
 -2.46871445e+03  6.42320000e+02  1.02149000e+02  3.53000000e-01 2.73180000e+01
 -2.46871445e+03  6.42320000e+02  1.02149000e+02  3.53000000e-01 2.73180000e+01
 -2.46871445e+03  6.42320000e+02  1.02149000e+02  3.53000000e-01 2.73180000e+01
 -2.46871445e+03  6.42320000e+02  1.02149000e+02  3.53000000e-01 2.73180000e+01
 -2.46871445e+03  6.42320000e+02  1.02149000e+02  3.53000000e-01 2.73180000e+01
 -2.46871445e+03  6.42320000e+02  1.02149000e+02  3.53000000e-01 2.73180000e+01
 -2.46871445e+03  6.42320000e+02  1.02149000e+02  3.53000000e-01 2.73180000e+01
 -2.46871445e+03  6.42320000e+02  1.02149000e+02  3.53000000e-01 2.73180000e+01
 -2.46871445e+03  6.42320000e+02  1.02149000e+02  3.53000000e-01 2.73180000e+01
 -2.46871445e+03  6.42320000e+02  1.02149000e+02  3.53000000e-01 2.73180000e+01
 -2.46871445e+03  6.42320000e+02  1.02149000e+02  3.53000000e-01 2.73180000e+01
 -2.46871445e+03  6.42320000e+02  1.02149000e+02  3.53000000e-01 2.73180000e+01
 -2.46871445e+03  6.42320000e+02  1.02149000e+02  3.53000000e-01 2.73180000e+01
 -2.46871445e+03  6.42320000e+02  1.02149000e+02  3.53000000e-01 2.73180000e+01
 -2.46871445e+03  6.42320000e+02  1.02149000e+02  3.53000000e-01 2.73180000e+01
 -2.46871445e+03  6.42320000e+02  1.02149000e+02  3.53000000e-01 2.73180000e+01
 -2.46871445e+03  6.42320000e+02  1.02149000e+02  3.53000000e-01 2.73180000e+01
 -2.46871445e+03  6.42320000e+02  1.02149000e+02  3.53000000e-01 2.73180000e+01
 -2.46871445e+03  6.42320000e+02  1.02149000e+02  3.53000000e-01 2.73180000e+01
 -2.46871445e+03  6.42320000e+02  1.02149000e+02  3.53000000e-01 2.73180000e+01
 -2.46871445e+03  6.42320000e+02  1.02149000e+02  3.53000000e-01 2.73180000e+01
 -2.46871445e+03  6.42320000e+02  1.02149000e+02  3.53000000e-01 2.73180000e+01
 -2.46871445e+03  6.42320000e+02  1.02149000e+02  3.53000000e-01 2.73180000e+01
 -2.46871445e+03  6.42320000e+02  1.02149000e+02  3.53000000e-01 2.73180000e+01
 -2.46871445e+03  6.42320000e+02  1.02149000e+02  3.53000000e-01 2.73180000e+01
 -2.46871445e+03  6.42320000e+02  1.02149000e+02  3.53000000e-01 2.73180000e+01
 -2.46871445e+03  6.42320000e+02  1.02149000e+02  3.53000000e-01 2.73180000e+01
 -2.46871445e+03  6.42320000e+02  1.02149000e+02  3.53000000e-01 2.73180000e+01
 -2.46871445e+03  6.42320000e+02  1.02149000e+02  3.53000000e-01 2.73180000e+01
 -2.46871445e+03  6.42320000e+02  1.02149000e+02  3.53000000e-01 2.73180000e+01
 -2.46871445e+03  6.42320000e+02  1.02149000e+02  3.53000000e-01 2.73180000e+01
 -2.46871445e+03  6.42320000e+02  1.02149000e+02  3.53000000e-01 2.73180000e+01
 -2.46871445e+03  6.42320000e+02  1.02149000e+02  3.53000000e-01 2.73180000e+01
 -2.46871445e+03  6.42320000e+02  1.02149000e+02  3.53000000e-01 2.73180000e+01
 -2.46871445e+03  6.42320000e+02  1.02149000e+02  3.53000000e-01 2.73180000e+01
 -2.46871445e+03  6.42320000e+02  1.02149000e+02  3.53000000e-01 2.73180000e+01
 -2.46871445e+03  6.42320000e+02  1.02149000e+02  3.53000000e-01 2.73180000e+01
 -2.46871445e+03  6.42320000e+02  1.02149000e+02  3.53000000e-01 2.73180000e+01
 -2.46871445e+03  6.42320000e+02  1.02149000e+02  3.53000000e-01 2.73180000e+01
 -2.46871445e+03  6.42320000e+02  1.02149000e+02  3.53000000e-01 2.73180000e+01
 -2.46871445e+03  6.42320000e+02  1.02149000e+02  3.53000000e-01 2.73180000e+01
 -2.46871445e+03  6.42320000e+02  1.02149000e+02  3.53000000e-01 2.73180000e+01
 -2.46871445e+03  6.42320000e+02  1.02149000e+02  3.53000000e-01 2.73180000e+01
 -2.46871445e+03  6.42320000e+02  1.02149000e+02  3.53000000e-01 2.73180000e+01
 -2.46871445e+03  6.42320000e+02  1.02149000e+02  3.53000000e-01 2.73180000e+01
 -2.46871445e+03  6.42320000e+02  1.02149000e+02  3.53000000e-01 2.73180000e+01
 -2.46871445e+03  6.42320000e+02  1.02149000e+02  3.53000000e-01 2.73180000e+01
 -2.46871445e+03  6.42320000e+02  1.02149000e+02  3.53000000e-01 2.73180000e+01
 -2.46871445e+03  6.42320000e+02  1.02149000e+02  3.53000000e-01 2.73180000e+01
 -2.46871445e+03  6.42320000e+02  1.02149000e+02  3.53000000e-01 2.73180000e+01
 -2.46871445e+03  6.42320000e+02  1.02149000e+02  3.53000000e-01 2.73180000e+01
 -2.46871445e+03  6.42320000e+02  1.02149000e+02  3.53000000e-01 2.73180000e+01
 -2.46871445e+03  6.42320000e+02  1.02149000e+02  3.53000000e-01 2.73180000e+01
 -2.46871445e+03  6.42320000e+02  1.02149000e+02  3.53000000e-01 2.73180000e+01
 -2.46871445e+03  6.42320000e+02  1.02149000e+02  3.53000000e-01 2.73180000e+01
 -2.46871445e+03  6.42320000e+02  1.02149000e+02  3.53000000e-01 2.73180000e+01
 -2.46871445e+03  6.42320000e+02  1.02149000e+02  3.53000000e-01 2.73180000e+01
 -2.46871445e+03  6.42320000e+02  1.02149000e+02  3.53000000e-01 2.73180000e+01
 -2.46871445e+03  6.42320000e+02  1.02149000e+02  3.53000000e-01 2.73180000e+01
 -2.46871445e+03  6.42320000e+02  1.02149000e+02  3.53000000e-01 2.73180000e+01
 -2.46871445e+03  6.42320000e+02  1.02149000e+02  3.53000000e-01 2.73180000e+01
 -2.46871445e+03  6.42320000e+02  1.02149000e+02  3.53000000e-01 2.73180000e+01
 -2.46871445e+03  6.42320000e+02  1.02149000e+02  3.53000000e-01 2.73180000e+01
 -2.46871445e+03  6.42320000e+02  1.02149000e+02  3.53000000e-01 2.73180000e+01
 -2.46871445e+03  6.42320000e+02  1.02149000e+02  3.53000000e-01 2.73180000e+01
 -2.46871445e+03  6.42320000e+02  1.02149000e+02  3.53000000e-01 2.73180000e+01
 -2.46871445e+03  6.42320000e+02  1.02149000e+02  3.53000000e-01 2.73180000e+01
 -2.46871445e+03  6.42320000e+02  1.02149000e+02  3.53000000e-01 2.73180000e+01
 -2.46871445e+03  6.42320000e+02  1.02149000e+02  3.53000000e-01 2.73180000e+01
 -2.46871445e+03  6.42320000e+02  1.02149000e+02  3.53000000e-01 2.73180000e+01
 -2.46871445e+03  6.42320000e+02  1.02149000e+02  3.53000000e-01 2.73180000e+01
 -2.46871445e+03  6.42320000e+02  1.02149000e+02  3.53000000e-01 2.73180000e+01
 -2.46871445e+03  6.42320000e+02  1.02149000e+02  3.53000000e-01 2.73180000e+01
 -2.46871445e+03  6.42320000e+02  1.02149000e+02  3.53000000e-01 2.73180000e+01
 -2.46871445e+03  6.42320000e+02  1.02149000e+02  3.53000000e-01 2.73180000e+01
 -2.46871445e+03  6.42320000e+02  1.02149000e+02  3.53000000e-01 2.73180000e+01
 -2.46871445e+03  6.42320000e+02  1.02149000e+02  3.53000000e-01 2.73180000e+01
 -2.46871445e+03  6.42320000e+02  1.02149000e+02  3.53000000e-01 2.73180000e+01
 -2.46871445e+03  6.42320000e+02  1.02149000e+02  3.53000000e-01 2.73180000e+01
 -2.46871445e+03  6.42320000e+02  1.02149000e+02  3.53000000e-01 2.73180000e+01
 -2.46871445e+03  6.42320000e+02  1.02149000e+02  3.53000000e-01 2.73180000e+01
 -2.46871445e+03  6.42320000e+02  1.02149000e+02  3.53000000e-01 2.73180000e+01
 -2.46871445e+03  6.42320000e+02  1.02149000e+02  3.53000000e-01 2.73180000e+01
 -2.46871445e+03  6.42320000e+02  1.02149000e+02  3.53000000e-01 2.73180000e+01
 -2.46871445e+03  6.42320000e+02  1.02149000e+02  3.53000000e-01 2.73180000e+01
 -2.46871445e+03  6.42320000e+02  1.02149000e+02  3.53000000e-01 2.73180000e+01
 -2.46871445e+03  6.42320000e+02  1.02149000e+02  3.53000000e-01 2.73180000e+01
 -2.46871445e+03  6.42320000e+02  1.02149000e+02  3.53000000e-01 2.73180000e+01
 -2.46871445e+03  6.42320000e+02  1.02149000e+02  3.53000000e-01 2.73180000e+01
 -2.46871445e+03  6.42320000e+02  1.02149000e+02  3.53000000e-01 2.73180000e+01
 -2.46871445e+03  6.42320000e+02  1.02149000e+02  3.53000000e-01 2.73180000e+01
 -2.46871445e+03  6.42320000e+02  1.02149000e+02  3.53000000e-01 2.73180000e+01
 -2.46871445e+03  6.42320000e+02  1.02149000e+02  3.53000000e-01 2.73180000e+01
 -2.46871445e+03  6.42320000e+02  1.02149000e+02  3.53000000e-01 2.73180000e+01
 -2.46871445e+03  6.42320000e+02  1.02149000e+02  3.53000000e-01 2.73180000e+01
 -2.46871445e+03  6.42320000e+02  1.02149000e+02  3.53000000e-01 2.73180000e+01
 -2.46871445e+03  6.42320000e+02  1.02149000e+02  3.53000000e-01 2.73180000e+01
 -2.46871445e+03  6.42320000e+02  1.02149000e+02  3.53000000e-01 2.73180000e+01
 -2.46871445e+03  6.42320000e+02  1.02149000e+02  3.53000000e-01 2.73180000e+01
 -2.46871445e+03  6.42320000e+02  1.02149000e+02  3.53000000e-01 2.73180000e+01
 -2.46871445e+03  6.42320000e+02  1.02149000e+02  3.53000000e-01 2.73180000e+01
 -2.46871445e+03  6.42320000e+02  1.02149000e+02  3.53000000e-01 2.73180000e+01
 -2.46871445e+03  6.42320000e+02  1.02149000e+02  3.53000000e-01 2.73180000e+01
 -2.46871445e+03  6.42320000e+02  1.02149000e+02  3.53000000e-01 2.73180000e+01
 -2.46871445e+03  6.42320000e+02  1.02149000e+02  3.53000000e-01 2.73180000e+01
 -2.46871445e+03  6.42320000e+02  1.02149000e+02  3.53000000e-01 2.73180000e+01
 -2.46871445e+03  6.42320000e+02  1.02149000e+02  3.53000000e-01 2.73180000e+01
 -2.46871445e+03  6.42320000e+02  1.02149000e+02  3.53000000e-01 2.73180000e+01
 -2.46871445e+03  6.42320000e+02  1.02149000e+02  3.53000000e-01 2.73180000e+01
 -2.46871445e+03  6.42320000e+02  1.02149000e+02  3.53000000e-01 2.73180000e+01
 -2.46871445e+03  6.42320000e+02  1.02149000e+02  3.53000000e-01 2.73180000e+01
 -2.46871445e+03  6.42320000e+02  1.02149000e+02  3.53000000e-01 2.73180000e+01
 -2.46871445e+03  6.42320000e+02  1.02149000e+02  3.53000000e-01 2.73180000e+01
 -2.46871445e+03  6.42320000e+02  1.02149000e+02  3.53000000e-01 2.73180000e+01
 -2.46871445e+03  6.42320000e+02  1.02149000e+02  3.53000000e-01 2.73180000e+01
 -2.46871445e+03  6.42320000e+02  1.02149000e+02  3.53000000e-01 2.73180000e+01
 -2.46871445e+03  6.42320000e+02  1.02149000e+02  3.53000000e-01 2.73180000e+01
 -2.46871445e+03  6.42320000e+02  1.02149000e+02  3.53000000e-01 2.73180000e+01
 -2.46871445e+03  6.42320000e+02  1.02149000e+02  3.53000000e-01 2.73180000e+01
 -2.46871445e+03  6.42320000e+02  1.02149000e+02  3.53000000e-01 2.73180000e+01
 -2.46871445e+03  6.42320000e+02  1.02149000e+02  3.53000000e-01 2.73180000e+01
 -2.46871445e+03  6.42320000e+02  1.02149000e+02  3.53000000e-01 2.73180000e+01
 -2.46871445e+03  6.42320000e+02  1.02149000e+02  3.53000000e-01 2.73180000e+01
 -2.46871445e+03  6.42320000e+02  1.02149000e+02  3.53000000e-01 2.73180000e+01