-2.34759635e+03  6.16050000e+02  1.09815000e+02  3.61000000e-01 2.94530000e+01
 -2.37168756e+03  6.17920000e+02  1.15097000e+02  3.63000000e-01 2.81790000e+01
 -2.35735691e+03  6.16050000e+02  1.10421000e+02  3.71000000e-01 2.79880000e+01
 -2.35647931e+03  6.16050000e+02  1.05262000e+02  3.67000000e-01 2.74960000e+01
 -2.35647931e+03  6.16050000e+02  1.05262000e+02  3.67000000e-01 2.74960000e+01
 -2.35101978e+03  6.16920000e+02  1.16116000e+02  3.63000000e-01 2.88860000e+01
 -2.34709358e+03  6.16050000e+02  1.15809000e+02  3.63000000e-01 2.88010000e+01
 -2.36045767e+03  6.16920000e+02  1.13935000e+02  3.75000000e-01 2.92890000e+01
 -2.34449774e+03  6.15920000e+02  1.16938000e+02  3.69000000e-01 2.89940000e+01
 -2.34693355e+03  6.15050000e+02  1.09060000e+02  3.69000000e-01 2.77220000e+01
 -2.34384622e+03  6.15050000e+02  1.16130000e+02  3.59000000e-01 2.82470000e+01
 -2.34552485e+03  6.15920000e+02  1.24265000e+02  3.53000000e-01 2.80320000e+01
 -2.34552485e+03  6.15920000e+02  1.24265000e+02  3.53000000e-01 2.80320000e+01
 -2.36023991e+03  6.14050000e+02  1.13734000e+02  3.73000000e-01 2.99580000e+01
 -2.36023991e+03  6.14050000e+02  1.13734000e+02  3.73000000e-01 2.99580000e+01
 -2.34738675e+03  6.14050000e+02  1.12526000e+02  3.55000000e-01 3.04170000e+01
 -2.33845982e+03  6.12180000e+02  1.15809000e+02  3.62000000e-01 2.88090000e+01
 -2.33845982e+03  6.12180000e+02  1.15809000e+02  3.62000000e-01 2.88090000e+01
 -2.33845982e+03  6.12180000e+02  1.15809000e+02  3.62000000e-01 2.88090000e+01
 -2.33384889e+03  6.11310000e+02  1.10717000e+02  3.66000000e-01 2.76580000e+01
 -2.33742947e+03  6.11310000e+02  1.03718000e+02  3.61000000e-01 2.80030000e+01
 -2.34243353e+03  6.11310000e+02  1.07224000e+02  3.63000000e-01 3.02560000e+01
 -2.35158968e+03  6.11310000e+02  1.09641000e+02  3.68000000e-01 2.85720000e+01
 -2.34774145e+03  6.11310000e+02  1.12934000e+02  3.67000000e-01 2.83760000e+01
 -2.34774145e+03  6.11310000e+02  1.12934000e+02  3.67000000e-01 2.83760000e+01
 -2.33796011e+03  6.11310000e+02  1.09421000e+02  3.62000000e-01 2.85520000e+01
 -2.33780703e+03  6.13180000e+02  1.12896000e+02  3.52000000e-01 2.73920000e+01
 -2.33474364e+03  6.13180000e+02  1.09354000e+02  3.69000000e-01 2.73930000e+01
 -2.33798120e+03  6.13180000e+02  1.08976000e+02  3.68000000e-01 2.94170000e+01
 -2.33798120e+03  6.13180000e+02  1.08976000e+02  3.68000000e-01 2.94170000e+01
 -2.34383666e+03  6.13180000e+02  1.09284000e+02  3.72000000e-01 2.91470000e+01
 -2.33784135e+03  6.12310000e+02  9.76850000e+01  3.69000000e-01 2.73820000e+01
 -2.33784135e+03  6.12310000e+02  9.76850000e+01  3.69000000e-01 2.73820000e+01
 -2.34289466e+03  6.14180000e+02  1.13998000e+02  3.59000000e-01 3.05830000e+01
 -2.34289466e+03  6.14180000e+02  1.13998000e+02  3.59000000e-01 3.05830000e+01
 -2.34289466e+03  6.14180000e+02  1.13998000e+02  3.59000000e-01 3.05830000e+01
 -2.35200437e+03  6.16050000e+02  1.12445000e+02  3.69000000e-01 2.97450000e+01
 -2.35671601e+03  6.17920000e+02  1.23887000e+02  3.57000000e-01 2.86370000e+01
 -2.35671601e+03  6.17920000e+02  1.23887000e+02  3.57000000e-01 2.86370000e+01
 -2.35671601e+03  6.17920000e+02  1.23887000e+02  3.57000000e-01 2.86370000e+01
 -2.36432321e+03  6.18790000e+02  1.14718000e+02  3.67000000e-01 2.73980000e+01
 -2.35954917e+03  6.19660000e+02  1.12916000e+02  3.68000000e-01 3.13380000e+01
 -2.37817460e+03  6.20660000e+02  1.04026000e+02  3.63000000e-01 2.73770000e+01
 -2.37353744e+03  6.20660000e+02  1.16850000e+02  3.77000000e-01 2.73090000e+01
 -2.37353744e+03  6.20660000e+02  1.16850000e+02  3.77000000e-01 2.73090000e+01
 -2.36983483e+03  6.18790000e+02  1.05815000e+02  3.66000000e-01 2.76510000e+01
 -2.36064060e+03  6.19660000e+02  1.08323000e+02  3.61000000e-01 2.64190000e+01
 -2.35526089e+03  6.18790000e+02  1.13538000e+02  3.69000000e-01 2.86610000e+01
 -2.36502745e+03  6.16920000e+02  1.18960000e+02  3.59000000e-01 2.62430000e+01
 -2.36015360e+03  6.17790000e+02  1.07764000e+02  3.64000000e-01 2.98410000e+01
 -2.35769827e+03  6.18660000e+02  1.12184000e+02  3.71000000e-01 2.91570000e+01
 -2.35414592e+03  6.19660000e+02  1.07707000e+02  3.63000000e-01 2.75530000e+01
 -2.35414592e+03  6.19660000e+02  1.07707000e+02  3.63000000e-01 2.75530000e+01
 -2.36472164e+03  6.20660000e+02  1.05934000e+02  3.74000000e-01 2.47510000e+01
 -2.37626189e+03  6.19790000e+02  1.10398000e+02  3.75000000e-01 2.76720000e+01
 -2.35102884e+03  6.19790000e+02  1.10635000e+02  3.76000000e-01 2.65810000e+01
 -2.37091151e+03  6.20790000e+02  1.19113000e+02  3.68000000e-01 2.87210000e+01
 -2.37470707e+03  6.19790000e+02  1.02580000e+02  3.85000000e-01 2.75490000e+01
 -2.37276216e+03  6.19790000e+02  1.13477000e+02  3.62000000e-01 2.78040000e+01
 -2.36961523e+03  6.20790000e+02  1.03363000e+02  3.72000000e-01 2.76190000e+01
 -2.36961523e+03  6.20790000e+02  1.03363000e+02  3.72000000e-01 2.76190000e+01
 -2.36808671e+03  6.20790000e+02  1.13551000e+02  3.51000000e-01 2.80360000e+01
 -2.36808671e+03  6.20790000e+02  1.13551000e+02  3.51000000e-01 2.80360000e+01
 -2.36808671e+03  6.20790000e+02  1.13551000e+02  3.51000000e-01 2.80360000e+01
 -2.36808671e+03  6.20790000e+02  1.13551000e+02  3.51000000e-01 2.80360000e+01
 -2.36808671e+03  6.20790000e+02  1.13551000e+02  3.51000000e-01 2.80360000e+01
 -2.37148095e+03  6.22660000e+02  1.09719000e+02  3.56000000e-01 2.97400000e+01
 -2.38171752e+03  6.23660000e+02  1.12220000e+02  3.56000000e-01 3.00060000e+01
 -2.37939643e+03  6.23660000e+02  1.08713000e+02  3.67000000e-01 2.84710000e+01
 -2.38675831e+03  6.23660000e+02  1.13097000e+02  3.69000000e-01 2.82620000e+01
 -2.38675831e+03  6.23660000e+02  1.13097000e+02  3.69000000e-01 2.82620000e+01
 -2.36933530e+03  6.21790000e+02  1.12484000e+02  3.66000000e-01 2.85180000e+01
 -2.36880006e+03  6.20790000e+02  1.07650000e+02  3.62000000e-01 2.98620000e+01
 -2.37478793e+03  6.22660000e+02  1.13922000e+02  3.69000000e-01 2.83510000e+01
 -2.39034424e+03  6.22660000e+02  1.14112000e+02  3.70000000e-01 2.93870000e+01
 -2.39034424e+03  6.22660000e+02  1.14112000e+02  3.70000000e-01 2.93870000e+01
 -2.37564608e+03  6.21790000e+02  1.16234000e+02  3.67000000e-01 2.73670000e+01
 -2.37439010e+03  6.23660000e+02  1.09403000e+02  3.53000000e-01 2.76570000e+01
 -2.39222443e+03  6.24530000e+02  1.11164000e+02  3.49000000e-01 2.57540000e+01
 -2.38929961e+03  6.23660000e+02  1.10857000e+02  3.49000000e-01 2.60910000e+01
 -2.38247671e+03  6.24660000e+02  1.09213000e+02  3.56000000e-01 2.92510000e+01
 -2.37793195e+03  6.23790000e+02  1.02014000e+02  3.77000000e-01 2.88630000e+01
 -2.35949014e+03  6.21920000e+02  9.99500000e+01  3.59000000e-01 2.72670000e+01
 -2.37337070e+03  6.20920000e+02  1.06703000e+02  3.72000000e-01 2.79360000e+01
 -2.35997240e+03  6.19920000e+02  1.08393000e+02  3.52000000e-01 2.65630000e+01
 -2.36090636e+03  6.19920000e+02  1.03394000e+02  3.83000000e-01 2.86450000e+01
 -2.36236417e+03  6.19920000e+02  1.03394000e+02  3.82000000e-01 2.87930000e+01
 -2.35221892e+03  6.19920000e+02  1.05362000e+02  3.80000000e-01 2.82690000e+01
 -2.35221892e+03  6.19920000e+02  1.05362000e+02  3.80000000e-01 2.82690000e+01
 -2.35568577e+03  6.19920000e+02  1.05444000e+02  3.63000000e-01 2.88670000e+01
 -2.35568577e+03  6.19920000e+02  1.05444000e+02  3.63000000e-01 2.88670000e+01
 -2.35944001e+03  6.21790000e+02  1.09913000e+02  3.61000000e-01 2.74210000e+01
 -2.35944001e+03  6.21790000e+02  1.09913000e+02  3.61000000e-01 2.74210000e+01
 -2.36717901e+03  6.21790000e+02  1.08452000e+02  3.63000000e-01 2.74310000e+01
 -2.36363638e+03  6.21790000e+02  1.08179000e+02  3.84000000e-01 2.73600000e+01
 -2.35902730e+03  6.21790000e+02  1.05010000e+02  3.78000000e-01 2.54350000e+01
 -2.35902730e+03  6.21790000e+02  1.05010000e+02  3.78000000e-01 2.54350000e+01
 -2.35902730e+03  6.21790000e+02  1.05010000e+02  3.78000000e-01 2.54350000e+01
 -2.35902730e+03  6.21790000e+02  1.05010000e+02  3.78000000e-01 2.54350000e+01
 -2.35902730e+03  6.21790000e+02  1.05010000e+02  3.78000000e-01 2.54350000e+01
 -2.35902730e+03  6.21790000e+02  1.05010000e+02  3.78000000e-01 2.54350000e+01
 -2.35902730e+03  6.21790000e+02  1.05010000e+02  3.78000000e-01 2.54350000e+01
 -2.35355664e+03  6.20920000e+02  1.09213000e+02  3.66000000e-01 2.74250000e+01
 -2.35355664e+03  6.20920000e+02  1.09213000e+02  3.66000000e-01 2.74250000e+01
 -2.36909930e+03  6.21920000e+02  1.01478000e+02  3.67000000e-01 2.81660000e+01
 -2.37795667e+03  6.22790000e+02  1.02628000e+02  3.80000000e-01 2.83130000e+01
 -2.37795667e+03  6.22790000e+02  1.02628000e+02  3.80000000e-01 2.83130000e+01
 -2.37795667e+03  6.22790000e+02  1.02628000e+02  3.80000000e-01 2.83130000e+01
 -2.37795667e+03  6.22790000e+02  1.02628000e+02  3.80000000e-01 2.83130000e+01
 -2.37094743e+03  6.23790000e+02  1.05565000e+02  3.65000000e-01 2.83820000e+01
 -2.37094743e+03  6.23790000e+02  1.05565000e+02  3.65000000e-01 2.83820000e+01
 -2.36982048e+03  6.23790000e+02  1.09862000e+02  3.72000000e-01 2.87280000e+01
 -2.36669049e+03  6.23790000e+02  1.04206000e+02  3.62000000e-01 2.76700000e+01
 -2.37862963e+03  6.23790000e+02  1.10457000e+02  3.75000000e-01 2.73320000e+01
 -2.36704924e+03  6.24660000e+02  1.08421000e+02  3.79000000e-01 2.80290000e+01
 -2.36704924e+03  6.24660000e+02  1.08421000e+02  3.79000000e-01 2.80290000e+01
 -2.37901813e+03  6.22790000e+02  1.15985000e+02  3.55000000e-01 2.83830000e+01
 -2.37689622e+03  6.22790000e+02  1.12112000e+02  3.69000000e-01 2.90970000e+01
 -2.36539216e+03  6.23790000e+02  1.06524000e+02  3.60000000e-01 2.83120000e+01
 -2.36539216e+03  6.23790000e+02  1.06524000e+02  3.60000000e-01 2.83120000e+01
 -2.37070138e+03  6.21920000e+02  1.10647000e+02  3.63000000e-01 2.70880000e+01
 -2.38093336e+03  6.22790000e+02  1.08083000e+02  3.66000000e-01 2.79420000e+01
 -2.37075775e+03  6.23790000e+02  1.08656000e+02  3.78000000e-01 2.77530000e+01
 -2.37530018e+03  6.23790000e+02  1.14424000e+02  3.74000000e-01 2.80240000e+01
 -2.37530018e+03  6.23790000e+02  1.14424000e+02  3.74000000e-01 2.80240000e+01
 -2.36401003e+03  6.21920000e+02  9.95800000e+01  3.60000000e-01 2.79480000e+01
 -2.36401003e+03  6.21920000e+02  9.95800000e+01  3.60000000e-01 2.79480000e+01
 -2.36401003e+03  6.21920000e+02  9.95800000e+01  3.60000000e-01 2.79480000e+01
 -2.37105523e+03  6.20050000e+02  9.80220000e+01  3.70000000e-01 2.94510000e+01
 -2.36016066e+03  6.20050000e+02  1.17442000e+02  3.60000000e-01 2.63720000e+01
 -2.35916618e+03  6.20920000e+02  1.09164000e+02  3.59000000e-01 3.17080000e+01
 -2.35916618e+03  6.20920000e+02  1.09164000e+02  3.59000000e-01 3.17080000e+01
 -2.35916618e+03  6.20920000e+02  1.09164000e+02  3.59000000e-01 3.17080000e+01
 -2.35916618e+03  6.20920000e+02  1.09164000e+02  3.59000000e-01 3.17080000e+01
 -2.35916618e+03  6.20920000e+02  1.09164000e+02  3.59000000e-01 3.17080000e+01
 -2.36670821e+03  6.19920000e+02  1.23708000e+02  3.58000000e-01 2.70090000e+01
 -2.36670821e+03  6.19920000e+02  1.23708000e+02  3.58000000e-01 2.70090000e+01
 -2.35035660e+03  6.19920000e+02  1.04649000e+02  3.69000000e-01 2.70970000e+01
 -2.35696829e+03  6.18920000e+02  1.17762000e+02  3.60000000e-01 2.94490000e+01
 -2.35684812e+03  6.18920000e+02  1.17762000e+02  3.62000000e-01 2.95890000e+01
 -2.35312498e+03  6.19790000e+02  1.09794000e+02  3.61000000e-01 2.80220000e+01
 -2.35312498e+03  6.19790000e+02  1.09794000e+02  3.61000000e-01 2.80220000e+01
 -2.35614840e+03  6.20790000e+02  1.17564000e+02  3.68000000e-01 2.86790000e+01
 -2.35614840e+03  6.20790000e+02  1.17564000e+02  3.68000000e-01 2.86790000e+01
 -2.36617378e+03  6.21790000e+02  1.06917000e+02  3.78000000e-01 2.87690000e+01
 -2.36617378e+03  6.21790000e+02  1.06917000e+02  3.78000000e-01 2.87690000e+01
 -2.36642665e+03  6.20790000e+02  1.07001000e+02  3.61000000e-01 2.93390000e+01
 -2.36497924e+03  6.20790000e+02  1.06762000e+02  3.58000000e-01 2.69700000e+01
 -2.36497924e+03  6.20790000e+02  1.06762000e+02  3.58000000e-01 2.69700000e+01
 -2.36497924e+03  6.20790000e+02  1.06762000e+02  3.58000000e-01 2.69700000e+01
 -2.37000292e+03  6.21660000e+02  9.91560000e+01  3.68000000e-01 2.66770000e+01
 -2.37723540e+03  6.22660000e+02  1.01163000e+02  3.76000000e-01 2.94060000e+01
 -2.37723540e+03  6.22660000e+02  1.01163000e+02  3.76000000e-01 2.94060000e+01
 -2.37723540e+03  6.22660000e+02  1.01163000e+02  3.76000000e-01 2.94060000e+01
 -2.36688816e+03  6.21660000e+02  1.11023000e+02  3.76000000e-01 2.77810000e+01
 -2.35917063e+03  6.20660000e+02  1.06665000e+02  3.67000000e-01 2.73040000e+01
 -2.35917063e+03  6.20660000e+02  1.06665000e+02  3.67000000e-01 2.73040000e+01
 -2.35917063e+03  6.20660000e+02  1.06665000e+02  3.67000000e-01 2.73040000e+01
 -2.36507439e+03  6.20660000e+02  1.02837000e+02  3.69000000e-01 2.74490000e+01
 -2.37774308e+03  6.21530000e+02  1.08017000e+02  3.68000000e-01 2.75560000e+01
 -2.37774308e+03  6.21530000e+02  1.08017000e+02  3.68000000e-01 2.75560000e+01
 -2.37188872e+03  6.21530000e+02  1.05030000e+02  3.57000000e-01 2.94160000e+01
 -2.37188872e+03  6.21530000e+02  1.05030000e+02  3.57000000e-01 2.94160000e+01
 -2.36504154e+03  6.21530000e+02  1.13237000e+02  3.65000000e-01 2.71920000e+01
 -2.36504154e+03  6.21530000e+02  1.13237000e+02  3.65000000e-01 2.71920000e+01
 -2.36504154e+03  6.21530000e+02  1.13237000e+02  3.65000000e-01 2.71920000e+01
 -2.35974398e+03  6.21530000e+02  1.23257000e+02  3.63000000e-01 2.97000000e+01
 -2.37261099e+03  6.22530000e+02  1.09660000e+02  3.79000000e-01 2.80630000e+01
 -2.37261099e+03  6.22530000e+02  1.09660000e+02  3.79000000e-01 2.80630000e+01
 -2.37171974e+03  6.22530000e+02  1.14934000e+02  3.77000000e-01 2.78780000e+01
 -2.37171974e+03  6.22530000e+02  1.14934000e+02  3.77000000e-01 2.78780000e+01
 -2.37171974e+03  6.22530000e+02  1.14934000e+02  3.77000000e-01 2.78780000e+01
 -2.38987384e+03  6.23530000e+02  9.92760000e+01  3.67000000e-01 2.90870000e+01
 -2.38987384e+03  6.23530000e+02  9.92760000e+01  3.67000000e-01 2.90870000e+01
 -2.38987384e+03  6.23530000e+02  9.92760000e+01  3.67000000e-01 2.90870000e+01
 -2.37474371e+03  6.23530000e+02  1.09164000e+02  3.68000000e-01 2.71380000e+01
 -2.36753453e+03  6.23530000e+02  1.16581000e+02  3.65000000e-01 2.77660000e+01
 -2.38754523e+03  6.24400000e+02  1.14281000e+02  3.65000000e-01 2.73480000e+01
 -2.38754523e+03  6.24400000e+02  1.14281000e+02  3.65000000e-01 2.73480000e+01
 -2.36674860e+03  6.22530000e+02  1.08831000e+02  3.69000000e-01 2.61460000e+01
 -2.36674860e+03  6.22530000e+02  1.08831000e+02  3.69000000e-01 2.61460000e+01
 -2.36093076e+03  6.22530000e+02  1.13973000e+02  3.53000000e-01 2.74250000e+01
 -2.36309952e+03  6.21530000e+02  1.06632000e+02  3.73000000e-01 2.74240000e+01
 -2.37749621e+03  6.22530000e+02  1.09872000e+02  3.77000000e-01 2.56440000e+01
 -2.37749621e+03  6.22530000e+02  1.09872000e+02  3.77000000e-01 2.56440000e+01
 -2.37258722e+03  6.22530000e+02  1.14306000e+02  3.68000000e-01 2.82470000e+01
 -2.37258722e+03  6.22530000e+02  1.14306000e+02  3.68000000e-01 2.82470000e+01
 -2.37583600e+03  6.21530000e+02  1.04391000e+02  3.65000000e-01 2.88110000e+01
 -2.37583600e+03  6.21530000e+02  1.04391000e+02  3.65000000e-01 2.88110000e+01
 -2.37585634e+03  6.22400000e+02  1.22451000e+02  3.63000000e-01 2.83400000e+01
 -2.37585634e+03  6.22400000e+02  1.22451000e+02  3.63000000e-01 2.83400000e+01
 -2.38214258e+03  6.23400000e+02  1.16530000e+02  3.65000000e-01 2.90920000e+01
 -2.36848481e+03  6.23400000e+02  1.12892000e+02  3.69000000e-01 2.72820000e+01
 -2.36848481e+03  6.23400000e+02  1.12892000e+02  3.69000000e-01 2.72820000e+01
 -2.38342006e+03  6.25270000e+02  1.13420000e+02  3.76000000e-01 2.78100000e+01
 -2.37449316e+03  6.25270000e+02  1.14112000e+02  3.83000000e-01 2.71130000e+01
 -2.37449316e+03  6.25270000e+02  1.14112000e+02  3.83000000e-01 2.71130000e+01
 -2.37449316e+03  6.25270000e+02  1.14112000e+02  3.83000000e-01 2.71130000e+01
 -2.39152514e+03  6.26270000e+02  1.09364000e+02  3.68000000e-01 2.67980000e+01
 -2.39541253e+03  6.27140000e+02  1.09364000e+02  3.68000000e-01 2.67860000e+01
 -2.39152514e+03  6.26270000e+02  1.09364000e+02  3.68000000e-01 2.67980000e+01
 -2.39541253e+03  6.27140000e+02  1.09364000e+02  3.68000000e-01 2.67860000e+01
 -2.39541253e+03  6.27140000e+02  1.09364000e+02  3.68000000e-01 2.67860000e+01
 -2.40277108e+03  6.28010000e+02  1.10702000e+02  3.76000000e-01 3.10130000e+01
 -2.40277108e+03  6.28010000e+02  1.10702000e+02  3.76000000e-01 3.10130000e+01
 -2.40277108e+03  6.28010000e+02  1.10702000e+02  3.76000000e-01 3.10130000e+01
 -2.38873628e+03  6.26140000e+02  1.08239000e+02  3.70000000e-01 2.73120000e+01
 -2.38654282e+03  6.25140000e+02  1.11212000e+02  3.64000000e-01 2.75780000e+01
 -2.38654282e+03  6.25140000e+02  1.11212000e+02  3.64000000e-01 2.75780000e+01
 -2.38654282e+03  6.25140000e+02  1.11212000e+02  3.64000000e-01 2.75780000e+01
 -2.38654282e+03  6.25140000e+02  1.11212000e+02  3.64000000e-01 2.75780000e+01
 -2.38392039e+03  6.25140000e+02  1.11388000e+02  3.72000000e-01 2.86580000e+01
 -2.38974442e+03  6.26140000e+02  1.15522000e+02  3.61000000e-01 2.73340000e+01
 -2.38974442e+03  6.26140000e+02  1.15522000e+02  3.61000000e-01 2.73340000e+01
 -2.38974442e+03  6.26140000e+02  1.15522000e+02  3.61000000e-01 2.73340000e+01
 -2.39279390e+03  6.27010000e+02  1.15522000e+02  3.61000000e-01 2.73590000e+01
 -2.38867208e+03  6.26140000e+02  9.66720000e+01  3.77000000e-01 2.67400000e+01
 -2.38867208e+03  6.26140000e+02  9.66720000e+01  3.77000000e-01 2.67400000e+01
 -2.39044647e+03  6.27140000e+02  1.28317000e+02  3.66000000e-01 2.91210000e+01
 -2.39044647e+03  6.27140000e+02  1.28317000e+02  3.66000000e-01 2.91210000e+01
 -2.38150818e+03  6.26270000e+02  1.06203000e+02  3.64000000e-01 3.05250000e+01
 -2.38150818e+03  6.26270000e+02  1.06203000e+02  3.64000000e-01 3.05250000e+01
 -2.38192701e+03  6.25270000e+02  1.15242000e+02  3.79000000e-01 2.85890000e+01
 -2.37070642e+03  6.24400000e+02  1.20035000e+02  3.76000000e-01 2.80290000e+01
 -2.37070642e+03  6.24400000e+02  1.20035000e+02  3.76000000e-01 2.80290000e+01
 -2.38230244e+03  6.23400000e+02  1.20690000e+02  3.66000000e-01 2.72690000e+01
 -2.38080655e+03  6.24270000e+02  1.22228000e+02  3.75000000e-01 2.64590000e+01
 -2.37807945e+03  6.22400000e+02  1.10280000e+02  3.68000000e-01 2.66990000e+01
 -2.37807945e+03  6.22400000e+02  1.10280000e+02  3.68000000e-01 2.66990000e+01
 -2.37896182e+03  6.24270000e+02  1.08607000e+02  3.70000000e-01 2.76810000e+01
 -2.37753577e+03  6.26140000e+02  1.08890000e+02  3.66000000e-01 2.66080000e+01
 -2.37753577e+03  6.26140000e+02  1.08890000e+02  3.66000000e-01 2.66080000e+01
 -2.38967775e+03  6.26140000e+02  1.09825000e+02  3.61000000e-01 2.58050000e+01
 -2.38494148e+03  6.28010000e+02  1.20166000e+02  3.73000000e-01 2.79050000e+01
 -2.38494148e+03  6.28010000e+02  1.20166000e+02  3.73000000e-01 2.79050000e+01
 -2.39112883e+03  6.27140000e+02  1.12100000e+02  3.76000000e-01 2.79530000e+01
 -2.39112883e+03  6.27140000e+02  1.12100000e+02  3.76000000e-01 2.79530000e+01
 -2.38905684e+03  6.27140000e+02  1.14161000e+02  3.79000000e-01 2.76800000e+01
 -2.38905684e+03  6.27140000e+02  1.14161000e+02  3.79000000e-01 2.76800000e+01
 -2.38905684e+03  6.27140000e+02  1.14161000e+02  3.79000000e-01 2.76800000e+01
 -2.38427806e+03  6.28010000e+02  1.02294000e+02  3.58000000e-01 2.71490000e+01
 -2.39534630e+03  6.28010000e+02  1.09884000e+02  3.75000000e-01 2.82090000e+01
 -2.38576293e+03  6.26140000e+02  1.03881000e+02  3.62000000e-01 2.76090000e+01
 -2.40093627e+03  6.28010000e+02  1.18482000e+02  3.87000000e-01 2.89990000e+01
 -2.39465984e+03  6.28010000e+02  1.08029000e+02  3.70000000e-01 2.70570000e+01
 -2.40375292e+03  6.29880000e+02  1.11082000e+02  3.74000000e-01 2.69130000e+01
 -2.39592423e+03  6.28010000e+02  1.11082000e+02  3.75000000e-01 2.70250000e+01
 -2.38883850e+03  6.29010000e+02  1.08274000e+02  3.74000000e-01 2.66280000e+01
 -2.38476062e+03  6.29010000e+02  1.04381000e+02  3.69000000e-01 2.80060000e+01
 -2.38362474e+03  6.30880000e+02  1.02000000e+02  3.57000000e-01 2.82370000e+01
 -2.40981113e+03  6.31880000e+02  1.05999000e+02  3.74000000e-01 2.58970000e+01
 -2.40081192e+03  6.31010000e+02  1.08782000e+02  3.83000000e-01 2.86370000e+01
 -2.40445613e+03  6.30010000e+02  1.08511000e+02  3.84000000e-01 2.80030000e+01
 -2.40614365e+03  6.29010000e+02  1.10347000e+02  3.80000000e-01 2.72270000e+01
 -2.40765267e+03  6.29880000e+02  1.15577000e+02  3.67000000e-01 2.82430000e+01
 -2.40150305e+03  6.31750000e+02  1.04544000e+02  3.56000000e-01 2.52270000e+01
 -2.39856785e+03  6.30880000e+02  1.04544000e+02  3.56000000e-01 2.52850000e+01
 -2.39856785e+03  6.30880000e+02  1.04544000e+02  3.56000000e-01 2.52850000e+01
 -2.39856785e+03  6.30880000e+02  1.04544000e+02  3.56000000e-01 2.52850000e+01
 -2.39856785e+03  6.30880000e+02  1.04544000e+02  3.56000000e-01 2.52850000e+01
 -2.39970593e+03  6.31750000e+02  1.11647000e+02  3.63000000e-01 2.62920000e+01
 -2.40403221e+03  6.32620000e+02  1.14991000e+02  3.60000000e-01 2.77660000e+01
 -2.41612389e+03  6.33490000e+02  1.16613000e+02  3.77000000e-01 2.82360000e+01
 -2.41551196e+03  6.33490000e+02  1.05866000e+02  3.66000000e-01 2.79560000e+01
 -2.41944014e+03  6.34360000e+02  1.05866000e+02  3.66000000e-01 2.79610000e+01
 -2.41760333e+03  6.36230000e+02  1.08250000e+02  3.65000000e-01 2.63240000e+01
 -2.43143419e+03  6.37230000e+02  1.05061000e+02  3.58000000e-01 2.69030000e+01
 -2.42526827e+03  6.35360000e+02  1.07174000e+02  3.84000000e-01 2.53290000e+01
 -2.41828459e+03  6.35360000e+02  1.10370000e+02  3.81000000e-01 2.67400000e+01
 -2.42565738e+03  6.35360000e+02  1.08950000e+02  3.64000000e-01 2.78940000e+01
 -2.42565738e+03  6.35360000e+02  1.08950000e+02  3.64000000e-01 2.78940000e+01
 -2.42565738e+03  6.35360000e+02  1.08950000e+02  3.64000000e-01 2.78940000e+01
 -2.42565738e+03  6.35360000e+02  1.08950000e+02  3.64000000e-01 2.78940000e+01
 -2.42565738e+03  6.35360000e+02  1.08950000e+02  3.64000000e-01 2.78940000e+01
 -2.42565738e+03  6.35360000e+02  1.08950000e+02  3.64000000e-01 2.78940000e+01
 -2.42565738e+03  6.35360000e+02  1.08950000e+02  3.64000000e-01 2.78940000e+01
 -2.41329853e+03  6.34360000e+02  1.09517000e+02  3.63000000e-01 2.87360000e+01
 -2.41329853e+03  6.34360000e+02  1.09517000e+02  3.63000000e-01 2.87360000e+01
 -2.42524673e+03  6.36230000e+02  9.81620000e+01  3.57000000e-01 2.65810000e+01
 -2.42524673e+03  6.36230000e+02  9.81620000e+01  3.57000000e-01 2.65810000e+01
 -2.42524673e+03  6.36230000e+02  9.81620000e+01  3.57000000e-01 2.65810000e+01
 -2.42524673e+03  6.36230000e+02  9.81620000e+01  3.57000000e-01 2.65810000e+01
 -2.42453248e+03  6.37100000e+02  1.11459000e+02  3.69000000e-01 2.66010000e+01
 -2.42453248e+03  6.37100000e+02  1.11459000e+02  3.69000000e-01 2.66010000e+01
 -2.41801304e+03  6.37100000e+02  1.12335000e+02  3.79000000e-01 2.90640000e+01
 -2.41351195e+03  6.36230000e+02  1.12027000e+02  3.79000000e-01 2.90750000e+01
 -2.41351195e+03  6.36230000e+02  1.12027000e+02  3.79000000e-01 2.90750000e+01
 -2.41756053e+03  6.36230000e+02  1.20300000e+02  3.67000000e-01 2.66680000e+01
 -2.41689391e+03  6.37230000e+02  1.11023000e+02  3.68000000e-01 2.65400000e+01
 -2.43558628e+03  6.38100000e+02  9.98290000e+01  3.73000000e-01 2.82320000e+01
 -2.43665146e+03  6.38100000e+02  1.04271000e+02  3.73000000e-01 2.88320000e+01
 -2.43981696e+03  6.38970000e+02  1.04271000e+02  3.73000000e-01 2.89090000e+01
 -2.43554182e+03  6.38970000e+02  1.00233000e+02  3.60000000e-01 2.95330000e+01
 -2.43554182e+03  6.38970000e+02  1.00233000e+02  3.60000000e-01 2.95330000e+01
 -2.43597156e+03  6.40840000e+02  1.09188000e+02  3.70000000e-01 2.69610000e+01
 -2.43108574e+03  6.39970000e+02  1.03118000e+02  3.52000000e-01 2.67470000e+01
 -2.43009576e+03  6.38970000e+02  1.11902000e+02  3.50000000e-01 2.97650000e+01
 -2.43324821e+03  6.38970000e+02  1.05122000e+02  3.79000000e-01 2.78330000e+01
 -2.42913441e+03  6.37970000e+02  1.02968000e+02  3.62000000e-01 2.77130000e+01
 -2.42965456e+03  6.36100000e+02  1.05075000e+02  3.58000000e-01 2.60400000e+01
 -2.43323587e+03  6.36100000e+02  1.09635000e+02  3.84000000e-01 2.99060000e+01
 -2.43323587e+03  6.36100000e+02  1.09635000e+02  3.84000000e-01 2.99060000e+01
 -2.43323587e+03  6.36100000e+02  1.09635000e+02  3.84000000e-01 2.99060000e+01
 -2.43323587e+03  6.36100000e+02  1.09635000e+02  3.84000000e-01 2.99060000e+01
 -2.42642595e+03  6.35230000e+02  1.06971000e+02  3.61000000e-01 2.71130000e+01
 -2.42642595e+03  6.35230000e+02  1.06971000e+02  3.61000000e-01 2.71130000e+01
 -2.42642595e+03  6.35230000e+02  1.06971000e+02  3.61000000e-01 2.71130000e+01
 -2.42642595e+03  6.35230000e+02  1.06971000e+02  3.61000000e-01 2.71130000e+01
 -2.42642595e+03  6.35230000e+02  1.06971000e+02  3.61000000e-01 2.71130000e+01
 -2.42724508e+03  6.37100000e+02  1.12973000e+02  3.52000000e-01 2.76310000e+01
 -2.43541287e+03  6.37100000e+02  1.11327000e+02  3.75000000e-01 2.62950000e+01
 -2.42179611e+03  6.38100000e+02  1.03887000e+02  3.68000000e-01 2.84510000e+01
 -2.42179611e+03  6.38100000e+02  1.03887000e+02  3.68000000e-01 2.84510000e+01
 -2.42563488e+03  6.38100000e+02  1.18129000e+02  3.74000000e-01 2.70540000e+01
 -2.42785836e+03  6.37100000e+02  1.13663000e+02  3.79000000e-01 2.81650000e+01
 -2.41851550e+03  6.37100000e+02  1.11841000e+02  3.68000000e-01 2.82490000e+01
 -2.41851550e+03  6.37100000e+02  1.11841000e+02  3.68000000e-01 2.82490000e+01
 -2.43824856e+03  6.38100000e+02  1.15760000e+02  3.66000000e-01 2.71800000e+01
 -2.43273448e+03  6.38100000e+02  1.12547000e+02  3.51000000e-01 2.73990000e+01
 -2.43273448e+03  6.38100000e+02  1.12547000e+02  3.51000000e-01 2.73990000e+01
 -2.43273448e+03  6.38100000e+02  1.12547000e+02  3.51000000e-01 2.73990000e+01
 -2.42895009e+03  6.37230000e+02  1.07742000e+02  3.57000000e-01 2.70250000e+01
 -2.42895009e+03  6.37230000e+02  1.07742000e+02  3.57000000e-01 2.70250000e+01
 -2.42860121e+03  6.37230000e+02  1.05820000e+02  3.54000000e-01 2.73510000e+01
 -2.42860121e+03  6.37230000e+02  1.05820000e+02  3.54000000e-01 2.73510000e+01
 -2.42860121e+03  6.37230000e+02  1.05820000e+02  3.54000000e-01 2.73510000e+01
 -2.43068852e+03  6.37230000e+02  1.08746000e+02  3.52000000e-01 2.68670000e+01
 -2.43561969e+03  6.37230000e+02  1.10751000e+02  3.65000000e-01 2.77230000e+01
 -2.42912482e+03  6.39100000e+02  1.17276000e+02  3.64000000e-01 2.68980000e+01
 -2.44163315e+03  6.39970000e+02  1.13602000e+02  3.62000000e-01 2.70360000e+01
 -2.44163315e+03  6.39970000e+02  1.13602000e+02  3.62000000e-01 2.70360000e+01
 -2.44163315e+03  6.39970000e+02  1.13602000e+02  3.62000000e-01 2.70360000e+01
 -2.44163315e+03  6.39970000e+02  1.13602000e+02  3.62000000e-01 2.70360000e+01
 -2.44163315e+03  6.39970000e+02  1.13602000e+02  3.62000000e-01 2.70360000e+01
 -2.44957099e+03  6.41840000e+02  1.11318000e+02  3.43000000e-01 2.69650000e+01
 -2.45031328e+03  6.42840000e+02  1.06275000e+02  3.66000000e-01 2.76040000e+01
 -2.45031328e+03  6.42840000e+02  1.06275000e+02  3.66000000e-01 2.76040000e+01
 -2.44808752e+03  6.42840000e+02  1.13851000e+02  3.74000000e-01 2.89490000e+01
 -2.45010345e+03  6.42840000e+02  1.12940000e+02  3.67000000e-01 3.07880000e+01
 -2.44236249e+03  6.42840000e+02  1.04002000e+02  3.60000000e-01 2.69080000e+01
 -2.44394223e+03  6.41840000e+02  1.18091000e+02  3.69000000e-01 2.67150000e+01
 -2.45505882e+03  6.43710000e+02  1.08332000e+02  3.54000000e-01 2.59650000e+01
 -2.44711262e+03  6.42710000e+02  1.00861000e+02  3.53000000e-01 2.53540000e+01
 -2.43882013e+03  6.42710000e+02  1.05883000e+02  3.74000000e-01 2.57810000e+01
 -2.43772320e+03  6.41840000e+02  1.11745000e+02  3.48000000e-01 2.66990000e+01
 -2.44598294e+03  6.41840000e+02  1.12018000e+02  3.78000000e-01 2.85160000e+01
 -2.44598294e+03  6.41840000e+02  1.12018000e+02  3.78000000e-01 2.85160000e+01
 -2.43922600e+03  6.39970000e+02  1.12730000e+02  3.47000000e-01 2.66800000e+01
 -2.43922600e+03  6.39970000e+02  1.12730000e+02  3.47000000e-01 2.66800000e+01
 -2.43922600e+03  6.39970000e+02  1.12730000e+02  3.47000000e-01 2.66800000e+01
 -2.43922600e+03  6.39970000e+02  1.12730000e+02  3.47000000e-01 2.66800000e+01
 -2.44712451e+03  6.41840000e+02  1.12730000e+02  3.62000000e-01 2.70360000e+01
 -2.45516358e+03  6.43710000e+02  1.19349000e+02  3.48000000e-01 2.64560000e+01
 -2.45516358e+03  6.43710000e+02  1.19349000e+02  3.48000000e-01 2.64560000e+01
 -2.45516358e+03  6.43710000e+02  1.19349000e+02  3.48000000e-01 2.64560000e+01
 -2.44696133e+03  6.42840000e+02  1.07907000e+02  3.69000000e-01 2.77410000e+01
 -2.44696133e+03  6.42840000e+02  1.07907000e+02  3.69000000e-01 2.77410000e+01
 -2.44319029e+03  6.42840000e+02  1.06240000e+02  3.68000000e-01 2.54270000e+01
 -2.44816431e+03  6.43840000e+02  1.13130000e+02  3.66000000e-01 2.90280000e+01
 -2.45139472e+03  6.45710000e+02  1.13322000e+02  3.68000000e-01 2.72400000e+01
 -2.45139472e+03  6.45710000e+02  1.13322000e+02  3.68000000e-01 2.72400000e+01
 -2.45262180e+03  6.47580000e+02  1.12681000e+02  3.71000000e-01 2.78240000e+01
 -2.45262180e+03  6.47580000e+02  1.12681000e+02  3.71000000e-01 2.78240000e+01
 -2.47564822e+03  6.48450000e+02  1.09256000e+02  3.71000000e-01 2.71090000e+01
 -2.47780012e+03  6.49450000e+02  1.22200000e+02  3.61000000e-01 2.70960000e+01
 -2.47780012e+03  6.49450000e+02  1.22200000e+02  3.61000000e-01 2.70960000e+01
 -2.47780012e+03  6.49450000e+02  1.22200000e+02  3.61000000e-01 2.70960000e+01
 -2.47780012e+03  6.49450000e+02  1.22200000e+02  3.61000000e-01 2.70960000e+01
 -2.47780012e+03  6.49450000e+02  1.22200000e+02  3.61000000e-01 2.70960000e+01
 -2.47780012e+03  6.49450000e+02  1.22200000e+02  3.61000000e-01 2.70960000e+01
 -2.47780012e+03  6.49450000e+02  1.22200000e+02  3.61000000e-01 2.70960000e+01
 -2.47780012e+03  6.49450000e+02  1.22200000e+02  3.61000000e-01 2.70960000e+01
 -2.47780012e+03  6.49450000e+02  1.22200000e+02  3.61000000e-01 2.70960000e+01
 -2.47859232e+03  6.50450000e+02  1.07127000e+02  3.67000000e-01 2.79520000e+01
 -2.48050324e+03  6.51320000e+02  1.18095000e+02  3.75000000e-01 2.93140000e+01
 -2.47915415e+03  6.51320000e+02  1.21123000e+02  3.70000000e-01 2.94270000e+01
 -2.47864596e+03  6.51320000e+02  1.11771000e+02  3.66000000e-01 2.55840000e+01
 -2.47864596e+03  6.51320000e+02  1.11771000e+02  3.66000000e-01 2.55840000e+01
 -2.48551106e+03  6.52190000e+02  1.14444000e+02  3.73000000e-01 2.60990000e+01
 -2.48551106e+03  6.52190000e+02  1.14444000e+02  3.73000000e-01 2.60990000e+01
 -2.48270668e+03  6.51320000e+02  1.19029000e+02  3.70000000e-01 2.86920000e+01
 -2.48270668e+03  6.51320000e+02  1.19029000e+02  3.70000000e-01 2.86920000e+01
 -2.48270668e+03  6.51320000e+02  1.19029000e+02  3.70000000e-01 2.86920000e+01
 -2.49102380e+03  6.52190000e+02  1.21145000e+02  3.65000000e-01 2.56360000e+01
 -2.49102380e+03  6.52190000e+02  1.21145000e+02  3.65000000e-01 2.56360000e+01
 -2.49142548e+03  6.53190000e+02  1.04475000e+02  3.79000000e-01 2.60640000e+01
 -2.49142548e+03  6.53190000e+02  1.04475000e+02  3.79000000e-01 2.60640000e+01
 -2.49142548e+03  6.53190000e+02  1.04475000e+02  3.79000000e-01 2.60640000e+01
 -2.49428124e+03  6.55060000e+02  1.05681000e+02  3.81000000e-01 2.72650000e+01
 -2.49220993e+03  6.53190000e+02  1.11459000e+02  3.68000000e-01 2.56380000e+01
 -2.49220993e+03  6.53190000e+02  1.11459000e+02  3.68000000e-01 2.56380000e+01
 -2.49220993e+03  6.53190000e+02  1.11459000e+02  3.68000000e-01 2.56380000e+01
 -2.49201396e+03  6.54190000e+02  1.07315000e+02  3.73000000e-01 2.72490000e+01
 -2.49201396e+03  6.54190000e+02  1.07315000e+02  3.73000000e-01 2.72490000e+01
 -2.49201396e+03  6.54190000e+02  1.07315000e+02  3.73000000e-01 2.72490000e+01
 -2.49201396e+03  6.54190000e+02  1.07315000e+02  3.73000000e-01 2.72490000e+01
 -2.49201396e+03  6.54190000e+02  1.07315000e+02  3.73000000e-01 2.72490000e+01
 -2.49201396e+03  6.54190000e+02  1.07315000e+02  3.73000000e-01 2.72490000e+01
 -2.49201396e+03  6.54190000e+02  1.07315000e+02  3.73000000e-01 2.72490000e+01
 -2.49201396e+03  6.54190000e+02  1.07315000e+02  3.73000000e-01 2.72490000e+01
 -2.49201396e+03  6.54190000e+02  1.07315000e+02  3.73000000e-01 2.72490000e+01
 -2.49395243e+03  6.52320000e+02  1.13022000e+02  3.73000000e-01 2.45470000e+01
 -2.49364385e+03  6.53190000e+02  1.10598000e+02  3.61000000e-01 2.80940000e+01
 -2.49364385e+03  6.53190000e+02  1.10598000e+02  3.61000000e-01 2.80940000e+01
 -2.49364385e+03  6.53190000e+02  1.10598000e+02  3.61000000e-01 2.80940000e+01
 -2.49364385e+03  6.53190000e+02  1.10598000e+02  3.61000000e-01 2.80940000e+01
 -2.49364385e+03  6.53190000e+02  1.10598000e+02  3.61000000e-01 2.80940000e+01
 -2.47839674e+03  6.52320000e+02  1.17036000e+02  3.64000000e-01 2.62740000e+01
 -2.47973385e+03  6.51320000e+02  1.23057000e+02  3.49000000e-01 2.74680000e+01
 -2.47973385e+03  6.51320000e+02  1.23057000e+02  3.49000000e-01 2.74680000e+01
 -2.47973385e+03  6.51320000e+02  1.23057000e+02  3.49000000e-01 2.74680000e+01
 -2.47973385e+03  6.51320000e+02  1.23057000e+02  3.49000000e-01 2.74680000e+01
 -2.47744713e+03  6.52320000e+02  1.03406000e+02  3.75000000e-01 3.12960000e+01
 -2.48639891e+03  6.52320000e+02  1.05103000e+02  3.62000000e-01 2.59660000e+01
 -2.48639891e+03  6.52320000e+02  1.05103000e+02  3.62000000e-01 2.59660000e+01
 -2.49174511e+03  6.54190000e+02  1.01288000e+02  3.61000000e-01 2.76610000e+01
 -2.48656439e+03  6.55190000e+02  1.02534000e+02  3.66000000e-01 2.76540000e+01
 -2.49460683e+03  6.56060000e+02  1.07566000e+02  3.59000000e-01 2.69540000e+01
 -2.49000884e+03  6.54190000e+02  1.08490000e+02  3.52000000e-01 2.48620000e+01
 -2.49000884e+03  6.54190000e+02  1.08490000e+02  3.52000000e-01 2.48620000e+01
 -2.49919047e+03  6.53190000e+02  1.09484000e+02  3.61000000e-01 2.52930000e+01
 -2.49919047e+03  6.53190000e+02  1.09484000e+02  3.61000000e-01 2.52930000e+01
 -2.49919047e+03  6.53190000e+02  1.09484000e+02  3.61000000e-01 2.52930000e+01
 -2.49919047e+03  6.53190000e+02  1.09484000e+02  3.61000000e-01 2.52930000e+01
 -2.49919047e+03  6.53190000e+02  1.09484000e+02  3.61000000e-01 2.52930000e+01
 -2.49919047e+03  6.53190000e+02  1.09484000e+02  3.61000000e-01 2.52930000e+01
 -2.49919047e+03  6.53190000e+02  1.09484000e+02  3.61000000e-01 2.52930000e+01
 -2.48774200e+03  6.54190000e+02  1.12812000e+02  3.65000000e-01 2.76650000e+01
 -2.48774200e+03  6.54190000e+02  1.12812000e+02  3.65000000e-01 2.76650000e+01
 -2.48366569e+03  6.54190000e+02  1.11363000e+02  3.71000000e-01 2.73270000e+01
 -2.48219931e+03  6.54190000e+02  1.15010000e+02  3.49000000e-01 2.68560000e+01
 -2.49087128e+03  6.53190000e+02  1.11708000e+02  3.64000000e-01 2.62460000e+01
 -2.49087128e+03  6.53190000e+02  1.11708000e+02  3.64000000e-01 2.62460000e+01
 -2.49515373e+03  6.55060000e+02  1.14148000e+02  3.54000000e-01 2.68920000e+01
 -2.49515373e+03  6.55060000e+02  1.14148000e+02  3.54000000e-01 2.68920000e+01
 -2.49816712e+03  6.56060000e+02  1.12820000e+02  3.57000000e-01 2.72430000e+01
 -2.49710846e+03  6.56060000e+02  1.09125000e+02  3.58000000e-01 2.70630000e+01
 -2.49710846e+03  6.56060000e+02  1.09125000e+02  3.58000000e-01 2.70630000e+01
 -2.49710846e+03  6.56060000e+02  1.09125000e+02  3.58000000e-01 2.70630000e+01
 -2.49259316e+03  6.56060000e+02  1.11351000e+02  3.62000000e-01 2.71360000e+01
 -2.50720078e+03  6.57060000e+02  1.09043000e+02  3.66000000e-01 2.52240000e+01
 -2.50720078e+03  6.57060000e+02  1.09043000e+02  3.66000000e-01 2.52240000e+01
 -2.50720078e+03  6.57060000e+02  1.09043000e+02  3.66000000e-01 2.52240000e+01
 -2.50720078e+03  6.57060000e+02  1.09043000e+02  3.66000000e-01 2.52240000e+01
 -2.50722607e+03  6.57060000e+02  9.94150000e+01  3.58000000e-01 2.57930000e+01
 -2.50989270e+03  6.57060000e+02  1.13259000e+02  3.54000000e-01 2.65860000e+01
 -2.50989270e+03  6.57060000e+02  1.13259000e+02  3.54000000e-01 2.65860000e+01
 -2.50989270e+03  6.57060000e+02  1.13259000e+02  3.54000000e-01 2.65860000e+01
 -2.50989270e+03  6.57060000e+02  1.13259000e+02  3.54000000e-01 2.65860000e+01
 -2.50989270e+03  6.57060000e+02  1.13259000e+02  3.54000000e-01 2.65860000e+01
 -2.50989270e+03  6.57060000e+02  1.13259000e+02  3.54000000e-01 2.65860000e+01
 -2.50989270e+03  6.57060000e+02  1.13259000e+02  3.54000000e-01 2.65860000e+01
 -2.50989270e+03  6.57060000e+02  1.13259000e+02  3.54000000e-01 2.65860000e+01
 -2.50989270e+03  6.57060000e+02  1.13259000e+02  3.54000000e-01 2.65860000e+01
 -2.50989270e+03  6.57060000e+02  1.13259000e+02  3.54000000e-01 2.65860000e+01
 -2.50989270e+03  6.57060000e+02  1.13259000e+02  3.54000000e-01 2.65860000e+01
 -2.50989270e+03  6.57060000e+02  1.13259000e+02  3.54000000e-01 2.65860000e+01
 -2.50989270e+03  6.57060000e+02  1.13259000e+02  3.54000000e-01 2.65860000e+01
 -2.50989270e+03  6.57060000e+02  1.13259000e+02  3.54000000e-01 2.65860000e+01
 -2.50989270e+03  6.57060000e+02  1.13259000e+02  3.54000000e-01 2.65860000e+01
 -2.50989270e+03  6.57060000e+02  1.13259000e+02  3.54000000e-01 2.65860000e+01
 -2.50989270e+03  6.57060000e+02  1.13259000e+02  3.54000000e-01 2.65860000e+01
 -2.50989270e+03  6.57060000e+02  1.13259000e+02  3.54000000e-01 2.65860000e+01
 -2.50296363e+03  6.57060000e+02  1.04473000e+02  3.75000000e-01 2.88280000e+01
 -2.51760835e+03  6.57930000e+02  1.13414000e+02  3.59000000e-01 2.86900000e+01
 -2.51760835e+03  6.57930000e+02  1.13414000e+02  3.59000000e-01 2.86900000e+01
 -2.51760835e+03  6.57930000e+02  1.13414000e+02  3.59000000e-01 2.86900000e+01
 -2.51073382e+03  6.57930000e+02  1.08366000e+02  3.81000000e-01 2.77770000e+01
 -2.50814742e+03  6.57060000e+02  1.12241000e+02  3.84000000e-01 2.94140000e+01
 -2.50814742e+03  6.57060000e+02  1.12241000e+02  3.84000000e-01 2.94140000e+01
 -2.50814742e+03  6.57060000e+02  1.12241000e+02  3.84000000e-01 2.94140000e+01
 -2.50045206e+03  6.57060000e+02  1.10559000e+02  3.83000000e-01 2.61090000e+01
 -2.50076613e+03  6.56060000e+02  1.07240000e+02  3.68000000e-01 2.80510000e+01
 -2.49656968e+03  6.56060000e+02  1.11931000e+02  3.53000000e-01 2.72830000e+01
 -2.50075034e+03  6.54190000e+02  1.12571000e+02  3.59000000e-01 2.59840000e+01
 -2.48573567e+03  6.54190000e+02  1.03481000e+02  3.59000000e-01 2.41830000e+01
 -2.48573567e+03  6.54190000e+02  1.03481000e+02  3.59000000e-01 2.41830000e+01
 -2.48573567e+03  6.54190000e+02  1.03481000e+02  3.59000000e-01 2.41830000e+01
 -2.49848043e+03  6.54190000e+02  1.05362000e+02  3.79000000e-01 2.51760000e+01
 -2.49848043e+03  6.54190000e+02  1.05362000e+02  3.79000000e-01 2.51760000e+01
 -2.49708575e+03  6.54190000e+02  1.09850000e+02  3.62000000e-01 2.67380000e+01
 -2.49708575e+03  6.54190000e+02  1.09850000e+02  3.62000000e-01 2.67380000e+01
 -2.49708575e+03  6.54190000e+02  1.09850000e+02  3.62000000e-01 2.67380000e+01
 -2.49708575e+03  6.54190000e+02  1.09850000e+02  3.62000000e-01 2.67380000e+01
 -2.48778327e+03  6.52320000e+02  1.18211000e+02  3.84000000e-01 2.57170000e+01
 -2.48613370e+03  6.52320000e+02  1.05928000e+02  3.66000000e-01 2.89290000e+01
 -2.48561729e+03  6.52320000e+02  1.03712000e+02  3.80000000e-01 2.83210000e+01
 -2.48561729e+03  6.52320000e+02  1.03712000e+02  3.80000000e-01 2.83210000e+01
 -2.48504636e+03  6.52320000e+02  1.09672000e+02  3.76000000e-01 2.77280000e+01
 -2.48504636e+03  6.52320000e+02  1.09672000e+02  3.76000000e-01 2.77280000e+01
 -2.48971476e+03  6.52320000e+02  1.10916000e+02  3.80000000e-01 2.79650000e+01
 -2.48971476e+03  6.52320000e+02  1.10916000e+02  3.80000000e-01 2.79650000e+01
 -2.48971476e+03  6.52320000e+02  1.10916000e+02  3.80000000e-01 2.79650000e+01
 -2.48971476e+03  6.52320000e+02  1.10916000e+02  3.80000000e-01 2.79650000e+01
 -2.48971476e+03  6.52320000e+02  1.10916000e+02  3.80000000e-01 2.79650000e+01
 -2.48669819e+03  6.51320000e+02  1.11224000e+02  3.80000000e-01 2.78710000e+01
 -2.49062479e+03  6.52320000e+02  1.11224000e+02  3.80000000e-01 2.78680000e+01
 -2.49359536e+03  6.53190000e+02  1.11224000e+02  3.80000000e-01 2.78600000e+01
 -2.49359536e+03  6.53190000e+02  1.11224000e+02  3.80000000e-01 2.78600000e+01
 -2.49189316e+03  6.54190000e+02  1.08972000e+02  3.75000000e-01 2.63010000e+01
 -2.49189316e+03  6.54190000e+02  1.08972000e+02  3.75000000e-01 2.63010000e+01
 -2.49189316e+03  6.54190000e+02  1.08972000e+02  3.75000000e-01 2.63010000e+01
 -2.49189316e+03  6.54190000e+02  1.08972000e+02  3.75000000e-01 2.63010000e+01
 -2.49189316e+03  6.54190000e+02  1.08972000e+02  3.75000000e-01 2.63010000e+01
 -2.48871938e+03  6.54190000e+02  1.02165000e+02  3.59000000e-01 2.43190000e+01
 -2.48871938e+03  6.54190000e+02  1.02165000e+02  3.59000000e-01 2.43190000e+01
 -2.49749615e+03  6.54190000e+02  1.13341000e+02  3.67000000e-01 2.80180000e+01
 -2.49749615e+03  6.54190000e+02  1.13341000e+02  3.67000000e-01 2.80180000e+01
 -2.49749615e+03  6.54190000e+02  1.13341000e+02  3.67000000e-01 2.80180000e+01
 -2.49749615e+03  6.54190000e+02  1.13341000e+02  3.67000000e-01 2.80180000e+01
 -2.49749615e+03  6.54190000e+02  1.13341000e+02  3.67000000e-01 2.80180000e+01
 -2.49749615e+03  6.54190000e+02  1.13341000e+02  3.67000000e-01 2.80180000e+01
 -2.49749615e+03  6.54190000e+02  1.13341000e+02  3.67000000e-01 2.80180000e+01
 -2.49749615e+03  6.54190000e+02  1.13341000e+02  3.67000000e-01 2.80180000e+01
 -2.49749615e+03  6.54190000e+02  1.13341000e+02  3.67000000e-01 2.80180000e+01
 -2.49749615e+03  6.54190000e+02  1.13341000e+02  3.67000000e-01 2.80180000e+01
 -2.49749615e+03  6.54190000e+02  1.13341000e+02  3.67000000e-01 2.80180000e+01
 -2.49749615e+03  6.54190000e+02  1.13341000e+02  3.67000000e-01 2.80180000e+01
 -2.49749615e+03  6.54190000e+02  1.13341000e+02  3.67000000e-01 2.80180000e+01
 -2.49749615e+03  6.54190000e+02  1.13341000e+02  3.67000000e-01 2.80180000e+01
 -2.49749615e+03  6.54190000e+02  1.13341000e+02  3.67000000e-01 2.80180000e+01
 -2.49749615e+03  6.54190000e+02  1.13341000e+02  3.67000000e-01 2.80180000e+01
 -2.49749615e+03  6.54190000e+02  1.13341000e+02  3.67000000e-01 2.80180000e+01
 -2.49749615e+03  6.54190000e+02  1.13341000e+02  3.67000000e-01 2.80180000e+01
 -2.49347032e+03  6.55060000e+02  1.06368000e+02  3.75000000e-01 2.63090000e+01
 -2.50606912e+03  6.56930000e+02  1.04093000e+02  3.58000000e-01 2.56300000e+01
 -2.50586503e+03  6.56930000e+02  1.12324000e+02  3.57000000e-01 2.64420000e+01
 -2.50586503e+03  6.56930000e+02  1.12324000e+02  3.57000000e-01 2.64420000e+01
 -2.50586503e+03  6.56930000e+02  1.12324000e+02  3.57000000e-01 2.64420000e+01
 -2.50286060e+03  6.56060000e+02  1.05940000e+02  3.75000000e-01 2.51060000e+01
 -2.50286060e+03  6.56060000e+02  1.05940000e+02  3.75000000e-01 2.51060000e+01
 -2.50286060e+03  6.56060000e+02  1.05940000e+02  3.75000000e-01 2.51060000e+01
 -2.50286060e+03  6.56060000e+02  1.05940000e+02  3.75000000e-01 2.51060000e+01
 -2.50286060e+03  6.56060000e+02  1.05940000e+02  3.75000000e-01 2.51060000e+01
 -2.50286060e+03  6.56060000e+02  1.05940000e+02  3.75000000e-01 2.51060000e+01
 -2.50286060e+03  6.56060000e+02  1.05940000e+02  3.75000000e-01 2.51060000e+01
 -2.50792769e+03  6.57060000e+02  1.02304000e+02  3.66000000e-01 2.55040000e+01
 -2.50792769e+03  6.57060000e+02  1.02304000e+02  3.66000000e-01 2.55040000e+01
 -2.50792769e+03  6.57060000e+02  1.02304000e+02  3.66000000e-01 2.55040000e+01
 -2.51608370e+03  6.58930000e+02  1.06593000e+02  3.70000000e-01 2.50980000e+01
 -2.51608370e+03  6.58930000e+02  1.06593000e+02  3.70000000e-01 2.50980000e+01
 -2.51608370e+03  6.58930000e+02  1.06593000e+02  3.70000000e-01 2.50980000e+01
 -2.51608370e+03  6.58930000e+02  1.06593000e+02  3.70000000e-01 2.50980000e+01
 -2.51608370e+03  6.58930000e+02  1.06593000e+02  3.70000000e-01 2.50980000e+01
 -2.51608370e+03  6.58930000e+02  1.06593000e+02  3.70000000e-01 2.50980000e+01
 -2.51608370e+03  6.58930000e+02  1.06593000e+02  3.70000000e-01 2.50980000e+01
 -2.52281018e+03  6.60800000e+02  9.92720000e+01  3.59000000e-01 2.46850000e+01
 -2.52281018e+03  6.60800000e+02  9.92720000e+01  3.59000000e-01 2.46850000e+01
 -2.52281018e+03  6.60800000e+02  9.92720000e+01  3.59000000e-01 2.46850000e+01
 -2.52281018e+03  6.60800000e+02  9.92720000e+01  3.59000000e-01 2.46850000e+01
 -2.52281018e+03  6.60800000e+02  9.92720000e+01  3.59000000e-01 2.46850000e+01
 -2.52281018e+03  6.60800000e+02  9.92720000e+01  3.59000000e-01 2.46850000e+01
 -2.52281018e+03  6.60800000e+02  9.92720000e+01  3.59000000e-01 2.46850000e+01
 -2.52281018e+03  6.60800000e+02  9.92720000e+01  3.59000000e-01 2.46850000e+01
 -2.52281018e+03  6.60800000e+02  9.92720000e+01  3.59000000e-01 2.46850000e+01
 -2.52281018e+03  6.60800000e+02  9.92720000e+01  3.59000000e-01 2.46850000e+01
 -2.52281018e+03  6.60800000e+02  9.92720000e+01  3.59000000e-01 2.46850000e+01
 -2.52281018e+03  6.60800000e+02  9.92720000e+01  3.59000000e-01 2.46850000e+01
 -2.52281018e+03  6.60800000e+02  9.92720000e+01  3.59000000e-01 2.46850000e+01
 -2.52281018e+03  6.60800000e+02  9.92720000e+01  3.59000000e-01 2.46850000e+01
 -2.52281018e+03  6.60800000e+02  9.92720000e+01  3.59000000e-01 2.46850000e+01
 -2.52281018e+03  6.60800000e+02  9.92720000e+01  3.59000000e-01 2.46850000e+01
 -2.52281018e+03  6.60800000e+02  9.92720000e+01  3.59000000e-01 2.46850000e+01
 -2.52281018e+03  6.60800000e+02  9.92720000e+01  3.59000000e-01 2.46850000e+01
 -2.52281018e+03  6.60800000e+02  9.92720000e+01  3.59000000e-01 2.46850000e+01
 -2.52281018e+03  6.60800000e+02  9.92720000e+01  3.59000000e-01 2.46850000e+01
 -2.52281018e+03  6.60800000e+02  9.92720000e+01  3.59000000e-01 2.46850000e+01
 -2.52281018e+03  6.60800000e+02  9.92720000e+01  3.59000000e-01 2.46850000e+01
 -2.52281018e+03  6.60800000e+02  9.92720000e+01  3.59000000e-01 2.46850000e+01
 -2.52281018e+03  6.60800000e+02  9.92720000e+01  3.59000000e-01 2.46850000e+01
 -2.52281018e+03  6.60800000e+02  9.92720000e+01  3.59000000e-01 2.46850000e+01
 -2.52666204e+03  6.61800000e+02  1.01416000e+02  3.53000000e-01 2.68180000e+01
 -2.52666204e+03  6.61800000e+02  1.01416000e+02  3.53000000e-01 2.68180000e+01
 -2.52666204e+03  6.61800000e+02  1.01416000e+02  3.53000000e-01 2.68180000e+01
 -2.52666204e+03  6.61800000e+02  1.01416000e+02  3.53000000e-01 2.68180000e+01
 -2.52666204e+03  6.61800000e+02  1.01416000e+02  3.53000000e-01 2.68180000e+01
 -2.52666204e+03  6.61800000e+02  1.01416000e+02  3.53000000e-01 2.68180000e+01
 -2.52666204e+03  6.61800000e+02  1.01416000e+02  3.53000000e-01 2.68180000e+01
 -2.52666204e+03  6.61800000e+02  1.01416000e+02  3.53000000e-01 2.68180000e+01
 -2.52666204e+03  6.61800000e+02  1.01416000e+02  3.53000000e-01 2.68180000e+01
 -2.52666204e+03  6.61800000e+02  1.01416000e+02  3.53000000e-01 2.68180000e+01
 -2.52666204e+03  6.61800000e+02  1.01416000e+02  3.53000000e-01 2.68180000e+01
 -2.52451668e+03  6.61800000e+02  1.11022000e+02  3.55000000e-01 2.46280000e+01
 -2.52451668e+03  6.61800000e+02  1.11022000e+02  3.55000000e-01 2.46280000e+01
 -2.52451668e+03  6.61800000e+02  1.11022000e+02  3.55000000e-01 2.46280000e+01
 -2.52451668e+03  6.61800000e+02  1.11022000e+02  3.55000000e-01 2.46280000e+01
 -2.52451668e+03  6.61800000e+02  1.11022000e+02  3.55000000e-01 2.46280000e+01
 -2.52451668e+03  6.61800000e+02  1.11022000e+02  3.55000000e-01 2.46280000e+01
 -2.52451668e+03  6.61800000e+02  1.11022000e+02  3.55000000e-01 2.46280000e+01
 -2.52451668e+03  6.61800000e+02  1.11022000e+02  3.55000000e-01 2.46280000e+01
 -2.52451668e+03  6.61800000e+02  1.11022000e+02  3.55000000e-01 2.46280000e+01
 -2.52451668e+03  6.61800000e+02  1.11022000e+02  3.55000000e-01 2.46280000e+01
 -2.52451668e+03  6.61800000e+02  1.11022000e+02  3.55000000e-01 2.46280000e+01
 -2.52451668e+03  6.61800000e+02  1.11022000e+02  3.55000000e-01 2.46280000e+01
 -2.52340101e+03  6.63670000e+02  1.08678000e+02  3.55000000e-01 2.63890000e+01
 -2.52340101e+03  6.63670000e+02  1.08678000e+02  3.55000000e-01 2.63890000e+01
 -2.52340101e+03  6.63670000e+02  1.08678000e+02  3.55000000e-01 2.63890000e+01
 -2.52340101e+03  6.63670000e+02  1.08678000e+02  3.55000000e-01 2.63890000e+01
 -2.52340101e+03  6.63670000e+02  1.08678000e+02  3.55000000e-01 2.63890000e+01
 -2.52340101e+03  6.63670000e+02  1.08678000e+02  3.55000000e-01 2.63890000e+01
 -2.52340101e+03  6.63670000e+02  1.08678000e+02  3.55000000e-01 2.63890000e+01
 -2.53522796e+03  6.63670000e+02  1.00786000e+02  3.57000000e-01 2.56420000e+01
 -2.53418357e+03  6.63670000e+02  1.15085000e+02  3.57000000e-01 2.63810000e+01
 -2.53418357e+03  6.63670000e+02  1.15085000e+02  3.57000000e-01 2.63810000e+01
 -2.53418357e+03  6.63670000e+02  1.15085000e+02  3.57000000e-01 2.63810000e+01
 -2.53208728e+03  6.63670000e+02  1.01014000e+02  3.70000000e-01 2.60360000e+01
 -2.53208728e+03  6.63670000e+02  1.01014000e+02  3.70000000e-01 2.60360000e+01
 -2.53208728e+03  6.63670000e+02  1.01014000e+02  3.70000000e-01 2.60360000e+01
 -2.53208728e+03  6.63670000e+02  1.01014000e+02  3.70000000e-01 2.60360000e+01
 -2.53208728e+03  6.63670000e+02  1.01014000e+02  3.70000000e-01 2.60360000e+01
 -2.53208728e+03  6.63670000e+02  1.01014000e+02  3.70000000e-01 2.60360000e+01
 -2.53449281e+03  6.63670000e+02  1.12724000e+02  3.77000000e-01 2.52790000e+01
 -2.53449281e+03  6.63670000e+02  1.12724000e+02  3.77000000e-01 2.52790000e+01
 -2.53449281e+03  6.63670000e+02  1.12724000e+02  3.77000000e-01 2.52790000e+01
 -2.53449281e+03  6.63670000e+02  1.12724000e+02  3.77000000e-01 2.52790000e+01
 -2.53449281e+03  6.63670000e+02  1.12724000e+02  3.77000000e-01 2.52790000e+01
 -2.53449281e+03  6.63670000e+02  1.12724000e+02  3.77000000e-01 2.52790000e+01
 -2.53449281e+03  6.63670000e+02  1.12724000e+02  3.77000000e-01 2.52790000e+01
 -2.53449281e+03  6.63670000e+02  1.12724000e+02  3.77000000e-01 2.52790000e+01
 -2.53330253e+03  6.64540000e+02  1.11010000e+02  3.54000000e-01 2.58270000e+01
 -2.53785443e+03  6.64540000e+02  1.03178000e+02  3.73000000e-01 2.66250000e+01
 -2.53785443e+03  6.64540000e+02  1.03178000e+02  3.73000000e-01 2.66250000e+01
 -2.53281505e+03  6.64540000e+02  1.20816000e+02  3.68000000e-01 2.85400000e+01
 -2.53281505e+03  6.64540000e+02  1.20816000e+02  3.68000000e-01 2.85400000e+01
 -2.53281505e+03  6.64540000e+02  1.20816000e+02  3.68000000e-01 2.85400000e+01
 -2.54332056e+03  6.64540000e+02  1.04652000e+02  3.82000000e-01 2.67240000e+01
 -2.54114821e+03  6.63540000e+02  9.73190000e+01  3.68000000e-01 2.40750000e+01
 -2.54114821e+03  6.63540000e+02  9.73190000e+01  3.68000000e-01 2.40750000e+01
 -2.54114821e+03  6.63540000e+02  9.73190000e+01  3.68000000e-01 2.40750000e+01
 -2.54114821e+03  6.63540000e+02  9.73190000e+01  3.68000000e-01 2.40750000e+01
 -2.54114821e+03  6.63540000e+02  9.73190000e+01  3.68000000e-01 2.40750000e+01
 -2.54114821e+03  6.63540000e+02  9.73190000e+01  3.68000000e-01 2.40750000e+01
 -2.54114821e+03  6.63540000e+02  9.73190000e+01  3.68000000e-01 2.40750000e+01
 -2.54114821e+03  6.63540000e+02  9.73190000e+01  3.68000000e-01 2.40750000e+01
 -2.54114821e+03  6.63540000e+02  9.73190000e+01  3.68000000e-01 2.40750000e+01
 -2.54114821e+03  6.63540000e+02  9.73190000e+01  3.68000000e-01 2.40750000e+01
 -2.54114821e+03  6.63540000e+02  9.73190000e+01  3.68000000e-01 2.40750000e+01
 -2.54114821e+03  6.63540000e+02  9.73190000e+01  3.68000000e-01 2.40750000e+01
 -2.54114821e+03  6.63540000e+02  9.73190000e+01  3.68000000e-01 2.40750000e+01
 -2.54114821e+03  6.63540000e+02  9.73190000e+01  3.68000000e-01 2.40750000e+01
 -2.54114821e+03  6.63540000e+02  9.73190000e+01  3.68000000e-01 2.40750000e+01
 -2.54114821e+03  6.63540000e+02  9.73190000e+01  3.68000000e-01 2.40750000e+01
 -2.54114821e+03  6.63540000e+02  9.73190000e+01  3.68000000e-01 2.40750000e+01
 -2.54114821e+03  6.63540000e+02  9.73190000e+01  3.68000000e-01 2.40750000e+01
 -2.54114821e+03  6.63540000e+02  9.73190000e+01  3.68000000e-01 2.40750000e+01
 -2.54114821e+03  6.63540000e+02  9.73190000e+01  3.68000000e-01 2.40750000e+01
 -2.54114821e+03  6.63540000e+02  9.73190000e+01  3.68000000e-01 2.40750000e+01
 -2.54114821e+03  6.63540000e+02  9.73190000e+01  3.68000000e-01 2.40750000e+01
 -2.54114821e+03  6.63540000e+02  9.73190000e+01  3.68000000e-01 2.40750000e+01
 -2.54114821e+03  6.63540000e+02  9.73190000e+01  3.68000000e-01 2.40750000e+01
 -2.54114821e+03  6.63540000e+02  9.73190000e+01  3.68000000e-01 2.40750000e+01
 -2.54114821e+03  6.63540000e+02  9.73190000e+01  3.68000000e-01 2.40750000e+01
 -2.54114821e+03  6.63540000e+02  9.73190000e+01  3.68000000e-01 2.40750000e+01
 -2.54114821e+03  6.63540000e+02  9.73190000e+01  3.68000000e-01 2.40750000e+01
 -2.54114821e+03  6.63540000e+02  9.73190000e+01  3.68000000e-01 2.40750000e+01
 -2.54114821e+03  6.63540000e+02  9.73190000e+01  3.68000000e-01 2.40750000e+01
 -2.54114821e+03  6.63540000e+02  9.73190000e+01  3.68000000e-01 2.40750000e+01
 -2.54114821e+03  6.63540000e+02  9.73190000e+01  3.68000000e-01 2.40750000e+01
 -2.54114821e+03  6.63540000e+02  9.73190000e+01  3.68000000e-01 2.40750000e+01
 -2.54114821e+03  6.63540000e+02  9.73190000e+01  3.68000000e-01 2.40750000e+01
 -2.54114821e+03  6.63540000e+02  9.73190000e+01  3.68000000e-01 2.40750000e+01
 -2.54114821e+03  6.63540000e+02  9.73190000e+01  3.68000000e-01 2.40750000e+01
 -2.54114821e+03  6.63540000e+02  9.73190000e+01  3.68000000e-01 2.40750000e+01
 -2.54114821e+03  6.63540000e+02  9.73190000e+01  3.68000000e-01 2.40750000e+01
 -2.54114821e+03  6.63540000e+02  9.73190000e+01  3.68000000e-01 2.40750000e+01
 -2.54114821e+03  6.63540000e+02  9.73190000e+01  3.68000000e-01 2.40750000e+01
 -2.54114821e+03  6.63540000e+02  9.73190000e+01  3.68000000e-01 2.40750000e+01
 -2.54114821e+03  6.63540000e+02  9.73190000e+01  3.68000000e-01 2.40750000e+01
 -2.54114821e+03  6.63540000e+02  9.73190000e+01  3.68000000e-01 2.40750000e+01
 -2.54114821e+03  6.63540000e+02  9.73190000e+01  3.68000000e-01 2.40750000e+01
 -2.54114821e+03  6.63540000e+02  9.73190000e+01  3.68000000e-01 2.40750000e+01
 -2.54114821e+03  6.63540000e+02  9.73190000e+01  3.68000000e-01 2.40750000e+01
 -2.54114821e+03  6.63540000e+02  9.73190000e+01  3.68000000e-01 2.40750000e+01
 -2.54114821e+03  6.63540000e+02  9.73190000e+01  3.68000000e-01 2.40750000e+01
 -2.54114821e+03  6.63540000e+02  9.73190000e+01  3.68000000e-01 2.40750000e+01
 -2.54114821e+03  6.63540000e+02  9.73190000e+01  3.68000000e-01 2.40750000e+01
 -2.54114821e+03  6.63540000e+02  9.73190000e+01  3.68000000e-01 2.40750000e+01
 -2.54114821e+03  6.63540000e+02  9.73190000e+01  3.68000000e-01 2.40750000e+01
 -2.54114821e+03  6.63540000e+02  9.73190000e+01  3.68000000e-01 2.40750000e+01
 -2.54114821e+03  6.63540000e+02  9.73190000e+01  3.68000000e-01 2.40750000e+01
 -2.54114821e+03  6.63540000e+02  9.73190000e+01  3.68000000e-01 2.40750000e+01
 -2.54114821e+03  6.63540000e+02  9.73190000e+01  3.68000000e-01 2.40750000e+01
 -2.54114821e+03  6.63540000e+02  9.73190000e+01  3.68000000e-01 2.40750000e+01
 -2.54114821e+03  6.63540000e+02  9.73190000e+01  3.68000000e-01 2.40750000e+01
 -2.54114821e+03  6.63540000e+02  9.73190000e+01  3.68000000e-01 2.40750000e+01
 -2.54114821e+03  6.63540000e+02  9.73190000e+01  3.68000000e-01 2.40750000e+01
 -2.54114821e+03  6.63540000e+02  9.73190000e+01  3.68000000e-01 2.40750000e+01
 -2.54114821e+03  6.63540000e+02  9.73190000e+01  3.68000000e-01 2.40750000e+01
 -2.54114821e+03  6.63540000e+02  9.73190000e+01  3.68000000e-01 2.40750000e+01
 -2.54114821e+03  6.63540000e+02  9.73190000e+01  3.68000000e-01 2.40750000e+01
 -2.54114821e+03  6.63540000e+02  9.73190000e+01  3.68000000e-01 2.40750000e+01
 -2.54114821e+03  6.63540000e+02  9.73190000e+01  3.68000000e-01 2.40750000e+01
 -2.54114821e+03  6.63540000e+02  9.73190000e+01  3.68000000e-01 2.40750000e+01
 -2.54114821e+03  6.63540000e+02  9.73190000e+01  3.68000000e-01 2.40750000e+01
 -2.54114821e+03  6.63540000e+02  9.73190000e+01  3.68000000e-01 2.40750000e+01
 -2.54114821e+03  6.63540000e+02  9.73190000e+01  3.68000000e-01 2.40750000e+01
 -2.54114821e+03  6.63540000e+02  9.73190000e+01  3.68000000e-01 2.40750000e+01
 -2.54114821e+03  6.63540000e+02  9.73190000e+01  3.68000000e-01 2.40750000e+01
 -2.54114821e+03  6.63540000e+02  9.73190000e+01  3.68000000e-01 2.40750000e+01
 -2.54114821e+03  6.63540000e+02  9.73190000e+01  3.68000000e-01 2.40750000e+01
 -2.54114821e+03  6.63540000e+02  9.73190000e+01  3.68000000e-01 2.40750000e+01
 -2.54114821e+03  6.63540000e+02  9.73190000e+01  3.68000000e-01 2.40750000e+01
 -2.54114821e+03  6.63540000e+02  9.73190000e+01  3.68000000e-01 2.40750000e+01
 -2.54114821e+03  6.63540000e+02  9.73190000e+01  3.68000000e-01 2.40750000e+01
 -2.54114821e+03  6.63540000e+02  9.73190000e+01  3.68000000e-01 2.40750000e+01
 -2.54114821e+03  6.63540000e+02  9.73190000e+01  3.68000000e-01 2.40750000e+01
 -2.54114821e+03  6.63540000e+02  9.73190000e+01  3.68000000e-01 2.40750000e+01
 -2.54114821e+03  6.63540000e+02  9.73190000e+01  3.68000000e-01 2.40750000e+01
 -2.54114821e+03  6.63540000e+02  9.73190000e+01  3.68000000e-01 2.40750000e+01
 -2.54114821e+03  6.63540000e+02  9.73190000e+01  3.68000000e-01 2.40750000e+01
 -2.54114821e+03  6.63540000e+02  9.73190000e+01  3.68000000e-01 2.40750000e+01
 -2.54114821e+03  6.63540000e+02  9.73190000e+01  3.68000000e-01 2.40750000e+01
 -2.54114821e+03  6.63540000e+02  9.73190000e+01  3.68000000e-01 2.40750000e+01
 -2.54114821e+03  6.63540000e+02  9.73190000e+01  3.68000000e-01 2.40750000e+01
 -2.54114821e+03  6.63540000e+02  9.73190000e+01  3.68000000e-01 2.40750000e+01
 -2.54114821e+03  6.63540000e+02  9.73190000e+01  3.68000000e-01 2.40750000e+01
 -2.54114821e+03  6.63540000e+02  9.73190000e+01  3.68000000e-01 2.40750000e+01
 -2.54114821e+03  6.63540000e+02  9.73190000e+01  3.68000000e-01 2.40750000e+01
 -2.54114821e+03  6.63540000e+02  9.73190000e+01  3.68000000e-01 2.40750000e+01
 -2.54114821e+03  6.63540000e+02  9.73190000e+01  3.68000000e-01 2.40750000e+01
 -2.54114821e+03  6.63540000e+02  9.73190000e+01  3.68000000e-01 2.40750000e+01
 -2.54114821e+03  6.63540000e+02  9.73190000e+01  3.68000000e-01 2.40750000e+01
 -2.54114821e+03  6.63540000e+02  9.73190000e+01  3.68000000e-01 2.40750000e+01
 -2.54114821e+03  6.63540000e+02  9.73190000e+01  3.68000000e-01 2.40750000e+01
 -2.54114821e+03  6.63540000e+02  9.73190000e+01  3.68000000e-01 2.40750000e+01
 -2.54114821e+03  6.63540000e+02  9.73190000e+01  3.68000000e-01 2.40750000e+01
 -2.54114821e+03  6.63540000e+02  9.73190000e+01  3.68000000e-01 2.40750000e+01
 -2.54114821e+03  6.63540000e+02  9.73190000e+01  3.68000000e-01 2.40750000e+01
 -2.54114821e+03  6.63540000e+02  9.73190000e+01  3.68000000e-01 2.40750000e+01
 -2.54114821e+03  6.63540000e+02  9.73190000e+01  3.68000000e-01 2.40750000e+01
 -2.54114821e+03  6.63540000e+02  9.73190000e+01  3.68000000e-01 2.40750000e+01
 -2.54114821e+03  6.63540000e+02  9.73190000e+01  3.68000000e-01 2.40750000e+01
 -2.54114821e+03  6.63540000e+02  9.73190000e+01  3.68000000e-01 2.40750000e+01
 -2.54114821e+03  6.63540000e+02  9.73190000e+01  3.68000000e-01 2.40750000e+01
 -2.54114821e+03  6.63540000e+02  9.73190000e+01  3.68000000e-01 2.40750000e+01
 -2.54114821e+03  6.63540000e+02  9.73190000e+01  3.68000000e-01 2.40750000e+01
 -2.54114821e+03  6.63540000e+02  9.73190000e+01  3.68000000e-01 2.40750000e+01
 -2.54114821e+03  6.63540000e+02  9.73190000e+01  3.68000000e-01 2.40750000e+01
 -2.54114821e+03  6.63540000e+02  9.73190000e+01  3.68000000e-01 2.40750000e+01
 -2.54114821e+03  6.63540000e+02  9.73190000e+01  3.68000000e-01 2.40750000e+01
 -2.54114821e+03  6.63540000e+02  9.73190000e+01  3.68000000e-01 2.40750000e+01
 -2.54114821e+03  6.63540000e+02  9.73190000e+01  3.68000000e-01 2.40750000e+01
 -2.54114821e+03  6.63540000e+02  9.73190000e+01  3.68000000e-01 2.40750000e+01
 -2.54114821e+03  6.63540000e+02  9.73190000e+01  3.68000000e-01 2.40750000e+01
 -2.54114821e+03  6.63540000e+02  9.73190000e+01  3.68000000e-01 2.40750000e+01
 -2.54114821e+03  6.63540000e+02  9.73190000e+01  3.68000000e-01 2.40750000e+01
 -2.54114821e+03  6.63540000e+02  9.73190000e+01  3.68000000e-01 2.40750000e+01
 -2.54114821e+03  6.63540000e+02  9.73190000e+01  3.68000000e-01 2.40750000e+01
 -2.54114821e+03  6.63540000e+02  9.73190000e+01  3.68000000e-01 2.40750000e+01
 -2.54114821e+03  6.63540000e+02  9.73190000e+01  3.68000000e-01 2.40750000e+01
 -2.54114821e+03  6.63540000e+02  9.73190000e+01  3.68000000e-01 2.40750000e+01
 -2.54114821e+03  6.63540000e+02  9.73190000e+01  3.68000000e-01 2.40750000e+01
 -2.54114821e+03  6.63540000e+02  9.73190000e+01  3.68000000e-01 2.40750000e+01
 -2.54114821e+03  6.63540000e+02  9.73190000e+01  3.68000000e-01 2.40750000e+01
 -2.54114821e+03  6.63540000e+02  9.73190000e+01  3.68000000e-01 2.40750000e+01
 -2.54114821e+03  6.63540000e+02  9.73190000e+01  3.68000000e-01 2.40750000e+01
 -2.54114821e+03  6.63540000e+02  9.73190000e+01  3.68000000e-01 2.40750000e+01
 -2.54114821e+03  6.63540000e+02  9.73190000e+01  3.68000000e-01 2.40750000e+01
 -2.54114821e+03  6.63540000e+02  9.73190000e+01  3.68000000e-01 2.40750000e+01
 -2.54114821e+03  6.63540000e+02  9.73190000e+01  3.68000000e-01 2.40750000e+01
 -2.54114821e+03  6.63540000e+02  9.73190000e+01  3.68000000e-01 2.40750000e+01
 -2.54114821e+03  6.63540000e+02  9.73190000e+01  3.68000000e-01 2.40750000e+01
 -2.54114821e+03  6.63540000e+02  9.73190000e+01  3.68000000e-01 2.40750000e+01
 -2.54114821e+03  6.63540000e+02  9.73190000e+01  3.68000000e-01 2.40750000e+01
 -2.54114821e+03  6.63540000e+02  9.73190000e+01  3.68000000e-01 2.40750000e+01
 -2.54114821e+03  6.63540000e+02  9.73190000e+01  3.68000000e-01 2.40750000e+01
 -2.54114821e+03  6.63540000e+02  9.73190000e+01  3.68000000e-01 2.40750000e+01
 -2.54114821e+03  6.63540000e+02  9.73190000e+01  3.68000000e-01 2.40750000e+01
 -2.54114821e+03  6.63540000e+02  9.73190000e+01  3.68000000e-01 2.40750000e+01
 -2.54114821e+03  6.63540000e+02  9.73190000e+01  3.68000000e-01 2.40750000e+01
 -2.54114821e+03  6.63540000e+02  9.73190000e+01  3.68000000e-01 2.40750000e+01
 -2.54114821e+03  6.63540000e+02  9.73190000e+01  3.68000000e-01 2.40750000e+01
 -2.54760955e+03  6.65410000e+02  9.82550000e+01  3.68000000e-01 2.40650000e+01
 -2.54760955e+03  6.65410000e+02  9.82550000e+01  3.68000000e-01 2.40650000e+01
 -2.54760955e+03  6.65410000e+02  9.82550000e+01  3.68000000e-01 2.40650000e+01
 -2.54760955e+03  6.65410000e+02  9.82550000e+01  3.68000000e-01 2.40650000e+01
 -2.54760955e+03  6.65410000e+02  9.82550000e+01  3.68000000e-01 2.40650000e+01
 -2.54760955e+03  6.65410000e+02  9.82550000e+01  3.68000000e-01 2.40650000e+01
 -2.54760955e+03  6.65410000e+02  9.82550000e+01  3.68000000e-01 2.40650000e+01
 -2.54760955e+03  6.65410000e+02  9.82550000e+01  3.68000000e-01 2.40650000e+01
 -2.54760955e+03  6.65410000e+02  9.82550000e+01  3.68000000e-01 2.40650000e+01
 -2.54760955e+03  6.65410000e+02  9.82550000e+01  3.68000000e-01 2.40650000e+01
 -2.55049024e+03  6.67280000e+02  1.02029000e+02  3.74000000e-01 2.56380000e+01
 -2.55049024e+03  6.67280000e+02  1.02029000e+02  3.74000000e-01 2.56380000e+01
 -2.55049024e+03  6.67280000e+02  1.02029000e+02  3.74000000e-01 2.56380000e+01
 -2.55049024e+03  6.67280000e+02  1.02029000e+02  3.74000000e-01 2.56380000e+01
 -2.55049024e+03  6.67280000e+02  1.02029000e+02  3.74000000e-01 2.56380000e+01
 -2.55049024e+03  6.67280000e+02  1.02029000e+02  3.74000000e-01 2.56380000e+01
 -2.55049024e+03  6.67280000e+02  1.02029000e+02  3.74000000e-01 2.56380000e+01
 -2.55049024e+03  6.67280000e+02  1.02029000e+02  3.74000000e-01 2.56380000e+01
 -2.55049024e+03  6.67280000e+02  1.02029000e+02  3.74000000e-01 2.56380000e+01
 -2.55049024e+03  6.67280000e+02  1.02029000e+02  3.74000000e-01 2.56380000e+01
 -2.55049024e+03  6.67280000e+02  1.02029000e+02  3.74000000e-01 2.56380000e+01
 -2.55049024e+03  6.67280000e+02  1.02029000e+02  3.74000000e-01 2.56380000e+01
 -2.55049024e+03  6.67280000e+02  1.02029000e+02  3.74000000e-01 2.56380000e+01
 -2.55049024e+03  6.67280000e+02  1.02029000e+02  3.74000000e-01 2.56380000e+01
 -2.55049024e+03  6.67280000e+02  1.02029000e+02  3.74000000e-01 2.56380000e+01
 -2.55049024e+03  6.67280000e+02  1.02029000e+02  3.74000000e-01 2.56380000e+01
 -2.55049024e+03  6.67280000e+02  1.02029000e+02  3.74000000e-01 2.56380000e+01
 -2.55049024e+03  6.67280000e+02  1.02029000e+02  3.74000000e-01 2.56380000e+01
 -2.55049024e+03  6.67280000e+02  1.02029000e+02  3.74000000e-01 2.56380000e+01
 -2.55049024e+03  6.67280000e+02  1.02029000e+02  3.74000000e-01 2.56380000e+01
 -2.55049024e+03  6.67280000e+02  1.02029000e+02  3.74000000e-01 2.56380000e+01
 -2.55049024e+03  6.67280000e+02  1.02029000e+02  3.74000000e-01 2.56380000e+01
 -2.55049024e+03  6.67280000e+02  1.02029000e+02  3.74000000e-01 2.56380000e+01
 -2.55049024e+03  6.67280000e+02  1.02029000e+02  3.74000000e-01 2.56380000e+01
 -2.55049024e+03  6.67280000e+02  1.02029000e+02  3.74000000e-01 2.56380000e+01
 -2.55049024e+03  6.67280000e+02  1.02029000e+02  3.74000000e-01 2.56380000e+01
 -2.55049024e+03  6.67280000e+02  1.02029000e+02  3.74000000e-01 2.56380000e+01
 -2.55049024e+03  6.67280000e+02  1.02029000e+02  3.74000000e-01 2.56380000e+01
 -2.55049024e+03  6.67280000e+02  1.02029000e+02  3.74000000e-01 2.56380000e+01
 -2.55049024e+03  6.67280000e+02  1.02029000e+02  3.74000000e-01 2.56380000e+01
 -2.55049024e+03  6.67280000e+02  1.02029000e+02  3.74000000e-01 2.56380000e+01
 -2.55049024e+03  6.67280000e+02  1.02029000e+02  3.74000000e-01 2.56380000e+01
 -2.55049024e+03  6.67280000e+02  1.02029000e+02  3.74000000e-01 2.56380000e+01
 -2.55049024e+03  6.67280000e+02  1.02029000e+02  3.74000000e-01 2.56380000e+01
 -2.55049024e+03  6.67280000e+02  1.02029000e+02  3.74000000e-01 2.56380000e+01
 -2.55049024e+03  6.67280000e+02  1.02029000e+02  3.74000000e-01 2.56380000e+01
 -2.55049024e+03  6.67280000e+02  1.02029000e+02  3.74000000e-01 2.56380000e+01
 -2.55049024e+03  6.67280000e+02  1.02029000e+02  3.74000000e-01 2.56380000e+01
 -2.55049024e+03  6.67280000e+02  1.02029000e+02  3.74000000e-01 2.56380000e+01
 -2.55049024e+03  6.67280000e+02  1.02029000e+02  3.74000000e-01 2.56380000e+01
 -2.55049024e+03  6.67280000e+02  1.02029000e+02  3.74000000e-01 2.56380000e+01
 -2.55049024e+03  6.67280000e+02  1.02029000e+02  3.74000000e-01 2.56380000e+01
 -2.55049024e+03  6.67280000e+02  1.02029000e+02  3.74000000e-01 2.56380000e+01
 -2.55049024e+03  6.67280000e+02  1.02029000e+02  3.74000000e-01 2.56380000e+01
 -2.55049024e+03  6.67280000e+02  1.02029000e+02  3.74000000e-01 2.56380000e+01
 -2.55049024e+03  6.67280000e+02  1.02029000e+02  3.74000000e-01 2.56380000e+01
 -2.55049024e+03  6.67280000e+02  1.02029000e+02  3.74000000e-01 2.56380000e+01
 -2.55049024e+03  6.67280000e+02  1.02029000e+02  3.74000000e-01 2.56380000e+01
 -2.55049024e+03  6.67280000e+02  1.02029000e+02  3.74000000e-01 2.56380000e+01
 -2.55049024e+03  6.67280000e+02  1.02029000e+02  3.74000000e-01 2.56380000e+01
 -2.55049024e+03  6.67280000e+02  1.02029000e+02  3.74000000e-01 2.56380000e+01
 -2.55049024e+03  6.67280000e+02  1.02029000e+02  3.74000000e-01 2.56380000e+01
 -2.55049024e+03  6.67280000e+02  1.02029000e+02  3.74000000e-01 2.56380000e+01
 -2.55049024e+03  6.67280000e+02  1.02029000e+02  3.74000000e-01 2.56380000e+01
 -2.55049024e+03  6.67280000e+02  1.02029000e+02  3.74000000e-01 2.56380000e+01
 -2.55049024e+03  6.67280000e+02  1.02029000e+02  3.74000000e-01 2.56380000e+01
 -2.55049024e+03  6.67280000e+02  1.02029000e+02  3.74000000e-01 2.56380000e+01
 -2.55049024e+03  6.67280000e+02  1.02029000e+02  3.74000000e-01 2.56380000e+01
 -2.55049024e+03  6.67280000e+02  1.02029000e+02  3.74000000e-01 2.56380000e+01
 -2.55049024e+03  6.67280000e+02  1.02029000e+02  3.74000000e-01 2.56380000e+01
 -2.55049024e+03  6.67280000e+02  1.02029000e+02  3.74000000e-01 2.56380000e+01
 -2.55049024e+03  6.67280000e+02  1.02029000e+02  3.74000000e-01 2.56380000e+01
 -2.55049024e+03  6.67280000e+02  1.02029000e+02  3.74000000e-01 2.56380000e+01
 -2.55049024e+03  6.67280000e+02  1.02029000e+02  3.74000000e-01 2.56380000e+01
 -2.55049024e+03  6.67280000e+02  1.02029000e+02  3.74000000e-01 2.56380000e+01
 -2.55049024e+03  6.67280000e+02  1.02029000e+02  3.74000000e-01 2.56380000e+01
 -2.55049024e+03  6.67280000e+02  1.02029000e+02  3.74000000e-01 2.56380000e+01
 -2.55049024e+03  6.67280000e+02  1.02029000e+02  3.74000000e-01 2.56380000e+01
 -2.55049024e+03  6.67280000e+02  1.02029000e+02  3.74000000e-01 2.56380000e+01
 -2.55049024e+03  6.67280000e+02  1.02029000e+02  3.74000000e-01 2.56380000e+01
 -2.55049024e+03  6.67280000e+02  1.02029000e+02  3.74000000e-01 2.56380000e+01
 -2.55049024e+03  6.67280000e+02  1.02029000e+02  3.74000000e-01 2.56380000e+01
 -2.55049024e+03  6.67280000e+02  1.02029000e+02  3.74000000e-01 2.56380000e+01
 -2.55049024e+03  6.67280000e+02  1.02029000e+02  3.74000000e-01 2.56380000e+01
 -2.55049024e+03  6.67280000e+02  1.02029000e+02  3.74000000e-01 2.56380000e+01
 -2.55049024e+03  6.67280000e+02  1.02029000e+02  3.74000000e-01 2.56380000e+01
 -2.55049024e+03  6.67280000e+02  1.02029000e+02  3.74000000e-01 2.56380000e+01
 -2.55049024e+03  6.67280000e+02  1.02029000e+02  3.74000000e-01 2.56380000e+01
 -2.55049024e+03  6.67280000e+02  1.02029000e+02  3.74000000e-01 2.56380000e+01
 -2.55049024e+03  6.67280000e+02  1.02029000e+02  3.74000000e-01 2.56380000e+01
 -2.55049024e+03  6.67280000e+02  1.02029000e+02  3.74000000e-01 2.56380000e+01
 -2.55049024e+03  6.67280000e+02  1.02029000e+02  3.74000000e-01 2.56380000e+01
 -2.55049024e+03  6.67280000e+02  1.02029000e+02  3.74000000e-01 2.56380000e+01
 -2.55049024e+03  6.67280000e+02  1.02029000e+02  3.74000000e-01 2.56380000e+01
 -2.55049024e+03  6.67280000e+02  1.02029000e+02  3.74000000e-01 2.56380000e+01
 -2.55049024e+03  6.67280000e+02  1.02029000e+02  3.74000000e-01 2.56380000e+01
 -2.55049024e+03  6.67280000e+02  1.02029000e+02  3.74000000e-01 2.56380000e+01
 -2.55049024e+03  6.67280000e+02  1.02029000e+02  3.74000000e-01 2.56380000e+01
 -2.55049024e+03  6.67280000e+02  1.02029000e+02  3.74000000e-01 2.56380000e+01
 -2.55049024e+03  6.67280000e+02  1.02029000e+02  3.74000000e-01 2.56380000e+01
 -2.55049024e+03  6.67280000e+02  1.02029000e+02  3.74000000e-01 2.56380000e+01
 -2.55049024e+03  6.67280000e+02  1.02029000e+02  3.74000000e-01 2.56380000e+01
 -2.55049024e+03  6.67280000e+02  1.02029000e+02  3.74000000e-01 2.56380000e+01
 -2.55049024e+03  6.67280000e+02  1.02029000e+02  3.74000000e-01 2.56380000e+01
 -2.55049024e+03  6.67280000e+02  1.02029000e+02  3.74000000e-01 2.56380000e+01
 -2.55049024e+03  6.67280000e+02  1.02029000e+02  3.74000000e-01 2.56380000e+01
 -2.55049024e+03  6.67280000e+02  1.02029000e+02  3.74000000e-01 2.56380000e+01
 -2.55049024e+03  6.67280000e+02  1.02029000e+02  3.74000000e-01 2.56380000e+01
 -2.55049024e+03  6.67280000e+02  1.02029000e+02  3.74000000e-01 2.56380000e+01
 -2.55049024e+03  6.67280000e+02  1.02029000e+02  3.74000000e-01 2.56380000e+01
 -2.55049024e+03  6.67280000e+02  1.02029000e+02  3.74000000e-01 2.56380000e+01
 -2.55049024e+03  6.67280000e+02  1.02029000e+02  3.74000000e-01 2.56380000e+01
 -2.55049024e+03  6.67280000e+02  1.02029000e+02  3.74000000e-01 2.56380000e+01
 -2.55049024e+03  6.67280000e+02  1.02029000e+02  3.74000000e-01 2.56380000e+01
 -2.55049024e+03  6.67280000e+02  1.02029000e+02  3.74000000e-01 2.56380000e+01
 -2.55049024e+03  6.67280000e+02  1.02029000e+02  3.74000000e-01 2.56380000e+01
 -2.55049024e+03  6.67280000e+02  1.02029000e+02  3.74000000e-01 2.56380000e+01
 -2.55049024e+03  6.67280000e+02  1.02029000e+02  3.74000000e-01 2.56380000e+01
 -2.55049024e+03  6.67280000e+02  1.02029000e+02  3.74000000e-01 2.56380000e+01
 -2.55049024e+03  6.67280000e+02  1.02029000e+02  3.74000000e-01 2.56380000e+01
 -2.55049024e+03  6.67280000e+02  1.02029000e+02  3.74000000e-01 2.56380000e+01
 -2.55049024e+03  6.67280000e+02  1.02029000e+02  3.74000000e-01 2.56380000e+01
 -2.55049024e+03  6.67280000e+02  1.02029000e+02  3.74000000e-01 2.56380000e+01
 -2.55049024e+03  6.67280000e+02  1.02029000e+02  3.74000000e-01 2.56380000e+01
 -2.55049024e+03  6.67280000e+02  1.02029000e+02  3.74000000e-01 2.56380000e+01
 -2.55049024e+03  6.67280000e+02  1.02029000e+02  3.74000000e-01 2.56380000e+01
 -2.55049024e+03  6.67280000e+02  1.02029000e+02  3.74000000e-01 2.56380000e+01
 -2.55049024e+03  6.67280000e+02  1.02029000e+02  3.74000000e-01 2.56380000e+01
 -2.55049024e+03  6.67280000e+02  1.02029000e+02  3.74000000e-01 2.56380000e+01
 -2.55049024e+03  6.67280000e+02  1.02029000e+02  3.74000000e-01 2.56380000e+01
 -2.55049024e+03  6.67280000e+02  1.02029000e+02  3.74000000e-01 2.56380000e+01
 -2.55049024e+03  6.67280000e+02  1.02029000e+02  3.74000000e-01 2.56380000e+01
 -2.55049024e+03  6.67280000e+02  1.02029000e+02  3.74000000e-01 2.56380000e+01
 -2.55049024e+03  6.67280000e+02  1.02029000e+02  3.74000000e-01 2.56380000e+01
 -2.55049024e+03  6.67280000e+02  1.02029000e+02  3.74000000e-01 2.56380000e+01
 -2.55049024e+03  6.67280000e+02  1.02029000e+02  3.74000000e-01 2.56380000e+01
 -2.55049024e+03  6.67280000e+02  1.02029000e+02  3.74000000e-01 2.56380000e+01
 -2.55049024e+03  6.67280000e+02  1.02029000e+02  3.74000000e-01 2.56380000e+01
 -2.55049024e+03  6.67280000e+02  1.02029000e+02  3.74000000e-01 2.56380000e+01
 -2.55049024e+03  6.67280000e+02  1.02029000e+02  3.74000000e-01 2.56380000e+01
 -2.55049024e+03  6.67280000e+02  1.02029000e+02  3.74000000e-01 2.56380000e+01
 -2.55049024e+03  6.67280000e+02  1.02029000e+02  3.74000000e-01 2.56380000e+01
 -2.55049024e+03  6.67280000e+02  1.02029000e+02  3.74000000e-01 2.56380000e+01
 -2.55049024e+03  6.67280000e+02  1.02029000e+02  3.74000000e-01 2.56380000e+01
 -2.55049024e+03  6.67280000e+02  1.02029000e+02  3.74000000e-01 2.56380000e+01
 -2.55049024e+03  6.67280000e+02  1.02029000e+02  3.74000000e-01 2.56380000e+01
 -2.55049024e+03  6.67280000e+02  1.02029000e+02  3.74000000e-01 2.56380000e+01
 -2.55049024e+03  6.67280000e+02  1.02029000e+02  3.74000000e-01 2.56380000e+01
 -2.55049024e+03  6.67280000e+02  1.02029000e+02  3.74000000e-01 2.56380000e+01
 -2.55049024e+03  6.67280000e+02  1.02029000e+02  3.74000000e-01 2.56380000e+01
 -2.55049024e+03  6.67280000e+02  1.02029000e+02  3.74000000e-01 2.56380000e+01
 -2.55049024e+03  6.67280000e+02  1.02029000e+02  3.74000000e-01 2.56380000e+01
 -2.55049024e+03  6.67280000e+02  1.02029000e+02  3.74000000e-01 2.56380000e+01
 -2.55049024e+03  6.67280000e+02  1.02029000e+02  3.74000000e-01 2.56380000e+01
 -2.55049024e+03  6.67280000e+02  1.02029000e+02  3.74000000e-01 2.56380000e+01
 -2.55049024e+03  6.67280000e+02  1.02029000e+02  3.74000000e-01 2.56380000e+01
 -2.55049024e+03  6.67280000e+02  1.02029000e+02  3.74000000e-01 2.56380000e+01
 -2.55049024e+03  6.67280000e+02  1.02029000e+02  3.74000000e-01 2.56380000e+01
 -2.55100979e+03  6.69150000e+02  1.02198000e+02  3.74000000e-01 2.51440000e+01
 -2.55100979e+03  6.69150000e+02  1.02198000e+02  3.74000000e-01 2.51440000e+01
 -2.55100979e+03  6.69150000e+02  1.02198000e+02  3.74000000e-01 2.51440000e+01
 -2.55100979e+03  6.69150000e+02  1.02198000e+02  3.74000000e-01 2.51440000e+01
 -2.55100979e+03  6.69150000e+02  1.02198000e+02  3.74000000e-01 2.51440000e+01
 -2.55504217e+03  6.68280000e+02  1.04622000e+02  3.65000000e-01 2.63540000e+01
 -2.55504217e+03  6.68280000e+02  1.04622000e+02  3.65000000e-01 2.63540000e+01
 -2.55504217e+03  6.68280000e+02  1.04622000e+02  3.65000000e-01 2.63540000e+01
 -2.55504217e+03  6.68280000e+02  1.04622000e+02  3.65000000e-01 2.63540000e+01
 -2.55504217e+03  6.68280000e+02  1.04622000e+02  3.65000000e-01 2.63540000e+01
 -2.55515806e+03  6.67280000e+02  1.08852000e+02  3.70000000e-01 2.80500000e+01
 -2.55515806e+03  6.67280000e+02  1.08852000e+02  3.70000000e-01 2.80500000e+01
 -2.55515806e+03  6.67280000e+02  1.08852000e+02  3.70000000e-01 2.80500000e+01
 -2.55515806e+03  6.67280000e+02  1.08852000e+02  3.70000000e-01 2.80500000e+01
 -2.55515806e+03  6.67280000e+02  1.08852000e+02  3.70000000e-01 2.80500000e+01
 -2.55515806e+03  6.67280000e+02  1.08852000e+02  3.70000000e-01 2.80500000e+01
 -2.55515806e+03  6.67280000e+02  1.08852000e+02  3.70000000e-01 2.80500000e+01
 -2.55515806e+03  6.67280000e+02  1.08852000e+02  3.70000000e-01 2.80500000e+01
 -2.55515806e+03  6.67280000e+02  1.08852000e+02  3.70000000e-01 2.80500000e+01
 -2.55515806e+03  6.67280000e+02  1.08852000e+02  3.70000000e-01 2.80500000e+01
 -2.55515806e+03  6.67280000e+02  1.08852000e+02  3.70000000e-01 2.80500000e+01
 -2.55515806e+03  6.67280000e+02  1.08852000e+02  3.70000000e-01 2.80500000e+01
 -2.55515806e+03  6.67280000e+02  1.08852000e+02  3.70000000e-01 2.80500000e+01
 -2.55515806e+03  6.67280000e+02  1.08852000e+02  3.70000000e-01 2.80500000e+01
 -2.55515806e+03  6.67280000e+02  1.08852000e+02  3.70000000e-01 2.80500000e+01
 -2.55515806e+03  6.67280000e+02  1.08852000e+02  3.70000000e-01 2.80500000e+01
 -2.55515806e+03  6.67280000e+02  1.08852000e+02  3.70000000e-01 2.80500000e+01
 -2.55515806e+03  6.67280000e+02  1.08852000e+02  3.70000000e-01 2.80500000e+01
 -2.55515806e+03  6.67280000e+02  1.08852000e+02  3.70000000e-01 2.80500000e+01
 -2.55515806e+03  6.67280000e+02  1.08852000e+02  3.70000000e-01 2.80500000e+01
 -2.55515806e+03  6.67280000e+02  1.08852000e+02  3.70000000e-01 2.80500000e+01
 -2.55515806e+03  6.67280000e+02  1.08852000e+02  3.70000000e-01 2.80500000e+01
 -2.55515806e+03  6.67280000e+02  1.08852000e+02  3.70000000e-01 2.80500000e+01
 -2.55515806e+03  6.67280000e+02  1.08852000e+02  3.70000000e-01 2.80500000e+01
 -2.55515806e+03  6.67280000e+02  1.08852000e+02  3.70000000e-01 2.80500000e+01
 -2.55515806e+03  6.67280000e+02  1.08852000e+02  3.70000000e-01 2.80500000e+01
 -2.55515806e+03  6.67280000e+02  1.08852000e+02  3.70000000e-01 2.80500000e+01
 -2.55515806e+03  6.67280000e+02  1.08852000e+02  3.70000000e-01 2.80500000e+01
 -2.55515806e+03  6.67280000e+02  1.08852000e+02  3.70000000e-01 2.80500000e+01
 -2.55515806e+03  6.67280000e+02  1.08852000e+02  3.70000000e-01 2.80500000e+01
 -2.55515806e+03  6.67280000e+02  1.08852000e+02  3.70000000e-01 2.80500000e+01
 -2.55515806e+03  6.67280000e+02  1.08852000e+02  3.70000000e-01 2.80500000e+01
 -2.55515806e+03  6.67280000e+02  1.08852000e+02  3.70000000e-01 2.80500000e+01
 -2.55515806e+03  6.67280000e+02  1.08852000e+02  3.70000000e-01 2.80500000e+01
 -2.55515806e+03  6.67280000e+02  1.08852000e+02  3.70000000e-01 2.80500000e+01
 -2.55515806e+03  6.67280000e+02  1.08852000e+02  3.70000000e-01 2.80500000e+01
 -2.55515806e+03  6.67280000e+02  1.08852000e+02  3.70000000e-01 2.80500000e+01
 -2.55515806e+03  6.67280000e+02  1.08852000e+02  3.70000000e-01 2.80500000e+01
 -2.55515806e+03  6.67280000e+02  1.08852000e+02  3.70000000e-01 2.80500000e+01
 -2.55515806e+03  6.67280000e+02  1.08852000e+02  3.70000000e-01 2.80500000e+01
 -2.55515806e+03  6.67280000e+02  1.08852000e+02  3.70000000e-01 2.80500000e+01
 -2.55515806e+03  6.67280000e+02  1.08852000e+02  3.70000000e-01 2.80500000e+01
 -2.55515806e+03  6.67280000e+02  1.08852000e+02  3.70000000e-01 2.80500000e+01
 -2.55515806e+03  6.67280000e+02  1.08852000e+02  3.70000000e-01 2.80500000e+01
 -2.55515806e+03  6.67280000e+02  1.08852000e+02  3.70000000e-01 2.80500000e+01
 -2.55515806e+03  6.67280000e+02  1.08852000e+02  3.70000000e-01 2.80500000e+01
 -2.55515806e+03  6.67280000e+02  1.08852000e+02  3.70000000e-01 2.80500000e+01
 -2.55515806e+03  6.67280000e+02  1.08852000e+02  3.70000000e-01 2.80500000e+01
 -2.55515806e+03  6.67280000e+02  1.08852000e+02  3.70000000e-01 2.80500000e+01
 -2.55515806e+03  6.67280000e+02  1.08852000e+02  3.70000000e-01 2.80500000e+01
 -2.55515806e+03  6.67280000e+02  1.08852000e+02  3.70000000e-01 2.80500000e+01
 -2.55515806e+03  6.67280000e+02  1.08852000e+02  3.70000000e-01 2.80500000e+01
 -2.55515806e+03  6.67280000e+02  1.08852000e+02  3.70000000e-01 2.80500000e+01
 -2.55515806e+03  6.67280000e+02  1.08852000e+02  3.70000000e-01 2.80500000e+01
 -2.55515806e+03  6.67280000e+02  1.08852000e+02  3.70000000e-01 2.80500000e+01
 -2.55515806e+03  6.67280000e+02  1.08852000e+02  3.70000000e-01 2.80500000e+01
 -2.55515806e+03  6.67280000e+02  1.08852000e+02  3.70000000e-01 2.80500000e+01
 -2.55515806e+03  6.67280000e+02  1.08852000e+02  3.70000000e-01 2.80500000e+01
 -2.55515806e+03  6.67280000e+02  1.08852000e+02  3.70000000e-01 2.80500000e+01
 -2.55515806e+03  6.67280000e+02  1.08852000e+02  3.70000000e-01 2.80500000e+01
 -2.55515806e+03  6.67280000e+02  1.08852000e+02  3.70000000e-01 2.80500000e+01
 -2.55515806e+03  6.67280000e+02  1.08852000e+02  3.70000000e-01 2.80500000e+01
 -2.55515806e+03  6.67280000e+02  1.08852000e+02  3.70000000e-01 2.80500000e+01
 -2.55515806e+03  6.67280000e+02  1.08852000e+02  3.70000000e-01 2.80500000e+01
 -2.55515806e+03  6.67280000e+02  1.08852000e+02  3.70000000e-01 2.80500000e+01
 -2.55515806e+03  6.67280000e+02  1.08852000e+02  3.70000000e-01 2.80500000e+01
 -2.55515806e+03  6.67280000e+02  1.08852000e+02  3.70000000e-01 2.80500000e+01
 -2.55515806e+03  6.67280000e+02  1.08852000e+02  3.70000000e-01 2.80500000e+01
 -2.55515806e+03  6.67280000e+02  1.08852000e+02  3.70000000e-01 2.80500000e+01
 -2.55515806e+03  6.67280000e+02  1.08852000e+02  3.70000000e-01 2.80500000e+01
 -2.55515806e+03  6.67280000e+02  1.08852000e+02  3.70000000e-01 2.80500000e+01
 -2.55515806e+03  6.67280000e+02  1.08852000e+02  3.70000000e-01 2.80500000e+01
 -2.55515806e+03  6.67280000e+02  1.08852000e+02  3.70000000e-01 2.80500000e+01
 -2.55515806e+03  6.67280000e+02  1.08852000e+02  3.70000000e-01 2.80500000e+01
 -2.55515806e+03  6.67280000e+02  1.08852000e+02  3.70000000e-01 2.80500000e+01
 -2.55515806e+03  6.67280000e+02  1.08852000e+02  3.70000000e-01 2.80500000e+01
 -2.55515806e+03  6.67280000e+02  1.08852000e+02  3.70000000e-01 2.80500000e+01
 -2.55515806e+03  6.67280000e+02  1.08852000e+02  3.70000000e-01 2.80500000e+01
 -2.55515806e+03  6.67280000e+02  1.08852000e+02  3.70000000e-01 2.80500000e+01
 -2.55515806e+03  6.67280000e+02  1.08852000e+02  3.70000000e-01 2.80500000e+01
 -2.55515806e+03  6.67280000e+02  1.08852000e+02  3.70000000e-01 2.80500000e+01
 -2.55515806e+03  6.67280000e+02  1.08852000e+02  3.70000000e-01 2.80500000e+01
 -2.55515806e+03  6.67280000e+02  1.08852000e+02  3.70000000e-01 2.80500000e+01
 -2.55515806e+03  6.67280000e+02  1.08852000e+02  3.70000000e-01 2.80500000e+01
 -2.55515806e+03  6.67280000e+02  1.08852000e+02  3.70000000e-01 2.80500000e+01
 -2.55515806e+03  6.67280000e+02  1.08852000e+02  3.70000000e-01 2.80500000e+01
 -2.55591258e+03  6.68280000e+02  1.07158000e+02  3.74000000e-01 2.77220000e+01
 -2.55591258e+03  6.68280000e+02  1.07158000e+02  3.74000000e-01 2.77220000e+01
 -2.55591258e+03  6.68280000e+02  1.07158000e+02  3.74000000e-01 2.77220000e+01
 -2.55591258e+03  6.68280000e+02  1.07158000e+02  3.74000000e-01 2.77220000e+01
 -2.55591258e+03  6.68280000e+02  1.07158000e+02  3.74000000e-01 2.77220000e+01
 -2.55591258e+03  6.68280000e+02  1.07158000e+02  3.74000000e-01 2.77220000e+01
 -2.55591258e+03  6.68280000e+02  1.07158000e+02  3.74000000e-01 2.77220000e+01
 -2.55591258e+03  6.68280000e+02  1.07158000e+02  3.74000000e-01 2.77220000e+01
 -2.55591258e+03  6.68280000e+02  1.07158000e+02  3.74000000e-01 2.77220000e+01
 -2.55591258e+03  6.68280000e+02  1.07158000e+02  3.74000000e-01 2.77220000e+01
 -2.55591258e+03  6.68280000e+02  1.07158000e+02  3.74000000e-01 2.77220000e+01
 -2.55591258e+03  6.68280000e+02  1.07158000e+02  3.74000000e-01 2.77220000e+01
 -2.55591258e+03  6.68280000e+02  1.07158000e+02  3.74000000e-01 2.77220000e+01
 -2.55591258e+03  6.68280000e+02  1.07158000e+02  3.74000000e-01 2.77220000e+01
 -2.55591258e+03  6.68280000e+02  1.07158000e+02  3.74000000e-01 2.77220000e+01
 -2.55591258e+03  6.68280000e+02  1.07158000e+02  3.74000000e-01 2.77220000e+01
 -2.55591258e+03  6.68280000e+02  1.07158000e+02  3.74000000e-01 2.77220000e+01
 -2.55591258e+03  6.68280000e+02  1.07158000e+02  3.74000000e-01 2.77220000e+01
 -2.55591258e+03  6.68280000e+02  1.07158000e+02  3.74000000e-01 2.77220000e+01
 -2.55591258e+03  6.68280000e+02  1.07158000e+02  3.74000000e-01 2.77220000e+01
 -2.55591258e+03  6.68280000e+02  1.07158000e+02  3.74000000e-01 2.77220000e+01
 -2.55591258e+03  6.68280000e+02  1.07158000e+02  3.74000000e-01 2.77220000e+01
 -2.55591258e+03  6.68280000e+02  1.07158000e+02  3.74000000e-01 2.77220000e+01
 -2.55591258e+03  6.68280000e+02  1.07158000e+02  3.74000000e-01 2.77220000e+01
 -2.55591258e+03  6.68280000e+02  1.07158000e+02  3.74000000e-01 2.77220000e+01
 -2.55591258e+03  6.68280000e+02  1.07158000e+02  3.74000000e-01 2.77220000e+01
 -2.55591258e+03  6.68280000e+02  1.07158000e+02  3.74000000e-01 2.77220000e+01
 -2.55591258e+03  6.68280000e+02  1.07158000e+02  3.74000000e-01 2.77220000e+01
 -2.55591258e+03  6.68280000e+02  1.07158000e+02  3.74000000e-01 2.77220000e+01
 -2.55591258e+03  6.68280000e+02  1.07158000e+02  3.74000000e-01 2.77220000e+01
 -2.55591258e+03  6.68280000e+02  1.07158000e+02  3.74000000e-01 2.77220000e+01
 -2.55591258e+03  6.68280000e+02  1.07158000e+02  3.74000000e-01 2.77220000e+01
 -2.55591258e+03  6.68280000e+02  1.07158000e+02  3.74000000e-01 2.77220000e+01
 -2.55591258e+03  6.68280000e+02  1.07158000e+02  3.74000000e-01 2.77220000e+01
 -2.55591258e+03  6.68280000e+02  1.07158000e+02  3.74000000e-01 2.77220000e+01
 -2.55591258e+03  6.68280000e+02  1.07158000e+02  3.74000000e-01 2.77220000e+01
 -2.55591258e+03  6.68280000e+02  1.07158000e+02  3.74000000e-01 2.77220000e+01
 -2.55591258e+03  6.68280000e+02  1.07158000e+02  3.74000000e-01 2.77220000e+01
 -2.56427671e+03  6.69150000e+02  1.04599000e+02  3.56000000e-01 2.60440000e+01
 -2.56427671e+03  6.69150000e+02  1.04599000e+02  3.56000000e-01 2.60440000e+01
 -2.56427671e+03  6.69150000e+02  1.04599000e+02  3.56000000e-01 2.60440000e+01
 -2.56427671e+03  6.69150000e+02  1.04599000e+02  3.56000000e-01 2.60440000e+01
 -2.56427671e+03  6.69150000e+02  1.04599000e+02  3.56000000e-01 2.60440000e+01
 -2.56427671e+03  6.69150000e+02  1.04599000e+02  3.56000000e-01 2.60440000e+01
 -2.56427671e+03  6.69150000e+02  1.04599000e+02  3.56000000e-01 2.60440000e+01
 -2.56427671e+03  6.69150000e+02  1.04599000e+02  3.56000000e-01 2.60440000e+01
 -2.56427671e+03  6.69150000e+02  1.04599000e+02  3.56000000e-01 2.60440000e+01
 -2.56427671e+03  6.69150000e+02  1.04599000e+02  3.56000000e-01 2.60440000e+01
 -2.56427671e+03  6.69150000e+02  1.04599000e+02  3.56000000e-01 2.60440000e+01
 -2.56427671e+03  6.69150000e+02  1.04599000e+02  3.56000000e-01 2.60440000e+01
 -2.56427671e+03  6.69150000e+02  1.04599000e+02  3.56000000e-01 2.60440000e+01
 -2.56427671e+03  6.69150000e+02  1.04599000e+02  3.56000000e-01 2.60440000e+01
 -2.56427671e+03  6.69150000e+02  1.04599000e+02  3.56000000e-01 2.60440000e+01
 -2.56427671e+03  6.69150000e+02  1.04599000e+02  3.56000000e-01 2.60440000e+01
 -2.56427671e+03  6.69150000e+02  1.04599000e+02  3.56000000e-01 2.60440000e+01
 -2.56427671e+03  6.69150000e+02  1.04599000e+02  3.56000000e-01 2.60440000e+01
 -2.56427671e+03  6.69150000e+02  1.04599000e+02  3.56000000e-01 2.60440000e+01
 -2.56427671e+03  6.69150000e+02  1.04599000e+02  3.56000000e-01 2.60440000e+01
 -2.56427671e+03  6.69150000e+02  1.04599000e+02  3.56000000e-01 2.60440000e+01
 -2.56427671e+03  6.69150000e+02  1.04599000e+02  3.56000000e-01 2.60440000e+01
 -2.56427671e+03  6.69150000e+02  1.04599000e+02  3.56000000e-01 2.60440000e+01
 -2.56427671e+03  6.69150000e+02  1.04599000e+02  3.56000000e-01 2.60440000e+01
 -2.56427671e+03  6.69150000e+02  1.04599000e+02  3.56000000e-01 2.60440000e+01
 -2.56427671e+03  6.69150000e+02  1.04599000e+02  3.56000000e-01 2.60440000e+01
 -2.56427671e+03  6.69150000e+02  1.04599000e+02  3.56000000e-01 2.60440000e+01
 -2.56427671e+03  6.69150000e+02  1.04599000e+02  3.56000000e-01 2.60440000e+01
 -2.56427671e+03  6.69150000e+02  1.04599000e+02  3.56000000e-01 2.60440000e+01
 -2.56427671e+03  6.69150000e+02  1.04599000e+02  3.56000000e-01 2.60440000e+01
 -2.56427671e+03  6.69150000e+02  1.04599000e+02  3.56000000e-01 2.60440000e+01
 -2.56427671e+03  6.69150000e+02  1.04599000e+02  3.56000000e-01 2.60440000e+01
 -2.56427671e+03  6.69150000e+02  1.04599000e+02  3.56000000e-01 2.60440000e+01
 -2.56427671e+03  6.69150000e+02  1.04599000e+02  3.56000000e-01 2.60440000e+01
 -2.56427671e+03  6.69150000e+02  1.04599000e+02  3.56000000e-01 2.60440000e+01
 -2.56427671e+03  6.69150000e+02  1.04599000e+02  3.56000000e-01 2.60440000e+01
 -2.56427671e+03  6.69150000e+02  1.04599000e+02  3.56000000e-01 2.60440000e+01
 -2.56427671e+03  6.69150000e+02  1.04599000e+02  3.56000000e-01 2.60440000e+01
 -2.56427671e+03  6.69150000e+02  1.04599000e+02  3.56000000e-01 2.60440000e+01
 -2.56427671e+03  6.69150000e+02  1.04599000e+02  3.56000000e-01 2.60440000e+01
 -2.56427671e+03  6.69150000e+02  1.04599000e+02  3.56000000e-01 2.60440000e+01
 -2.56427671e+03  6.69150000e+02  1.04599000e+02  3.56000000e-01 2.60440000e+01
 -2.56427671e+03  6.69150000e+02  1.04599000e+02  3.56000000e-01 2.60440000e+01
 -2.56427671e+03  6.69150000e+02  1.04599000e+02  3.56000000e-01 2.60440000e+01
 -2.56427671e+03  6.69150000e+02  1.04599000e+02  3.56000000e-01 2.60440000e+01
 -2.56427671e+03  6.69150000e+02  1.04599000e+02  3.56000000e-01 2.60440000e+01
 -2.56427671e+03  6.69150000e+02  1.04599000e+02  3.56000000e-01 2.60440000e+01
 -2.56427671e+03  6.69150000e+02  1.04599000e+02  3.56000000e-01 2.60440000e+01
 -2.56427671e+03  6.69150000e+02  1.04599000e+02  3.56000000e-01 2.60440000e+01
 -2.56427671e+03  6.69150000e+02  1.04599000e+02  3.56000000e-01 2.60440000e+01
 -2.56427671e+03  6.69150000e+02  1.04599000e+02  3.56000000e-01 2.60440000e+01
 -2.56427671e+03  6.69150000e+02  1.04599000e+02  3.56000000e-01 2.60440000e+01
 -2.56427671e+03  6.69150000e+02  1.04599000e+02  3.56000000e-01 2.60440000e+01
 -2.56427671e+03  6.69150000e+02  1.04599000e+02  3.56000000e-01 2.60440000e+01
 -2.56427671e+03  6.69150000e+02  1.04599000e+02  3.56000000e-01 2.60440000e+01
 -2.56427671e+03  6.69150000e+02  1.04599000e+02  3.56000000e-01 2.60440000e+01
 -2.56427671e+03  6.69150000e+02  1.04599000e+02  3.56000000e-01 2.60440000e+01
 -2.56427671e+03  6.69150000e+02  1.04599000e+02  3.56000000e-01 2.60440000e+01
 -2.56427671e+03  6.69150000e+02  1.04599000e+02  3.56000000e-01 2.60440000e+01
 -2.56427671e+03  6.69150000e+02  1.04599000e+02  3.56000000e-01 2.60440000e+01
 -2.56427671e+03  6.69150000e+02  1.04599000e+02  3.56000000e-01 2.60440000e+01
 -2.56427671e+03  6.69150000e+02  1.04599000e+02  3.56000000e-01 2.60440000e+01
 -2.56427671e+03  6.69150000e+02  1.04599000e+02  3.56000000e-01 2.60440000e+01
 -2.56427671e+03  6.69150000e+02  1.04599000e+02  3.56000000e-01 2.60440000e+01
 -2.56427671e+03  6.69150000e+02  1.04599000e+02  3.56000000e-01 2.60440000e+01
 -2.56427671e+03  6.69150000e+02  1.04599000e+02  3.56000000e-01 2.60440000e+01
 -2.56427671e+03  6.69150000e+02  1.04599000e+02  3.56000000e-01 2.60440000e+01
 -2.56427671e+03  6.69150000e+02  1.04599000e+02  3.56000000e-01 2.60440000e+01
 -2.56427671e+03  6.69150000e+02  1.04599000e+02  3.56000000e-01 2.60440000e+01
 -2.56427671e+03  6.69150000e+02  1.04599000e+02  3.56000000e-01 2.60440000e+01
 -2.56427671e+03  6.69150000e+02  1.04599000e+02  3.56000000e-01 2.60440000e+01
 -2.56427671e+03  6.69150000e+02  1.04599000e+02  3.56000000e-01 2.60440000e+01
 -2.56427671e+03  6.69150000e+02  1.04599000e+02  3.56000000e-01 2.60440000e+01
 -2.56427671e+03  6.69150000e+02  1.04599000e+02  3.56000000e-01 2.60440000e+01
 -2.56427671e+03  6.69150000e+02  1.04599000e+02  3.56000000e-01 2.60440000e+01
 -2.56427671e+03  6.69150000e+02  1.04599000e+02  3.56000000e-01 2.60440000e+01
 -2.56427671e+03  6.69150000e+02  1.04599000e+02  3.56000000e-01 2.60440000e+01
 -2.56427671e+03  6.69150000e+02  1.04599000e+02  3.56000000e-01 2.60440000e+01
 -2.56427671e+03  6.69150000e+02  1.04599000e+02  3.56000000e-01 2.60440000e+01
 -2.56427671e+03  6.69150000e+02  1.04599000e+02  3.56000000e-01 2.60440000e+01
 -2.56427671e+03  6.69150000e+02  1.04599000e+02  3.56000000e-01 2.60440000e+01
 -2.56427671e+03  6.69150000e+02  1.04599000e+02  3.56000000e-01 2.60440000e+01
 -2.56427671e+03  6.69150000e+02  1.04599000e+02  3.56000000e-01 2.60440000e+01
 -2.56427671e+03  6.69150000e+02  1.04599000e+02  3.56000000e-01 2.60440000e+01
 -2.56427671e+03  6.69150000e+02  1.04599000e+02  3.56000000e-01 2.60440000e+01
 -2.56427671e+03  6.69150000e+02  1.04599000e+02  3.56000000e-01 2.60440000e+01
 -2.56427671e+03  6.69150000e+02  1.04599000e+02  3.56000000e-01 2.60440000e+01
 -2.56427671e+03  6.69150000e+02  1.04599000e+02  3.56000000e-01 2.60440000e+01
 -2.56427671e+03  6.69150000e+02  1.04599000e+02  3.56000000e-01 2.60440000e+01
 -2.56427671e+03  6.69150000e+02  1.04599000e+02  3.56000000e-01 2.60440000e+01
 -2.56427671e+03  6.69150000e+02  1.04599000e+02  3.56000000e-01 2.60440000e+01
 -2.56427671e+03  6.69150000e+02  1.04599000e+02  3.56000000e-01 2.60440000e+01
 -2.56427671e+03  6.69150000e+02  1.04599000e+02  3.56000000e-01 2.60440000e+01
 -2.56427671e+03  6.69150000e+02  1.04599000e+02  3.56000000e-01 2.60440000e+01
 -2.56427671e+03  6.69150000e+02  1.04599000e+02  3.56000000e-01 2.60440000e+01
 -2.56427671e+03  6.69150000e+02  1.04599000e+02  3.56000000e-01 2.60440000e+01
 -2.56427671e+03  6.69150000e+02  1.04599000e+02  3.56000000e-01 2.60440000e+01
 -2.56427671e+03  6.69150000e+02  1.04599000e+02  3.56000000e-01 2.60440000e+01
 -2.56427671e+03  6.69150000e+02  1.04599000e+02  3.56000000e-01 2.60440000e+01
 -2.56427671e+03  6.69150000e+02  1.04599000e+02  3.56000000e-01 2.60440000e+01
 -2.56427671e+03  6.69150000e+02  1.04599000e+02  3.56000000e-01 2.60440000e+01
 -2.56427671e+03  6.69150000e+02  1.04599000e+02  3.56000000e-01 2.60440000e+01
 -2.56427671e+03  6.69150000e+02  1.04599000e+02  3.56000000e-01 2.60440000e+01
 -2.56427671e+03  6.69150000e+02  1.04599000e+02  3.56000000e-01 2.60440000e+01
 -2.56427671e+03  6.69150000e+02  1.04599000e+02  3.56000000e-01 2.60440000e+01
 -2.56427671e+03  6.69150000e+02  1.04599000e+02  3.56000000e-01 2.60440000e+01
 -2.56427671e+03  6.69150000e+02  1.04599000e+02  3.56000000e-01 2.60440000e+01
 -2.56427671e+03  6.69150000e+02  1.04599000e+02  3.56000000e-01 2.60440000e+01
 -2.56427671e+03  6.69150000e+02  1.04599000e+02  3.56000000e-01 2.60440000e+01
 -2.56427671e+03  6.69150000e+02  1.04599000e+02  3.56000000e-01 2.60440000e+01
 -2.56427671e+03  6.69150000e+02  1.04599000e+02  3.56000000e-01 2.60440000e+01
 -2.56427671e+03  6.69150000e+02  1.04599000e+02  3.56000000e-01 2.60440000e+01
 -2.56427671e+03  6.69150000e+02  1.04599000e+02  3.56000000e-01 2.60440000e+01
 -2.56427671e+03  6.69150000e+02  1.04599000e+02  3.56000000e-01 2.60440000e+01
 -2.56427671e+03  6.69150000e+02  1.04599000e+02  3.56000000e-01 2.60440000e+01
 -2.56427671e+03  6.69150000e+02  1.04599000e+02  3.56000000e-01 2.60440000e+01
 -2.56427671e+03  6.69150000e+02  1.04599000e+02  3.56000000e-01 2.60440000e+01
 -2.56427671e+03  6.69150000e+02  1.04599000e+02  3.56000000e-01 2.60440000e+01
 -2.56427671e+03  6.69150000e+02  1.04599000e+02  3.56000000e-01 2.60440000e+01
 -2.56427671e+03  6.69150000e+02  1.04599000e+02  3.56000000e-01 2.60440000e+01
 -2.56427671e+03  6.69150000e+02  1.04599000e+02  3.56000000e-01 2.60440000e+01
 -2.56427671e+03  6.69150000e+02  1.04599000e+02  3.56000000e-01 2.60440000e+01
 -2.56427671e+03  6.69150000e+02  1.04599000e+02  3.56000000e-01 2.60440000e+01
 -2.56427671e+03  6.69150000e+02  1.04599000e+02  3.56000000e-01 2.60440000e+01
 -2.56427671e+03  6.69150000e+02  1.04599000e+02  3.56000000e-01 2.60440000e+01
 -2.56427671e+03  6.69150000e+02  1.04599000e+02  3.56000000e-01 2.60440000e+01
 -2.56427671e+03  6.69150000e+02  1.04599000e+02  3.56000000e-01 2.60440000e+01
 -2.56427671e+03  6.69150000e+02  1.04599000e+02  3.56000000e-01 2.60440000e+01
 -2.56427671e+03  6.69150000e+02  1.04599000e+02  3.56000000e-01 2.60440000e+01
 -2.56427671e+03  6.69150000e+02  1.04599000e+02  3.56000000e-01 2.60440000e+01
 -2.56427671e+03  6.69150000e+02  1.04599000e+02  3.56000000e-01 2.60440000e+01
 -2.56427671e+03  6.69150000e+02  1.04599000e+02  3.56000000e-01 2.60440000e+01
 -2.56427671e+03  6.69150000e+02  1.04599000e+02  3.56000000e-01 2.60440000e+01
 -2.56427671e+03  6.69150000e+02  1.04599000e+02  3.56000000e-01 2.60440000e+01
 -2.56427671e+03  6.69150000e+02  1.04599000e+02  3.56000000e-01 2.60440000e+01
 -2.56427671e+03  6.69150000e+02  1.04599000e+02  3.56000000e-01 2.60440000e+01
 -2.56427671e+03  6.69150000e+02  1.04599000e+02  3.56000000e-01 2.60440000e+01
 -2.56427671e+03  6.69150000e+02  1.04599000e+02  3.56000000e-01 2.60440000e+01
 -2.56427671e+03  6.69150000e+02  1.04599000e+02  3.56000000e-01 2.60440000e+01
 -2.56427671e+03  6.69150000e+02  1.04599000e+02  3.56000000e-01 2.60440000e+01
 -2.56427671e+03  6.69150000e+02  1.04599000e+02  3.56000000e-01 2.60440000e+01
 -2.56427671e+03  6.69150000e+02  1.04599000e+02  3.56000000e-01 2.60440000e+01
 -2.56427671e+03  6.69150000e+02  1.04599000e+02  3.56000000e-01 2.60440000e+01
 -2.56427671e+03  6.69150000e+02  1.04599000e+02  3.56000000e-01 2.60440000e+01
 -2.56427671e+03  6.69150000e+02  1.04599000e+02  3.56000000e-01 2.60440000e+01
 -2.56427671e+03  6.69150000e+02  1.04599000e+02  3.56000000e-01 2.60440000e+01
 -2.56427671e+03  6.69150000e+02  1.04599000e+02  3.56000000e-01 2.60440000e+01
 -2.56427671e+03  6.69150000e+02  1.04599000e+02  3.56000000e-01 2.60440000e+01
 -2.56427671e+03  6.69150000e+02  1.04599000e+02  3.56000000e-01 2.60440000e+01
 -2.56427671e+03  6.69150000e+02  1.04599000e+02  3.56000000e-01 2.60440000e+01
 -2.56427671e+03  6.69150000e+02  1.04599000e+02  3.56000000e-01 2.60440000e+01
 -2.56427671e+03  6.69150000e+02  1.04599000e+02  3.56000000e-01 2.60440000e+01
 -2.56427671e+03  6.69150000e+02  1.04599000e+02  3.56000000e-01 2.60440000e+01
 -2.56427671e+03  6.69150000e+02  1.04599000e+02  3.56000000e-01 2.60440000e+01
 -2.56427671e+03  6.69150000e+02  1.04599000e+02  3.56000000e-01 2.60440000e+01
 -2.56427671e+03  6.69150000e+02  1.04599000e+02  3.56000000e-01 2.60440000e+01
 -2.56427671e+03  6.69150000e+02  1.04599000e+02  3.56000000e-01 2.60440000e+01
 -2.56427671e+03  6.69150000e+02  1.04599000e+02  3.56000000e-01 2.60440000e+01
 -2.56427671e+03  6.69150000e+02  1.04599000e+02  3.56000000e-01 2.60440000e+01
 -2.56427671e+03  6.69150000e+02  1.04599000e+02  3.56000000e-01 2.60440000e+01
 -2.56427671e+03  6.69150000e+02  1.04599000e+02  3.56000000e-01 2.60440000e+01
 -2.56427671e+03  6.69150000e+02  1.04599000e+02  3.56000000e-01 2.60440000e+01
 -2.56427671e+03  6.69150000e+02  1.04599000e+02  3.56000000e-01 2.60440000e+01
 -2.56427671e+03  6.69150000e+02  1.04599000e+02  3.56000000e-01 2.60440000e+01
 -2.56427671e+03  6.69150000e+02  1.04599000e+02  3.56000000e-01 2.60440000e+01
 -2.56427671e+03  6.69150000e+02  1.04599000e+02  3.56000000e-01 2.60440000e+01
 -2.56427671e+03  6.69150000e+02  1.04599000e+02  3.56000000e-01 2.60440000e+01
 -2.56427671e+03  6.69150000e+02  1.04599000e+02  3.56000000e-01 2.60440000e+01
 -2.56427671e+03  6.69150000e+02  1.04599000e+02  3.56000000e-01 2.60440000e+01
 -2.56427671e+03  6.69150000e+02  1.04599000e+02  3.56000000e-01 2.60440000e+01
 -2.56427671e+03  6.69150000e+02  1.04599000e+02  3.56000000e-01 2.60440000e+01
 -2.56427671e+03  6.69150000e+02  1.04599000e+02  3.56000000e-01 2.60440000e+01
 -2.56427671e+03  6.69150000e+02  1.04599000e+02  3.56000000e-01 2.60440000e+01
 -2.56427671e+03  6.69150000e+02  1.04599000e+02  3.56000000e-01 2.60440000e+01
 -2.56427671e+03  6.69150000e+02  1.04599000e+02  3.56000000e-01 2.60440000e+01
 -2.56427671e+03  6.69150000e+02  1.04599000e+02  3.56000000e-01 2.60440000e+01
 -2.56427671e+03  6.69150000e+02  1.04599000e+02  3.56000000e-01 2.60440000e+01